1715615904626 7.44571590423584 0
1715615905182 7.072582244873047 0
1715615905691 6.754149436950684 0
1715615906243 6.490235328674316 0
1715615906887 6.345751762390137 0
1715615907507 6.211769104003906 0
1715615908071 6.077994346618652 0
1715615908633 5.942752838134766 0
1715615909183 5.800353527069092 0
1715615909713 5.62563419342041 0
1715615915441 5.431206226348877 0
1715615915964 5.211069583892822 0
1715615916431 4.945708751678467 0
1715615916907 4.652296543121338 0
1715615917391 4.328004837036133 0
1715615917912 4.08460807800293 0
1715615918406 3.900611162185669 0
1715615918893 3.72715163230896 0
1715615919388 3.543011426925659 0
1715615919895 3.3942949771881104 0
1715615924898 3.2834601402282715 0
1715615925463 3.199636220932007 0
1715615926016 3.128345489501953 0
1715615926547 3.0735886096954346 0
1715615927087 3.025758981704712 0
1715615927677 2.9761478900909424 0
1715615928187 2.918844223022461 0
1715615928681 2.8608455657958984 0
1715615929216 2.810518741607666 0
1715615929709 2.7667455673217773 0
1715615934115 2.7266993522644043 0
1715615934605 2.689441442489624 0
1715615935081 2.654265880584717 0
1715615935583 2.6200428009033203 0
1715615936070 2.586400270462036 0
1715615936558 2.5536553859710693 0
1715615937055 2.5227184295654297 0
1715615937549 2.4927306175231934 0
1715615938061 2.4627790451049805 0
1715615938576 2.4326257705688477 0
1715615944137 2.4038519859313965 0
1715615944727 2.3746583461761475 0
1715615945333 2.3459644317626953 0
1715615945890 2.3197832107543945 0
1715615946420 2.294914960861206 0
1715615946912 2.2702443599700928 0
1715615947461 2.2468061447143555 0
1715615948013 2.221575975418091 0
1715615948533 2.1987264156341553 0
1715615949054 2.176503896713257 0
1715615953024 2.155017375946045 0
1715615953532 2.135136842727661 0
1715615954023 2.113565683364868 0
1715615954486 2.0929770469665527 0
1715615954977 2.0717477798461914 0
1715615955563 2.049478769302368 0
1715615956101 2.0279245376586914 0
1715615956611 2.004655361175537 0
1715615957139 1.9825588464736938 0
1715615957628 1.9595520496368408 0
1715615961610 1.9368013143539429 0
1715615962159 1.9130507707595825 0
1715615962744 1.8906292915344238 0
1715615963298 1.8672672510147095 0
1715615963797 1.8451184034347534 0
1715615964286 1.8228384256362915 0
1715615964781 1.8013007640838623 0
1715615965344 1.7796411514282227 0
1715615965935 1.7581461668014526 0
1715615966522 1.7352139949798584 0
1715615971195 1.7119084596633911 0
1715615971735 1.6905865669250488 0
1715615972245 1.6685361862182617 0
1715615972814 1.648856282234192 0
1715615973374 1.6286258697509766 0
1715615973885 1.6092593669891357 0
1715615974369 1.590618371963501 0
1715615974863 1.5715203285217285 0
1715615975363 1.5526790618896484 0
1715615975847 1.5337638854980469 0
1715615980060 1.5138391256332397 0
1715615980587 1.4949467182159424 0
1715615981151 1.475350022315979 0
1715615981706 1.4570964574813843 0
1715615982194 1.439009428024292 0
1715615982675 1.4211997985839844 0
1715615983165 1.4062778949737549 0
1715615983656 1.4037644863128662 0
1715615984140 1.473629117012024 0
1715615984755 1.828419804573059 0
1715615989181 1.5219378471374512 0
1715615989744 1.5724369287490845 0
1715615990289 1.6433303356170654 0
1715615990832 1.533835768699646 0
1715615991359 1.5058881044387817 0
1715615991899 1.5217374563217163 0
1715615992500 1.5297414064407349 0
1715615993067 1.505942463874817 0
1715615993565 1.5061850547790527 0
1715615994060 1.5199942588806152 0
1715615998252 1.4902364015579224 0
1715615998742 1.4631710052490234 0
1715615999255 1.4390714168548584 0
1715615999796 1.4192005395889282 0
1715616000372 1.3973305225372314 0
1715616000863 1.3902785778045654 0
1715616001350 1.3804799318313599 0
1715616001868 1.3506252765655518 0
1715616002371 1.3413153886795044 0
1715616002873 1.3311562538146973 0
1715616007417 1.316127061843872 0
1715616007964 1.3065859079360962 0
1715616008489 1.2935374975204468 0
1715616009017 1.2753324508666992 0
1715616009526 1.2659425735473633 0
1715616010050 1.253441333770752 0
1715616010572 1.242792010307312 0
1715616011062 1.2285563945770264 0
1715616011556 1.2184029817581177 0
1715616012046 1.2084723711013794 0
1715616016412 1.196537733078003 0
1715616016896 1.1877909898757935 0
1715616017377 1.179090976715088 0
1715616017855 1.1692686080932617 0
1715616018341 1.1583929061889648 0
1715616018838 1.1496870517730713 0
1715616019380 1.1419527530670166 0
1715616019958 1.1337802410125732 0
1715616020529 1.1252228021621704 0
1715616021058 1.1172056198120117 0
1715616025852 1.1095281839370728 0
1715616026401 1.1011831760406494 0
1715616026944 1.0925800800323486 0
1715616027484 1.0844240188598633 0
1715616028038 1.0773347616195679 0
1715616028590 1.0697389841079712 0
1715616029117 1.061335563659668 0
1715616029627 1.053944706916809 0
1715616030162 1.0460288524627686 0
1715616030666 1.0385011434555054 0
1715616035403 1.03085196018219 0
1715616035915 1.0234512090682983 0
1715616036420 1.0162279605865479 0
1715616036919 1.008979320526123 0
1715616037413 1.0019053220748901 0
1715616037897 0.9945935606956482 0
1715616038390 0.9873453378677368 0
1715616038878 0.9803093671798706 0
1715616039371 0.9732847213745117 0
1715616039859 0.9664590954780579 0
1715616044306 0.9591637253761292 0
1715616044797 0.9520676732063293 0
1715616045281 0.9450613856315613 0
1715616045770 0.9378355145454407 0
1715616046272 0.9309390187263489 0
1715616046744 0.9238318800926208 0
1715616047218 0.9169119596481323 0
1715616047703 0.9099094867706299 0
1715616048181 0.902959942817688 0
1715616048650 0.8960601687431335 0
1715616053024 0.8891344666481018 0
1715616053555 0.8822723627090454 0
1715616054048 0.8754364252090454 0
1715616054540 0.868712306022644 0
1715616055050 0.8619853258132935 0
1715616055579 0.8553727269172668 0
1715616056080 0.8487981557846069 0
1715616056575 0.8422492742538452 0
1715616057075 0.8358199000358582 0
1715616057553 0.8294360637664795 0
1715616061672 0.8231493830680847 0
1715616062166 0.8168880939483643 0
1715616062660 0.8107134699821472 0
1715616063151 0.804633378982544 0
1715616063625 0.7986370325088501 0
1715616064114 0.7929405570030212 0
1715616064599 0.7877994179725647 0
1715616065077 0.7850343585014343 0
1715616065556 0.7874230146408081 0
1715616066047 0.8132950663566589 0
1715616069688 0.835184633731842 0
1715616070212 0.8132469654083252 0
1715616070756 0.7667132019996643 0
1715616071255 0.8004264235496521 0
1715616071782 0.7750962376594543 0
1715616072259 0.7689024209976196 0
1715616072770 0.764825165271759 0
1715616073261 0.7468096613883972 0
1715616073759 0.7534540295600891 0
1715616074257 0.7521870136260986 0
1715616078482 0.7472296357154846 0
1715616078994 0.743504524230957 0
1715616079490 0.7293883562088013 0
1715616079974 0.7314156293869019 0
1715616080481 0.7124117016792297 0
1715616080980 0.7171120047569275 0
1715616081484 0.7039726972579956 0
1715616081993 0.6984926462173462 0
1715616082517 0.6982556581497192 0
1715616083024 0.6875267624855042 0
1715616088333 0.6896520256996155 0
1715616088837 0.677453339099884 0
1715616089419 0.6756820678710938 0
1715616089974 0.6682471036911011 0
1715616090591 0.6635966300964355 0
1715616091129 0.6582046747207642 0
1715616091626 0.6530733108520508 0
1715616092119 0.6495633125305176 0
1715616092628 0.6424354910850525 0
1715616093129 0.6396531462669373 0
1715616097605 0.6351568102836609 0
1715616098110 0.6305738687515259 0
1715616098614 0.6244509220123291 0
1715616099118 0.6216998100280762 0
1715616099634 0.6168219447135925 0
1715616100150 0.6123698353767395 0
1715616100648 0.6073081493377686 0
1715616101149 0.6036413908004761 0
1715616101660 0.5987328886985779 0
1715616102152 0.5957870483398438 0
1715616107071 0.5904091596603394 0
1715616107616 0.5868333578109741 0
1715616108195 0.582644522190094 0
1715616108700 0.5790249705314636 0
1715616109241 0.5743282437324524 0
1715616109788 0.5709332227706909 0
1715616110310 0.5671489238739014 0
1715616110861 0.5635438561439514 0
1715616111370 0.5601398348808289 0
1715616111877 0.5567099452018738 0
1715616116747 0.5537660717964172 0
1715616117337 0.5509987473487854 0
1715616117889 0.550000786781311 0
1715616118445 0.5491677522659302 0
1715616118980 0.551061749458313 0
1715616119561 0.5552799701690674 0
1715616120150 0.5585763454437256 0
1715616120684 0.5572546720504761 0
1715616121183 0.5392686724662781 0
1715616121687 0.5254164934158325 0
1715616126505 0.5352044105529785 0
1715616127044 0.5288274884223938 0
1715616127578 0.5156464576721191 0
1715616128125 0.5184853672981262 0
1715616128629 0.5152461528778076 0
1715616129168 0.5055468678474426 0
1715616129715 0.5037621259689331 0
1715616130222 0.5046836137771606 0
1715616130712 0.49798789620399475 0
1715616131219 0.49271953105926514 0
1715616135802 0.4939509630203247 0
1715616136324 0.48825767636299133 0
1715616136824 0.48315730690956116 0
1715616137317 0.48364707827568054 0
1715616137816 0.4791673421859741 0
1715616138306 0.47427019476890564 0
1715616138776 0.47240501642227173 0
1715616139266 0.4712296426296234 0
1715616139785 0.4676544666290283 0
1715616140283 0.46444880962371826 0
1715616144585 0.4639032781124115 0
1715616145096 0.4619510769844055 0
1715616145587 0.45596811175346375 0
1715616146073 0.45242345333099365 0
1715616146561 0.4523483216762543 0
1715616147050 0.44970703125 0
1715616147529 0.44639891386032104 0
1715616148010 0.4452870190143585 0
1715616148497 0.44596296548843384 0
1715616149065 0.44449010491371155 0
1715616154397 0.4368028938770294 0
1715616154921 0.43351638317108154 0
1715616155411 0.4323011040687561 0
1715616155914 0.4301496744155884 0
1715616156424 0.4280705749988556 0
1715616156917 0.4287850856781006 0
1715616157430 0.42867836356163025 0
1715616157946 0.42594900727272034 0
1715616158433 0.4221142828464508 0
1715616158915 0.4191088080406189 0
1715616162975 0.41580575704574585 0
1715616163457 0.4120234251022339 0
1715616163947 0.4113059937953949 0
1715616164441 0.41078975796699524 0
1715616164934 0.40595486760139465 0
1715616165425 0.40981557965278625 0
1715616165916 0.4030096232891083 0
1715616166386 0.40725165605545044 0
1715616166860 0.4011971354484558 0
1715616167350 0.40243953466415405 0
1715616170952 0.398630291223526 0
1715616171485 0.39805611968040466 0
1715616171993 0.39616286754608154 0
1715616172489 0.3930594027042389 0
1715616172968 0.38920271396636963 0
1715616173447 0.3940843343734741 0
1715616173935 0.4129204750061035 0
1715616174421 0.45946261286735535 0
1715616174880 0.7100672125816345 0
1715616175353 0.8658570051193237 0
1715616179271 0.9625837206840515 0
1715616179770 1.3255550861358643 0
1715616180319 1.5074228048324585 0
1715616180846 1.199252963066101 0
1715616181344 1.1472584009170532 0
1715616181841 1.174027442932129 0
1715616182326 1.1820626258850098 0
1715616182821 1.1410000324249268 0
1715616183303 1.1602007150650024 0
1715616183781 1.1365216970443726 0
1715616187477 1.1217482089996338 0
1715616187980 1.0875028371810913 0
1715616188527 1.0376368761062622 0
1715616189120 1.0331133604049683 0
1715616189651 1.0289723873138428 0
1715616190147 0.9885916113853455 0
1715616190628 0.9604266285896301 0
1715616191116 0.9409750699996948 0
1715616191620 0.9215792417526245 0
1715616192328 0.8943259119987488 0
1715616197550 0.8584097623825073 0
1715616198116 0.8357518911361694 0
1715616198683 0.8197129368782043 0
1715616199207 0.7994478940963745 0
1715616199756 0.7795130014419556 0
1715616200312 0.762127161026001 0
1715616200953 0.743373453617096 0
1715616201552 0.7256112694740295 0
1715616202113 0.7102298736572266 0
1715616202663 0.6986963748931885 0
1715616208198 0.6883271932601929 0
1715616208756 0.6745886206626892 0
1715616209321 0.6612455248832703 0
1715616209847 0.6496641039848328 0
1715616210355 0.6365468502044678 0
1715616210860 0.623372495174408 0
1715616211355 0.6113816499710083 0
1715616211848 0.6017140746116638 0
1715616212326 0.5917332172393799 0
1715616212852 0.5807986855506897 0
1715616217791 0.5700150728225708 0
1715616218438 0.5602328777313232 0
1715616219143 0.5506386160850525 0
1715616219718 0.5419272184371948 0
1715616220237 0.5336459875106812 0
1715616220750 0.5255400538444519 0
1715616221233 0.5177157521247864 0
1715616221737 0.5103029608726501 0
1715616222219 0.5029776096343994 0
1715616222713 0.49556764960289 0
