1715615904654 1.2658891677856445 0
1715615905190 0.5276579856872559 0
1715615905726 0.5218801498413086 0
1715615906359 0.6184048652648926 0
1715615906921 0.5558898448944092 0
1715615907533 0.6052501201629639 0
1715615908108 0.5652961730957031 0
1715615908645 0.5229477882385254 0
1715615909199 0.5490448474884033 0
1715615909734 0.5314018726348877 0
1715615915486 1.441472053527832 0
1715615915967 0.47508811950683594 0
1715615916449 0.47655701637268066 0
1715615916931 0.4734790325164795 0
1715615917415 0.4748218059539795 0
1715615917929 0.4935340881347656 0
1715615918423 0.48862314224243164 0
1715615918906 0.4785044193267822 0
1715615919399 0.48093605041503906 0
1715615919920 0.5105090141296387 0
1715615924924 1.2648589611053467 0
1715615925497 0.5682151317596436 0
1715615926022 0.5197787284851074 0
1715615926571 0.5353319644927979 0
1715615927108 0.5324771404266357 0
1715615927697 0.5783209800720215 0
1715615928198 0.4925377368927002 0
1715615928718 0.5145771503448486 0
1715615929234 0.5077319145202637 0
1715615929723 0.47602200508117676 0
1715615934134 1.0215959548950195 0
1715615934616 0.47891783714294434 0
1715615935092 0.46242308616638184 0
1715615935599 0.49448394775390625 0
1715615936089 0.4831197261810303 0
1715615936576 0.4764420986175537 0
1715615937073 0.4886918067932129 0
1715615937582 0.501413106918335 0
1715615938079 0.4888310432434082 0
1715615938595 0.5074512958526611 0
1715615944158 1.2033898830413818 0
1715615944753 0.589493989944458 0
1715615945360 0.5981662273406982 0
1715615945913 0.5454130172729492 0
1715615946441 0.5178670883178711 0
1715615946928 0.47865891456604004 0
1715615947494 0.5491518974304199 0
1715615948033 0.529994010925293 0
1715615948552 0.510638952255249 0
1715615949072 0.5122659206390381 0
1715615953044 0.9310457706451416 0
1715615953549 0.49226903915405273 0
1715615954033 0.4744710922241211 0
1715615954506 0.46761083602905273 0
1715615955010 0.49509310722351074 0
1715615955575 0.5547220706939697 0
1715615956116 0.5266468524932861 0
1715615956628 0.5004689693450928 0
1715615957162 0.5249631404876709 0
1715615957640 0.46677684783935547 0
1715615961621 1.0557990074157715 0
1715615962180 0.5533590316772461 0
1715615962770 0.5815427303314209 0
1715615963313 0.531909704208374 0
1715615963813 0.4905681610107422 0
1715615964308 0.4854426383972168 0
1715615964802 0.4859311580657959 0
1715615965358 0.5462548732757568 0
1715615965946 0.5790069103240967 0
1715615966549 0.5916481018066406 0
1715615971208 1.2919549942016602 0
1715615971747 0.5297701358795166 0
1715615972257 0.4919929504394531 0
1715615972838 0.5697200298309326 0
1715615973386 0.5389561653137207 0
1715615973898 0.49884915351867676 0
1715615974391 0.4842569828033447 0
1715615974891 0.49101805686950684 0
1715615975376 0.4763979911804199 0
1715615975864 0.4778938293457031 0
1715615980066 0.9619278907775879 0
1715615980594 0.5242729187011719 0
1715615981183 0.5838851928710938 0
1715615981719 0.5276510715484619 0
1715615982210 0.47899770736694336 0
1715615982694 0.472553014755249 0
1715615983177 0.47446775436401367 0
1715615983673 0.47890591621398926 0
1715615984154 0.4630300998687744 0
1715615984770 0.605421781539917 0
1715615989192 1.149474859237671 0
1715615989763 0.5556542873382568 0
1715615990302 0.5301330089569092 0
1715615990840 0.522413969039917 0
1715615991375 0.5297970771789551 0
1715615991917 0.5303668975830078 0
1715615992518 0.5890591144561768 0
1715615993083 0.559973955154419 0
1715615993593 0.505824089050293 0
1715615994075 0.47159790992736816 0
1715615998260 1.0084831714630127 0
1715615998761 0.4964900016784668 0
1715615999275 0.503939151763916 0
1715615999813 0.5334298610687256 0
1715616000388 0.5531678199768066 0
1715616000874 0.48044586181640625 0
1715616001381 0.4950230121612549 0
1715616001883 0.493762731552124 0
1715616002387 0.4866831302642822 0
1715616002884 0.48572707176208496 0
1715616007446 1.2993731498718262 0
1715616007983 0.5233888626098633 0
1715616008516 0.5190787315368652 0
1715616009046 0.5193910598754883 0
1715616009566 0.5098607540130615 0
1715616010066 0.49109411239624023 0
1715616010584 0.4910697937011719 0
1715616011077 0.48285722732543945 0
1715616011568 0.48097896575927734 0
1715616012071 0.4916720390319824 0
1715616016424 1.0532152652740479 0
1715616016911 0.4817779064178467 0
1715616017391 0.46746110916137695 0
1715616017867 0.47194719314575195 0
1715616018355 0.47986578941345215 0
1715616018852 0.4925267696380615 0
1715616019394 0.5317549705505371 0
1715616019994 0.581960916519165 0
1715616020551 0.5482709407806396 0
1715616021075 0.5193631649017334 0
1715616025867 1.3472321033477783 0
1715616026439 0.5663161277770996 0
1715616026960 0.5157060623168945 0
1715616027499 0.5341112613677979 0
1715616028074 0.5610899925231934 0
1715616028603 0.5199790000915527 0
1715616029130 0.5033659934997559 0
1715616029640 0.47951483726501465 0
1715616030172 0.5058350563049316 0
1715616030684 0.5076777935028076 0
1715616035418 1.2149360179901123 0
1715616035935 0.5131790637969971 0
1715616036434 0.4902331829071045 0
1715616036936 0.47870397567749023 0
1715616037433 0.4881110191345215 0
1715616037913 0.47097229957580566 0
1715616038405 0.47800493240356445 0
1715616038893 0.47798776626586914 0
1715616039385 0.4825170040130615 0
1715616039872 0.4776339530944824 0
1715616044317 0.9986200332641602 0
1715616044808 0.48601293563842773 0
1715616045301 0.4809072017669678 0
1715616045797 0.48651790618896484 0
1715616046285 0.47574496269226074 0
1715616046756 0.46229004859924316 0
1715616047230 0.4583170413970947 0
1715616047718 0.47601985931396484 0
1715616048190 0.4587280750274658 0
1715616048664 0.4648571014404297 0
1715616053040 1.0870630741119385 0
1715616053567 0.5011272430419922 0
1715616054066 0.4910440444946289 0
1715616054554 0.4795498847961426 0
1715616055075 0.5154728889465332 0
1715616055607 0.526569128036499 0
1715616056100 0.48512697219848633 0
1715616056591 0.4798722267150879 0
1715616057085 0.4862532615661621 0
1715616057564 0.47048115730285645 0
1715616061682 1.0277340412139893 0
1715616062178 0.4906618595123291 0
1715616062672 0.4760739803314209 0
1715616063163 0.47778987884521484 0
1715616063650 0.4785950183868408 0
1715616064128 0.4690980911254883 0
1715616064617 0.4786810874938965 0
1715616065089 0.45968008041381836 0
1715616065571 0.4691457748413086 0
1715616066066 0.4762139320373535 0
1715616069696 1.0338008403778076 0
1715616070243 0.5431821346282959 0
1715616070772 0.5134158134460449 0
1715616071278 0.4961071014404297 0
1715616071786 0.4986119270324707 0
1715616072263 0.47379398345947266 0
1715616072778 0.5112950801849365 0
1715616073280 0.49388885498046875 0
1715616073772 0.48299479484558105 0
1715616074270 0.4791297912597656 0
1715616078489 1.0103049278259277 0
1715616079011 0.519197940826416 0
1715616079504 0.4839000701904297 0
1715616079999 0.4863471984863281 0
1715616080505 0.4961891174316406 0
1715616080990 0.47631406784057617 0
1715616081504 0.4959402084350586 0
1715616082009 0.4942350387573242 0
1715616082540 0.520418643951416 0
1715616083039 0.4888169765472412 0
1715616088340 1.1257238388061523 0
1715616088850 0.5056078433990479 0
1715616089434 0.5557518005371094 0
1715616090020 0.574716329574585 0
1715616090612 0.5800049304962158 0
1715616091134 0.5166330337524414 0
1715616091638 0.4987308979034424 0
1715616092126 0.4689900875091553 0
1715616092643 0.5109639167785645 0
1715616093138 0.49014925956726074 0
1715616097611 1.0289881229400635 0
1715616098120 0.5049710273742676 0
1715616098622 0.49784088134765625 0
1715616099124 0.49315500259399414 0
1715616099651 0.5197958946228027 0
1715616100167 0.5095958709716797 0
1715616100656 0.4843111038208008 0
1715616101172 0.5125691890716553 0
1715616101669 0.4926431179046631 0
1715616102161 0.48790907859802246 0
1715616107084 1.3829119205474854 0
1715616107629 0.5406219959259033 0
1715616108205 0.549630880355835 0
1715616108709 0.49637794494628906 0
1715616109265 0.5519051551818848 0
1715616109812 0.5398728847503662 0
1715616110322 0.5055820941925049 0
1715616110889 0.5613350868225098 0
1715616111378 0.4831221103668213 0
1715616111908 0.5238299369812012 0
1715616116759 1.259324073791504 0
1715616117371 0.6052529811859131 0
1715616117919 0.528872013092041 0
1715616118471 0.5475058555603027 0
1715616118989 0.5112059116363525 0
1715616119579 0.5865349769592285 0
1715616120165 0.559851884841919 0
1715616120704 0.5311789512634277 0
1715616121214 0.5028059482574463 0
1715616121705 0.48275303840637207 0
1715616126524 1.417344093322754 0
1715616127070 0.5377740859985352 0
1715616127615 0.5377140045166016 0
1715616128157 0.5344998836517334 0
1715616128657 0.4943971633911133 0
1715616129193 0.5261960029602051 0
1715616129722 0.5226531028747559 0
1715616130227 0.5013401508331299 0
1715616130731 0.49536991119384766 0
1715616131242 0.5013580322265625 0
1715616135814 1.2523887157440186 0
1715616136348 0.5287621021270752 0
1715616136840 0.48267698287963867 0
1715616137331 0.47348499298095703 0
1715616137832 0.4946308135986328 0
1715616138313 0.4685201644897461 0
1715616138795 0.4763000011444092 0
1715616139294 0.4891316890716553 0
1715616139800 0.48871898651123047 0
1715616140299 0.48684000968933105 0
1715616144594 1.0522470474243164 0
1715616145109 0.5108222961425781 0
1715616145599 0.4801931381225586 0
1715616146084 0.4758892059326172 0
1715616146582 0.4925720691680908 0
1715616147056 0.4677920341491699 0
1715616147535 0.47454309463500977 0
1715616148028 0.4866671562194824 0
1715616148510 0.4726710319519043 0
1715616149083 0.5623910427093506 0
1715616154407 1.1491711139678955 0
1715616154933 0.5201761722564697 0
1715616155427 0.4870579242706299 0
1715616155931 0.4862060546875 0
1715616156439 0.4837911128997803 0
1715616156940 0.492095947265625 0
1715616157469 0.5106790065765381 0
1715616157960 0.482867956161499 0
1715616158446 0.4763829708099365 0
1715616158920 0.4564700126647949 0
1715616162982 0.9994828701019287 0
1715616163467 0.4790511131286621 0
1715616163964 0.4886610507965088 0
1715616164462 0.48712611198425293 0
1715616164956 0.48448801040649414 0
1715616165447 0.48297810554504395 0
1715616165931 0.47510719299316406 0
1715616166399 0.45914793014526367 0
1715616166877 0.4681241512298584 0
1715616167372 0.4836158752441406 0
1715616170962 0.9498000144958496 0
1715616171505 0.5376870632171631 0
1715616172012 0.4922170639038086 0
1715616172502 0.479752779006958 0
1715616172981 0.4761679172515869 0
1715616173467 0.4777231216430664 0
1715616173950 0.47378993034362793 0
1715616174429 0.4705519676208496 0
1715616174891 0.4555950164794922 0
1715616175387 0.484173059463501 0
1715616179279 0.9779379367828369 0
1715616179799 0.5169730186462402 0
1715616180364 0.5565969944000244 0
1715616180870 0.4918651580810547 0
1715616181357 0.4764087200164795 0
1715616181856 0.4866981506347656 0
1715616182343 0.4766840934753418 0
1715616182836 0.48044800758361816 0
1715616183321 0.47674012184143066 0
1715616183793 0.46074390411376953 0
1715616187490 1.0123331546783447 0
1715616187991 0.49187779426574707 0
1715616188537 0.5389268398284912 0
1715616189145 0.5854909420013428 0
1715616189661 0.5086379051208496 0
1715616190155 0.488858699798584 0
1715616190636 0.4758012294769287 0
1715616191128 0.47246813774108887 0
1715616191642 0.5088372230529785 0
1715616192393 0.7388589382171631 0
1715616197559 1.1793229579925537 0
1715616198130 0.565742015838623 0
1715616198706 0.570410966873169 0
1715616199220 0.5073158740997314 0
1715616199786 0.5605320930480957 0
1715616200349 0.5577850341796875 0
1715616200984 0.6282329559326172 0
1715616201583 0.5901899337768555 0
1715616202139 0.5519900321960449 0
1715616202688 0.5429291725158691 0
1715616208211 1.303912878036499 0
1715616208769 0.5509109497070312 0
1715616209348 0.5743420124053955 0
1715616209871 0.518319845199585 0
1715616210369 0.48351192474365234 0
1715616210869 0.4923839569091797 0
1715616211363 0.4889187812805176 0
1715616211854 0.48641395568847656 0
1715616212337 0.47867298126220703 0
1715616212863 0.5201640129089355 0
1715616217820 1.3484961986541748 0
1715616218481 0.6511268615722656 0
1715616219177 0.6864790916442871 0
1715616219732 0.5498490333557129 0
1715616220243 0.5062808990478516 0
1715616220762 0.4957900047302246 0
1715616221248 0.4795258045196533 0
1715616221743 0.48493289947509766 0
1715616222224 0.4775581359863281 0
1715616222723 0.4886360168457031 0
