1715611854143 7.44571590423584 0
1715611855404 7.0728983879089355 0
1715611856399 6.7560906410217285 0
1715611857623 6.488503932952881 0
1715611858761 6.345115661621094 0
1715611859686 6.211260795593262 0
1715611861071 6.077359676361084 0
1715611862573 5.942010402679443 0
1715611863601 5.799293518066406 0
1715611864854 5.624174118041992 0
1715611872353 5.4305033683776855 0
1715611873382 5.21151065826416 0
1715611874783 4.949103355407715 0
1715611876130 4.6557536125183105 0
1715611876957 4.332218647003174 0
1715611878146 4.087732315063477 0
1715611879723 3.9034643173217773 0
1715611880817 3.732449531555176 0
1715611881663 3.5517373085021973 0
1715611882533 3.4008753299713135 0
1715611889091 3.286367177963257 0
1715611889861 3.19537353515625 0
1715611890599 3.123800754547119 0
1715611891350 3.066699981689453 0
1715611892163 3.016526222229004 0
1715611893034 2.966111183166504 0
1715611893964 2.9106085300445557 0
1715611894850 2.8539512157440186 0
1715611895758 2.803889036178589 0
1715611896634 2.7599785327911377 0
1715611902576 2.718926429748535 0
1715611903305 2.6808383464813232 0
1715611903993 2.6462948322296143 0
1715611904699 2.6140575408935547 0
1715611905461 2.583331823348999 0
1715611906248 2.5535919666290283 0
1715611907075 2.52314829826355 0
1715611907987 2.4923980236053467 0
1715611908896 2.4624099731445312 0
1715611909908 2.4327433109283447 0
1715611915971 2.404670000076294 0
1715611916731 2.3810012340545654 0
1715611917430 2.350285530090332 0
1715611918138 2.324375629425049 0
1715611918917 2.3002049922943115 0
1715611920102 2.276796340942383 0
1715611922259 2.2535557746887207 0
1715611923140 2.2300941944122314 0
1715611924015 2.2066922187805176 0
1715611924958 2.183443307876587 0
1715611931839 2.161101818084717 0
1715611932631 2.139246940612793 0
1715611933414 2.116682767868042 0
1715611934847 2.0957486629486084 0
1715611936873 2.074897289276123 0
1715611939014 2.0534234046936035 0
1715611940152 2.0317633152008057 0
1715611942087 2.0106279850006104 0
1715611943615 1.9884636402130127 0
1715611944990 1.9661904573440552 0
1715611951006 1.944221019744873 0
1715611951838 1.9214324951171875 0
1715611952547 1.8977973461151123 0
1715611953268 1.8745816946029663 0
1715611954027 1.8519761562347412 0
1715611954914 1.8296492099761963 0
1715611955991 1.808223009109497 0
1715611957171 1.7869923114776611 0
1715611958138 1.7658156156539917 0
1715611959050 1.7442957162857056 0
1715611965353 1.721103310585022 0
1715611966152 1.7024345397949219 0
1715611967470 1.679898977279663 0
1715611968195 1.657619833946228 0
1715611968972 1.6390700340270996 0
1715611969871 1.6200352907180786 0
1715611973424 1.600710391998291 0
1715611974133 1.582497239112854 0
1715611974916 1.564980149269104 0
1715611975792 1.5473147630691528 0
1715611984450 1.5274920463562012 0
1715611985257 1.5098519325256348 0
1715611986002 1.4914871454238892 0
1715611986757 1.4717456102371216 0
1715611987556 1.4529329538345337 0
1715611988403 1.4366215467453003 0
1715611989398 1.4228029251098633 0
1715611990728 1.4223724603652954 0
1715611991586 1.4311491250991821 0
1715611992493 1.4502763748168945 0
1715611998524 1.3780885934829712 0
1715611999295 1.3935785293579102 0
1715612000022 1.3737393617630005 0
1715612002027 1.3557080030441284 0
1715612002888 1.3361531496047974 0
1715612004133 1.3242616653442383 0
1715612004953 1.313099980354309 0
1715612005761 1.2965198755264282 0
1715612006661 1.2802492380142212 0
1715612007655 1.272773265838623 0
1715612014321 1.255428671836853 0
1715612015153 1.2430394887924194 0
1715612015945 1.2343682050704956 0
1715612016788 1.2260156869888306 0
1715612017807 1.2135798931121826 0
1715612019394 1.1988590955734253 0
1715612020359 1.1924512386322021 0
1715612021341 1.1856021881103516 0
1715612022301 1.19722580909729 0
1715612023363 1.1924229860305786 0
1715612029750 1.1805325746536255 0
1715612030513 1.1733578443527222 0
1715612031213 1.163543939590454 0
1715612031948 1.162034511566162 0
1715612032715 1.1733269691467285 0
1715612033503 1.1453914642333984 0
1715612034363 1.148851752281189 0
1715612035360 1.137993335723877 0
1715612036268 1.118774175643921 0
1715612040548 1.1064821481704712 0
1715612046929 1.0985727310180664 0
1715612047892 1.0770230293273926 0
1715612048681 1.073913812637329 0
1715612050930 1.0573724508285522 0
1715612051890 1.0487401485443115 0
1715612052753 1.0454164743423462 0
1715612053616 1.0508288145065308 0
1715612054827 1.0196479558944702 0
1715612055827 1.0236287117004395 0
1715612056763 1.0098130702972412 0
1715612063813 0.9951602816581726 0
1715612064598 0.9898272156715393 0
1715612065425 0.9751565456390381 0
1715612066326 0.9703986644744873 0
1715612067317 0.9559713006019592 0
1715612068259 0.9553359746932983 0
1715612069303 0.9446166157722473 0
1715612070934 0.9340360760688782 0
1715612071905 0.9230261445045471 0
1715612072765 0.9165872931480408 0
1715612078718 0.9112997651100159 0
1715612079514 0.904426097869873 0
1715612080256 0.894615650177002 0
1715612081020 0.8960386514663696 0
1715612081798 1.001330852508545 0
1715612082609 1.0119423866271973 0
1715612083474 0.9690474271774292 0
1715612084452 1.011217713356018 0
1715612085659 0.9442331790924072 0
1715612086903 0.9931816458702087 0
1715612093303 0.9836434125900269 0
1715612094081 0.9605590105056763 0
1715612097282 0.963036835193634 0
1715612098398 1.0827631950378418 0
1715612099360 1.1381019353866577 0
1715612100193 1.1837506294250488 0
1715612101049 1.2779731750488281 0
1715612101990 1.265504240989685 0
1715612103029 1.2995835542678833 0
1715612103953 1.3016821146011353 0
1715612111754 1.2899658679962158 0
1715612112579 1.2961522340774536 0
1715612113388 1.2567905187606812 0
1715612114263 1.242581844329834 0
1715612115330 1.2278162240982056 0
1715612119399 1.1998262405395508 0
1715612120337 1.2113852500915527 0
1715612121199 1.177925944328308 0
1715612122083 1.159940481185913 0
1715612123054 1.1505601406097412 0
1715612129438 1.1230021715164185 0
1715612130169 1.110352635383606 0
1715612130861 1.0919761657714844 0
1715612131590 1.0794973373413086 0
1715612132360 1.0644994974136353 0
1715612133169 1.046502709388733 0
1715612134030 1.034692406654358 0
1715612134967 1.015187382698059 0
1715612135999 1.0035028457641602 0
1715612136927 0.9899424910545349 0
1715612141695 0.977217435836792 0
1715612142434 0.9591463804244995 0
1715612143167 0.9450247287750244 0
1715612143936 0.9364173412322998 0
1715612144801 0.9239821434020996 0
1715612145662 0.9135552048683167 0
1715612146552 0.9023803472518921 0
1715612147494 0.892790675163269 0
1715612148402 0.8835446238517761 0
1715612149298 0.8742749094963074 0
1715612155094 0.8646072149276733 0
1715612155908 0.8555935025215149 0
1715612159035 0.8474788069725037 0
1715612159716 0.840869128704071 0
1715612160474 0.8320064544677734 0
1715612161267 0.8244214057922363 0
1715612162118 0.8168107867240906 0
1715612163249 0.8096553087234497 0
1715612165125 0.8032604455947876 0
1715612166299 0.7960611581802368 0
1715612172613 0.7903423309326172 0
1715612173403 0.7840503454208374 0
1715612174134 0.7779368758201599 0
1715612175024 0.772669792175293 0
1715612175887 0.7671515345573425 0
1715612176750 0.7630130648612976 0
1715612177666 0.7574911713600159 0
1715612178859 0.7520127892494202 0
1715612179886 0.7462794184684753 0
1715612180831 0.7413868308067322 0
1715612187553 0.7372705936431885 0
1715612188347 0.7321954965591431 0
1715612189041 0.7275868654251099 0
1715612189782 0.7233254909515381 0
1715612190571 0.7185957431793213 0
1715612191410 0.7143474817276001 0
1715612192261 0.7102468013763428 0
1715612193154 0.7061932682991028 0
1715612194090 0.7029491066932678 0
1715612195027 0.6990482211112976 0
1715612201725 0.6949551105499268 0
1715612202582 0.6908857226371765 0
1715612203430 0.6874361634254456 0
1715612204241 0.6839176416397095 0
1715612205206 0.6799562573432922 0
1715612208462 0.6770236492156982 0
1715612209694 0.6734630465507507 0
1715612210789 0.6699424982070923 0
1715612211754 0.6661388874053955 0
1715612212956 0.6631739139556885 0
1715612219955 0.6595292687416077 0
1715612220870 0.6561881303787231 0
1715612221797 0.6530985832214355 0
1715612222865 0.6499015092849731 0
1715612224848 0.6465426087379456 0
1715612226470 0.6434237957000732 0
1715612227624 0.6404846906661987 0
1715612228434 0.6373503804206848 0
1715612229342 0.6342707276344299 0
1715612230395 0.6312848925590515 0
1715612237868 0.6282767057418823 0
1715612238992 0.6252739429473877 0
1715612245478 0.6224401593208313 0
1715612246401 0.6193872690200806 0
1715612247419 0.6167022585868835 0
1715612248789 0.6137993931770325 0
1715612252192 0.6107932329177856 0
1715612253402 0.608087420463562 0
1715612254419 0.6052859425544739 0
1715612257169 0.6024320721626282 0
1715612263893 0.5996460914611816 0
1715612264801 0.5969222784042358 0
1715612265898 0.5941916704177856 0
1715612266795 0.5915380716323853 0
1715612267837 0.5889554023742676 0
1715612269230 0.5863969922065735 0
1715612270404 0.5840027928352356 0
1715612271305 0.5820504426956177 0
1715612272203 0.5833771824836731 0
1715612273195 0.6402154564857483 0
1715612279347 0.6857344508171082 0
1715612280122 0.6849956512451172 0
1715612280821 0.6523690223693848 0
1715612281577 0.6468291282653809 0
1715612282350 0.636766791343689 0
1715612283195 0.6248332858085632 0
1715612284079 0.63298499584198 0
1715612285044 0.608839213848114 0
1715612286093 0.6175797581672668 0
1715612287001 0.5950974822044373 0
1715612293102 0.6055775284767151 0
1715612293863 0.5882014632225037 0
1715612294561 0.5925105214118958 0
1715612295299 0.5768039226531982 0
1715612296074 0.5837730765342712 0
1715612296914 0.5729185342788696 0
1715612297794 0.5709623694419861 0
1715612298686 0.5681387782096863 0
1715612299648 0.5640405416488647 0
1715612300564 0.5585318803787231 0
1715612306198 0.5577048063278198 0
1715612306995 0.552302896976471 0
1715612307723 0.5505832433700562 0
1715612308483 0.5463643670082092 0
1715612309277 0.5442034006118774 0
1715612310128 0.5413879156112671 0
1715612311014 0.5368653535842896 0
1715612311953 0.5354992747306824 0
1715612312898 0.5331903696060181 0
1715612313806 0.5314924716949463 0
1715612319698 0.5300244688987732 0
1715612320506 0.5277065634727478 0
1715612321229 0.5242476463317871 0
1715612321999 0.5221713781356812 0
1715612322833 0.5194156169891357 0
1715612323681 0.5161463022232056 0
1715612324645 0.5146228671073914 0
1715612325627 0.5116820335388184 0
1715612326633 0.5095528364181519 0
1715612328087 0.5066484212875366 0
1715612335242 0.5051425695419312 0
1715612336319 0.5027024149894714 0
1715612337757 0.5002569556236267 0
1715612339646 0.49820035696029663 0
1715612340943 0.4964740574359894 0
1715612342199 0.4937300682067871 0
1715612351544 0.4919879734516144 0
1715612352473 0.4896399974822998 0
1715612354230 0.48772627115249634 0
1715612358003 0.48554903268814087 0
1715612366235 0.4837578237056732 0
1715612367642 0.4815301299095154 0
1715612369441 0.4795762896537781 0
1715612373485 0.47768688201904297 0
1715612374637 0.47562113404273987 0
1715612375961 0.47359636425971985 0
1715612378116 0.47150787711143494 0
1715612379199 0.4697546660900116 0
1715612380547 0.46762537956237793 0
1715612382918 0.4656713902950287 0
1715612390536 0.46365731954574585 0
1715612391910 0.46167615056037903 0
1715612393985 0.4596876800060272 0
1715612396371 0.4577485918998718 0
1715612397344 0.4557846188545227 0
1715612398459 0.4537109434604645 0
1715612399845 0.4518345892429352 0
1715612402788 0.44982075691223145 0
1715612404890 0.4478388726711273 0
1715612406864 0.44589683413505554 0
1715612414506 0.4439554214477539 0
1715612415481 0.4419742822647095 0
1715612416403 0.4400002956390381 0
1715612417316 0.4380055069923401 0
1715612418363 0.4359608292579651 0
1715612419659 0.4339173138141632 0
1715612421640 0.43176376819610596 0
1715612423633 0.42965617775917053 0
1715612424897 0.42768868803977966 0
1715612426931 0.42554357647895813 0
1715612434220 0.42319658398628235 0
1715612435155 0.42084556818008423 0
1715612436340 0.4205237925052643 0
1715612438692 0.4181042015552521 0
1715612441833 0.415755957365036 0
1715612443256 0.41551828384399414 0
1715612445963 0.41783344745635986 0
1715612448597 0.44484710693359375 0
