1715611854156 0.9815700054168701 0
1715611855446 0.7261202335357666 0
1715611856436 0.6462719440460205 0
1715611857637 0.6140468120574951 0
1715611858795 0.5407979488372803 0
1715611859707 0.568932294845581 0
1715611861101 0.6581618785858154 0
1715611862592 0.5849900245666504 0
1715611863635 0.5766339302062988 0
1715611864888 0.5751450061798096 0
1715611872368 1.5082800388336182 0
1715611873439 0.6262409687042236 0
1715611874818 0.6546549797058105 0
1715611876147 0.5484380722045898 0
1715611876978 0.535801887512207 0
1715611878201 0.6154727935791016 0
1715611879736 0.6142520904541016 0
1715611880846 0.6001291275024414 0
1715611881681 0.49863100051879883 0
1715611882549 0.5388889312744141 0
1715611889101 1.1837289333343506 0
1715611889889 0.4954040050506592 0
1715611890613 0.48720383644104004 0
1715611891369 0.5144870281219482 0
1715611892179 0.4899759292602539 0
1715611893054 0.5229928493499756 0
1715611893971 0.5020639896392822 0
1715611894865 0.5416181087493896 0
1715611895773 0.5711286067962646 0
1715611896650 0.556894063949585 0
1715611902583 1.1817560195922852 0
1715611903335 0.49541664123535156 0
1715611904014 0.47904324531555176 0
1715611904712 0.4692091941833496 0
1715611905474 0.4972059726715088 0
1715611906260 0.5029549598693848 0
1715611907093 0.5283160209655762 0
1715611908001 0.5376646518707275 0
1715611908910 0.5602321624755859 0
1715611909934 0.5916488170623779 0
1715611915979 1.3324899673461914 0
1715611916743 0.4848330020904541 0
1715611917442 0.47468018531799316 0
1715611918157 0.48046112060546875 0
1715611918932 0.500601053237915 0
1715611920159 0.6361908912658691 0
1715611922314 0.7164108753204346 0
1715611923177 0.5580549240112305 0
1715611924026 0.5265312194824219 0
1715611924966 0.517974853515625 0
1715611931847 1.1466491222381592 0
1715611932649 0.5311322212219238 0
1715611933433 0.5204880237579346 0
1715611934913 0.6586151123046875 0
1715611936892 0.9619336128234863 0
1715611939073 0.9218950271606445 0
1715611940202 0.5982949733734131 0
1715611942135 0.9247078895568848 0
1715611943637 0.6442151069641113 0
1715611945022 0.5529470443725586 0
1715611951015 1.1675877571105957 0
1715611951849 0.5003759860992432 0
1715611952570 0.48864173889160156 0
1715611953285 0.4822871685028076 0
1715611954041 0.4930429458618164 0
1715611954948 0.566129207611084 0
1715611956013 0.5666091442108154 0
1715611957194 0.5848140716552734 0
1715611958151 0.5548069477081299 0
1715611959073 0.5848312377929688 0
1715611965365 1.453019142150879 0
1715611966170 0.48416900634765625 0
1715611967494 0.5101220607757568 0
1715611968215 0.496401309967041 0
1715611968986 0.4930531978607178 0
1715611969956 0.6208536624908447 0
1715611973433 1.4957671165466309 0
1715611974144 0.4931910037994385 0
1715611974929 0.4929070472717285 0
1715611975808 0.542377233505249 0
1715611984457 1.178117275238037 0
1715611985268 0.49605727195739746 0
1715611986024 0.5116848945617676 0
1715611986780 0.4938328266143799 0
1715611987576 0.4921858310699463 0
1715611988417 0.5057461261749268 0
1715611989413 0.5397319793701172 0
1715611990741 0.5665040016174316 0
1715611991607 0.5467157363891602 0
1715611992526 0.5883190631866455 0
1715611998531 1.1267168521881104 0
1715611999342 0.5293281078338623 0
1715612000050 0.4966280460357666 0
1715612002046 0.9140369892120361 0
1715612002898 0.47948598861694336 0
1715612004158 0.5013370513916016 0
1715612004960 0.47643589973449707 0
1715612005779 0.5178508758544922 0
1715612006685 0.5580377578735352 0
1715612007673 0.5870299339294434 0
1715612014329 1.2569489479064941 0
1715612015162 0.4908759593963623 0
1715612015960 0.49417591094970703 0
1715612016815 0.5378789901733398 0
1715612017872 0.5843110084533691 0
1715612019413 0.5872900485992432 0
1715612020369 0.521575927734375 0
1715612021363 0.5484559535980225 0
1715612022321 0.5606269836425781 0
1715612023376 0.5565321445465088 0
1715612029759 1.0619430541992188 0
1715612030523 0.46900486946105957 0
1715612031227 0.4664921760559082 0
1715612031961 0.4737987518310547 0
1715612032733 0.49424099922180176 0
1715612033517 0.5052549839019775 0
1715612034378 0.5297119617462158 0
1715612035381 0.5440058708190918 0
1715612036281 0.5399539470672607 0
1715612040574 1.8288419246673584 0
1715612046934 1.2329540252685547 0
1715612047898 0.49557018280029297 0
1715612048706 0.5210809707641602 0
1715612050943 1.0762617588043213 0
1715612051901 0.5085060596466064 0
1715612052761 0.5026419162750244 0
1715612053633 0.5236201286315918 0
1715612054836 0.5523650646209717 0
1715612055838 0.5249249935150146 0
1715612056809 0.6032640933990479 0
1715612063823 1.308568000793457 0
1715612064617 0.505302906036377 0
1715612065442 0.5055570602416992 0
1715612066333 0.4826831817626953 0
1715612067331 0.5036978721618652 0
1715612068278 0.5375800132751465 0
1715612069328 0.6111829280853271 0
1715612070954 0.6463897228240967 0
1715612071925 0.539661169052124 0
1715612072785 0.5440540313720703 0
1715612078726 1.1957671642303467 0
1715612079541 0.5312693119049072 0
1715612080275 0.5025060176849365 0
1715612081035 0.478029727935791 0
1715612081829 0.5119519233703613 0
1715612082620 0.4963719844818115 0
1715612083493 0.5385017395019531 0
1715612084469 0.5610969066619873 0
1715612085682 0.594304084777832 0
1715612086921 0.6126770973205566 0
1715612093309 1.1285672187805176 0
1715612094099 0.5052180290222168 0
1715612097318 1.5215001106262207 0
1715612098420 0.5295321941375732 0
1715612099378 0.5101802349090576 0
1715612100207 0.49311375617980957 0
1715612101074 0.5235259532928467 0
1715612102014 0.5389659404754639 0
1715612103045 0.5413119792938232 0
1715612103962 0.546436071395874 0
1715612111758 1.1229920387268066 0
1715612112585 0.49817395210266113 0
1715612113399 0.521007776260376 0
1715612114270 0.49385595321655273 0
1715612115338 0.5294861793518066 0
1715612119433 2.5276880264282227 0
1715612120354 0.522454023361206 0
1715612121222 0.5024628639221191 0
1715612122107 0.5352520942687988 0
1715612123079 0.5206410884857178 0
1715612129444 1.1584486961364746 0
1715612130186 0.48294925689697266 0
1715612130886 0.4865560531616211 0
1715612131604 0.4786040782928467 0
1715612132374 0.4906027317047119 0
1715612133180 0.5041651725769043 0
1715612134047 0.5337967872619629 0
1715612134987 0.5542929172515869 0
1715612136014 0.5562999248504639 0
1715612136940 0.5575771331787109 0
1715612141701 0.6775970458984375 0
1715612142455 0.5049359798431396 0
1715612143182 0.49941205978393555 0
1715612143943 0.49697208404541016 0
1715612144817 0.517890214920044 0
1715612145678 0.5267119407653809 0
1715612146569 0.5469810962677002 0
1715612147512 0.5456037521362305 0
1715612148424 0.5715100765228271 0
1715612149315 0.5721421241760254 0
1715612155111 1.2938878536224365 0
1715612155926 0.4994168281555176 0
1715612159041 1.3038990497589111 0
1715612159735 0.4757659435272217 0
1715612160491 0.4878079891204834 0
1715612161287 0.4974679946899414 0
1715612162164 0.5725889205932617 0
1715612163293 0.6141259670257568 0
1715612165138 0.7083621025085449 0
1715612166317 0.5528028011322021 0
1715612172625 1.2446660995483398 0
1715612173420 0.48655223846435547 0
1715612174145 0.4720902442932129 0
1715612175038 0.48926711082458496 0
1715612175906 0.4987771511077881 0
1715612176763 0.5091640949249268 0
1715612177701 0.5482127666473389 0
1715612178881 0.5815699100494385 0
1715612179912 0.5660128593444824 0
1715612180848 0.5586788654327393 0
1715612187567 1.2825181484222412 0
1715612188367 0.4832327365875244 0
1715612189058 0.4746429920196533 0
1715612189801 0.4877457618713379 0
1715612190597 0.5058889389038086 0
1715612191427 0.5123550891876221 0
1715612192291 0.5385761260986328 0
1715612193167 0.5324709415435791 0
1715612194108 0.5566201210021973 0
1715612195052 0.5836052894592285 0
1715612201731 1.171600103378296 0
1715612202586 0.4904758930206299 0
1715612203441 0.49697399139404297 0
1715612204246 0.47934389114379883 0
1715612205261 0.5789830684661865 0
1715612208497 1.8447010517120361 0
1715612209707 0.5414400100708008 0
1715612210801 0.5338289737701416 0
1715612211767 0.5035698413848877 0
1715612212973 0.5849900245666504 0
1715612219969 1.2986009120941162 0
1715612220898 0.5309197902679443 0
1715612221835 0.5412302017211914 0
1715612222913 0.6699721813201904 0
1715612224895 0.8759701251983643 0
1715612226514 0.7426278591156006 0
1715612227634 0.47601318359375 0
1715612228446 0.4839160442352295 0
1715612229354 0.520988941192627 0
1715612230514 0.8043830394744873 0
1715612237886 1.3017008304595947 0
1715612239003 0.5129609107971191 0
1715612245505 1.4499609470367432 0
1715612246415 0.5342588424682617 0
1715612247471 0.5616257190704346 0
1715612248824 0.6369168758392334 0
1715612252230 1.864333152770996 0
1715612253422 0.6321651935577393 0
1715612254472 0.6066651344299316 0
1715612257187 1.5414369106292725 0
1715612263911 1.1788699626922607 0
1715612264825 0.5790610313415527 0
1715612265934 0.5433168411254883 0
1715612266816 0.5150377750396729 0
1715612267860 0.530750036239624 0
1715612269271 0.5750799179077148 0
1715612270425 0.5178768634796143 0
1715612271325 0.5348479747772217 0
1715612272225 0.5665431022644043 0
1715612273213 0.5576901435852051 0
1715612279355 1.1022388935089111 0
1715612280133 0.47110414505004883 0
1715612280842 0.4890909194946289 0
1715612281598 0.4837031364440918 0
1715612282370 0.4930140972137451 0
1715612283216 0.5158998966217041 0
1715612284112 0.5348730087280273 0
1715612285060 0.5366737842559814 0
1715612286114 0.5555620193481445 0
1715612287019 0.5568859577178955 0
1715612293116 1.3142430782318115 0
1715612293881 0.48255181312561035 0
1715612294582 0.4765181541442871 0
1715612295320 0.48792600631713867 0
1715612296088 0.4893991947174072 0
1715612296932 0.5136840343475342 0
1715612297810 0.5230920314788818 0
1715612298707 0.5404019355773926 0
1715612299661 0.5439908504486084 0
1715612300586 0.5727369785308838 0
1715612306216 1.2280158996582031 0
1715612307008 0.48338985443115234 0
1715612307741 0.4927999973297119 0
1715612308498 0.4918529987335205 0
1715612309300 0.5090160369873047 0
1715612310142 0.5186257362365723 0
1715612311030 0.5278429985046387 0
1715612311978 0.5591108798980713 0
1715612312917 0.5631570816040039 0
1715612313819 0.5578291416168213 0
1715612319705 1.2283380031585693 0
1715612320533 0.49837303161621094 0
1715612321246 0.48275303840637207 0
1715612322019 0.5041332244873047 0
1715612322851 0.5155069828033447 0
1715612323700 0.5220849514007568 0
1715612324665 0.5441601276397705 0
1715612325643 0.5476160049438477 0
1715612326648 0.568458080291748 0
1715612328106 0.6426980495452881 0
1715612335267 1.4872677326202393 0
1715612336350 0.5269320011138916 0
1715612337775 0.5814118385314941 0
1715612339656 0.8867888450622559 0
1715612340964 0.6051759719848633 0
1715612342229 0.5826010704040527 0
1715612351562 2.180210828781128 0
1715612352501 0.5350029468536377 0
1715612354370 1.1175389289855957 0
1715612358046 2.448371410369873 0
1715612366262 1.4449410438537598 0
1715612367677 0.5701849460601807 0
1715612369661 1.0664429664611816 0
1715612373521 2.4438400268554688 0
1715612374646 0.5447189807891846 0
1715612376033 0.6770460605621338 0
1715612378140 0.9223630428314209 0
1715612379218 0.5129489898681641 0
1715612380565 0.5599687099456787 0
1715612382930 0.9851500988006592 0
1715612390558 1.3649990558624268 0
1715612391933 0.5855259895324707 0
1715612394014 0.7650060653686523 0
1715612396385 1.0641660690307617 0
1715612397356 0.4971320629119873 0
1715612398476 0.5232808589935303 0
1715612399864 0.6432738304138184 0
1715612402842 1.5829880237579346 0
1715612404911 0.9193668365478516 0
1715612406887 1.0095748901367188 0
1715612414529 1.1984918117523193 0
1715612415505 0.5319080352783203 0
1715612416417 0.47531700134277344 0
1715612417326 0.48977184295654297 0
1715612418379 0.5138378143310547 0
1715612419685 0.5878770351409912 0
1715612421657 0.9072897434234619 0
1715612423667 1.0182011127471924 0
1715612424927 0.625880241394043 0
1715612426945 0.9613759517669678 0
1715612434231 1.1796700954437256 0
1715612435193 0.5705668926239014 0
1715612436390 0.6279830932617188 0
1715612438756 0.9904911518096924 0
1715612441855 1.7271091938018799 0
1715612443411 0.8809347152709961 0
1715612445997 1.1617610454559326 0
1715612448726 1.621809720993042 0
