1716891838277 1.0 0
1716891840163 2.0 0
1716891840762 3.0 0
1716891841286 4.0 0
1716891841876 5.0 0
1716891842436 6.0 0
1716891843048 7.0 0
1716891843655 8.0 0
1716891844258 9.0 0
1716891844903 10.0 0
1716891853431 11.0 0
1716891854026 12.0 0
1716891854615 13.0 0
1716891855192 14.0 0
1716891855825 15.0 0
1716891856362 16.0 0
1716891856934 17.0 0
1716891857473 18.0 0
1716891858006 19.0 0
1716891858702 20.0 0
1716891865187 21.0 0
1716891865668 22.0 0
1716891866213 23.0 0
1716891866694 24.0 0
1716891867160 25.0 0
1716891867677 26.0 0
1716891868233 27.0 0
1716891868756 28.0 0
1716891869236 29.0 0
1716891869720 30.0 0
1716891874736 31.0 0
1716891875203 32.0 0
1716891875667 33.0 0
1716891876130 34.0 0
1716891876587 35.0 0
1716891877092 36.0 0
1716891877568 37.0 0
1716891878054 38.0 0
1716891878527 39.0 0
1716891878984 40.0 0
1716891883830 41.0 0
1716891884325 42.0 0
1716891884778 43.0 0
1716891885254 44.0 0
1716891885725 45.0 0
1716891886206 46.0 0
1716891886671 47.0 0
1716891887176 48.0 0
1716891887707 49.0 0
1716891888238 50.0 0
1716891894165 51.0 0
1716891894717 52.0 0
1716891895248 53.0 0
1716891895771 54.0 0
1716891896347 55.0 0
1716891896836 56.0 0
1716891897327 57.0 0
1716891897803 58.0 0
1716891898290 59.0 0
1716891898778 60.0 0
1716891903668 61.0 0
1716891904150 62.0 0
1716891904645 63.0 0
1716891905119 64.0 0
1716891905590 65.0 0
1716891906070 66.0 0
1716891906532 67.0 0
1716891907002 68.0 0
1716891907487 69.0 0
1716891907982 70.0 0
1716891912382 71.0 0
1716891912859 72.0 0
1716891913370 73.0 0
1716891913864 74.0 0
1716891914351 75.0 0
1716891914827 76.0 0
1716891915272 77.0 0
1716891915785 78.0 0
1716891916288 79.0 0
1716891916785 80.0 0
1716891922268 81.0 0
1716891923649 82.0 0
1716891925530 83.0 0
1716891926009 84.0 0
1716891926506 85.0 0
1716891927000 86.0 0
1716891951945 87.0 0
1716891953313 88.0 0
1716891953886 89.0 0
1716891954390 90.0 0
