1716891838173 7.426350116729736 0
1716891840122 6.942994594573975 0
1716891840739 6.465172290802002 0
1716891841264 6.229814052581787 0
1716891841849 5.9785542488098145 0
1716891842408 5.842434883117676 0
1716891843013 5.754672050476074 0
1716891843624 5.668551445007324 0
1716891844219 5.591634273529053 0
1716891844856 5.5135040283203125 0
1716891853405 5.429964542388916 0
1716891853980 5.329084396362305 0
1716891854587 5.221023082733154 0
1716891855167 5.097476959228516 0
1716891855790 4.939384460449219 0
1716891856330 4.749322891235352 0
1716891856910 4.451783657073975 0
1716891857443 4.373586654663086 0
1716891857965 3.916757106781006 0
1716891858659 3.784799575805664 0
1716891865149 3.625696897506714 0
1716891865654 3.4364070892333984 0
1716891866190 3.3157296180725098 0
1716891866686 3.2297885417938232 0
1716891867152 3.153604507446289 0
1716891867667 3.0778350830078125 0
1716891868211 3.006138563156128 0
1716891868699 2.946894407272339 0
1716891869221 2.895113468170166 0
1716891869711 2.845266103744507 0
1716891874712 2.796780824661255 0
1716891875196 2.7522377967834473 0
1716891875657 2.7124478816986084 0
1716891876120 2.678990125656128 0
1716891876579 2.6524064540863037 0
1716891877082 2.628553628921509 0
1716891877558 2.6021728515625 0
1716891878031 2.5732009410858154 0
1716891878516 2.5446228981018066 0
1716891878971 2.5194313526153564 0
1716891883801 2.496225357055664 0
1716891884317 2.472468614578247 0
1716891884765 2.4474973678588867 0
1716891885247 2.4224512577056885 0
1716891885712 2.398786783218384 0
1716891886196 2.3774280548095703 0
1716891886664 2.3582160472869873 0
1716891887149 2.339827537536621 0
1716891887696 2.321082592010498 0
1716891888228 2.3017797470092773 0
1716891894118 2.282287836074829 0
1716891894707 2.26302433013916 0
1716891895237 2.2443971633911133 0
1716891895758 2.226271152496338 0
1716891896317 2.2085156440734863 0
1716891896822 2.191065788269043 0
1716891897320 2.1736700534820557 0
1716891897793 2.1563141345977783 0
1716891898277 2.13919734954834 0
1716891898768 2.121974468231201 0
1716891903649 2.104707956314087 0
1716891904131 2.0874826908111572 0
1716891904637 2.070033550262451 0
1716891905109 2.051630735397339 0
1716891905579 2.0320966243743896 0
1716891906064 2.0124804973602295 0
1716891906519 1.9935249090194702 0
1716891906987 1.9743328094482422 0
1716891907472 1.9554928541183472 0
1716891907974 1.9372670650482178 0
1716891912366 1.919191837310791 0
1716891912848 1.9009437561035156 0
1716891913333 1.8830071687698364 0
1716891913845 1.8648806810379028 0
1716891914334 1.8465547561645508 0
1716891914823 1.8286738395690918 0
1716891915267 1.8106482028961182 0
1716891915754 1.7925026416778564 0
1716891916269 1.774957299232483 0
1716891916775 1.757757544517517 0
1716891922250 1.74062979221344 0
1716891922735 1.7240055799484253 0
1716891925519 1.7074328660964966 0
1716891925997 1.6912555694580078 0
1716891926491 1.6747301816940308 0
1716891926989 1.658077359199524 0
1716891927475 1.6414028406143188 0
1716891953199 1.6249574422836304 0
1716891953871 1.6087604761123657 0
1716891954375 1.5926389694213867 0
