1716891838445 4.314800024032593 0
1716891840195 1.7061870098114014 0
1716891840770 0.5686190128326416 0
1716891841293 0.5157928466796875 0
1716891841894 0.5874319076538086 0
1716891842442 0.5443580150604248 0
1716891843057 0.5900428295135498 0
1716891843662 0.5834109783172607 0
1716891844293 0.6240291595458984 0
1716891844920 0.619985818862915 0
1716891853438 2.2253899574279785 0
1716891854065 0.6141519546508789 0
1716891854621 0.5418128967285156 0
1716891855201 0.5610318183898926 0
1716891855837 0.6190168857574463 0
1716891856394 0.5479609966278076 0
1716891856940 0.5210890769958496 0
1716891857479 0.5195589065551758 0
1716891858021 0.5353081226348877 0
1716891858738 0.6819469928741455 0
1716891865195 1.596073865890503 0
1716891865684 0.47347187995910645 0
1716891866222 0.5288870334625244 0
1716891866702 0.47410106658935547 0
1716891867168 0.4574308395385742 0
1716891867685 0.4953148365020752 0
1716891868240 0.5480639934539795 0
1716891868760 0.5140080451965332 0
1716891869260 0.49486708641052246 0
1716891869726 0.46239805221557617 0
1716891874753 1.2569611072540283 0
1716891875210 0.44900012016296387 0
1716891875676 0.4577770233154297 0
1716891876139 0.45284605026245117 0
1716891876593 0.4444890022277832 0
1716891877100 0.4989738464355469 0
1716891877575 0.46398305892944336 0
1716891878063 0.4795839786529541 0
1716891878535 0.4635770320892334 0
1716891878994 0.45147013664245605 0
1716891883836 1.079996109008789 0
1716891884332 0.4875521659851074 0
1716891884788 0.44912099838256836 0
1716891885262 0.4647831916809082 0
1716891885733 0.4640200138092041 0
1716891886214 0.4679129123687744 0
1716891886677 0.4558091163635254 0
1716891887183 0.4985332489013672 0
1716891887713 0.5218658447265625 0
1716891888245 0.5245122909545898 0
1716891894169 1.2705230712890625 0
1716891894724 0.5507998466491699 0
1716891895254 0.5233058929443359 0
1716891895778 0.5172340869903564 0
1716891896353 0.5660130977630615 0
1716891896847 0.486447811126709 0
1716891897336 0.4756648540496826 0
1716891897812 0.467177152633667 0
1716891898303 0.48177003860473633 0
1716891898787 0.47405004501342773 0
1716891903675 1.138200044631958 0
1716891904165 0.4825868606567383 0
1716891904652 0.4741697311401367 0
1716891905127 0.46718287467956543 0
1716891905598 0.46236705780029297 0
1716891906072 0.46678686141967773 0
1716891906538 0.4627361297607422 0
1716891907011 0.4656639099121094 0
1716891907502 0.48134899139404297 0
1716891907989 0.4696691036224365 0
1716891912386 1.1175050735473633 0
1716891912879 0.48800206184387207 0
1716891913379 0.4936950206756592 0
1716891913873 0.4845871925354004 0
1716891914363 0.47262120246887207 0
1716891914832 0.4584310054779053 0
1716891915277 0.44133710861206055 0
1716891915792 0.5110771656036377 0
1716891916296 0.4992377758026123 0
1716891916806 0.49962377548217773 0
1716891922274 1.3163671493530273 0
1716891924624 2.3440089225769043 0
1716891925539 0.9005410671234131 0
1716891926021 0.4726889133453369 0
1716891926520 0.48157310485839844 0
1716891927007 0.47361302375793457 0
1716891951951 24.93643617630005 0
1716891953335 1.3787450790405273 0
1716891953896 0.5501868724822998 0
1716891954410 0.5036969184875488 0
