1715616260192 7.44571590423584 0
1715616260715 7.072895526885986 0
1715616261206 6.7049560546875 0
1715616261763 6.467797756195068 0
1715616262298 6.312140464782715 0
1715616262854 6.1534037590026855 0
1715616263364 5.995190620422363 0
1715616263883 5.848564624786377 0
1715616264394 5.674077033996582 0
1715616264896 5.45659875869751 0
1715616270149 5.197608947753906 0
1715616270641 4.879139423370361 0
1715616271208 4.604860782623291 0
1715616271805 4.3014726638793945 0
1715616272452 4.067309379577637 0
1715616272992 3.8613367080688477 0
1715616273505 3.6520917415618896 0
1715616274049 3.483035087585449 0
1715616274556 3.3541431427001953 0
1715616275112 3.240231513977051 0
1715616280192 3.1432156562805176 0
1715616280704 3.0717828273773193 0
1715616281275 3.0157485008239746 0
1715616281773 2.966628074645996 0
1715616282276 2.92413067817688 0
1715616282766 2.8844211101531982 0
1715616283290 2.846011161804199 0
1715616283787 2.7976958751678467 0
1715616284309 2.7550225257873535 0
1715616284839 2.713855743408203 0
1715616289430 2.6760447025299072 0
1715616289923 2.6408817768096924 0
1715616290439 2.6076037883758545 0
1715616290949 2.5774190425872803 0
1715616291462 2.546128988265991 0
1715616291957 2.5126404762268066 0
1715616292452 2.481583833694458 0
1715616292952 2.4513778686523438 0
1715616293448 2.42130708694458 0
1715616293929 2.3924360275268555 0
1715616298153 2.3645429611206055 0
1715616298664 2.336379051208496 0
1715616299170 2.3080644607543945 0
1715616299678 2.280496835708618 0
1715616300228 2.253669023513794 0
1715616300732 2.2276272773742676 0
1715616301226 2.203418731689453 0
1715616301713 2.180729389190674 0
1715616302189 2.1580774784088135 0
1715616302679 2.134138822555542 0
1715616307100 2.1096718311309814 0
1715616307611 2.0857903957366943 0
1715616308100 2.0627212524414062 0
1715616308603 2.0403356552124023 0
1715616309087 2.0174286365509033 0
1715616309577 1.994661808013916 0
1715616310077 1.9713078737258911 0
1715616310647 1.948203444480896 0
1715616311171 1.9266492128372192 0
1715616311652 1.9071787595748901 0
1715616316198 1.8871893882751465 0
1715616316667 1.8681765794754028 0
1715616317150 1.8483390808105469 0
1715616317630 1.8288424015045166 0
1715616318103 1.8099236488342285 0
1715616318619 1.7891969680786133 0
1715616319099 1.7688618898391724 0
1715616319590 1.7473984956741333 0
1715616320091 1.7308543920516968 0
1715616320600 1.7159233093261719 0
1715616325060 1.6994078159332275 0
1715616325537 1.6776434183120728 0
1715616326029 1.6580133438110352 0
1715616326546 1.6367532014846802 0
1715616327072 1.6204813718795776 0
1715616327563 1.6002800464630127 0
1715616328063 1.582818627357483 0
1715616328561 1.5630823373794556 0
1715616329064 1.5456410646438599 0
1715616329568 1.530336618423462 0
1715616333932 1.5141853094100952 0
1715616334419 1.5004074573516846 0
1715616334941 1.4932441711425781 0
1715616335436 1.5230249166488647 0
1715616335951 1.474545955657959 0
1715616336451 1.520288109779358 0
1715616336945 1.4974631071090698 0
1715616337446 1.4855331182479858 0
1715616337935 1.4464870691299438 0
1715616338422 1.4520138502120972 0
1715616342891 1.4396458864212036 0
1715616343368 1.4113682508468628 0
1715616343868 1.401902198791504 0
1715616344377 1.3942148685455322 0
1715616344874 1.367706537246704 0
1715616345379 1.3569471836090088 0
1715616345862 1.3446309566497803 0
1715616346368 1.3165968656539917 0
1715616346862 1.3044363260269165 0
1715616347354 1.2950619459152222 0
1715616351740 1.2741283178329468 0
1715616352204 1.2595245838165283 0
1715616352696 1.2490752935409546 0
1715616353196 1.22730553150177 0
1715616353681 1.2147382497787476 0
1715616354169 1.2011786699295044 0
1715616354646 1.1872203350067139 0
1715616355135 1.1802269220352173 0
1715616355623 1.1557234525680542 0
1715616356090 1.1588225364685059 0
1715616359015 1.1576154232025146 0
1715616359550 1.140451192855835 0
1715616360058 1.143646478652954 0
1715616360587 1.128040075302124 0
1715616361100 1.1187188625335693 0
1715616361596 1.1041910648345947 0
1715616362113 1.0930852890014648 0
1715616362628 1.0784950256347656 0
1715616363106 1.0665968656539917 0
1715616363603 1.050293207168579 0
1715616368011 1.0398764610290527 0
1715616368501 1.0237094163894653 0
1715616368988 1.0159423351287842 0
1715616369495 1.0015391111373901 0
1715616369996 0.9920393824577332 0
1715616370496 0.9826443195343018 0
1715616370985 0.9689838886260986 0
1715616371481 0.9595012068748474 0
1715616371980 0.9481942653656006 0
1715616372502 0.9393007159233093 0
1715616377139 0.9317812919616699 0
1715616377658 0.9278850555419922 0
1715616378156 0.9194445610046387 0
1715616378657 0.9047040343284607 0
1715616379149 0.9036865234375 0
1715616379642 0.9107540249824524 0
1715616380125 0.9156041145324707 0
1715616380659 0.885301411151886 0
1715616381161 0.8868871331214905 0
1715616381654 0.8757742643356323 0
1715616386928 0.8719784617424011 0
1715616387484 0.862228512763977 0
1715616388049 0.849738597869873 0
1715616388638 0.8415958285331726 0
1715616389198 0.8383126854896545 0
1715616389717 0.8241816759109497 0
1715616390292 0.8164358735084534 0
1715616390890 0.8091249465942383 0
1715616391485 0.7979629635810852 0
1715616392010 0.7911678552627563 0
1715616397003 0.7842437624931335 0
1715616397516 0.7756209373474121 0
1715616398022 0.7674663066864014 0
1715616398517 0.7591222524642944 0
1715616399052 0.7520970106124878 0
1715616399601 0.7455242276191711 0
1715616400158 0.7407554984092712 0
1715616400684 0.7346723675727844 0
1715616401201 0.7365476489067078 0
1715616401724 0.724439799785614 0
1715616406869 0.7218671441078186 0
1715616407354 0.7145147919654846 0
1715616407848 0.7080665826797485 0
1715616408338 0.7063027620315552 0
1715616408838 0.7044984698295593 0
1715616409331 0.7490203976631165 0
1715616409857 0.7209355235099792 0
1715616410348 0.7150582075119019 0
1715616410867 0.7152712941169739 0
1715616411359 0.6917918920516968 0
1715616415910 0.6942886114120483 0
1715616416400 0.6784846782684326 0
1715616416905 0.6706973314285278 0
1715616417409 0.6731310486793518 0
1715616417908 0.6862209439277649 0
1715616418396 0.659918487071991 0
1715616418895 0.6653634905815125 0
1715616419392 0.6526583433151245 0
1715616419886 0.6451911330223083 0
1715616420385 0.6387236714363098 0
1715616424971 0.6382836103439331 0
1715616425452 0.6284876465797424 0
1715616425961 0.6229870915412903 0
1715616426461 0.6185091137886047 0
1715616426953 0.6148231625556946 0
1715616427451 0.6125023365020752 0
1715616427949 0.6060497760772705 0
1715616428441 0.6038033962249756 0
1715616428934 0.5982059240341187 0
1715616429430 0.5941012501716614 0
1715616434121 0.5889432430267334 0
1715616434615 0.5872197151184082 0
1715616435113 0.5810208320617676 0
1715616435604 0.5779867768287659 0
1715616436093 0.572468101978302 0
1715616436585 0.5702773332595825 0
1715616437079 0.5666645169258118 0
1715616437568 0.5632715821266174 0
1715616438062 0.5585115551948547 0
1715616438554 0.5560505390167236 0
1715616441466 0.5530310273170471 0
1715616441948 0.5496270060539246 0
1715616442429 0.5462556481361389 0
1715616442908 0.5423448085784912 0
1715616443381 0.5397069454193115 0
1715616443861 0.5365747809410095 0
1715616444344 0.5333243608474731 0
1715616444848 0.5306407809257507 0
1715616445379 0.5277507901191711 0
1715616445876 0.5244200229644775 0
1715616450607 0.5215862989425659 0
1715616451092 0.5188971161842346 0
1715616451594 0.5159850120544434 0
1715616452091 0.5133689641952515 0
1715616452589 0.5104407072067261 0
1715616453080 0.507400393486023 0
1715616453575 0.5047481060028076 0
1715616454091 0.5021811723709106 0
1715616454576 0.49950817227363586 0
1715616455056 0.4966147840023041 0
1715616458377 0.49379462003707886 0
1715616458875 0.49113959074020386 0
1715616459390 0.4884214401245117 0
1715616459968 0.4860549867153168 0
1715616460629 0.4836524426937103 0
1715616461215 0.48115405440330505 0
1715616461757 0.4788280129432678 0
1715616462270 0.4761701822280884 0
1715616462767 0.47301986813545227 0
1715616463248 0.4700145125389099 0
1715616468189 0.46771425008773804 0
1715616468669 0.4660935401916504 0
1715616469150 0.4774279296398163 0
1715616469634 0.5396427512168884 0
1715616470113 0.5076078176498413 0
1715616470624 0.5233191847801208 0
1715616471144 0.5198321342468262 0
1715616471635 0.5035338401794434 0
1715616472189 0.49328356981277466 0
1715616472686 0.4856860041618347 0
1715616477323 0.48843568563461304 0
1715616477849 0.4755539894104004 0
1715616478352 0.47368860244750977 0
1715616478862 0.46499988436698914 0
1715616479395 0.46200332045555115 0
1715616479943 0.4600948691368103 0
1715616480439 0.45329779386520386 0
1715616480964 0.4503503143787384 0
1715616481473 0.4532885253429413 0
1715616482010 0.4539964497089386 0
1715616487558 0.44506117701530457 0
1715616488083 0.44512930512428284 0
1715616488575 0.4434981346130371 0
1715616489101 0.4353652000427246 0
1715616489630 0.4304035007953644 0
1715616490143 0.4334621727466583 0
1715616490616 0.4254153072834015 0
1715616491092 0.42241641879081726 0
1715616491580 0.41839832067489624 0
1715616492061 0.41611385345458984 0
1715616496419 0.41381046175956726 0
1715616496900 0.41176435351371765 0
1715616497438 0.40789681673049927 0
1715616497994 0.40674784779548645 0
1715616498491 0.40355831384658813 0
1715616499008 0.40109413862228394 0
1715616499502 0.3986440896987915 0
1715616499987 0.39679673314094543 0
1715616500487 0.3945977985858917 0
1715616500987 0.3929975628852844 0
1715616505742 0.3904045522212982 0
1715616506284 0.38832613825798035 0
1715616506793 0.3866114914417267 0
1715616507325 0.38437607884407043 0
1715616507851 0.3822654187679291 0
1715616508330 0.38077130913734436 0
1715616508833 0.37892982363700867 0
1715616509333 0.37707188725471497 0
1715616509831 0.3753291666507721 0
1715616510322 0.37336862087249756 0
1715616515005 0.37161263823509216 0
1715616515504 0.36998438835144043 0
1715616515990 0.36836883425712585 0
1715616516476 0.36679378151893616 0
1715616516974 0.36515602469444275 0
1715616517470 0.36368003487586975 0
1715616517984 0.3622657060623169 0
1715616518482 0.3611326813697815 0
1715616518995 0.3599618971347809 0
1715616519490 0.360293447971344 0
1715616523489 0.35689640045166016 0
1715616523970 0.354356586933136 0
1715616524471 0.35218626260757446 0
1715616525031 0.3509260416030884 0
1715616525550 0.3513883352279663 0
1715616526047 0.350964218378067 0
1715616526526 0.35490041971206665 0
1715616527022 0.35403332114219666 0
1715616527526 0.3507976233959198 0
1715616528065 0.34685438871383667 0
1715616534128 0.35150983929634094 0
1715616534664 0.3555995523929596 0
1715616535204 0.34600433707237244 0
1715616535752 0.3523094952106476 0
1715616536272 0.348285436630249 0
1715616536763 0.3421364426612854 0
1715616537272 0.3468610942363739 0
1715616537793 0.3377704322338104 0
1715616538275 0.3419243395328522 0
1715616538750 0.3383483290672302 0
1715616543315 0.33770379424095154 0
1715616543806 0.3337818682193756 0
1715616544322 0.33153167366981506 0
1715616544828 0.3286857008934021 0
1715616545321 0.3256320357322693 0
1715616545826 0.32433614134788513 0
1715616546317 0.3228904604911804 0
1715616546804 0.32223978638648987 0
1715616547295 0.3228592574596405 0
1715616547790 0.3233534097671509 0
1715616551281 0.31700238585472107 0
1715616551772 0.31993117928504944 0
1715616552271 0.36801084876060486 0
1715616552760 0.36469900608062744 0
1715616553273 0.37733983993530273 0
1715616553763 0.3833537697792053 0
1715616554259 0.37179574370384216 0
1715616554790 0.37215837836265564 0
1715616555280 0.3721815347671509 0
1715616555775 0.36737725138664246 0
1715616560803 0.36169442534446716 0
1715616561289 0.3593042492866516 0
1715616561786 0.3571970760822296 0
1715616562280 0.3639151155948639 0
1715616562787 0.35408642888069153 0
1715616563278 0.3487326502799988 0
1715616563777 0.3380056917667389 0
1715616564272 0.33693063259124756 0
1715616564770 0.327347069978714 0
1715616565277 0.32673829793930054 0
1715616569595 0.3214287757873535 0
1715616570092 0.32011380791664124 0
1715616570622 0.31400686502456665 0
1715616571146 0.3102443814277649 0
1715616571685 0.3086839020252228 0
1715616572228 0.30542728304862976 0
1715616572714 0.3011646270751953 0
1715616573221 0.29897379875183105 0
1715616573716 0.29618725180625916 0
1715616574218 0.2945532500743866 0
1715616578774 0.2924036681652069 0
1715616579252 0.2890336513519287 0
1715616579737 0.2896711826324463 0
1715616580270 0.2907636761665344 0
1715616580757 0.2838209569454193 0
1715616581271 0.2906379699707031 0
1715616581761 0.29376041889190674 0
1715616582266 0.28890156745910645 0
1715616582749 0.2911001741886139 0
1715616583242 0.2896447479724884 0
1715616587306 0.3078474998474121 0
1715616587779 0.36906519532203674 0
1715616588280 0.31053346395492554 0
1715616588781 0.34338682889938354 0
1715616589277 0.3304738998413086 0
1715616589785 0.3029821813106537 0
1715616590295 0.3087857961654663 0
1715616590812 0.31247302889823914 0
1715616591354 0.29311054944992065 0
1715616591846 0.29556283354759216 0
1715616596450 0.29425299167633057 0
1715616596928 0.290956974029541 0
1715616597446 0.2829377353191376 0
1715616597935 0.2810588479042053 0
1715616598437 0.2781500816345215 0
1715616598933 0.27381381392478943 0
1715616599422 0.2696399986743927 0
1715616599915 0.2679820656776428 0
1715616600407 0.2667650878429413 0
1715616600896 0.2618461549282074 0
1715616605326 0.26450252532958984 0
1715616605906 0.26194921135902405 0
1715616606408 0.2592477798461914 0
1715616606917 0.2563163936138153 0
1715616607395 0.25442585349082947 0
1715616607879 0.2547109127044678 0
1715616608403 0.2505697011947632 0
1715616608928 0.24979782104492188 0
1715616609416 0.24780485033988953 0
1715616609917 0.2471063882112503 0
1715616614649 0.2456548511981964 0
1715616615172 0.24303418397903442 0
1715616615667 0.2425760179758072 0
1715616616169 0.24097011983394623 0
1715616616666 0.23940521478652954 0
1715616617182 0.2386193722486496 0
1715616617683 0.23621736466884613 0
1715616618189 0.23603323101997375 0
1715616618674 0.23495642840862274 0
1715616619180 0.2336266040802002 0
1715616623801 0.23261745274066925 0
1715616624314 0.23163053393363953 0
1715616624798 0.2305791676044464 0
1715616625286 0.23002323508262634 0
1715616625781 0.2285311073064804 0
1715616626279 0.2281145453453064 0
1715616626759 0.22691398859024048 0
1715616627255 0.22622773051261902 0
1715616627746 0.22542354464530945 0
1715616628231 0.22448523342609406 0
1715616631762 0.22372297942638397 0
1715616632238 0.22298061847686768 0
1715616632716 0.2221435159444809 0
1715616633191 0.22150740027427673 0
1715616633679 0.2205619364976883 0
1715616634168 0.21992120146751404 0
1715616634648 0.21913227438926697 0
1715616635118 0.21852870285511017 0
1715616635596 0.21779237687587738 0
1715616636089 0.2171010673046112 0
1715616640978 0.2163815051317215 0
1715616641445 0.21572600305080414 0
1715616641945 0.21507424116134644 0
1715616642423 0.21441619098186493 0
1715616642912 0.21373043954372406 0
1715616643380 0.21314185857772827 0
1715616643859 0.2124534547328949 0
1715616644337 0.21187299489974976 0
1715616644826 0.21122178435325623 0
1715616645304 0.21059328317642212 0
1715616648266 0.21000666916370392 0
1715616648736 0.20938389003276825 0
1715616649234 0.20880183577537537 0
1715616649706 0.20820443332195282 0
1715616650193 0.20760869979858398 0
1715616650679 0.20704197883605957 0
1715616651157 0.20645488798618317 0
1715616651634 0.20587672293186188 0
1715616652150 0.2053280621767044 0
1715616652630 0.20474310219287872 0
1715616656351 0.20419634878635406 0
1715616656820 0.20363682508468628 0
1715616657298 0.203088641166687 0
1715616657789 0.20254157483577728 0
1715616658261 0.2019965499639511 0
1715616658738 0.20145753026008606 0
1715616659217 0.20092050731182098 0
1715616659715 0.20038774609565735 0
1715616660233 0.19985319674015045 0
1715616660738 0.19933044910430908 0
1715616665226 0.1988021433353424 0
1715616665727 0.198282852768898 0
1715616666224 0.19776804745197296 0
1715616666741 0.19725166261196136 0
1715616667272 0.1967448890209198 0
1715616667775 0.1962413489818573 0
1715616668298 0.1957402378320694 0
1715616668790 0.1952444612979889 0
1715616669276 0.19475461542606354 0
1715616669773 0.1942673623561859 0
1715616674133 0.19378401339054108 0
1715616674614 0.1933063119649887 0
1715616675113 0.19282975792884827 0
1715616675655 0.19235867261886597 0
1715616676155 0.19189000129699707 0
1715616676639 0.19142568111419678 0
1715616677160 0.19096466898918152 0
1715616677640 0.1905054897069931 0
1715616678153 0.19005073606967926 0
1715616678651 0.1895967423915863 0
1715616682823 0.18914778530597687 0
1715616683307 0.188700869679451 0
1715616683797 0.18825682997703552 0
1715616684284 0.18781518936157227 0
1715616684775 0.18737594783306122 0
1715616685265 0.18693958222866058 0
1715616685751 0.18650518357753754 0
1715616686241 0.18607477843761444 0
1715616686756 0.18564489483833313 0
1715616687273 0.1852182149887085 0
1715616691911 0.18479347229003906 0
1715616692395 0.1843714714050293 0
1715616692895 0.18395082652568817 0
1715616693386 0.18353156745433807 0
1715616693892 0.18311607837677002 0
1715616694398 0.1827009916305542 0
1715616694880 0.18229049444198608 0
1715616695396 0.18187852203845978 0
1715616695891 0.18146994709968567 0
1715616696387 0.18106365203857422 0
1715616699879 0.1806572675704956 0
1715616700377 0.18025334179401398 0
1715616700880 0.17985205352306366 0
1715616701367 0.17945098876953125 0
1715616701859 0.17905278503894806 0
1715616702384 0.17865592241287231 0
1715616702920 0.17825977504253387 0
1715616703413 0.17786581814289093 0
1715616703911 0.17747294902801514 0
1715616704398 0.17708103358745575 0
1715616708589 0.17669159173965454 0
1715616709066 0.17630359530448914 0
1715616709544 0.17591579258441925 0
1715616710036 0.17552988231182098 0
1715616710532 0.1751457005739212 0
1715616711039 0.17476388812065125 0
1715616711543 0.17438258230686188 0
1715616712038 0.17400148510932922 0
1715616712530 0.173623189330101 0
1715616713024 0.17324554920196533 0
1715616717134 0.17286960780620575 0
1715616717662 0.17249511182308197 0
1715616718168 0.17212176322937012 0
1715616718672 0.17174915969371796 0
1715616719191 0.17137789726257324 0
1715616719688 0.17100849747657776 0
1715616720213 0.17063938081264496 0
1715616720682 0.17027172446250916 0
1715616721180 0.16990551352500916 0
1715616721691 0.1695406585931778 0
1715616726101 0.1691768914461136 0
1715616726607 0.16881278157234192 0
1715616727104 0.16845060884952545 0
1715616727616 0.1680893450975418 0
1715616728109 0.16772855818271637 0
1715616728593 0.16736888885498047 0
1715616729095 0.16700971126556396 0
1715616729583 0.1666523814201355 0
1715616730074 0.16629557311534882 0
1715616730568 0.16593903303146362 0
1715616734446 0.16558335721492767 0
1715616734925 0.16522864997386932 0
1715616735418 0.16487424075603485 0
1715616735923 0.1645199954509735 0
1715616736438 0.16416703164577484 0
1715616736946 0.16381442546844482 0
1715616737428 0.16346187889575958 0
1715616737937 0.1631096750497818 0
1715616738426 0.162758007645607 0
1715616738921 0.1624065637588501 0
1715616744140 0.16205626726150513 0
1715616744676 0.1617044061422348 0
1715616745195 0.16135354340076447 0
1715616745685 0.16100285947322845 0
1715616746167 0.1606532335281372 0
1715616746684 0.16030354797840118 0
1715616747215 0.15995445847511292 0
1715616747723 0.15960653126239777 0
1715616748224 0.15925829112529755 0
1715616748719 0.15891219675540924 0
1715616753147 0.15856711566448212 0
1715616753623 0.15822188556194305 0
1715616754109 0.15787744522094727 0
1715616754601 0.15753453969955444 0
1715616755092 0.15719109773635864 0
1715616755591 0.15684987604618073 0
1715616756080 0.15650783479213715 0
1715616756557 0.15616704523563385 0
1715616757052 0.1558270901441574 0
1715616757543 0.1554877758026123 0
1715616761127 0.15514878928661346 0
1715616761602 0.15481118857860565 0
1715616762089 0.154473215341568 0
1715616762582 0.15413673222064972 0
1715616763065 0.1538010537624359 0
1715616763550 0.15346606075763702 0
1715616764048 0.15313202142715454 0
1715616764531 0.15279711782932281 0
1715616765019 0.15246543288230896 0
1715616765504 0.1521325260400772 0
1715616768302 0.15180107951164246 0
1715616768764 0.15147055685520172 0
1715616769245 0.1511409729719162 0
1715616769726 0.15080994367599487 0
1715616770214 0.15048250555992126 0
1715616770692 0.15015442669391632 0
1715616771187 0.14982835948467255 0
1715616771670 0.14950105547904968 0
1715616772154 0.14917594194412231 0
1715616772637 0.14885100722312927 0
1715616776201 0.14852745831012726 0
1715616776682 0.14820432662963867 0
1715616777174 0.1478816121816635 0
1715616777669 0.14756038784980774 0
1715616778156 0.14724011719226837 0
1715616778652 0.14692015945911407 0
1715616779132 0.14660140872001648 0
1715616779605 0.14628289639949799 0
1715616780087 0.1459655463695526 0
1715616780563 0.1456490308046341 0
1715616783737 0.1453339010477066 0
1715616784198 0.14501847326755524 0
1715616784684 0.1447041928768158 0
1715616785167 0.14439067244529724 0
1715616785660 0.14407841861248016 0
1715616786135 0.14376556873321533 0
1715616786624 0.1434551626443863 0
1715616787108 0.14314456284046173 0
1715616787592 0.14283522963523865 0
1715616788073 0.14252613484859467 0
1715616791140 0.14221706986427307 0
1715616791598 0.14190985262393951 0
1715616792097 0.14160244166851044 0
1715616792591 0.1412968635559082 0
1715616793075 0.14099042117595673 0
1715616793565 0.14068585634231567 0
1715616794047 0.1403818279504776 0
1715616794547 0.1400776356458664 0
1715616795021 0.13977518677711487 0
1715616795483 0.13947096467018127 0
1715616799651 0.13916996121406555 0
1715616800151 0.13886776566505432 0
1715616800635 0.1385672688484192 0
1715616801146 0.13826704025268555 0
1715616801661 0.1379660815000534 0
1715616802195 0.13766643404960632 0
1715616802795 0.1373673379421234 0
1715616803351 0.13706882297992706 0
1715616803844 0.13677042722702026 0
1715616804360 0.13647280633449554 0
1715616808615 0.13617466390132904 0
1715616809087 0.13587769865989685 0
1715616809681 0.13558033108711243 0
1715616810282 0.13528414070606232 0
1715616810869 0.13498830795288086 0
1715616811429 0.13469244539737701 0
1715616811963 0.13439734280109406 0
1715616812497 0.1341032087802887 0
1715616813030 0.1338079571723938 0
1715616813565 0.13351361453533173 0
1715616818925 0.13322113454341888 0
1715616819440 0.1329272836446762 0
1715616819956 0.13263286650180817 0
1715616820492 0.13234010338783264 0
1715616821012 0.13204659521579742 0
1715616821510 0.13175316154956818 0
1715616822016 0.13145886361598969 0
1715616822593 0.13116589188575745 0
1715616823112 0.13087144494056702 0
1715616823697 0.130575492978096 0
1715616829098 0.13027891516685486 0
1715616829606 0.1299821138381958 0
1715616830118 0.12968361377716064 0
1715616830605 0.129383385181427 0
1715616831142 0.12908266484737396 0
1715616831640 0.1287793070077896 0
1715616832149 0.12847457826137543 0
1715616832664 0.12816911935806274 0
1715616833158 0.12786267697811127 0
1715616833641 0.1275549679994583 0
1715616838319 0.1272478848695755 0
1715616838820 0.1269414722919464 0
1715616839315 0.12663502991199493 0
1715616839806 0.12632989883422852 0
1715616840356 0.12602612376213074 0
1715616840843 0.1257229447364807 0
1715616841366 0.1254228949546814 0
1715616841871 0.12512286007404327 0
1715616842355 0.12482541054487228 0
1715616842846 0.12452924251556396 0
1715616846803 0.12423446029424667 0
1715616847296 0.12394128739833832 0
1715616847797 0.1236497089266777 0
1715616848286 0.12336037307977676 0
1715616848785 0.12307220697402954 0
1715616849277 0.1227855235338211 0
1715616849775 0.12249953299760818 0
1715616850270 0.12221605330705643 0
1715616850763 0.12193376570940018 0
1715616851261 0.12165316194295883 0
1715616854897 0.12137332558631897 0
1715616855418 0.12109503149986267 0
1715616855923 0.12081871181726456 0
1715616856413 0.12054403126239777 0
1715616856918 0.12027011066675186 0
1715616857404 0.11999980360269547 0
1715616857906 0.11972930282354355 0
1715616858396 0.1194600909948349 0
1715616858901 0.11919297277927399 0
1715616859391 0.11892730742692947 0
1715616862315 0.11866358667612076 0
1715616862847 0.11840023845434189 0
1715616863411 0.11813909560441971 0
1715616863933 0.11788047105073929 0
1715616864434 0.11762255430221558 0
1715616864937 0.11736581474542618 0
1715616865438 0.11711087822914124 0
1715616865930 0.11685679852962494 0
1715616866433 0.11660578101873398 0
1715616866926 0.11635495722293854 0
1715616873552 0.11610683798789978 0
1715616874033 0.1158597469329834 0
1715616874545 0.11561356484889984 0
1715616875051 0.1153704896569252 0
1715616875537 0.11512751877307892 0
1715616876024 0.11488588899374008 0
1715616876534 0.1146470159292221 0
1715616877039 0.11440940946340561 0
1715616877571 0.11417258530855179 0
1715616878069 0.11393759399652481 0
1715616881850 0.11370378732681274 0
1715616882340 0.11347227543592453 0
1715616882845 0.1132420152425766 0
1715616883348 0.11301242560148239 0
1715616883831 0.11278578639030457 0
1715616884312 0.11255869269371033 0
1715616884789 0.1123344749212265 0
1715616885267 0.1121111810207367 0
1715616885756 0.11188933253288269 0
1715616886240 0.11166900396347046 0
1715616889252 0.11144955456256866 0
1715616889724 0.1112327128648758 0
1715616890237 0.1110159233212471 0
1715616890734 0.11080154776573181 0
1715616891230 0.11058809608221054 0
1715616891731 0.11037566512823105 0
1715616892256 0.11016499996185303 0
1715616892760 0.10995552688837051 0
1715616893287 0.10974729061126709 0
1715616893773 0.1095401793718338 0
1715616898150 0.10933434963226318 0
1715616898661 0.1091296449303627 0
1715616899134 0.1089271530508995 0
1715616899624 0.10872461646795273 0
1715616900120 0.10852381587028503 0
1715616900593 0.10832429677248001 0
1715616901071 0.10812626034021378 0
1715616901554 0.10792861133813858 0
1715616902053 0.10773250460624695 0
1715616902561 0.1075376495718956 0
1715616907111 0.10734398663043976 0
1715616907577 0.10715162754058838 0
1715616908071 0.1069619432091713 0
1715616908549 0.10677575320005417 0
1715616909033 0.10659074038267136 0
1715616909521 0.10642316192388535 0
1715616910011 0.10624014586210251 0
1715616910496 0.10611401498317719 0
1715616911002 0.10587447881698608 0
1715616911516 0.10567070543766022 0
1715616916429 0.10548248142004013 0
1715616916927 0.10531657934188843 0
1715616917473 0.10522618144750595 0
1715616918009 0.10501005500555038 0
1715616918540 0.10492230951786041 0
1715616919056 0.10460935533046722 0
1715616919589 0.10463005304336548 0
1715616920079 0.10563915222883224 0
1715616920593 0.10447026789188385 0
1715616921079 0.10522577911615372 0
1715616925742 0.10929558426141739 0
1715616926236 0.10614393651485443 0
1715616926744 0.11028783768415451 0
1715616927239 0.13331827521324158 0
1715616927750 0.45358824729919434 0
1715616928242 0.19626347720623016 0
1715616928733 0.6722160577774048 0
1715616929223 0.520148754119873 0
1715616929707 0.3774429261684418 0
1715616930195 0.4799230992794037 0
1715616933087 0.6521098017692566 0
1715616933551 0.7875410914421082 0
1715616934032 0.5796822309494019 0
1715616934517 0.5410135984420776 0
1715616934996 0.45473065972328186 0
1715616935481 0.49227991700172424 0
1715616935982 0.389453649520874 0
1715616936459 0.3395542502403259 0
1715616936945 0.37073466181755066 0
1715616937419 0.30290621519088745 0
1715616942021 0.3044649362564087 0
1715616942486 0.3816651701927185 0
1715616942971 0.34418559074401855 0
1715616943450 0.32866746187210083 0
1715616943930 0.253850519657135 0
1715616944402 0.25003352761268616 0
1715616944908 0.23195239901542664 0
1715616945391 0.2936241030693054 0
1715616945871 0.2839071750640869 0
1715616946348 0.2611474096775055 0
1715616949325 0.23917259275913239 0
1715616949799 0.21585482358932495 0
1715616950277 0.2064337134361267 0
1715616950756 0.19677738845348358 0
1715616951249 0.19368474185466766 0
1715616951720 0.18927209079265594 0
1715616952180 0.17862626910209656 0
1715616952686 0.17129765450954437 0
1715616953237 0.16858582198619843 0
1715616953724 0.16711434721946716 0
1715616956657 0.16108042001724243 0
1715616957113 0.1544775515794754 0
1715616957600 0.15014563500881195 0
1715616958086 0.14646044373512268 0
1715616958566 0.14275090396404266 0
1715616959035 0.13969191908836365 0
1715616959518 0.13697972893714905 0
1715616960004 0.1350214183330536 0
1715616960506 0.1323961317539215 0
1715616960981 0.12951776385307312 0
1715616964683 0.12695473432540894 0
1715616965241 0.1251792460680008 0
1715616965760 0.12370477616786957 0
1715616966273 0.12207911163568497 0
1715616966762 0.120735302567482 0
1715616967255 0.11913199722766876 0
1715616967797 0.11731564998626709 0
1715616968347 0.11589471995830536 0
1715616968890 0.1148209273815155 0
1715616969525 0.11373995244503021 0
1715616974608 0.11267063021659851 0
1715616975122 0.11174525320529938 0
1715616975626 0.11091095209121704 0
1715616976133 0.11012447625398636 0
1715616976622 0.10937918722629547 0
1715616977109 0.10872656852006912 0
1715616977611 0.10806480795145035 0
1715616978109 0.10721388459205627 0
1715616978602 0.10651231557130814 0
1715616979122 0.10612510144710541 0
1715616983873 0.10570752620697021 0
1715616984355 0.10515718162059784 0
1715616984839 0.10464360564947128 0
1715616985340 0.10412010550498962 0
1715616985817 0.10363779962062836 0
1715616986302 0.10320369154214859 0
1715616986771 0.10280068218708038 0
1715616987262 0.1024097204208374 0
1715616987744 0.10197286307811737 0
1715616988216 0.10159923136234283 0
1715616992309 0.10128229856491089 0
1715616992803 0.1009606271982193 0
1715616993299 0.10066019743680954 0
1715616993782 0.10035466402769089 0
1715616994264 0.10004045814275742 0
1715616994749 0.09973299503326416 0
1715616995228 0.09943582117557526 0
1715616995695 0.09916583448648453 0
1715616996255 0.09889156371355057 0
1715616996804 0.09863128513097763 0
1715617001078 0.09839457273483276 0
1715617001605 0.09815608710050583 0
1715617002083 0.09792866557836533 0
1715617002570 0.09771080315113068 0
1715617003086 0.09749089181423187 0
1715617003692 0.0972696840763092 0
1715617004203 0.0970592051744461 0
1715617004727 0.0968528538942337 0
1715617005254 0.09664420783519745 0
1715617005754 0.09644490480422974 0
1715617010473 0.09625454246997833 0
1715617010997 0.09606653451919556 0
1715617011509 0.09587430208921432 0
1715617012019 0.0956895723938942 0
1715617012534 0.09551533311605453 0
1715617013025 0.09533926844596863 0
1715617013500 0.0951656922698021 0
1715617013978 0.09499374032020569 0
1715617014463 0.09482518583536148 0
1715617014931 0.09466022998094559 0
1715617019695 0.09449728578329086 0
1715617020245 0.09433726221323013 0
1715617020766 0.09417814016342163 0
1715617021283 0.09402157366275787 0
1715617021804 0.0938694104552269 0
1715617022294 0.0937185063958168 0
1715617022807 0.09356767684221268 0
1715617027946 0.09341931343078613 0
1715617028523 0.09327244758605957 0
1715617029070 0.09312807023525238 0
1715617033965 0.09298473596572876 0
1715617034466 0.09284254163503647 0
1715617034971 0.09270229935646057 0
1715617035477 0.09256386756896973 0
1715617035971 0.09242658317089081 0
1715617036462 0.09229028224945068 0
1715617036956 0.0921545922756195 0
1715617037458 0.09202075749635696 0
1715617037937 0.09188813716173172 0
1715617038418 0.09175604581832886 0
1715617041390 0.09162569791078568 0
1715617041881 0.0914960727095604 0
1715617042377 0.09136717766523361 0
1715617042864 0.09123972058296204 0
1715617043363 0.09111309051513672 0
1715617043840 0.09098778665065765 0
1715617044317 0.09086264669895172 0
1715617044800 0.09073939919471741 0
1715617045275 0.09061644226312637 0
1715617045747 0.09049450606107712 0
1715617048695 0.0903734639286995 0
1715617049154 0.0902533158659935 0
1715617049642 0.09013450145721436 0
1715617050126 0.09001684933900833 0
1715617050624 0.08989925682544708 0
1715617051105 0.0897829458117485 0
1715617051583 0.08966802805662155 0
1715617052064 0.08955232799053192 0
1715617052552 0.08943833410739899 0
1715617053028 0.08932614326477051 0
1715617056001 0.0892130509018898 0
1715617056466 0.08910153061151505 0
1715617056953 0.08899124711751938 0
1715617057439 0.08888157457113266 0
1715617057924 0.08877160400152206 0
1715617058427 0.08866393566131592 0
1715617058921 0.08855630457401276 0
1715617059412 0.08844907581806183 0
1715617059901 0.08834284543991089 0
1715617060376 0.08823765814304352 0
1715617064028 0.08813276141881943 0
1715617064516 0.08802828192710876 0
1715617065016 0.08792451024055481 0
1715617065494 0.08782175183296204 0
1715617065985 0.08771900087594986 0
1715617066464 0.08761721104383469 0
1715617066946 0.0875164046883583 0
1715617067428 0.08741515129804611 0
1715617067902 0.08731550723314285 0
1715617068380 0.08721582591533661 0
1715617072328 0.08711685985326767 0
1715617072807 0.08701818436384201 0
1715617073350 0.08692075312137604 0
1715617073846 0.08682290464639664 0
1715617074325 0.0867256373167038 0
1715617074820 0.0866294652223587 0
1715617075310 0.08653385192155838 0
1715617075806 0.08643799275159836 0
1715617076293 0.08634361624717712 0
1715617076771 0.08624928444623947 0
1715617080699 0.08615528792142868 0
1715617081170 0.0860617458820343 0
1715617081667 0.08596859872341156 0
1715617082163 0.08587602525949478 0
1715617082641 0.08578387647867203 0
1715617083120 0.08569193631410599 0
1715617083603 0.08560094237327576 0
1715617084083 0.0855097621679306 0
1715617084570 0.08541947603225708 0
1715617085071 0.08532951772212982 0
1715617088142 0.08523908257484436 0
1715617088613 0.08515028655529022 0
1715617089098 0.08506119251251221 0
1715617089570 0.0849725604057312 0
1715617090062 0.08488497138023376 0
1715617090548 0.08479724079370499 0
1715617091033 0.08470902591943741 0
1715617091516 0.08462202548980713 0
1715617092001 0.08453559875488281 0
1715617092488 0.0844486877322197 0
1715617095449 0.08436213433742523 0
1715617095922 0.08427727967500687 0
1715617096408 0.08419182896614075 0
1715617096899 0.08410600572824478 0
1715617097390 0.08402210474014282 0
1715617097899 0.08393733948469162 0
1715617098374 0.08385341614484787 0
1715617098854 0.08376917243003845 0
1715617099326 0.0836857259273529 0
1715617099808 0.08360298722982407 0
1715617103586 0.08351968228816986 0
1715617104080 0.08343718945980072 0
1715617104592 0.08335491269826889 0
1715617105112 0.08327342569828033 0
1715617105623 0.0831909105181694 0
1715617106119 0.08310948312282562 0
1715617106614 0.08302808552980423 0
1715617107127 0.08294717967510223 0
1715617107649 0.08286606520414352 0
1715617108175 0.08278623223304749 0
1715617113685 0.08270595967769623 0
1715617114197 0.08262602984905243 0
1715617114717 0.08254580199718475 0
1715617115210 0.08246655017137527 0
1715617115691 0.08238767087459564 0
1715617116181 0.08230911195278168 0
1715617116667 0.08222944289445877 0
1715617117157 0.08215078711509705 0
1715617117649 0.08207263052463531 0
1715617118133 0.08199434727430344 0
1715617122353 0.08191628009080887 0
1715617122826 0.08183873444795609 0
1715617123314 0.08176105469465256 0
1715617123802 0.08168324083089828 0
1715617124297 0.08160640299320221 0
1715617124802 0.08152934908866882 0
1715617125298 0.08145186305046082 0
1715617125797 0.08137522637844086 0
1715617126339 0.08129806816577911 0
1715617126910 0.08122112601995468 0
1715617132991 0.08114473521709442 0
1715617133482 0.08106847107410431 0
1715617133981 0.08099212497472763 0
1715617134464 0.08091489970684052 0
1715617134969 0.08083894103765488 0
1715617135452 0.08076279610395432 0
1715617135943 0.08068623393774033 0
1715617136432 0.08061041682958603 0
1715617137001 0.08053424209356308 0
1715617137636 0.0804593414068222 0
1715617144101 0.08038356155157089 0
1715617144618 0.08030921220779419 0
1715617145193 0.08023387938737869 0
1715617145710 0.08015946298837662 0
1715617146210 0.0800853744149208 0
1715617146704 0.080010786652565 0
1715617147191 0.0799371749162674 0
1715617147677 0.07986346632242203 0
1715617148173 0.07979030907154083 0
1715617148674 0.07971701771020889 0
1715617153428 0.07964358478784561 0
1715617153899 0.07957150787115097 0
1715617154385 0.07949897646903992 0
1715617154876 0.07942616939544678 0
1715617155355 0.07935404777526855 0
1715617155841 0.07928188890218735 0
1715617156339 0.07920979708433151 0
1715617156826 0.07913834601640701 0
1715617157305 0.07906679064035416 0
1715617157783 0.07899510860443115 0
1715617161375 0.07892350852489471 0
1715617161848 0.07885287702083588 0
1715617162338 0.07878178358078003 0
1715617162834 0.07871067523956299 0
1715617163328 0.07864028960466385 0
1715617163819 0.07857014983892441 0
1715617164319 0.07849971204996109 0
1715617164810 0.0784294605255127 0
1715617165316 0.07835955172777176 0
1715617165794 0.07828972488641739 0
1715617169852 0.07821908593177795 0
1715617170455 0.07814968377351761 0
1715617170990 0.0780811682343483 0
1715617171498 0.0780114009976387 0
1715617172012 0.07794199138879776 0
1715617172515 0.07787317037582397 0
1715617173022 0.07780448347330093 0
1715617173510 0.0777355432510376 0
1715617173999 0.07766684144735336 0
1715617174508 0.0775984451174736 0
1715617178889 0.07752994447946548 0
1715617179401 0.07746164500713348 0
1715617179950 0.07739350944757462 0
1715617180443 0.07732615619897842 0
1715617180945 0.07725823670625687 0
1715617181440 0.07719020545482635 0
1715617181955 0.07712257653474808 0
1715617182445 0.07705534994602203 0
1715617182941 0.07698741555213928 0
1715617183439 0.07692080736160278 0
1715617187654 0.07685424387454987 0
1715617188128 0.07678673416376114 0
1715617188599 0.07671990245580673 0
1715617189073 0.07665321230888367 0
1715617189554 0.07658691704273224 0
1715617190043 0.07652000337839127 0
1715617190523 0.07645369321107864 0
1715617191018 0.07638762891292572 0
1715617191494 0.07632125169038773 0
1715617191974 0.07625522464513779 0
1715617195085 0.0761890560388565 0
1715617195567 0.07612328231334686 0
1715617196050 0.07605763524770737 0
1715617196547 0.07599161565303802 0
1715617197028 0.07592612504959106 0
1715617197517 0.07586084306240082 0
1715617198004 0.07579568773508072 0
1715617198489 0.07573015242815018 0
1715617198981 0.07566482573747635 0
1715617199473 0.07559967041015625 0
1715617203813 0.07553455978631973 0
1715617204293 0.07546970248222351 0
1715617204770 0.07540494203567505 0
1715617205251 0.07533996552228928 0
1715617205734 0.07527466863393784 0
1715617206220 0.07520955801010132 0
1715617206698 0.0751451924443245 0
1715617207181 0.075080506503582 0
1715617207661 0.0750151127576828 0
1715617208206 0.07494965195655823 0
1715617212623 0.07488476485013962 0
1715617213125 0.07481957972049713 0
1715617213625 0.07475388795137405 0
1715617214114 0.07468801736831665 0
1715617214615 0.0746222510933876 0
1715617215112 0.07455606758594513 0
1715617215628 0.07448983192443848 0
1715617216119 0.07442396134138107 0
1715617216628 0.07435794174671173 0
1715617217125 0.07429260015487671 0
1715617225393 0.0742262527346611 0
1715617225882 0.07416102290153503 0
1715617226363 0.07409512996673584 0
1715617226854 0.07403045892715454 0
1715617227344 0.07396497577428818 0
1715617227855 0.07390015572309494 0
1715617228335 0.07383512705564499 0
1715617228849 0.07377085089683533 0
1715617229369 0.07370642572641373 0
1715617229869 0.07364186644554138 0
1715617234331 0.07357736676931381 0
1715617234820 0.07351319491863251 0
1715617235350 0.07344820350408554 0
1715617235839 0.07338486611843109 0
1715617236372 0.07332021743059158 0
1715617236862 0.07325610518455505 0
1715617237398 0.07319201529026031 0
1715617237901 0.07312898337841034 0
1715617238401 0.07306515425443649 0
1715617238899 0.07300107926130295 0
1715617243368 0.07293792814016342 0
1715617243884 0.07287465035915375 0
1715617244418 0.07281066477298737 0
1715617244918 0.07274753600358963 0
1715617245448 0.07268448173999786 0
1715617245941 0.07262121886014938 0
1715617246446 0.07255825400352478 0
1715617246944 0.07249505817890167 0
1715617247430 0.07243218272924423 0
1715617247957 0.07236935198307037 0
1715617252579 0.07230623811483383 0
1715617253044 0.07224413752555847 0
1715617253530 0.07218153029680252 0
1715617254021 0.07211871445178986 0
1715617254508 0.07205658406019211 0
1715617254987 0.0719946026802063 0
1715617255469 0.07193192094564438 0
1715617255959 0.07186996191740036 0
1715617256440 0.07180783897638321 0
1715617256924 0.07174614816904068 0
1715617260628 0.07168414443731308 0
1715617261120 0.07162180542945862 0
1715617261622 0.0715603455901146 0
1715617262109 0.07149883359670639 0
1715617262608 0.07143724709749222 0
1715617263097 0.07137607038021088 0
1715617263592 0.07131492346525192 0
1715617264079 0.07125377655029297 0
1715617264577 0.07119259238243103 0
1715617265081 0.07113106548786163 0
1715617268140 0.07107026875019073 0
1715617268614 0.07100944221019745 0
1715617269099 0.07094887644052505 0
1715617269593 0.07088838517665863 0
1715617270113 0.07082776725292206 0
1715617270617 0.07076746225357056 0
1715617271120 0.0707070380449295 0
1715617271620 0.07064633071422577 0
1715617272106 0.07058635354042053 0
1715617272591 0.07052596658468246 0
1715617276715 0.07046623528003693 0
1715617277193 0.07040634751319885 0
1715617277690 0.07034638524055481 0
1715617278188 0.07028691470623016 0
1715617278683 0.07022764533758163 0
1715617279177 0.07016762346029282 0
1715617279673 0.07010796666145325 0
1715617280165 0.07004886865615845 0
1715617280652 0.06998984515666962 0
1715617281147 0.06993059068918228 0
1715617284882 0.06987101584672928 0
1715617285373 0.06981226801872253 0
1715617285867 0.06975319981575012 0
1715617286383 0.06969445198774338 0
1715617286924 0.06963571906089783 0
1715617287457 0.06957691162824631 0
1715617287954 0.06951822340488434 0
1715617288456 0.06945974379777908 0
1715617288960 0.06940100342035294 0
1715617289487 0.06934299319982529 0
1715617293145 0.0692843496799469 0
1715617293644 0.06922662258148193 0
1715617294142 0.06916826963424683 0
1715617294628 0.06911013275384903 0
1715617295158 0.06905200332403183 0
1715617295675 0.06899476051330566 0
1715617296215 0.06893634796142578 0
1715617296765 0.06887880712747574 0
1715617297262 0.06882068514823914 0
1715617297768 0.06876365095376968 0
1715617301975 0.06870590150356293 0
1715617302440 0.06864875555038452 0
1715617302922 0.06859138607978821 0
1715617303421 0.06853397935628891 0
1715617303912 0.06847633421421051 0
1715617304394 0.06841885298490524 0
1715617304874 0.068362295627594 0
1715617305356 0.06830534338951111 0
1715617305838 0.06824827939271927 0
1715617306326 0.06819131225347519 0
1715617309361 0.0681350901722908 0
1715617309830 0.06807806342840195 0
1715617310319 0.06802123785018921 0
1715617310797 0.06796438992023468 0
1715617311283 0.06790798157453537 0
1715617311777 0.06785178184509277 0
1715617312262 0.06779494881629944 0
1715617312749 0.06773926317691803 0
1715617313240 0.06768335402011871 0
1715617313720 0.06762635707855225 0
1715617317442 0.06757067143917084 0
1715617317910 0.0675150603055954 0
1715617318383 0.06745918840169907 0
1715617318949 0.06740310788154602 0
1715617319552 0.06734729558229446 0
1715617320103 0.06729181855916977 0
1715617320627 0.0672362893819809 0
1715617321132 0.06718071550130844 0
1715617321654 0.06712538748979568 0
1715617322182 0.06706950068473816 0
1715617326410 0.06701475381851196 0
1715617326886 0.06695909798145294 0
1715617327383 0.06690365076065063 0
1715617327870 0.06684894859790802 0
1715617328376 0.0667935311794281 0
1715617328873 0.06673891097307205 0
1715617329372 0.06668397784233093 0
1715617329867 0.06662900000810623 0
1715617330354 0.06657490134239197 0
1715617330844 0.0665198490023613 0
1715617334861 0.06646500527858734 0
1715617335353 0.06641045957803726 0
1715617335843 0.0663561001420021 0
1715617336350 0.06630165874958038 0
1715617336838 0.06624776870012283 0
1715617337322 0.06619288772344589 0
1715617337813 0.06613901257514954 0
1715617338330 0.0660843774676323 0
1715617338836 0.06603112816810608 0
1715617339350 0.06597694754600525 0
1715617342966 0.0659228041768074 0
1715617343442 0.06586919724941254 0
1715617343937 0.0658155307173729 0
1715617344426 0.0657617598772049 0
1715617344935 0.06570775806903839 0
1715617345422 0.0656546950340271 0
1715617345903 0.06560119986534119 0
1715617346393 0.06554801017045975 0
1715617346880 0.06549399346113205 0
1715617347375 0.0654415711760521 0
1715617350410 0.06538781523704529 0
1715617350908 0.06533496081829071 0
1715617351390 0.06528149545192719 0
1715617351935 0.06522804498672485 0
1715617352469 0.06517559289932251 0
1715617353000 0.0651225596666336 0
1715617353567 0.06506969034671783 0
1715617354117 0.06501729786396027 0
1715617354665 0.06496407091617584 0
1715617355247 0.06491199135780334 0
1715617360723 0.06485921889543533 0
1715617361292 0.06480620801448822 0
1715617361854 0.06475421786308289 0
1715617362462 0.06470165401697159 0
1715617363039 0.06464950740337372 0
1715617363754 0.06459681689739227 0
1715617364328 0.06454446166753769 0
1715617364845 0.06449238210916519 0
1715617365393 0.06444071233272552 0
1715617365981 0.06438852101564407 0
1715617371326 0.06433664262294769 0
1715617371823 0.06428461521863937 0
1715617372371 0.06423256546258926 0
1715617372878 0.06418074667453766 0
1715617373390 0.06412927806377411 0
1715617373885 0.06407730281352997 0
1715617374413 0.06402546167373657 0
1715617374927 0.06397403031587601 0
1715617375457 0.06392248719930649 0
1715617375966 0.06387099623680115 0
1715617380291 0.0638192892074585 0
1715617380795 0.06376799196004868 0
1715617381343 0.06371680647134781 0
1715617381856 0.06366540491580963 0
1715617382343 0.06361424177885056 0
1715617382841 0.06356319040060043 0
1715617383348 0.06351123005151749 0
1715617383867 0.06346090883016586 0
1715617384398 0.06340912729501724 0
1715617384924 0.06335850059986115 0
1715617389618 0.063307985663414 0
1715617390095 0.06325682252645493 0
1715617390596 0.06320589780807495 0
1715617391070 0.0631554126739502 0
1715617391564 0.06310476362705231 0
1715617392046 0.06305325776338577 0
1715617392543 0.06300360709428787 0
1715617393034 0.06295301765203476 0
1715617393547 0.06290226429700851 0
1715617394062 0.06285160034894943 0
1715617397391 0.06280092149972916 0
1715617397864 0.06275079399347305 0
1715617398347 0.06270051002502441 0
1715617398835 0.06265014410018921 0
1715617399336 0.06260000914335251 0
1715617399860 0.06255003064870834 0
1715617400395 0.06249982491135597 0
1715617400928 0.0624498687684536 0
1715617401481 0.06239966303110123 0
1715617402022 0.06234990805387497 0
1715617405210 0.062299806624650955 0
1715617405674 0.06225019320845604 0
1715617406149 0.062200356274843216 0
1715617406653 0.06215130165219307 0
1715617407188 0.062101174145936966 0
1715617407706 0.062051981687545776 0
1715617408230 0.06200249493122101 0
1715617408765 0.06195336580276489 0
1715617409320 0.06190352886915207 0
1715617409877 0.06185438483953476 0
1715617413862 0.06180528178811073 0
1715617414346 0.06175610423088074 0
1715617414817 0.061706800013780594 0
1715617415291 0.06165791302919388 0
1715617415802 0.06160883232951164 0
1715617416320 0.061560485512018204 0
1715617416838 0.06151153892278671 0
1715617417363 0.06146295368671417 0
1715617417898 0.06141440570354462 0
1715617418448 0.06136556342244148 0
1715617422928 0.061316877603530884 0
1715617423410 0.06126882880926132 0
1715617423892 0.061220478266477585 0
1715617424373 0.06117238849401474 0
1715617424873 0.061123933643102646 0
1715617425372 0.06107581779360771 0
1715617425912 0.06102796271443367 0
1715617426433 0.06098037213087082 0
1715617426964 0.06093200668692589 0
1715617427488 0.06088463217020035 0
1715617430866 0.06083671376109123 0
1715617431344 0.06078868359327316 0
1715617431832 0.06074215844273567 0
1715617432313 0.060694437474012375 0
1715617432809 0.06064699962735176 0
1715617433298 0.0605996809899807 0
1715617433808 0.06055229529738426 0
1715617434338 0.0605049692094326 0
1715617434885 0.06045789271593094 0
1715617435430 0.06041114404797554 0
1715617439451 0.0603642575442791 0
1715617439921 0.06031741946935654 0
1715617440417 0.06027054414153099 0
1715617440899 0.06022384762763977 0
1715617441382 0.060177139937877655 0
1715617441890 0.06013046205043793 0
1715617442419 0.060084231197834015 0
1715617442948 0.06003754958510399 0
1715617443496 0.05999130755662918 0
1715617444039 0.05994526296854019 0
1715617447680 0.05989880859851837 0
1715617448150 0.05985274538397789 0
1715617448638 0.05980692431330681 0
1715617449136 0.059760600328445435 0
1715617449621 0.05971543863415718 0
1715617450117 0.05966879799962044 0
1715617450622 0.05962284281849861 0
1715617451137 0.059577494859695435 0
1715617451649 0.05953120067715645 0
1715617452176 0.0594857819378376 0
1715617455396 0.05944055691361427 0
1715617455887 0.0593952052295208 0
1715617456372 0.05934983491897583 0
1715617456860 0.05930442735552788 0
1715617457357 0.05925905704498291 0
1715617457865 0.05921374633908272 0
1715617458391 0.05916892737150192 0
1715617458929 0.05912419408559799 0
1715617459463 0.05907981097698212 0
1715617460004 0.05903656780719757 0
1715617469612 0.058993592858314514 0
1715617470084 0.058955639600753784 0
1715617470560 0.058914560824632645 0
1715617471040 0.058897264301776886 0
1715617471538 0.05885395035147667 0
1715617472026 0.0589047372341156 0
1715617472528 0.058823876082897186 0
1715617473000 0.05902381241321564 0
1715617473507 0.058831460773944855 0
1715617473995 0.059177711606025696 0
1715617476969 0.05868063494563103 0
1715617477460 0.058605846017599106 0
1715617477951 0.05888460949063301 0
1715617478439 0.05855092406272888 0
1715617478928 0.058808933943510056 0
1715617479449 0.06186782568693161 0
1715617479936 0.060624897480010986 0
1715617480416 0.06042344868183136 0
1715617480899 0.05994034931063652 0
1715617481385 0.060168053954839706 0
1715617485067 0.0596412755548954 0
1715617485539 0.059761058539152145 0
1715617486023 0.05945698171854019 0
1715617486499 0.0592377707362175 0
1715617486975 0.05899699032306671 0
1715617487435 0.059025123715400696 0
1715617487914 0.05881723389029503 0
1715617488401 0.0584549605846405 0
1715617488889 0.05871839076280594 0
1715617489358 0.05835533142089844 0
1715617492225 0.05821913480758667 0
1715617492709 0.05822613835334778 0
1715617493187 0.05807645618915558 0
1715617493664 0.0580076202750206 0
1715617494164 0.05794162675738335 0
1715617494639 0.05784601345658302 0
1715617495128 0.0577104389667511 0
1715617495635 0.05774347111582756 0
1715617496123 0.057539571076631546 0
1715617496630 0.05757513642311096 0
1715617501124 0.057496633380651474 0
1715617501607 0.057436708360910416 0
1715617502101 0.057355038821697235 0
1715617502584 0.05743734538555145 0
1715617503070 0.05721666291356087 0
1715617503554 0.0572357177734375 0
1715617504032 0.05729535594582558 0
1715617504515 0.05713741108775139 0
1715617505021 0.05714188143610954 0
1715617505485 0.057443875819444656 0
1715617510006 0.05710257962346077 0
1715617510471 0.0572010837495327 0
1715617510958 0.05772397667169571 0
1715617511445 0.05716712027788162 0
1715617511926 0.05759342014789581 0
1715617512419 0.058539897203445435 0
1715617512905 0.05742480233311653 0
1715617513384 0.05807895585894585 0
1715617513879 0.058757323771715164 0
1715617514359 0.05772050842642784 0
1715617518113 0.0578903965651989 0
1715617518588 0.06123265251517296 0
1715617519075 0.06153814494609833 0
1715617519571 0.05983586981892586 0
1715617520051 0.05786476656794548 0
1715617520534 0.059191782027482986 0
1715617521013 0.057855274528265 0
1715617521493 0.05834897980093956 0
1715617521972 0.05869695916771889 0
1715617522458 0.06145821884274483 0
1715617525372 0.058550767600536346 0
1715617525832 0.06122592091560364 0
1715617526315 0.07065939158201218 0
1715617526784 0.08667431771755219 0
1715617527269 0.09571488201618195 0
1715617527742 0.10972830653190613 0
1715617528222 0.12090295553207397 0
1715617528698 0.3288537859916687 0
1715617529179 0.5125269293785095 0
1715617529659 0.417367160320282 0
1715617533464 0.330955445766449 0
1715617533937 0.32226547598838806 0
1715617534414 0.5858753323554993 0
1715617534907 0.5340397357940674 0
1715617535390 0.43386638164520264 0
1715617535869 0.39558088779449463 0
1715617536361 0.34907445311546326 0
1715617536844 0.27333810925483704 0
1715617537323 0.2291823923587799 0
1715617537803 0.23079147934913635 0
1715617541687 0.22851984202861786 0
1715617542164 0.259472131729126 0
1715617542646 0.20225226879119873 0
1715617543124 0.19707441329956055 0
1715617543631 0.2014215737581253 0
1715617544115 0.18899190425872803 0
1715617544600 0.16851863265037537 0
1715617545098 0.16318094730377197 0
1715617545582 0.15834978222846985 0
1715617546068 0.15581759810447693 0
1715617548964 0.1468276083469391 0
1715617549468 0.13512906432151794 0
1715617549954 0.13698270916938782 0
1715617550442 0.13355959951877594 0
1715617550931 0.12082842737436295 0
1715617551409 0.12001906335353851 0
1715617551887 0.1155850812792778 0
1715617552368 0.11207569390535355 0
1715617552848 0.10511425137519836 0
1715617553333 0.10454554855823517 0
1715617557222 0.10016434639692307 0
1715617557728 0.09752663969993591 0
1715617558223 0.09592300653457642 0
1715617558743 0.0911451056599617 0
1715617559234 0.08852891623973846 0
1715617559713 0.08781663328409195 0
1715617560224 0.08538004010915756 0
1715617560710 0.08368323743343353 0
1715617561204 0.08246870338916779 0
1715617561701 0.0801781564950943 0
1715617566494 0.07869848608970642 0
1715617566977 0.07821604609489441 0
1715617567471 0.07665275782346725 0
1715617567975 0.07537584751844406 0
1715617568470 0.07470514625310898 0
1715617568961 0.07370316237211227 0
1715617569450 0.07289677858352661 0
1715617569933 0.07239215075969696 0
1715617570446 0.07136757671833038 0
1715617570937 0.07048176229000092 0
1715617574274 0.06998588144779205 0
1715617574757 0.06940023601055145 0
1715617575265 0.06870923936367035 0
1715617575765 0.06815511733293533 0
1715617576285 0.06764102727174759 0
1715617576775 0.06699131429195404 0
1715617577283 0.06641804426908493 0
1715617577783 0.06605871021747589 0
1715617578269 0.06569677591323853 0
1715617578760 0.06526413559913635 0
1715617583572 0.06487207859754562 0
1715617584048 0.06445924192667007 0
1715617584539 0.0640762597322464 0
1715617585038 0.0637783631682396 0
1715617585525 0.06343922764062881 0
1715617586010 0.06311148405075073 0
1715617586508 0.06283041089773178 0
1715617587000 0.06252450495958328 0
1715617587492 0.06223452091217041 0
1715617587987 0.06197698414325714 0
1715617591495 0.06172214820981026 0
1715617591980 0.06146704778075218 0
1715617592487 0.06122976168990135 0
1715617592975 0.06100637838244438 0
1715617593474 0.06079054996371269 0
1715617593961 0.06057767942547798 0
1715617594474 0.06035792827606201 0
1715617594964 0.06015539914369583 0
1715617595447 0.05997280776500702 0
1715617595932 0.059778887778520584 0
1715617599738 0.05959545448422432 0
1715617600333 0.05942210555076599 0
1715617600969 0.05924886837601662 0
1715617601616 0.05908782035112381 0
1715617602259 0.05892558395862579 0
1715617603033 0.05876757577061653 0
1715617603660 0.05861779302358627 0
1715617604224 0.05846782028675079 0
1715617604871 0.058324526995420456 0
1715617605522 0.0581885501742363 0
1715617611724 0.05805026739835739 0
1715617612293 0.05791234225034714 0
1715617612889 0.05778096616268158 0
1715617613400 0.057652827352285385 0
1715617613901 0.05752703547477722 0
1715617614406 0.05740409344434738 0
1715617614978 0.057280804961919785 0
1715617615571 0.0571613535284996 0
1715617616247 0.05704691261053085 0
1715617617120 0.05693371593952179 0
1715617623600 0.05682182312011719 0
1715617624107 0.056710805743932724 0
1715617624688 0.056602176278829575 0
1715617625207 0.05649509280920029 0
1715617625698 0.05639123171567917 0
1715617626216 0.05628925934433937 0
1715617626797 0.05618751049041748 0
1715617627479 0.05608781799674034 0
1715617628094 0.055989816784858704 0
1715617628728 0.05589241534471512 0
1715617634655 0.05579686537384987 0
1715617635147 0.055702999234199524 0
1715617635652 0.05560982599854469 0
1715617636169 0.055518217384815216 0
1715617636668 0.05542764067649841 0
1715617637165 0.055338118225336075 0
1715617637668 0.05524977669119835 0
1715617638169 0.055162329226732254 0
1715617638692 0.055075787007808685 0
1715617639208 0.054990481585264206 0
1715617643200 0.054905522614717484 0
1715617643764 0.05482175573706627 0
1715617644292 0.05473857372999191 0
1715617644777 0.05465603619813919 0
1715617645305 0.05457419902086258 0
1715617645830 0.05449299141764641 0
1715617646369 0.054412245750427246 0
1715617646938 0.05433217063546181 0
1715617647520 0.05425285920500755 0
1715617648121 0.05417372286319733 0
1715617652996 0.05409502238035202 0
1715617653618 0.05401713401079178 0
1715617654186 0.05393945053219795 0
1715617654769 0.05386223644018173 0
1715617655401 0.05378580838441849 0
1715617656013 0.053709305822849274 0
1715617656576 0.053633835166692734 0
1715617657193 0.05355827137827873 0
