1715616260214 1.9751839637756348 0
1715616260727 0.506281852722168 0
1715616261242 0.5091931819915771 0
1715616261786 0.5404109954833984 0
1715616262333 0.5384020805358887 0
1715616262862 0.5244569778442383 0
1715616263391 0.5223150253295898 0
1715616263891 0.4958200454711914 0
1715616264428 0.5299217700958252 0
1715616264912 0.474912166595459 0
1715616270159 1.246593713760376 0
1715616270664 0.5004661083221436 0
1715616271227 0.5537219047546387 0
1715616271850 0.619499921798706 0
1715616272477 0.6167519092559814 0
1715616272999 0.5183749198913574 0
1715616273514 0.5107440948486328 0
1715616274061 0.5398907661437988 0
1715616274563 0.4970433712005615 0
1715616275141 0.5699338912963867 0
1715616280204 1.1559638977050781 0
1715616280730 0.5106618404388428 0
1715616281285 0.546759843826294 0
1715616281789 0.49710583686828613 0
1715616282292 0.4911041259765625 0
1715616282783 0.4822859764099121 0
1715616283300 0.5053441524505615 0
1715616283794 0.49059295654296875 0
1715616284333 0.528663158416748 0
1715616284866 0.5275731086730957 0
1715616289443 1.2818989753723145 0
1715616289943 0.49712085723876953 0
1715616290455 0.5004689693450928 0
1715616290969 0.5024552345275879 0
1715616291475 0.49748730659484863 0
1715616291980 0.4881448745727539 0
1715616292471 0.4829721450805664 0
1715616292969 0.48093390464782715 0
1715616293464 0.4834928512573242 0
1715616293942 0.465986967086792 0
1715616298173 1.423649787902832 0
1715616298688 0.508817195892334 0
1715616299182 0.4837639331817627 0
1715616299693 0.48932600021362305 0
1715616300252 0.547853946685791 0
1715616300747 0.4847900867462158 0
1715616301245 0.4879631996154785 0
1715616301724 0.4715750217437744 0
1715616302203 0.4698522090911865 0
1715616302704 0.48961925506591797 0
1715616307123 1.4559030532836914 0
1715616307624 0.4967629909515381 0
1715616308120 0.4836561679840088 0
1715616308614 0.4844801425933838 0
1715616309106 0.4837067127227783 0
1715616309590 0.4744260311126709 0
1715616310103 0.4963099956512451 0
1715616310675 0.5559558868408203 0
1715616311176 0.49601197242736816 0
1715616311674 0.4865710735321045 0
1715616316208 1.363495111465454 0
1715616316685 0.4702639579772949 0
1715616317160 0.4632728099822998 0
1715616317644 0.4649660587310791 0
1715616318117 0.46114373207092285 0
1715616318630 0.5033471584320068 0
1715616319112 0.47706127166748047 0
1715616319594 0.47744202613830566 0
1715616320102 0.5036647319793701 0
1715616320609 0.49356985092163086 0
1715616325075 1.40962815284729 0
1715616325549 0.4707069396972656 0
1715616326041 0.4738757610321045 0
1715616326557 0.48356127738952637 0
1715616327081 0.5128428936004639 0
1715616327576 0.49039196968078613 0
1715616328081 0.4874398708343506 0
1715616328576 0.4860270023345947 0
1715616329086 0.500575065612793 0
1715616329582 0.4918389320373535 0
1715616333943 1.3667480945587158 0
1715616334437 0.4903688430786133 0
1715616334953 0.5081400871276855 0
1715616335456 0.4957542419433594 0
1715616335968 0.5079879760742188 0
1715616336462 0.48410701751708984 0
1715616336965 0.49494481086730957 0
1715616337457 0.48215198516845703 0
1715616337948 0.47754907608032227 0
1715616338434 0.4740769863128662 0
1715616342898 1.2387409210205078 0
1715616343384 0.4825420379638672 0
1715616343904 0.5010991096496582 0
1715616344391 0.48142409324645996 0
1715616344886 0.4842050075531006 0
1715616345392 0.49561381340026855 0
1715616345880 0.47931981086730957 0
1715616346385 0.49506402015686035 0
1715616346880 0.48279690742492676 0
1715616347364 0.47486424446105957 0
1715616351745 1.2064108848571777 0
1715616352224 0.47547388076782227 0
1715616352706 0.470933198928833 0
1715616353211 0.48914313316345215 0
1715616353697 0.4760892391204834 0
1715616354181 0.46773600578308105 0
1715616354665 0.4726898670196533 0
1715616355151 0.47344493865966797 0
1715616355630 0.47016191482543945 0
1715616356103 0.4670069217681885 0
1715616359054 0.637904167175293 0
1715616359568 0.498507022857666 0
1715616360074 0.49869275093078613 0
1715616360608 0.5281810760498047 0
1715616361117 0.48615288734436035 0
1715616361609 0.4776589870452881 0
1715616362123 0.505122184753418 0
1715616362634 0.5049278736114502 0
1715616363133 0.49401426315307617 0
1715616363613 0.4726521968841553 0
1715616368022 1.326383113861084 0
1715616368512 0.48450207710266113 0
1715616369002 0.47933197021484375 0
1715616369517 0.49228787422180176 0
1715616370008 0.4833338260650635 0
1715616370508 0.4909670352935791 0
1715616370999 0.47966694831848145 0
1715616371497 0.487149715423584 0
1715616371999 0.4933912754058838 0
1715616372525 0.5110840797424316 0
1715616377162 1.5660510063171387 0
1715616377668 0.5021669864654541 0
1715616378162 0.4872300624847412 0
1715616378669 0.5022211074829102 0
1715616379155 0.47483396530151367 0
1715616379650 0.4883449077606201 0
1715616380134 0.4812202453613281 0
1715616380669 0.5309629440307617 0
1715616381168 0.4902667999267578 0
1715616381660 0.485943078994751 0
1715616386951 1.339526891708374 0
1715616387508 0.5520551204681396 0
1715616388072 0.5582928657531738 0
1715616388651 0.5740091800689697 0
1715616389230 0.558521032333374 0
1715616389722 0.48557400703430176 0
1715616390315 0.5573649406433105 0
1715616390909 0.5811841487884521 0
1715616391522 0.5914402008056641 0
1715616392014 0.4867582321166992 0
1715616397029 1.2936530113220215 0
1715616397530 0.49700498580932617 0
1715616398031 0.4936988353729248 0
1715616398524 0.4900171756744385 0
1715616399078 0.5479841232299805 0
1715616399609 0.5118780136108398 0
1715616400185 0.5715010166168213 0
1715616400689 0.4843459129333496 0
1715616401212 0.5189998149871826 0
1715616401734 0.5145869255065918 0
1715616406880 1.2407629489898682 0
1715616407376 0.48545193672180176 0
1715616407870 0.48642516136169434 0
1715616408347 0.46881890296936035 0
1715616408851 0.49704813957214355 0
1715616409356 0.496326208114624 0
1715616409863 0.4976670742034912 0
1715616410367 0.4998631477355957 0
1715616410879 0.5014188289642334 0
1715616411375 0.4861900806427002 0
1715616415917 1.4973578453063965 0
1715616416410 0.47903990745544434 0
1715616416910 0.4864027500152588 0
1715616417425 0.5106370449066162 0
1715616417919 0.4816138744354248 0
1715616418414 0.4885110855102539 0
1715616418908 0.4782247543334961 0
1715616419409 0.4880828857421875 0
1715616419908 0.4880707263946533 0
1715616420402 0.4846501350402832 0
1715616424978 1.426537036895752 0
1715616425467 0.48378920555114746 0
1715616425975 0.49428606033325195 0
1715616426477 0.4854929447174072 0
1715616426971 0.4891932010650635 0
1715616427465 0.4873950481414795 0
1715616427963 0.4884209632873535 0
1715616428453 0.47888898849487305 0
1715616428951 0.4864828586578369 0
1715616429440 0.48008012771606445 0
1715616434130 1.4219751358032227 0
1715616434641 0.5052268505096436 0
1715616435133 0.4835069179534912 0
1715616435619 0.47792601585388184 0
1715616436107 0.47664499282836914 0
1715616436602 0.4848811626434326 0
1715616437097 0.4828159809112549 0
1715616437587 0.47884392738342285 0
1715616438082 0.4788029193878174 0
1715616438567 0.47655701637268066 0
1715616441476 0.6066830158233643 0
1715616441965 0.48453617095947266 0
1715616442440 0.46655821800231934 0
1715616442921 0.46758198738098145 0
1715616443394 0.46808910369873047 0
1715616443876 0.4720141887664795 0
1715616444370 0.4823579788208008 0
1715616444857 0.48113489151000977 0
1715616445396 0.5318508148193359 0
1715616445891 0.4850790500640869 0
1715616450612 1.3829009532928467 0
1715616451114 0.49889326095581055 0
1715616451612 0.4893629550933838 0
1715616452113 0.48956799507141113 0
1715616452600 0.47858190536499023 0
1715616453091 0.4793722629547119 0
1715616453590 0.48690271377563477 0
1715616454103 0.47748398780822754 0
1715616454592 0.4781162738800049 0
1715616455069 0.4690089225769043 0
1715616458385 0.6523950099945068 0
1715616458900 0.5115230083465576 0
1715616459403 0.4955482482910156 0
1715616460001 0.5893540382385254 0
1715616460670 0.6411471366882324 0
1715616461248 0.5730288028717041 0
1715616461766 0.5126941204071045 0
1715616462285 0.5122921466827393 0
1715616462775 0.48537302017211914 0
1715616463254 0.47159504890441895 0
1715616468195 1.1455729007720947 0
1715616468676 0.4778141975402832 0
1715616469157 0.47737789154052734 0
1715616469644 0.48123693466186523 0
1715616470120 0.4689829349517822 0
1715616470631 0.5034129619598389 0
1715616471154 0.5147290229797363 0
1715616471650 0.49172496795654297 0
1715616472211 0.5556459426879883 0
1715616472703 0.48759913444519043 0
1715616477347 1.3098762035369873 0
1715616477859 0.4916048049926758 0
1715616478359 0.49305009841918945 0
1715616478869 0.502377986907959 0
1715616479420 0.5477659702301025 0
1715616479949 0.5237162113189697 0
1715616480462 0.5070438385009766 0
1715616480974 0.5071260929107666 0
1715616481499 0.5186669826507568 0
1715616482017 0.5121800899505615 0
1715616487593 1.2617878913879395 0
1715616488094 0.49506115913391113 0
1715616488589 0.48974013328552246 0
1715616489112 0.5180621147155762 0
1715616489643 0.5260601043701172 0
1715616490147 0.4970419406890869 0
1715616490629 0.4768702983856201 0
1715616491096 0.4606783390045166 0
1715616491586 0.4872701168060303 0
1715616492068 0.47609400749206543 0
1715616496428 1.3397479057312012 0
1715616496919 0.4871039390563965 0
1715616497465 0.5408778190612793 0
1715616498007 0.5375590324401855 0
1715616498529 0.5189101696014404 0
1715616499024 0.4840989112854004 0
1715616499513 0.47707581520080566 0
1715616500001 0.47963905334472656 0
1715616500502 0.4840412139892578 0
1715616500993 0.48011016845703125 0
1715616505749 1.3512299060821533 0
1715616506294 0.5417637825012207 0
1715616506809 0.5097317695617676 0
1715616507359 0.5449709892272949 0
1715616507861 0.49628615379333496 0
1715616508358 0.4870567321777344 0
1715616508854 0.48778700828552246 0
1715616509348 0.4853851795196533 0
1715616509850 0.4882199764251709 0
1715616510336 0.47356390953063965 0
1715616515028 1.4567999839782715 0
1715616515515 0.48265504837036133 0
1715616516003 0.47605299949645996 0
1715616516492 0.47855305671691895 0
1715616516989 0.48804402351379395 0
1715616517491 0.4927680492401123 0
1715616517999 0.4985480308532715 0
1715616518515 0.5041847229003906 0
1715616519010 0.48638367652893066 0
1715616519505 0.48598599433898926 0
1715616523497 1.2871747016906738 0
1715616523979 0.47702670097351074 0
1715616524492 0.5052001476287842 0
1715616525062 0.5614311695098877 0
1715616525564 0.49715518951416016 0
1715616526053 0.4772608280181885 0
1715616526543 0.4830648899078369 0
1715616527048 0.49466919898986816 0
1715616527538 0.4804420471191406 0
1715616528083 0.5342719554901123 0
1715616534164 1.699270248413086 0
1715616534686 0.5168190002441406 0
1715616535233 0.5382990837097168 0
1715616535764 0.5233509540557861 0
1715616536287 0.5176041126251221 0
1715616536794 0.5016939640045166 0
1715616537311 0.5027778148651123 0
1715616537809 0.487170934677124 0
1715616538285 0.4682438373565674 0
1715616538766 0.4720027446746826 0
1715616543329 1.1743910312652588 0
1715616543817 0.48369598388671875 0
1715616544342 0.5056209564208984 0
1715616544842 0.48619699478149414 0
1715616545340 0.4891030788421631 0
1715616545841 0.4911220073699951 0
1715616546333 0.4829707145690918 0
1715616546817 0.4736781120300293 0
1715616547313 0.4853980541229248 0
1715616547806 0.48258113861083984 0
1715616551293 1.1559128761291504 0
1715616551792 0.4940669536590576 0
1715616552287 0.48642873764038086 0
1715616552772 0.4728391170501709 0
1715616553287 0.5028772354125977 0
1715616553780 0.48255491256713867 0
1715616554281 0.48647618293762207 0
1715616554804 0.5126841068267822 0
1715616555293 0.4787461757659912 0
1715616555797 0.4943709373474121 0
1715616560818 1.415052890777588 0
1715616561302 0.47823596000671387 0
1715616561805 0.4815638065338135 0
1715616562296 0.4811241626739502 0
1715616562801 0.4956071376800537 0
1715616563305 0.4952707290649414 0
1715616563789 0.4795818328857422 0
1715616564287 0.4809880256652832 0
1715616564803 0.5054001808166504 0
1715616565292 0.48050689697265625 0
1715616569603 1.2122297286987305 0
1715616570117 0.4993598461151123 0
1715616570639 0.513430118560791 0
1715616571168 0.5174038410186768 0
1715616571710 0.5381021499633789 0
1715616572235 0.5148441791534424 0
1715616572745 0.5062210559844971 0
1715616573233 0.48056697845458984 0
1715616573731 0.4902632236480713 0
1715616574235 0.4924960136413574 0
1715616578782 1.237659215927124 0
1715616579263 0.47738003730773926 0
1715616579758 0.4866011142730713 0
1715616580285 0.5170319080352783 0
1715616580776 0.4831817150115967 0
1715616581284 0.4906947612762451 0
1715616581776 0.4825408458709717 0
1715616582279 0.4850788116455078 0
1715616582762 0.47722387313842773 0
1715616583258 0.48386192321777344 0
1715616587323 1.2640180587768555 0
1715616587793 0.4659237861633301 0
1715616588293 0.48873400688171387 0
1715616588795 0.4881253242492676 0
1715616589299 0.4870021343231201 0
1715616589803 0.4947340488433838 0
1715616590315 0.5026257038116455 0
1715616590825 0.5011558532714844 0
1715616591368 0.5339539051055908 0
1715616591871 0.49604201316833496 0
1715616596456 1.137092113494873 0
1715616596949 0.4891188144683838 0
1715616597456 0.492138147354126 0
1715616597958 0.49187374114990234 0
1715616598466 0.49732089042663574 0
1715616598948 0.4744241237640381 0
1715616599436 0.4789438247680664 0
1715616599930 0.4816157817840576 0
1715616600422 0.4807260036468506 0
1715616600911 0.4795551300048828 0
1715616605357 1.5953037738800049 0
1715616605924 0.5582261085510254 0
1715616606436 0.5073659420013428 0
1715616606923 0.4807851314544678 0
1715616607402 0.46958184242248535 0
1715616607891 0.48288583755493164 0
1715616608430 0.5320680141448975 0
1715616608935 0.4912090301513672 0
1715616609421 0.4823873043060303 0
1715616609947 0.5212821960449219 0
1715616614661 1.294447898864746 0
1715616615177 0.5103139877319336 0
1715616615687 0.5052468776702881 0
1715616616185 0.49037790298461914 0
1715616616679 0.4850199222564697 0
1715616617193 0.5036711692810059 0
1715616617697 0.49292516708374023 0
1715616618204 0.4983408451080322 0
1715616618680 0.47179293632507324 0
1715616619191 0.504051923751831 0
1715616623811 1.3730847835540771 0
1715616624328 0.5073199272155762 0
1715616624815 0.4773261547088623 0
1715616625299 0.474257230758667 0
1715616625797 0.4813692569732666 0
1715616626293 0.47843480110168457 0
1715616626783 0.4803650379180908 0
1715616627271 0.4781351089477539 0
1715616627763 0.4823307991027832 0
1715616628246 0.4747788906097412 0
1715616631776 1.1952369213104248 0
1715616632256 0.4746260643005371 0
1715616632726 0.459456205368042 0
1715616633209 0.4727170467376709 0
1715616633704 0.48688530921936035 0
1715616634182 0.46716976165771484 0
1715616634659 0.4676969051361084 0
1715616635129 0.45735907554626465 0
1715616635624 0.48403191566467285 0
1715616636106 0.4724090099334717 0
1715616640986 1.1153793334960938 0
1715616641474 0.4834318161010742 0
1715616641966 0.48314404487609863 0
1715616642434 0.4588017463684082 0
1715616642920 0.4763829708099365 0
1715616643393 0.46674585342407227 0
1715616643877 0.47445082664489746 0
1715616644354 0.46570873260498047 0
1715616644840 0.4741780757904053 0
1715616645322 0.47101688385009766 0
1715616648273 0.6108829975128174 0
1715616648750 0.4701371192932129 0
1715616649245 0.4674670696258545 0
1715616649723 0.4689829349517822 0
1715616650211 0.4790620803833008 0
1715616650693 0.4705538749694824 0
1715616651171 0.4678008556365967 0
1715616651665 0.4839179515838623 0
1715616652166 0.4868810176849365 0
1715616652642 0.46494102478027344 0
1715616656356 1.1781210899353027 0
1715616656835 0.47107410430908203 0
1715616657317 0.47112417221069336 0
1715616657802 0.47502899169921875 0
1715616658274 0.4614231586456299 0
1715616658761 0.47845888137817383 0
1715616659230 0.4593179225921631 0
1715616659729 0.49023008346557617 0
1715616660251 0.5054481029510498 0
1715616660758 0.495927095413208 0
1715616665239 1.3504421710968018 0
1715616665739 0.4939427375793457 0
1715616666249 0.50154709815979 0
1715616666754 0.4874420166015625 0
1715616667293 0.5161800384521484 0
1715616667791 0.4893789291381836 0
1715616668318 0.4937601089477539 0
1715616668804 0.47510194778442383 0
1715616669291 0.4751899242401123 0
1715616669795 0.49306225776672363 0
1715616674140 1.439274787902832 0
1715616674634 0.49019312858581543 0
1715616675130 0.4868149757385254 0
1715616675684 0.5140960216522217 0
1715616676169 0.4765350818634033 0
1715616676651 0.4672398567199707 0
1715616677171 0.48909997940063477 0
1715616677652 0.47454094886779785 0
1715616678176 0.5143618583679199 0
1715616678663 0.47776198387145996 0
1715616682832 1.4273600578308105 0
1715616683321 0.47849512100219727 0
1715616683809 0.4783170223236084 0
1715616684300 0.48225903511047363 0
1715616684796 0.4795958995819092 0
1715616685278 0.4725630283355713 0
1715616685763 0.47583985328674316 0
1715616686251 0.4758172035217285 0
1715616686779 0.5183360576629639 0
1715616687287 0.5039880275726318 0
1715616691925 1.4494001865386963 0
1715616692412 0.48229193687438965 0
1715616692917 0.49727416038513184 0
1715616693403 0.4770629405975342 0
1715616693905 0.4888288974761963 0
1715616694410 0.4937920570373535 0
1715616694913 0.4938628673553467 0
1715616695407 0.48618006706237793 0
1715616695912 0.4920539855957031 0
1715616696403 0.48218393325805664 0
1715616699888 0.983029842376709 0
1715616700388 0.49648475646972656 0
1715616700891 0.4960598945617676 0
1715616701385 0.4836537837982178 0
1715616701870 0.47708892822265625 0
1715616702424 0.5439181327819824 0
1715616702930 0.5001568794250488 0
1715616703424 0.48041319847106934 0
1715616703925 0.48819971084594727 0
1715616704412 0.4775362014770508 0
1715616708604 1.4019300937652588 0
1715616709076 0.467559814453125 0
1715616709565 0.4821009635925293 0
1715616710049 0.4750649929046631 0
1715616710545 0.47576284408569336 0
1715616711066 0.512782096862793 0
1715616711564 0.4891080856323242 0
1715616712049 0.4755368232727051 0
1715616712551 0.4930078983306885 0
1715616713038 0.47871899604797363 0
1715616717145 1.326829195022583 0
1715616717682 0.5319290161132812 0
1715616718187 0.5010330677032471 0
1715616718688 0.4922621250152588 0
1715616719207 0.5028440952301025 0
1715616719699 0.4802870750427246 0
1715616720220 0.4937419891357422 0
1715616720700 0.47652721405029297 0
1715616721190 0.48025012016296387 0
1715616721703 0.4891929626464844 0
1715616726113 1.222862958908081 0
1715616726621 0.5037529468536377 0
1715616727119 0.4876570701599121 0
1715616727629 0.4815211296081543 0
1715616728123 0.4838440418243408 0
1715616728616 0.4843289852142334 0
1715616729111 0.4857008457183838 0
1715616729601 0.47978806495666504 0
1715616730090 0.47661900520324707 0
1715616730583 0.48247289657592773 0
1715616734454 1.2242841720581055 0
1715616734942 0.4843258857727051 0
1715616735428 0.4788088798522949 0
1715616735938 0.49597907066345215 0
1715616736450 0.5050830841064453 0
1715616736956 0.49971890449523926 0
1715616737441 0.47926902770996094 0
1715616737958 0.4870491027832031 0
1715616738441 0.47291088104248047 0
1715616738940 0.48665285110473633 0
1715616744151 1.2669339179992676 0
1715616744709 0.5535409450531006 0
1715616745206 0.4907548427581787 0
1715616745695 0.4703502655029297 0
1715616746178 0.47488903999328613 0
1715616746728 0.5387110710144043 0
1715616747234 0.49767279624938965 0
1715616747744 0.5008430480957031 0
1715616748244 0.4906959533691406 0
1715616748736 0.4800448417663574 0
1715616753156 1.3295981884002686 0
1715616753638 0.4781017303466797 0
1715616754128 0.48072028160095215 0
1715616754614 0.4769291877746582 0
1715616755115 0.4910101890563965 0
1715616755607 0.4819920063018799 0
1715616756093 0.47351503372192383 0
1715616756573 0.46939992904663086 0
1715616757074 0.4891209602355957 0
1715616757560 0.4770221710205078 0
1715616761135 1.1606051921844482 0
1715616761610 0.47112488746643066 0
1715616762111 0.48645496368408203 0
1715616762595 0.4750552177429199 0
1715616763081 0.476207971572876 0
1715616763575 0.4833240509033203 0
1715616764063 0.4789571762084961 0
1715616764545 0.47150707244873047 0
1715616765036 0.4800989627838135 0
1715616765521 0.4742281436920166 0
1715616768309 0.5414459705352783 0
1715616768782 0.4695570468902588 0
1715616769261 0.4687647819519043 0
1715616769750 0.47872495651245117 0
1715616770229 0.46971917152404785 0
1715616770718 0.4803440570831299 0
1715616771204 0.47647905349731445 0
1715616771688 0.4721412658691406 0
1715616772171 0.47214221954345703 0
1715616772654 0.47302985191345215 0
1715616776209 1.1096398830413818 0
1715616776706 0.4927229881286621 0
1715616777200 0.4854929447174072 0
1715616777692 0.4804418087005615 0
1715616778180 0.47884297370910645 0
1715616778669 0.47994184494018555 0
1715616779143 0.4650120735168457 0
1715616779616 0.46408605575561523 0
1715616780101 0.46814799308776855 0
1715616780577 0.4691479206085205 0
1715616783744 0.621330976486206 0
1715616784220 0.47263407707214355 0
1715616784702 0.47268199920654297 0
1715616785185 0.474869966506958 0
1715616785669 0.4719061851501465 0
1715616786156 0.4811520576477051 0
1715616786639 0.4734959602355957 0
1715616787128 0.47298693656921387 0
1715616787605 0.4662821292877197 0
1715616788091 0.4763450622558594 0
1715616791147 0.7657527923583984 0
1715616791623 0.46266698837280273 0
1715616792118 0.48218512535095215 0
1715616792597 0.4708900451660156 0
1715616793084 0.4809730052947998 0
1715616793579 0.47457003593444824 0
1715616794064 0.47537899017333984 0
1715616794561 0.48067378997802734 0
1715616795031 0.4610869884490967 0
1715616795492 0.45531702041625977 0
1715616799668 1.2869009971618652 0
1715616800165 0.4929966926574707 0
1715616800644 0.4734818935394287 0
1715616801154 0.5043308734893799 0
1715616801665 0.5069279670715332 0
1715616802223 0.5537919998168945 0
1715616802825 0.5932033061981201 0
1715616803363 0.5308432579040527 0
1715616803861 0.49071311950683594 0
1715616804365 0.479503870010376 0
1715616808625 1.121636152267456 0
1715616809140 0.5099990367889404 0
1715616809705 0.5479190349578857 0
1715616810299 0.5893471240997314 0
1715616810900 0.5771965980529785 0
1715616811446 0.5374252796173096 0
1715616811976 0.5241601467132568 0
1715616812520 0.5390579700469971 0
1715616813035 0.5072569847106934 0
1715616813594 0.5438668727874756 0
1715616818931 1.1729259490966797 0
1715616819464 0.5288200378417969 0
1715616819990 0.5189530849456787 0
1715616820502 0.5004119873046875 0
1715616821030 0.5181331634521484 0
1715616821523 0.4844527244567871 0
1715616822035 0.502471923828125 0
1715616822615 0.5510191917419434 0
1715616823134 0.5124218463897705 0
1715616823749 0.5924398899078369 0
1715616829123 1.2094268798828125 0
1715616829629 0.5013799667358398 0
1715616830136 0.48267197608947754 0
1715616830621 0.4740581512451172 0
1715616831166 0.5278379917144775 0
1715616831654 0.47864866256713867 0
1715616832171 0.5062692165374756 0
1715616832669 0.4900481700897217 0
1715616833171 0.4983489513397217 0
1715616833654 0.47434401512145996 0
1715616838346 1.3982510566711426 0
1715616838836 0.4861302375793457 0
1715616839328 0.47945594787597656 0
1715616839817 0.480410099029541 0
1715616840370 0.5427510738372803 0
1715616840855 0.4792790412902832 0
1715616841385 0.5157692432403564 0
1715616841880 0.48618602752685547 0
1715616842368 0.4797990322113037 0
1715616842862 0.4851701259613037 0
1715616846812 1.295163869857788 0
1715616847316 0.4993410110473633 0
1715616847813 0.48763513565063477 0
1715616848300 0.4792909622192383 0
1715616848804 0.4940927028656006 0
1715616849293 0.4836890697479248 0
1715616849789 0.4845561981201172 0
1715616850285 0.48383498191833496 0
1715616850780 0.48410701751708984 0
1715616851279 0.4876368045806885 0
1715616854910 1.214210033416748 0
1715616855451 0.5366787910461426 0
1715616855936 0.4755430221557617 0
1715616856440 0.4946558475494385 0
1715616856933 0.4841427803039551 0
1715616857426 0.48429417610168457 0
1715616857921 0.4851250648498535 0
1715616858419 0.4866971969604492 0
1715616858916 0.48673105239868164 0
1715616859407 0.48059892654418945 0
1715616862344 0.6528761386871338 0
1715616862854 0.5027680397033691 0
1715616863438 0.5778279304504395 0
1715616863952 0.5062639713287354 0
1715616864450 0.48493099212646484 0
1715616864959 0.4971778392791748 0
1715616865451 0.48221898078918457 0
1715616865945 0.48421716690063477 0
1715616866446 0.49239301681518555 0
1715616866964 0.5015268325805664 0
1715616873559 1.12005615234375 0
1715616874065 0.5029938220977783 0
1715616874571 0.493196964263916 0
1715616875060 0.48258304595947266 0
1715616875554 0.48604273796081543 0
1715616876042 0.47653770446777344 0
1715616876542 0.4913179874420166 0
1715616877059 0.509594202041626 0
1715616877586 0.49392008781433105 0
1715616878082 0.4837791919708252 0
1715616881866 1.2282099723815918 0
1715616882364 0.49431490898132324 0
1715616882858 0.47426509857177734 0
1715616883364 0.4791553020477295 0
1715616883845 0.47158217430114746 0
1715616884323 0.4695301055908203 0
1715616884805 0.47631001472473145 0
1715616885290 0.4772160053253174 0
1715616885770 0.47187209129333496 0
1715616886256 0.47542381286621094 0
1715616889259 0.6522388458251953 0
1715616889744 0.48053765296936035 0
1715616890249 0.4932291507720947 0
1715616890749 0.484619140625 0
1715616891243 0.48304104804992676 0
1715616891751 0.5034182071685791 0
1715616892278 0.51509690284729 0
1715616892788 0.5040290355682373 0
1715616893292 0.49390387535095215 0
1715616893789 0.4918248653411865 0
1715616898159 1.1871399879455566 0
1715616898666 0.4909520149230957 0
1715616899153 0.48397397994995117 0
1715616899640 0.47826623916625977 0
1715616900132 0.475430965423584 0
1715616900608 0.4682009220123291 0
1715616901085 0.46146106719970703 0
1715616901568 0.47088003158569336 0
1715616902082 0.49715614318847656 0
1715616902584 0.4864950180053711 0
1715616907119 1.1390221118927002 0
1715616907597 0.47393298149108887 0
1715616908087 0.47979283332824707 0
1715616908565 0.46724796295166016 0
1715616909056 0.48229312896728516 0
1715616909543 0.4772958755493164 0
1715616910025 0.4700279235839844 0
1715616910513 0.4752829074859619 0
1715616911015 0.4909999370574951 0
1715616911529 0.4928710460662842 0
1715616916434 1.1529910564422607 0
1715616916944 0.5050802230834961 0
1715616917502 0.5507602691650391 0
1715616918044 0.533531904220581 0
1715616918563 0.5128951072692871 0
1715616919069 0.49895811080932617 0
1715616919608 0.5088989734649658 0
1715616920092 0.47484683990478516 0
1715616920605 0.4910283088684082 0
1715616921091 0.4766666889190674 0
1715616925749 1.4602370262145996 0
1715616926263 0.5108470916748047 0
1715616926763 0.4920527935028076 0
1715616927260 0.4866220951080322 0
1715616927761 0.49358582496643066 0
1715616928257 0.4844338893890381 0
1715616928750 0.4824509620666504 0
1715616929235 0.475064754486084 0
1715616929723 0.4774961471557617 0
1715616930207 0.4750480651855469 0
1715616933096 0.5710079669952393 0
1715616933562 0.4584660530090332 0
1715616934051 0.47737812995910645 0
1715616934534 0.4720032215118408 0
1715616935022 0.47940587997436523 0
1715616935495 0.46306467056274414 0
1715616935997 0.4849820137023926 0
1715616936472 0.4645228385925293 0
1715616936956 0.4728538990020752 0
1715616937433 0.4669687747955322 0
1715616942030 1.3366131782531738 0
1715616942505 0.47010016441345215 0
1715616942996 0.48230600357055664 0
1715616943464 0.4591488838195801 0
1715616943943 0.4682741165161133 0
1715616944424 0.4716529846191406 0
1715616944922 0.48865413665771484 0
1715616945403 0.47411680221557617 0
1715616945886 0.4666132926940918 0
1715616946364 0.4692549705505371 0
1715616949332 0.5951080322265625 0
1715616949812 0.46759819984436035 0
1715616950290 0.466810941696167 0
1715616950773 0.47265100479125977 0
1715616951263 0.47321581840515137 0
1715616951726 0.45293283462524414 0
1715616952195 0.46456074714660645 0
1715616952693 0.480457067489624 0
1715616953255 0.5579540729522705 0
1715616953747 0.4869213104248047 0
1715616956662 0.5583059787750244 0
1715616957130 0.46099424362182617 0
1715616957619 0.4788088798522949 0
1715616958101 0.47028493881225586 0
1715616958580 0.4689171314239502 0
1715616959047 0.45719289779663086 0
1715616959534 0.47648000717163086 0
1715616960016 0.4705679416656494 0
1715616960518 0.4930589199066162 0
1715616961001 0.4779481887817383 0
1715616964706 1.3136887550354004 0
1715616965253 0.5437741279602051 0
1715616965782 0.5251450538635254 0
1715616966290 0.4979569911956787 0
1715616966785 0.488739013671875 0
1715616967269 0.4752798080444336 0
1715616967812 0.5337429046630859 0
1715616968368 0.5515530109405518 0
1715616968911 0.5382158756256104 0
1715616969557 0.639885663986206 0
1715616974622 1.2046229839324951 0
1715616975133 0.5015690326690674 0
1715616975635 0.49790215492248535 0
1715616976139 0.48732590675354004 0
1715616976630 0.4866201877593994 0
1715616977120 0.4850728511810303 0
1715616977617 0.4885292053222656 0
1715616978116 0.4899020195007324 0
1715616978622 0.5011889934539795 0
1715616979143 0.5164477825164795 0
1715616983879 1.2884132862091064 0
1715616984364 0.47948598861694336 0
1715616984846 0.47495293617248535 0
1715616985345 0.49200010299682617 0
1715616985826 0.47622013092041016 0
1715616986307 0.4739220142364502 0
1715616986775 0.4651808738708496 0
1715616987267 0.4826538562774658 0
1715616987752 0.4785737991333008 0
1715616988221 0.46507906913757324 0
1715616992320 1.3915226459503174 0
1715616992812 0.4883871078491211 0
1715616993308 0.4886178970336914 0
1715616993787 0.47313380241394043 0
1715616994270 0.4738140106201172 0
1715616994758 0.48401403427124023 0
1715616995233 0.4702279567718506 0
1715616995715 0.4780001640319824 0
1715616996281 0.5593829154968262 0
1715616996824 0.5362198352813721 0
1715617001090 1.2611539363861084 0
1715617001612 0.514596700668335 0
1715617002089 0.4715540409088135 0
1715617002577 0.4834721088409424 0
1715617003114 0.5300929546356201 0
1715617003717 0.5696871280670166 0
1715617004225 0.5029208660125732 0
1715617004737 0.5060338973999023 0
1715617005265 0.5156509876251221 0
1715617005758 0.4846010208129883 0
1715617010483 1.1962921619415283 0
1715617011004 0.515819787979126 0
1715617011525 0.5177819728851318 0
1715617012037 0.507390022277832 0
1715617012542 0.5008749961853027 0
1715617013028 0.4781959056854248 0
1715617013509 0.4762749671936035 0
1715617013987 0.471538782119751 0
1715617014469 0.46965789794921875 0
1715617014938 0.4644608497619629 0
1715617019717 1.1958889961242676 0
1715617020259 0.5322890281677246 0
1715617020772 0.5060181617736816 0
1715617021294 0.518409013748169 0
1715617021813 0.5140109062194824 0
1715617022299 0.4825479984283447 0
1715617022820 0.511411190032959 0
1715617027976 5.152144908905029 0
1715617028583 0.6027469635009766 0
1715617029091 0.5035500526428223 0
1715617033976 1.2593142986297607 0
1715617034485 0.4925718307495117 0
1715617034993 0.4979991912841797 0
1715617035497 0.4952261447906494 0
1715617035985 0.4766581058502197 0
1715617036479 0.4830179214477539 0
1715617036988 0.4987611770629883 0
1715617037471 0.475139856338501 0
1715617037944 0.46308279037475586 0
1715617038436 0.48496389389038086 0
1715617041413 0.628859281539917 0
1715617041916 0.49918484687805176 0
1715617042391 0.4656100273132324 0
1715617042885 0.47610974311828613 0
1715617043376 0.4823131561279297 0
1715617043855 0.4692091941833496 0
1715617044329 0.46273207664489746 0
1715617044816 0.47544074058532715 0
1715617045288 0.4595210552215576 0
1715617045760 0.45850229263305664 0
1715617048700 0.5682451725006104 0
1715617049167 0.46306896209716797 0
1715617049659 0.47667622566223145 0
1715617050160 0.49017810821533203 0
1715617050642 0.4728810787200928 0
1715617051118 0.45882415771484375 0
1715617051597 0.46703171730041504 0
1715617052076 0.4622840881347656 0
1715617052572 0.4790511131286621 0
1715617053042 0.4596889019012451 0
1715617056010 0.5576770305633545 0
1715617056478 0.4643070697784424 0
1715617056957 0.4671139717102051 0
1715617057461 0.49910902976989746 0
1715617057955 0.48498106002807617 0
1715617058450 0.4851078987121582 0
1715617058946 0.4860110282897949 0
1715617059429 0.47259998321533203 0
1715617059916 0.4738640785217285 0
1715617060395 0.4743800163269043 0
1715617064049 1.0285348892211914 0
1715617064532 0.4788632392883301 0
1715617065029 0.4856681823730469 0
1715617065515 0.4791371822357178 0
1715617066000 0.47500181198120117 0
1715617066482 0.46556806564331055 0
1715617066958 0.466846227645874 0
1715617067437 0.46751999855041504 0
1715617067915 0.4695589542388916 0
1715617068398 0.4727659225463867 0
1715617072344 1.3171031475067139 0
1715617072847 0.49853992462158203 0
1715617073372 0.5001599788665771 0
1715617073857 0.47359800338745117 0
1715617074345 0.4786691665649414 0
1715617074833 0.4790611267089844 0
1715617075324 0.4816868305206299 0
1715617075819 0.47725486755371094 0
1715617076305 0.47606515884399414 0
1715617076783 0.4665699005126953 0
1715617080707 1.2833001613616943 0
1715617081190 0.47759199142456055 0
1715617081683 0.4850130081176758 0
1715617082174 0.47623515129089355 0
1715617082661 0.47838687896728516 0
1715617083138 0.4681363105773926 0
1715617083618 0.47087693214416504 0
1715617084101 0.4715702533721924 0
1715617084591 0.4794502258300781 0
1715617085083 0.4779977798461914 0
1715617088151 0.6017940044403076 0
1715617088629 0.47141027450561523 0
1715617089116 0.4771108627319336 0
1715617089582 0.4577808380126953 0
1715617090088 0.4880061149597168 0
1715617090562 0.46318888664245605 0
1715617091049 0.4711017608642578 0
1715617091533 0.47298502922058105 0
1715617092020 0.4756810665130615 0
1715617092504 0.47175025939941406 0
1715617095460 0.6478526592254639 0
1715617095937 0.47084975242614746 0
1715617096430 0.48243093490600586 0
1715617096921 0.481456995010376 0
1715617097426 0.495236873626709 0
1715617097915 0.47882080078125 0
1715617098391 0.4655890464782715 0
1715617098869 0.46874403953552246 0
1715617099338 0.46129703521728516 0
1715617099819 0.4686269760131836 0
1715617103594 1.4058921337127686 0
1715617104104 0.506486177444458 0
1715617104603 0.48979902267456055 0
1715617105130 0.516761064529419 0
1715617105632 0.4933912754058838 0
1715617106126 0.4809129238128662 0
1715617106634 0.5021839141845703 0
1715617107147 0.5048849582672119 0
1715617107660 0.5049929618835449 0
1715617108194 0.5211136341094971 0
1715617113708 1.2791731357574463 0
1715617114221 0.5045120716094971 0
1715617114730 0.48094725608825684 0
1715617115226 0.48485398292541504 0
1715617115704 0.466763973236084 0
1715617116196 0.48122286796569824 0
1715617116678 0.47011494636535645 0
1715617117173 0.4812438488006592 0
1715617117664 0.48052072525024414 0
1715617118148 0.46915102005004883 0
1715617122359 1.1562209129333496 0
1715617122837 0.47075510025024414 0
1715617123327 0.4822661876678467 0
1715617123812 0.4729897975921631 0
1715617124320 0.49747586250305176 0
1715617124812 0.48415184020996094 0
1715617125313 0.49609804153442383 0
1715617125805 0.4884159564971924 0
1715617126360 0.551196813583374 0
1715617126926 0.5608139038085938 0
1715617133011 1.2582221031188965 0
1715617133500 0.48369789123535156 0
1715617133993 0.48808789253234863 0
1715617134497 0.48996615409851074 0
1715617134982 0.4764211177825928 0
1715617135481 0.48619914054870605 0
1715617135955 0.4660768508911133 0
1715617136444 0.48127293586730957 0
1715617137022 0.5689959526062012 0
1715617137680 0.6470918655395508 0
1715617144123 1.3257992267608643 0
1715617144650 0.5226140022277832 0
1715617145207 0.5486049652099609 0
1715617145722 0.506173849105835 0
1715617146230 0.4984729290008545 0
1715617146718 0.48079371452331543 0
1715617147203 0.4765467643737793 0
1715617147690 0.4801352024078369 0
1715617148200 0.5014190673828125 0
1715617148708 0.4990708827972412 0
1715617153436 1.4477732181549072 0
1715617153918 0.47608494758605957 0
1715617154397 0.47022104263305664 0
1715617154889 0.4767141342163086 0
1715617155378 0.47654104232788086 0
1715617155852 0.4658491611480713 0
1715617156357 0.49686408042907715 0
1715617156836 0.46744823455810547 0
1715617157318 0.47451114654541016 0
1715617157801 0.4724619388580322 0
1715617161383 1.2175707817077637 0
1715617161877 0.49001502990722656 0
1715617162355 0.46529293060302734 0
1715617162850 0.48171210289001465 0
1715617163338 0.47701215744018555 0
1715617163831 0.48110485076904297 0
1715617164335 0.49468398094177246 0
1715617164831 0.4861629009246826 0
1715617165321 0.47077369689941406 0
1715617165810 0.48377394676208496 0
1715617169925 1.532344102859497 0
1715617170515 0.5740511417388916 0
1715617171015 0.49367809295654297 0
1715617171509 0.48456287384033203 0
1715617172027 0.5100619792938232 0
1715617172534 0.49799180030822754 0
1715617173035 0.4904026985168457 0
1715617173524 0.47962498664855957 0
1715617174025 0.49273085594177246 0
1715617174532 0.49541592597961426 0
1715617178903 1.459859848022461 0
1715617179420 0.5115959644317627 0
1715617179963 0.5342822074890137 0
1715617180458 0.49147605895996094 0
1715617180963 0.49596214294433594 0
1715617181465 0.4913187026977539 0
1715617181966 0.48023080825805664 0
1715617182460 0.48410701751708984 0
1715617182954 0.4848666191101074 0
1715617183456 0.4931490421295166 0
1715617187666 1.2021129131317139 0
1715617188139 0.46701788902282715 0
1715617188616 0.4704468250274658 0
1715617189096 0.4731309413909912 0
1715617189567 0.46307921409606934 0
1715617190058 0.47909092903137207 0
1715617190543 0.4747810363769531 0
1715617191038 0.4849109649658203 0
1715617191508 0.4611537456512451 0
1715617191986 0.46622371673583984 0
1715617195107 0.6503500938415527 0
1715617195586 0.47472691535949707 0
1715617196068 0.4732089042663574 0
1715617196562 0.4824681282043457 0
1715617197042 0.47143006324768066 0
1715617197539 0.48691797256469727 0
1715617198021 0.47345519065856934 0
1715617198503 0.4695773124694824 0
1715617198994 0.4804816246032715 0
1715617199489 0.4854261875152588 0
1715617203824 1.4452381134033203 0
1715617204308 0.4762239456176758 0
1715617204774 0.4572749137878418 0
1715617205272 0.4935758113861084 0
1715617205762 0.4832451343536377 0
1715617206235 0.4653451442718506 0
1715617206719 0.47300100326538086 0
1715617207194 0.4673118591308594 0
1715617207679 0.47533416748046875 0
1715617208229 0.5389540195465088 0
1715617212640 1.2731201648712158 0
1715617213145 0.49851298332214355 0
1715617213639 0.4852762222290039 0
1715617214135 0.48629021644592285 0
1715617214631 0.4818582534790039 0
1715617215123 0.4820868968963623 0
1715617215640 0.507098913192749 0
1715617216140 0.49077820777893066 0
1715617216640 0.4917171001434326 0
1715617217142 0.49216699600219727 0
1715617225409 1.1844241619110107 0
1715617225900 0.4815177917480469 0
1715617226377 0.4688539505004883 0
1715617226873 0.4754500389099121 0
1715617227360 0.4749469757080078 0
1715617227875 0.4811999797821045 0
1715617228354 0.4711461067199707 0
1715617228882 0.5178611278533936 0
1715617229401 0.5104470252990723 0
1715617229894 0.48157596588134766 0
1715617234339 1.4533758163452148 0
1715617234838 0.49483585357666016 0
1715617235362 0.5098860263824463 0
1715617235861 0.48500895500183105 0
1715617236394 0.5122048854827881 0
1715617236882 0.47940778732299805 0
1715617237425 0.5346639156341553 0
1715617237922 0.4901130199432373 0
1715617238416 0.4861321449279785 0
1715617238915 0.48760390281677246 0
1715617243384 1.4629790782928467 0
1715617243894 0.5048809051513672 0
1715617244433 0.5068957805633545 0
1715617244931 0.489224910736084 0
1715617245461 0.5233149528503418 0
1715617245961 0.494981050491333 0
1715617246465 0.49692416191101074 0
1715617246958 0.48318910598754883 0
1715617247442 0.477524995803833 0
1715617247968 0.51407790184021 0
1715617252584 1.1192147731781006 0
1715617253064 0.4750800132751465 0
1715617253543 0.46831512451171875 0
1715617254037 0.4807319641113281 0
1715617254524 0.4777059555053711 0
1715617255007 0.47185420989990234 0
1715617255484 0.4704592227935791 0
1715617255971 0.4745819568634033 0
1715617256458 0.47897815704345703 0
1715617256940 0.47161030769348145 0
1715617260639 1.1730608940124512 0
1715617261133 0.48787784576416016 0
1715617261639 0.4736897945404053 0
1715617262131 0.4819810390472412 0
1715617262620 0.48008179664611816 0
1715617263118 0.48973798751831055 0
1715617263606 0.47824621200561523 0
1715617264095 0.4787168502807617 0
1715617264602 0.48889803886413574 0
1715617265096 0.4857349395751953 0
1715617268150 0.5783159732818604 0
1715617268634 0.47862720489501953 0
1715617269114 0.4719688892364502 0
1715617269609 0.4843161106109619 0
1715617270146 0.5186471939086914 0
1715617270631 0.48027801513671875 0
1715617271140 0.4916250705718994 0
1715617271633 0.4836268424987793 0
1715617272114 0.47229599952697754 0
1715617272605 0.486936092376709 0
1715617276725 1.3943941593170166 0
1715617277214 0.48380112648010254 0
1715617277702 0.47871899604797363 0
1715617278202 0.4814321994781494 0
1715617278699 0.48706483840942383 0
1715617279203 0.4955019950866699 0
1715617279686 0.47321391105651855 0
1715617280179 0.4774458408355713 0
1715617280663 0.4747500419616699 0
1715617281165 0.48949408531188965 0
1715617284900 1.2641699314117432 0
1715617285389 0.48386597633361816 0
1715617285875 0.4748270511627197 0
1715617286402 0.5099599361419678 0
1715617286959 0.5477709770202637 0
1715617287479 0.5100557804107666 0
1715617287977 0.4889531135559082 0
1715617288468 0.4822351932525635 0
1715617288976 0.4965329170227051 0
1715617289502 0.5102100372314453 0
1715617293154 1.1054258346557617 0
1715617293661 0.5027740001678467 0
1715617294166 0.4961700439453125 0
1715617294658 0.4831070899963379 0
1715617295173 0.5047259330749512 0
1715617295687 0.4971308708190918 0
1715617296240 0.5393149852752686 0
1715617296785 0.533008337020874 0
1715617297279 0.4874448776245117 0
1715617297792 0.5031182765960693 0
1715617301984 1.1171658039093018 0
1715617302454 0.465195894241333 0
1715617302948 0.48551297187805176 0
1715617303436 0.4721720218658447 0
1715617303929 0.4807150363922119 0
1715617304409 0.469221830368042 0
1715617304892 0.47249269485473633 0
1715617305370 0.467714786529541 0
1715617305861 0.4785909652709961 0
1715617306342 0.47350192070007324 0
1715617309371 0.690115213394165 0
1715617309848 0.47247791290283203 0
1715617310342 0.4831981658935547 0
1715617310815 0.4630880355834961 0
1715617311304 0.478712797164917 0
1715617311793 0.47638392448425293 0
1715617312276 0.47212982177734375 0
1715617312766 0.48110198974609375 0
1715617313258 0.4792640209197998 0
1715617313735 0.46544694900512695 0
1715617317452 1.3390707969665527 0
1715617317933 0.4761989116668701 0
1715617318395 0.457827091217041 0
1715617319007 0.5832841396331787 0
1715617319570 0.5523703098297119 0
1715617320125 0.5242002010345459 0
1715617320649 0.5195770263671875 0
1715617321144 0.48665714263916016 0
1715617321677 0.5003681182861328 0
1715617322196 0.5069751739501953 0
1715617326420 1.312021017074585 0
1715617326908 0.48338794708251953 0
1715617327398 0.4794449806213379 0
1715617327886 0.4755589962005615 0
1715617328394 0.4905221462249756 0
1715617328895 0.4904780387878418 0
1715617329388 0.4820868968963623 0
1715617329878 0.4806227684020996 0
1715617330369 0.48195981979370117 0
1715617330862 0.4836242198944092 0
1715617334881 1.4011330604553223 0
1715617335372 0.4873361587524414 0
1715617335882 0.5009000301361084 0
1715617336366 0.47658205032348633 0
1715617336854 0.47106504440307617 0
1715617337335 0.47166895866394043 0
1715617337829 0.4827570915222168 0
1715617338344 0.5041468143463135 0
1715617338856 0.49982500076293945 0
1715617339362 0.49594807624816895 0
1715617342975 1.1618120670318604 0
1715617343461 0.4824666976928711 0
1715617343958 0.4871852397918701 0
1715617344445 0.47907114028930664 0
1715617344952 0.49885010719299316 0
1715617345436 0.4729011058807373 0
1715617345916 0.4684879779815674 0
1715617346407 0.4822220802307129 0
1715617346895 0.47841477394104004 0
1715617347391 0.48734116554260254 0
1715617350429 0.6955230236053467 0
1715617350920 0.4838569164276123 0
1715617351405 0.4778017997741699 0
1715617351964 0.549994945526123 0
1715617352493 0.5196669101715088 0
1715617353018 0.5161890983581543 0
1715617353603 0.5767219066619873 0
1715617354139 0.5303728580474854 0
1715617354686 0.5419089794158936 0
1715617355281 0.5889549255371094 0
1715617360767 1.3129301071166992 0
1715617361312 0.539525032043457 0
1715617361905 0.5831789970397949 0
1715617362487 0.5757529735565186 0
1715617363077 0.5837960243225098 0
1715617363787 0.612562894821167 0
1715617364351 0.5590400695800781 0
1715617364851 0.49425792694091797 0
1715617365407 0.5357141494750977 0
1715617366031 0.6184413433074951 0
1715617371337 1.2687230110168457 0
1715617371839 0.49777889251708984 0
1715617372387 0.5386688709259033 0
1715617372897 0.5047941207885742 0
1715617373406 0.4992849826812744 0
1715617373898 0.4846651554107666 0
1715617374433 0.5270390510559082 0
1715617374950 0.5040099620819092 0
1715617375476 0.511350154876709 0
1715617375988 0.5011911392211914 0
1715617380311 1.2823669910430908 0
1715617380810 0.4942348003387451 0
1715617381362 0.5068111419677734 0
1715617381871 0.4941129684448242 0
1715617382364 0.4847898483276367 0
1715617382856 0.48282480239868164 0
1715617383364 0.49988293647766113 0
1715617383889 0.5186519622802734 0
1715617384413 0.5149478912353516 0
1715617384945 0.5229089260101318 0
1715617389633 1.3446390628814697 0
1715617390121 0.4835019111633301 0
1715617390603 0.4740159511566162 0
1715617391092 0.48293399810791016 0
1715617391585 0.483583927154541 0
1715617392065 0.47131800651550293 0
1715617392556 0.47902512550354004 0
1715617393047 0.4821290969848633 0
1715617393560 0.500236988067627 0
1715617394086 0.5166339874267578 0
1715617397399 0.6667158603668213 0
1715617397882 0.47735118865966797 0
1715617398360 0.47052693367004395 0
1715617398854 0.483489990234375 0
1715617399349 0.4864199161529541 0
1715617399878 0.5081198215484619 0
1715617400413 0.5214009284973145 0
1715617400950 0.5273582935333252 0
1715617401496 0.5369880199432373 0
1715617402038 0.5308341979980469 0
1715617405220 0.5704891681671143 0
1715617405690 0.46569108963012695 0
1715617406161 0.46058106422424316 0
1715617406688 0.4998161792755127 0
1715617407200 0.4996809959411621 0
1715617407721 0.5097689628601074 0
1715617408243 0.5125188827514648 0
1715617408782 0.5279080867767334 0
1715617409333 0.5429470539093018 0
1715617409898 0.5548679828643799 0
1715617413873 1.1628549098968506 0
1715617414359 0.4811069965362549 0
1715617414830 0.4618217945098877 0
1715617415321 0.48111605644226074 0
1715617415825 0.495128870010376 0
1715617416336 0.5010888576507568 0
1715617416849 0.5024738311767578 0
1715617417377 0.517319917678833 0
1715617417921 0.5331547260284424 0
1715617418459 0.5285189151763916 0
1715617422938 1.3042778968811035 0
1715617423429 0.4840507507324219 0
1715617423911 0.4745447635650635 0
1715617424388 0.4681248664855957 0
1715617424890 0.4818298816680908 0
1715617425419 0.48571205139160156 0
1715617425931 0.504857063293457 0
1715617426452 0.5092291831970215 0
1715617426979 0.514538049697876 0
1715617427503 0.5137019157409668 0
1715617430876 0.6107561588287354 0
1715617431360 0.4736928939819336 0
1715617431844 0.46552085876464844 0
1715617432333 0.4795510768890381 0
1715617432822 0.48008179664611816 0
1715617433310 0.48260998725891113 0
1715617433822 0.501990795135498 0
1715617434358 0.5243110656738281 0
1715617434897 0.5272769927978516 0
1715617435442 0.5338020324707031 0
1715617439462 1.226182222366333 0
1715617439946 0.47861218452453613 0
1715617440431 0.47095203399658203 0
1715617440906 0.46944403648376465 0
1715617441402 0.48989367485046387 0
1715617441914 0.5031368732452393 0
1715617442435 0.5105149745941162 0
1715617442967 0.51717209815979 0
1715617443513 0.5314171314239502 0
1715617444055 0.528156042098999 0
1715617447691 0.947329044342041 0
1715617448172 0.4771921634674072 0
1715617448657 0.4757249355316162 0
1715617449153 0.4822359085083008 0
1715617449645 0.4820899963378906 0
1715617450134 0.47997617721557617 0
1715617450640 0.4957456588745117 0
1715617451148 0.49695682525634766 0
1715617451672 0.5169060230255127 0
1715617452194 0.5121729373931885 0
1715617455406 0.6544098854064941 0
1715617455904 0.4937117099761963 0
1715617456391 0.46977877616882324 0
1715617456874 0.4745147228240967 0
1715617457371 0.4858131408691406 0
1715617457880 0.5009222030639648 0
1715617458405 0.5149037837982178 0
1715617458945 0.5274298191070557 0
1715617459477 0.522050142288208 0
1715617460018 0.5297682285308838 0
1715617469627 1.1401658058166504 0
1715617470107 0.47460412979125977 0
1715617470573 0.45828676223754883 0
1715617471066 0.4843177795410156 0
1715617471558 0.48183488845825195 0
1715617472046 0.4768860340118408 0
1715617472536 0.4768202304840088 0
1715617473036 0.49437785148620605 0
1715617473529 0.4829230308532715 0
1715617474028 0.4902210235595703 0
1715617476992 0.6355628967285156 0
1715617477472 0.47203516960144043 0
1715617477967 0.4846639633178711 0
1715617478464 0.481097936630249 0
1715617478942 0.46753621101379395 0
1715617479467 0.4869091510772705 0
1715617479948 0.4711487293243408 0
1715617480431 0.4732322692871094 0
1715617480920 0.478679895401001 0
1715617481405 0.4733712673187256 0
1715617485074 1.2038369178771973 0
1715617485554 0.47054100036621094 0
1715617486038 0.4727470874786377 0
1715617486519 0.4691479206085205 0
1715617486978 0.44327402114868164 0
1715617487447 0.4654829502105713 0
1715617487931 0.47393298149108887 0
1715617488419 0.47531604766845703 0
1715617488903 0.4730210304260254 0
1715617489368 0.45447516441345215 0
1715617492242 0.5830318927764893 0
1715617492724 0.47783398628234863 0
1715617493203 0.4716317653656006 0
1715617493680 0.47054624557495117 0
1715617494174 0.47722506523132324 0
1715617494660 0.4794890880584717 0
1715617495145 0.47344303131103516 0
1715617495653 0.487163782119751 0
1715617496160 0.5006482601165771 0
1715617496653 0.4853999614715576 0
1715617501138 1.29203200340271 0
1715617501636 0.4929342269897461 0
1715617502125 0.4777679443359375 0
1715617502596 0.4609992504119873 0
1715617503087 0.4796638488769531 0
1715617503565 0.4615631103515625 0
1715617504045 0.46842002868652344 0
1715617504531 0.4738140106201172 0
1715617505025 0.483536958694458 0
1715617505496 0.4662787914276123 0
1715617510011 1.1014790534973145 0
1715617510492 0.4776577949523926 0
1715617510981 0.4810061454772949 0
1715617511459 0.46912384033203125 0
1715617511950 0.48209095001220703 0
1715617512437 0.47670412063598633 0
1715617512920 0.47176504135131836 0
1715617513400 0.4697692394256592 0
1715617513893 0.48184800148010254 0
1715617514374 0.47365713119506836 0
1715617518123 1.162855863571167 0
1715617518611 0.48395586013793945 0
1715617519098 0.4783499240875244 0
1715617519583 0.4769020080566406 0
1715617520067 0.47474193572998047 0
1715617520548 0.47017598152160645 0
1715617521030 0.4718501567840576 0
1715617521509 0.46898317337036133 0
1715617521989 0.47036075592041016 0
1715617522474 0.4716517925262451 0
1715617525379 0.6215989589691162 0
1715617525848 0.4656519889831543 0
1715617526329 0.46992015838623047 0
1715617526797 0.457897424697876 0
1715617527283 0.4765598773956299 0
1715617527756 0.4639871120452881 0
1715617528235 0.4613528251647949 0
1715617528713 0.4663271903991699 0
1715617529196 0.4721510410308838 0
1715617529672 0.46622419357299805 0
1715617533477 1.3846218585968018 0
1715617533951 0.4653770923614502 0
1715617534430 0.4669680595397949 0
1715617534921 0.4717099666595459 0
1715617535402 0.4657557010650635 0
1715617535886 0.4724857807159424 0
1715617536376 0.4722719192504883 0
1715617536861 0.4750039577484131 0
1715617537335 0.4624979496002197 0
1715617537820 0.4764719009399414 0
1715617541702 1.3823659420013428 0
1715617542176 0.46879100799560547 0
1715617542660 0.4733269214630127 0
1715617543152 0.4817698001861572 0
1715617543643 0.4750509262084961 0
1715617544136 0.4823918342590332 0
1715617544628 0.48268795013427734 0
1715617545113 0.4745039939880371 0
1715617545601 0.47599220275878906 0
1715617546083 0.46890687942504883 0
1715617548992 0.5836920738220215 0
1715617549487 0.48167872428894043 0
1715617549968 0.4723639488220215 0
1715617550458 0.4732859134674072 0
1715617550947 0.46976280212402344 0
1715617551420 0.46268320083618164 0
1715617551902 0.47168993949890137 0
1715617552383 0.4714193344116211 0
1715617552869 0.4798698425292969 0
1715617553346 0.47250914573669434 0
1715617557233 1.2676031589508057 0
1715617557738 0.5006027221679688 0
1715617558255 0.5109937191009521 0
1715617558756 0.4930381774902344 0
1715617559248 0.4835548400878906 0
1715617559742 0.48392820358276367 0
1715617560239 0.4873201847076416 0
1715617560724 0.47528719902038574 0
1715617561221 0.4853959083557129 0
1715617561724 0.4956495761871338 0
1715617566506 1.1581931114196777 0
1715617566986 0.47606420516967773 0
1715617567485 0.49048399925231934 0
1715617567992 0.49603891372680664 0
1715617568481 0.4764370918273926 0
1715617568977 0.4860529899597168 0
1715617569457 0.46774983406066895 0
1715617569955 0.4925229549407959 0
1715617570459 0.4947361946105957 0
1715617570957 0.4877800941467285 0
1715617574284 0.6398401260375977 0
1715617574781 0.49143195152282715 0
1715617575285 0.49454474449157715 0
1715617575787 0.4938371181488037 0
1715617576301 0.5062267780303955 0
1715617576794 0.4841897487640381 0
1715617577298 0.4873661994934082 0
1715617577793 0.4848151206970215 0
1715617578286 0.4870419502258301 0
1715617578776 0.4844942092895508 0
1715617583581 1.1595051288604736 0
1715617584069 0.4849119186401367 0
1715617584561 0.4824509620666504 0
1715617585051 0.4792189598083496 0
1715617585541 0.4812779426574707 0
1715617586020 0.4685039520263672 0
1715617586525 0.49740123748779297 0
1715617587014 0.47954607009887695 0
1715617587507 0.48239898681640625 0
1715617588001 0.479982852935791 0
1715617591513 0.8162088394165039 0
1715617592003 0.4839668273925781 0
1715617592512 0.4974181652069092 0
1715617592989 0.46828126907348633 0
1715617593491 0.4920821189880371 0
1715617593977 0.47605299949645996 0
1715617594490 0.48494696617126465 0
1715617594979 0.47661519050598145 0
1715617595461 0.471865177154541 0
1715617595946 0.475679874420166 0
1715617599762 1.1458837985992432 0
1715617600371 0.5988538265228271 0
1715617600988 0.6118428707122803 0
1715617601672 0.6782429218292236 0
1715617602378 0.6918699741363525 0
1715617603084 0.6910018920898438 0
1715617603667 0.550396203994751 0
1715617604242 0.545799970626831 0
1715617604900 0.6495728492736816 0
1715617605555 0.5912051200866699 0
1715617611746 1.3495981693267822 0
1715617612328 0.577707052230835 0
1715617612911 0.5782909393310547 0
1715617613404 0.48443031311035156 0
1715617613913 0.5038509368896484 0
1715617614417 0.4970729351043701 0
1715617614982 0.5569860935211182 0
1715617615609 0.6213428974151611 0
1715617616331 0.7056350708007812 0
1715617617197 0.8111951351165771 0
1715617623622 1.2704603672027588 0
1715617624114 0.4777638912200928 0
1715617624705 0.5871331691741943 0
1715617625213 0.4954261779785156 0
1715617625703 0.48554086685180664 0
1715617626220 0.5127737522125244 0
1715617626836 0.6073639392852783 0
1715617627506 0.661837100982666 0
1715617628108 0.5936651229858398 0
1715617628746 0.6291470527648926 0
1715617634666 1.1622231006622314 0
1715617635177 0.5059778690338135 0
1715617635677 0.4902949333190918 0
1715617636187 0.5019922256469727 0
1715617636675 0.4806210994720459 0
1715617637182 0.4936106204986572 0
1715617637685 0.49240779876708984 0
1715617638181 0.4866962432861328 0
1715617638705 0.5062758922576904 0
1715617639222 0.5082130432128906 0
1715617643224 1.2881691455841064 0
1715617643774 0.5437190532684326 0
1715617644304 0.5102641582489014 0
1715617644797 0.4843590259552002 0
1715617645318 0.49601221084594727 0
1715617645838 0.4957282543182373 0
1715617646387 0.541388988494873 0
1715617646964 0.5589449405670166 0
1715617647559 0.5875229835510254 0
1715617648135 0.5651021003723145 0
1715617653027 1.6674890518188477 0
1715617653637 0.5806729793548584 0
1715617654235 0.5930049419403076 0
1715617654796 0.5529050827026367 0
1715617655455 0.64186692237854 0
1715617656026 0.5349140167236328 0
1715617656586 0.5329253673553467 0
1715617657241 0.6475000381469727 0
