1715611753475 3.9034643173217773 0
1715611754299 3.5245749950408936 0
1715611755064 3.240988254547119 0
1715611755784 3.070253610610962 0
1715611757188 2.9569647312164307 0
1715611757912 2.8607380390167236 0
1715611758594 2.783663511276245 0
1715611759292 2.70182466506958 0
1715611760015 2.6496245861053467 0
1715611760737 2.5895955562591553 0
1715611765868 2.5385353565216064 0
1715611766877 2.489237070083618 0
1715611767630 2.437211275100708 0
1715611768334 2.392906904220581 0
1715611769151 2.3524439334869385 0
1715611769863 2.3146610260009766 0
1715611770585 2.2723422050476074 0
1715611771316 2.230933427810669 0
1715611772018 2.1936914920806885 0
1715611772716 2.1579325199127197 0
1715611778217 2.126965284347534 0
1715611778988 2.087764263153076 0
1715611779708 2.057985782623291 0
1715611780554 2.0152997970581055 0
1715611781277 1.987586498260498 0
1715611781964 1.9473479986190796 0
1715611782646 1.9165940284729004 0
1715611783305 1.8820991516113281 0
1715611783980 1.8539376258850098 0
1715611784668 1.824428915977478 0
1715611790151 1.7899044752120972 0
1715611790865 1.7669432163238525 0
1715611791556 1.7489598989486694 0
1715611792243 1.7253665924072266 0
1715611792904 1.7085100412368774 0
1715611793584 1.6797488927841187 0
1715611794260 1.6585736274719238 0
1715611794967 1.6291614770889282 0
1715611795772 1.6114782094955444 0
1715611796541 1.5881879329681396 0
1715611802535 1.5704381465911865 0
1715611803402 1.5454148054122925 0
1715611804108 1.5295623540878296 0
1715611804868 1.5003042221069336 0
1715611806354 1.4812140464782715 0
1715611807104 1.4582722187042236 0
1715611807920 1.4448150396347046 0
1715611808616 1.420178771018982 0
1715611809294 1.4060438871383667 0
1715611809972 1.3812810182571411 0
1715611815174 1.3824446201324463 0
1715611815917 1.375620722770691 0
1715611816658 1.3446987867355347 0
1715611817365 1.328615427017212 0
1715611818047 1.3024466037750244 0
1715611818755 1.2956078052520752 0
1715611819483 1.2698509693145752 0
1715611820180 1.2528048753738403 0
1715611820893 1.2306782007217407 0
1715611821604 1.2326240539550781 0
1715611826609 1.2203882932662964 0
1715611827881 1.212985634803772 0
1715611828600 1.1733182668685913 0
1715611829387 1.172932744026184 0
1715611830114 1.1652147769927979 0
1715611830814 1.1278806924819946 0
1715611831654 1.1276891231536865 0
1715611832557 1.1338824033737183 0
