1715611753495 1.4472036361694336 0
1715611754311 0.550800085067749 0
1715611755088 0.5332169532775879 0
1715611755794 0.48291897773742676 0
1715611757213 0.5196170806884766 0
1715611757927 0.4967219829559326 0
1715611758615 0.47699809074401855 0
1715611759315 0.475801944732666 0
1715611760035 0.5039780139923096 0
1715611760756 0.4931182861328125 0
1715611765873 1.175372838973999 0
1715611766885 0.4969358444213867 0
1715611767642 0.5189368724822998 0
1715611768377 0.518082857131958 0
1715611769189 0.5359208583831787 0
1715611769882 0.4822349548339844 0
1715611770612 0.5088238716125488 0
1715611771329 0.49100494384765625 0
1715611772042 0.4967958927154541 0
1715611772731 0.47733473777770996 0
1715611778225 1.15043306350708 0
1715611779014 0.49542784690856934 0
1715611779725 0.4838080406188965 0
1715611780580 0.5070171356201172 0
1715611781292 0.47191309928894043 0
1715611781983 0.47355008125305176 0
1715611782652 0.4538092613220215 0
1715611783322 0.4820520877838135 0
1715611783994 0.4642658233642578 0
1715611784688 0.47409677505493164 0
1715611790158 1.1015400886535645 0
1715611790879 0.47034597396850586 0
1715611791573 0.4795358180999756 0
1715611792256 0.47112298011779785 0
1715611792929 0.48265695571899414 0
1715611793597 0.4635639190673828 0
1715611794271 0.4677131175994873 0
1715611794989 0.4973337650299072 0
1715611795799 0.5396580696105957 0
1715611796559 0.49001598358154297 0
1715611802551 1.3786671161651611 0
1715611803417 0.5011658668518066 0
1715611804127 0.49425792694091797 0
1715611804884 0.5272729396820068 0
1715611806376 0.5509657859802246 0
1715611807125 0.5410208702087402 0
1715611807939 0.5225017070770264 0
1715611808631 0.49388599395751953 0
1715611809304 0.4855308532714844 0
1715611809985 0.4966621398925781 0
1715611815182 1.1165850162506104 0
1715611815937 0.4954698085784912 0
1715611816693 0.5293731689453125 0
1715611817376 0.48069119453430176 0
1715611818066 0.4703998565673828 0
1715611818776 0.4936342239379883 0
1715611819500 0.5060789585113525 0
1715611820210 0.494081974029541 0
1715611820908 0.4834110736846924 0
1715611821620 0.4839012622833252 0
1715611826624 0.8826899528503418 0
1715611827895 0.4968721866607666 0
1715611828615 0.48024797439575195 0
1715611829402 0.5087010860443115 0
1715611830132 0.47846221923828125 0
1715611830825 0.4749889373779297 0
1715611831674 0.5404059886932373 0
1715611832564 0.511084794998169 0
