1716282287321 1.0 0
1716282292373 2.0 0
1716282295806 3.0 0
1716282298986 4.0 0
1716282302721 5.0 0
1716282306227 6.0 0
1716282310160 7.0 0
1716282315469 8.0 0
1716282320406 9.0 0
1716282323233 10.0 0
1716282331759 11.0 0
1716282338077 12.0 0
1716282342549 13.0 0
1716282345705 14.0 0
1716282349009 15.0 0
1716282352285 16.0 0
1716282355553 17.0 0
1716282358293 18.0 0
1716282360754 19.0 0
1716282363517 20.0 0
1716282368951 21.0 0
1716282372289 22.0 0
1716282376430 23.0 0
1716282379132 24.0 0
1716282381526 25.0 0
1716282384270 26.0 0
1716282386924 27.0 0
1716282389518 28.0 0
1716282392539 29.0 0
1716282395313 30.0 0
1716282401312 31.0 0
1716282404491 32.0 0
1716282407567 33.0 0
1716282409875 34.0 0
1716282412624 35.0 0
1716282415039 36.0 0
1716282417393 37.0 0
1716282420234 38.0 0
1716282422746 39.0 0
1716282426704 40.0 0
1716282436452 41.0 0
1716282439917 42.0 0
1716282444107 43.0 0
1716282447837 44.0 0
1716282452221 45.0 0
1716282454800 46.0 0
1716282457877 47.0 0
1716282460469 48.0 0
1716282462763 49.0 0
1716282465317 50.0 0
1716282471083 51.0 0
1716282473662 52.0 0
1716282476723 53.0 0
1716282479417 54.0 0
1716282482072 55.0 0
1716282485120 56.0 0
1716282487646 57.0 0
1716282490354 58.0 0
1716282493296 59.0 0
1716282496194 60.0 0
1716282501546 61.0 0
1716282504775 62.0 0
1716282509016 63.0 0
1716282512338 64.0 0
1716282515499 65.0 0
1716282517822 66.0 0
1716282520260 67.0 0
1716282522572 68.0 0
1716282525723 69.0 0
1716282528266 70.0 0
1716282533450 71.0 0
1716282536106 72.0 0
1716282538426 73.0 0
1716282541441 74.0 0
1716282545116 75.0 0
1716282548592 76.0 0
1716282552190 77.0 0
1716282555056 78.0 0
1716282557808 79.0 0
1716282561272 80.0 0
1716282568700 81.0 0
1716282571703 82.0 0
1716282575662 83.0 0
1716282579904 84.0 0
1716282583006 85.0 0
1716282586937 86.0 0
1716282589591 87.0 0
1716282592094 88.0 0
1716282595127 89.0 0
1716282597466 90.0 0
1716282602738 91.0 0
1716282605698 92.0 0
1716282608014 93.0 0
1716282610436 94.0 0
1716282613308 95.0 0
1716282616104 96.0 0
1716282618558 97.0 0
1716282621010 98.0 0
1716282623725 99.0 0
1716282626316 100.0 0
1716282631771 101.0 0
1716282634685 102.0 0
1716282637499 103.0 0
1716282640004 104.0 0
1716282643423 105.0 0
1716282646353 106.0 0
1716282649398 107.0 0
1716282652351 108.0 0
1716282655220 109.0 0
1716282658320 110.0 0
1716282663999 111.0 0
1716282666672 112.0 0
1716282669699 113.0 0
1716282673127 114.0 0
1716282676467 115.0 0
1716282679756 116.0 0
1716282683260 117.0 0
1716282686419 118.0 0
1716282689264 119.0 0
1716282691668 120.0 0
1716282697704 121.0 0
1716282700737 122.0 0
1716282703621 123.0 0
1716282706875 124.0 0
1716282709837 125.0 0
1716282712894 126.0 0
1716282715352 127.0 0
1716282718116 128.0 0
1716282720534 129.0 0
1716282723174 130.0 0
1716282728556 131.0 0
1716282731959 132.0 0
1716282735285 133.0 0
1716282737758 134.0 0
1716282740064 135.0 0
1716282742489 136.0 0
1716282744882 137.0 0
1716282747232 138.0 0
1716282749904 139.0 0
1716282752685 140.0 0
1716282758055 141.0 0
1716282760861 142.0 0
1716282764458 143.0 0
1716282767106 144.0 0
1716282769793 145.0 0
1716282772229 146.0 0
1716282774629 147.0 0
1716282777114 148.0 0
1716282780450 149.0 0
1716282783858 150.0 0
1716282789061 151.0 0
1716282791497 152.0 0
1716282795380 153.0 0
1716282798182 154.0 0
1716282801173 155.0 0
1716282803584 156.0 0
1716282805942 157.0 0
1716282808572 158.0 0
1716282811815 159.0 0
1716282814266 160.0 0
1716282819810 161.0 0
1716282822438 162.0 0
1716282824852 163.0 0
1716282827945 164.0 0
1716282830685 165.0 0
1716282833239 166.0 0
1716282836218 167.0 0
1716282838706 168.0 0
1716282841998 169.0 0
1716282845152 170.0 0
1716282851013 171.0 0
1716282853403 172.0 0
1716282856533 173.0 0
1716282858809 174.0 0
1716282861372 175.0 0
1716282864219 176.0 0
1716282866537 177.0 0
1716282869068 178.0 0
1716282871261 179.0 0
1716282873774 180.0 0
1716282879140 181.0 0
1716282882590 182.0 0
1716282886132 183.0 0
1716282888599 184.0 0
1716282890905 185.0 0
1716282893517 186.0 0
1716282895930 187.0 0
1716282898464 188.0 0
1716282901743 189.0 0
1716282904158 190.0 0
1716282909953 191.0 0
1716282913488 192.0 0
1716282915999 193.0 0
1716282918395 194.0 0
1716282920985 195.0 0
1716282924478 196.0 0
1716282927489 197.0 0
1716282929887 198.0 0
1716282932251 199.0 0
1716282935164 200.0 0
1716282940576 201.0 0
1716282943360 202.0 0
1716282946425 203.0 0
1716282949553 204.0 0
1716282951893 205.0 0
1716282954388 206.0 0
1716282956918 207.0 0
1716282959265 208.0 0
1716282962246 209.0 0
1716282964734 210.0 0
1716282970005 211.0 0
1716282973083 212.0 0
1716282977030 213.0 0
1716282980861 214.0 0
1716282984531 215.0 0
1716282987747 216.0 0
1716282990516 217.0 0
1716282993131 218.0 0
1716282995688 219.0 0
1716282998874 220.0 0
1716283004807 221.0 0
1716283007576 222.0 0
1716283010002 223.0 0
1716283012680 224.0 0
1716283015991 225.0 0
1716283018643 226.0 0
1716283021527 227.0 0
1716283023968 228.0 0
1716283026516 229.0 0
1716283029354 230.0 0
1716283034757 231.0 0
1716283037087 232.0 0
1716283040076 233.0 0
1716283042567 234.0 0
1716283044958 235.0 0
1716283047893 236.0 0
1716283050547 237.0 0
1716283052937 238.0 0
1716283055451 239.0 0
1716283057977 240.0 0
1716283063528 241.0 0
1716283067235 242.0 0
1716283071283 243.0 0
1716283074655 244.0 0
1716283077910 245.0 0
1716283080586 246.0 0
1716283083111 247.0 0
1716283085856 248.0 0
1716283088430 249.0 0
1716283091122 250.0 0
1716283096664 251.0 0
1716283099536 252.0 0
1716283102519 253.0 0
1716283105125 254.0 0
1716283108269 255.0 0
1716283110821 256.0 0
1716283113253 257.0 0
1716283115686 258.0 0
1716283118224 259.0 0
1716283120607 260.0 0
1716283126364 261.0 0
1716283128926 262.0 0
1716283131901 263.0 0
1716283134386 264.0 0
1716283136986 265.0 0
1716283139613 266.0 0
1716283142060 267.0 0
1716283144701 268.0 0
1716283147154 269.0 0
1716283149607 270.0 0
1716283154950 271.0 0
1716283157417 272.0 0
1716283160740 273.0 0
1716283163304 274.0 0
1716283166187 275.0 0
1716283168676 276.0 0
1716283171199 277.0 0
1716283173894 278.0 0
1716283176321 279.0 0
1716283178959 280.0 0
1716283185373 281.0 0
1716283188384 282.0 0
1716283191208 283.0 0
1716283193694 284.0 0
1716283196273 285.0 0
1716283199110 286.0 0
1716283202311 287.0 0
1716283204818 288.0 0
1716283207296 289.0 0
1716283210236 290.0 0
1716283216015 291.0 0
1716283218435 292.0 0
1716283221291 293.0 0
1716283223725 294.0 0
1716283226301 295.0 0
1716283229058 296.0 0
1716283232990 297.0 0
1716283235682 298.0 0
1716283238575 299.0 0
1716283242370 300.0 0
1716283248284 301.0 0
1716283250987 302.0 0
1716283253365 303.0 0
1716283256054 304.0 0
1716283259150 305.0 0
1716283262113 306.0 0
1716283264826 307.0 0
1716283267884 308.0 0
1716283270498 309.0 0
1716283273444 310.0 0
1716283279350 311.0 0
1716283282432 312.0 0
1716283285198 313.0 0
1716283288499 314.0 0
1716283292279 315.0 0
1716283294931 316.0 0
1716283298118 317.0 0
1716283300776 318.0 0
1716283304640 319.0 0
1716283307825 320.0 0
1716283313473 321.0 0
1716283316054 322.0 0
1716283319140 323.0 0
1716283321952 324.0 0
1716283324615 325.0 0
1716283327622 326.0 0
1716283330363 327.0 0
1716283333377 328.0 0
1716283336741 329.0 0
1716283339483 330.0 0
1716283345322 331.0 0
1716283348123 332.0 0
1716283350901 333.0 0
1716283353723 334.0 0
1716283356882 335.0 0
1716283359605 336.0 0
1716283363035 337.0 0
1716283366046 338.0 0
1716283368859 339.0 0
1716283372969 340.0 0
1716283379352 341.0 0
1716283383248 342.0 0
1716283386153 343.0 0
1716283389447 344.0 0
1716283392090 345.0 0
1716283394962 346.0 0
1716283398458 347.0 0
1716283401097 348.0 0
1716283404703 349.0 0
1716283409971 350.0 0
1716283417675 351.0 0
1716283422577 352.0 0
1716283426965 353.0 0
1716283430859 354.0 0
1716283434144 355.0 0
1716283437531 356.0 0
1716283442410 357.0 0
1716283447009 358.0 0
1716283450541 359.0 0
1716283453309 360.0 0
1716283460795 361.0 0
1716283464823 362.0 0
1716283469129 363.0 0
1716283473294 364.0 0
1716283478068 365.0 0
1716283483745 366.0 0
1716283488229 367.0 0
1716283491876 368.0 0
1716283495812 369.0 0
1716283499152 370.0 0
1716283505764 371.0 0
1716283509612 372.0 0
1716283513273 373.0 0
1716283516749 374.0 0
1716283520644 375.0 0
1716283523469 376.0 0
1716283527273 377.0 0
1716283529977 378.0 0
1716283532803 379.0 0
1716283536159 380.0 0
1716283544920 381.0 0
1716283547999 382.0 0
1716283552822 383.0 0
1716283557176 384.0 0
1716283560880 385.0 0
1716283564352 386.0 0
1716283568168 387.0 0
1716283571336 388.0 0
1716283574734 389.0 0
1716283578626 390.0 0
1716283585475 391.0 0
1716283588767 392.0 0
1716283591725 393.0 0
1716283594938 394.0 0
1716283598595 395.0 0
1716283602551 396.0 0
1716283606067 397.0 0
1716283609424 398.0 0
1716283613097 399.0 0
1716283616386 400.0 0
1716283623118 401.0 0
1716283626655 402.0 0
1716283629714 403.0 0
1716283633226 404.0 0
1716283636904 405.0 0
1716283640299 406.0 0
1716283644177 407.0 0
1716283647300 408.0 0
1716283651029 409.0 0
1716283655350 410.0 0
1716283661938 411.0 0
1716283665278 412.0 0
1716283668984 413.0 0
1716283672068 414.0 0
1716283675482 415.0 0
1716283679076 416.0 0
1716283683088 417.0 0
1716283686555 418.0 0
1716283690301 419.0 0
1716283693486 420.0 0
1716283699965 421.0 0
1716283703420 422.0 0
1716283707587 423.0 0
1716283711193 424.0 0
1716283714476 425.0 0
1716283717287 426.0 0
1716283720739 427.0 0
1716283724406 428.0 0
1716283727970 429.0 0
1716283731608 430.0 0
1716283738173 431.0 0
1716283742082 432.0 0
1716283745392 433.0 0
1716283748879 434.0 0
1716283752903 435.0 0
1716283756169 436.0 0
1716283759988 437.0 0
1716283763241 438.0 0
1716283766808 439.0 0
1716283770169 440.0 0
1716283776325 441.0 0
1716283779233 442.0 0
1716283783397 443.0 0
1716283787393 444.0 0
1716283790548 445.0 0
1716283793861 446.0 0
1716283797150 447.0 0
1716283800289 448.0 0
1716283803703 449.0 0
1716283806713 450.0 0
1716283813669 451.0 0
1716283816829 452.0 0
1716283820519 453.0 0
1716283823811 454.0 0
1716283827414 455.0 0
1716283830353 456.0 0
1716283833629 457.0 0
1716283837333 458.0 0
1716283841645 459.0 0
1716283845453 460.0 0
1716283851896 461.0 0
1716283855236 462.0 0
1716283858142 463.0 0
1716283861888 464.0 0
1716283865763 465.0 0
1716283869253 466.0 0
1716283873271 467.0 0
1716283876857 468.0 0
1716283880287 469.0 0
1716283883918 470.0 0
1716283890361 471.0 0
1716283893413 472.0 0
1716283897283 473.0 0
1716283900814 474.0 0
1716283904941 475.0 0
1716283908911 476.0 0
1716283912492 477.0 0
1716283915856 478.0 0
1716283919693 479.0 0
1716283922985 480.0 0
1716283930049 481.0 0
1716283934251 482.0 0
1716283938985 483.0 0
1716283943377 484.0 0
1716283949291 485.0 0
1716283953948 486.0 0
1716283957230 487.0 0
1716283960760 488.0 0
1716283964104 489.0 0
1716283967147 490.0 0
