1716282287284 9.071967124938965 0
1716282292350 7.571990013122559 0
1716282295771 8.064299583435059 0
1716282298954 7.196861267089844 0
1716282302698 6.267446041107178 0
1716282306203 6.129523754119873 0
1716282310073 5.581526279449463 0
1716282315430 5.184000492095947 0
1716282320371 5.057971000671387 0
1716282323196 4.724517345428467 0
1716282331723 4.534008502960205 0
1716282338044 4.328346252441406 0
1716282342516 4.176974773406982 0
1716282345657 3.806286573410034 0
1716282348983 3.66697359085083 0
1716282352261 3.641819953918457 0
1716282355535 3.8433895111083984 0
1716282358267 3.8543460369110107 0
1716282360732 3.7948310375213623 0
1716282363495 3.4263718128204346 0
1716282368935 3.4597623348236084 0
1716282372272 3.1989376544952393 0
1716282376388 3.5124597549438477 0
1716282379112 4.037858963012695 0
1716282381505 3.802722215652466 0
1716282384250 3.30090069770813 0
1716282386909 3.449017286300659 0
1716282389496 3.247763156890869 0
1716282392509 3.1128461360931396 0
1716282395272 2.9571595191955566 0
1716282401298 2.9203264713287354 0
1716282404448 3.1004645824432373 0
1716282407530 3.3659255504608154 0
1716282409853 3.1070430278778076 0
1716282412601 2.8700788021087646 0
1716282415009 2.937629461288452 0
1716282417368 3.131277561187744 0
1716282420213 2.941514015197754 0
1716282422703 2.8316948413848877 0
1716282426674 2.9009766578674316 0
1716282436395 3.045415163040161 0
1716282439885 2.9062256813049316 0
1716282444088 2.877866744995117 0
1716282447809 3.4397497177124023 0
1716282452175 3.1858363151550293 0
1716282454766 3.116731643676758 0
1716282457852 2.833440065383911 0
1716282460452 2.7144553661346436 0
1716282462742 2.6489808559417725 0
1716282465284 2.722665548324585 0
1716282471074 2.5943737030029297 0
1716282473643 2.5841541290283203 0
1716282476697 2.5655441284179688 0
1716282479400 2.6594977378845215 0
1716282482037 2.598818063735962 0
1716282485096 2.775388479232788 0
1716282487621 2.589608669281006 0
1716282490337 2.598261594772339 0
1716282493273 2.738128423690796 0
1716282496177 2.5863702297210693 0
1716282501525 2.5341708660125732 0
1716282504759 2.515848398208618 0
1716282508985 2.56905198097229 0
1716282512314 2.5609395503997803 0
1716282515481 2.583428382873535 0
1716282517807 2.4461138248443604 0
1716282520231 2.39793062210083 0
1716282522540 2.3825912475585938 0
1716282525688 2.3641231060028076 0
1716282528243 2.378084897994995 0
1716282533418 2.36053729057312 0
1716282536086 2.432447910308838 0
1716282538408 2.594252824783325 0
1716282541420 2.8350818157196045 0
1716282545082 2.539468765258789 0
1716282548558 2.387181282043457 0
1716282552162 2.349365234375 0
1716282555040 2.32391357421875 0
1716282557781 2.355355978012085 0
1716282561232 2.4390616416931152 0
1716282568678 2.279813528060913 0
1716282571684 2.265618085861206 0
1716282575628 2.4913010597229004 0
1716282579877 3.529737710952759 0
1716282582986 4.272001266479492 0
1716282586915 3.2800188064575195 0
1716282589575 2.750786542892456 0
1716282592069 2.5360445976257324 0
1716282595100 2.4351024627685547 0
1716282597437 2.385521411895752 0
1716282602703 2.329552412033081 0
1716282605668 2.2975471019744873 0
1716282607983 2.249467372894287 0
1716282610421 2.23675274848938 0
1716282613283 2.206415891647339 0
1716282616086 2.2218832969665527 0
1716282618538 2.2047219276428223 0
1716282620990 2.290773630142212 0
1716282623702 2.314485788345337 0
1716282626265 2.21073055267334 0
1716282631746 2.0999414920806885 0
1716282634661 2.077265501022339 0
1716282637456 2.0557193756103516 0
1716282639992 2.063441276550293 0
1716282643387 2.0500876903533936 0
1716282646334 2.1364645957946777 0
1716282649373 2.0321402549743652 0
1716282652316 2.0274131298065186 0
1716282655199 2.0089123249053955 0
1716282658296 2.095911741256714 0
1716282663974 2.048583507537842 0
1716282666641 2.085953950881958 0
1716282669664 2.153618097305298 0
1716282673096 2.2092854976654053 0
1716282676442 2.4448044300079346 0
1716282679733 2.687577247619629 0
1716282683228 2.4572410583496094 0
1716282686387 2.1690196990966797 0
1716282689242 2.0832669734954834 0
1716282691652 2.0389959812164307 0
1716282697686 2.048386812210083 0
1716282700717 2.013251304626465 0
1716282703593 2.054888963699341 0
1716282706841 2.0319178104400635 0
1716282709815 2.1331210136413574 0
1716282712875 1.9170660972595215 0
1716282715313 1.9015424251556396 0
1716282718093 1.8959784507751465 0
1716282720509 2.0087103843688965 0
1716282723156 1.9160404205322266 0
1716282728534 2.0628576278686523 0
1716282731938 1.8602253198623657 0
1716282735256 1.8886826038360596 0
1716282737742 1.8563027381896973 0
1716282740048 2.0251407623291016 0
1716282742473 1.8347914218902588 0
1716282744863 1.8801556825637817 0
1716282747210 1.8394625186920166 0
1716282749888 2.0241756439208984 0
1716282752665 1.8309507369995117 0
1716282758031 1.9089301824569702 0
1716282760843 1.7813397645950317 0
1716282764419 1.8621875047683716 0
1716282767076 1.7594177722930908 0
1716282769774 1.8558945655822754 0
1716282772213 1.8420201539993286 0
1716282774612 2.050816535949707 0
1716282777090 2.219721794128418 0
1716282780421 2.572035074234009 0
1716282783838 2.102971315383911 0
1716282789050 1.8508001565933228 0
1716282791464 1.8282086849212646 0
1716282795343 1.7216882705688477 0
1716282798138 1.6979016065597534 0
1716282801151 1.6890169382095337 0
1716282803569 1.7837457656860352 0
1716282805924 1.705544352531433 0
1716282808552 1.8804134130477905 0
1716282811795 1.682358741760254 0
1716282814246 1.7362236976623535 0
1716282819800 1.7398326396942139 0
1716282822417 2.026668071746826 0
1716282824825 1.917993187904358 0
1716282827924 2.2959070205688477 0
1716282830635 2.041980266571045 0
1716282833215 1.858546495437622 0
1716282836196 1.8816330432891846 0
1716282838675 1.8499224185943604 0
1716282841977 1.696390151977539 0
1716282845117 1.6952629089355469 0
1716282850975 1.6188839673995972 0
1716282853379 1.6399277448654175 0
1716282856513 1.6071454286575317 0
1716282858794 1.717450499534607 0
1716282861353 1.583342432975769 0
1716282864166 1.6882561445236206 0
1716282866516 1.7142657041549683 0
1716282869051 2.2477211952209473 0
1716282871247 2.323622703552246 0
1716282873745 2.096076488494873 0
1716282879116 1.7599153518676758 0
1716282882568 1.6176282167434692 0
1716282886095 1.5723621845245361 0
1716282888583 1.54709792137146 0
1716282890878 1.5370759963989258 0
1716282893502 1.567240834236145 0
1716282895916 1.686545491218567 0
1716282898435 1.6112685203552246 0
1716282901710 1.7605689764022827 0
1716282904130 1.7801251411437988 0
1716282909923 2.0927610397338867 0
1716282913464 1.752777099609375 0
1716282915977 1.6589592695236206 0
1716282918380 1.5637133121490479 0
1716282920970 1.6249420642852783 0
1716282924439 1.589902639389038 0
1716282927465 1.767937183380127 0
1716282929863 1.5507166385650635 0
1716282932220 1.572379469871521 0
1716282935145 1.5667558908462524 0
1716282940562 1.647902488708496 0
1716282943311 1.6717374324798584 0
1716282946401 1.692112684249878 0
1716282949517 1.5412836074829102 0
1716282951878 1.6049250364303589 0
1716282954364 1.5157413482666016 0
1716282956902 1.646315574645996 0
1716282959239 1.517667531967163 0
1716282962218 1.6236202716827393 0
1716282964712 1.4812202453613281 0
1716282969982 1.5398225784301758 0
1716282973064 1.4911212921142578 0
1716282976989 1.6280769109725952 0
1716282980841 1.5498698949813843 0
1716282984501 1.7285093069076538 0
1716282987720 1.522736668586731 0
1716282990480 1.6386022567749023 0
1716282993110 1.4268790483474731 0
1716282995666 1.431888461112976 0
1716282998850 1.4598804712295532 0
1716283004783 1.5310430526733398 0
1716283007552 1.5100079774856567 0
1716283009977 1.601185917854309 0
1716283012650 1.5023940801620483 0
1716283015953 1.5847927331924438 0
1716283018617 1.558998703956604 0
1716283021508 1.5730928182601929 0
1716283023950 1.5553879737854004 0
1716283026497 1.4903020858764648 0
1716283029335 1.464125394821167 0
1716283034729 1.3923451900482178 0
1716283037072 1.375587821006775 0
1716283040054 1.380994439125061 0
1716283042550 1.428950548171997 0
1716283044933 1.5197261571884155 0
1716283047869 2.044698476791382 0
1716283050524 3.2201106548309326 0
1716283052913 2.538665294647217 0
1716283055417 1.9649945497512817 0
1716283057957 1.6587151288986206 0
1716283063500 1.5016686916351318 0
1716283067199 1.4394656419754028 0
1716283071256 1.4127657413482666 0
1716283074624 1.4269095659255981 0
1716283077887 1.4570908546447754 0
1716283080555 1.4657444953918457 0
1716283083091 1.445119023323059 0
1716283085835 1.4754544496536255 0
1716283088406 1.42491614818573 0
1716283091096 1.5284022092819214 0
1716283096625 1.338340163230896 0
1716283099518 1.3624119758605957 0
1716283102496 1.342463731765747 0
1716283105107 1.4551653861999512 0
1716283108233 1.3643009662628174 0
1716283110791 1.5330076217651367 0
1716283113230 1.4129254817962646 0
1716283115663 1.539005994796753 0
1716283118194 1.320294737815857 0
1716283120580 1.2992591857910156 0
1716283126350 1.280220627784729 0
1716283128901 1.3542250394821167 0
1716283131876 1.3273510932922363 0
1716283134371 1.4459291696548462 0
1716283136968 1.4351810216903687 0
1716283139596 1.4936699867248535 0
1716283142028 1.326619029045105 0
1716283144678 1.3408358097076416 0
1716283147129 1.3325780630111694 0
1716283149580 1.337046504020691 0
1716283154930 1.2843648195266724 0
1716283157359 1.3778117895126343 0
1716283160719 1.3457688093185425 0
1716283163279 1.6019166707992554 0
1716283166158 1.4234850406646729 0
1716283168643 1.597512125968933 0
1716283171183 1.330819845199585 0
1716283173878 1.3118698596954346 0
1716283176288 1.3000764846801758 0
1716283178931 1.3497885465621948 0
1716283185341 1.2613226175308228 0
1716283188358 1.2637083530426025 0
1716283191187 1.217793583869934 0
1716283193664 1.2479610443115234 0
1716283196237 1.2274179458618164 0
1716283199091 1.3441047668457031 0
1716283202290 1.455108880996704 0
1716283204784 1.6493654251098633 0
1716283207281 1.3354315757751465 0
1716283210217 1.2768419981002808 0
1716283215988 1.2705022096633911 0
1716283218397 1.2140552997589111 0
1716283221274 1.1886789798736572 0
1716283223696 1.1844894886016846 0
1716283226276 1.1786394119262695 0
1716283229042 1.3131784200668335 0
1716283232963 1.2654880285263062 0
1716283235660 1.571087121963501 0
1716283238548 1.3580633401870728 0
1716283242336 1.8075852394104004 0
1716283248245 1.554769515991211 0
1716283250968 1.4423785209655762 0
1716283253337 1.249259352684021 0
1716283256028 1.2023851871490479 0
1716283259124 1.1741160154342651 0
1716283262090 1.1908072233200073 0
1716283264800 1.2061604261398315 0
1716283267848 1.3269907236099243 0
1716283270462 1.3697513341903687 0
1716283273426 1.3230139017105103 0
1716283279317 1.173626184463501 0
1716283282413 1.1434569358825684 0
1716283285172 1.1368896961212158 0
1716283288470 1.132638692855835 0
1716283292256 1.1584532260894775 0
1716283294876 1.2440255880355835 0
1716283298094 1.3163243532180786 0
1716283300745 1.5288265943527222 0
1716283304617 1.7600047588348389 0
1716283307807 1.7166568040847778 0
1716283313457 1.1691439151763916 0
1716283316019 1.127492070198059 0
1716283319117 1.1426541805267334 0
1716283321933 1.1452049016952515 0
1716283324586 1.2792407274246216 0
1716283327600 1.1323436498641968 0
1716283330341 1.171843409538269 0
1716283333344 1.1314204931259155 0
1716283336705 1.2390309572219849 0
1716283339466 1.070549488067627 0
1716283345299 1.0581899881362915 0
1716283348102 1.0500918626785278 0
1716283350879 1.0786421298980713 0
1716283353694 1.11142098903656 0
1716283356861 1.125504970550537 0
1716283359576 1.159475564956665 0
1716283363002 1.2212687730789185 0
1716283366022 1.3622503280639648 0
1716283368830 1.266160249710083 0
1716283372936 1.51170814037323 0
1716283379316 1.2209386825561523 0
1716283383225 1.2877076864242554 0
1716283386136 1.1248043775558472 0
1716283389406 1.0974019765853882 0
1716283392059 1.079911231994629 0
1716283394923 1.0746060609817505 0
1716283398433 1.108878254890442 0
1716283401072 1.0395549535751343 0
1716283404649 1.056254267692566 0
1716283409934 1.1014235019683838 0
1716283417640 1.1543363332748413 0
1716283422532 1.2961504459381104 0
1716283426935 1.1075477600097656 0
1716283430838 1.156778335571289 0
1716283434123 1.0704342126846313 0
1716283437493 1.0886205434799194 0
1716283442370 1.0165989398956299 0
1716283446975 1.135912537574768 0
1716283450503 0.9892924427986145 0
1716283453270 1.068224310874939 0
1716283460754 0.9868327379226685 0
1716283464785 1.1132254600524902 0
1716283469107 1.0244789123535156 0
1716283473243 1.1836196184158325 0
1716283478039 1.0013179779052734 0
1716283483713 1.0648382902145386 0
1716283488206 1.0166265964508057 0
1716283491847 1.0654916763305664 0
1716283495785 1.0876816511154175 0
1716283499130 1.1179394721984863 0
1716283505747 1.1504380702972412 0
1716283509585 1.1049778461456299 0
1716283513246 1.1498032808303833 0
1716283516710 1.1294583082199097 0
1716283520623 1.3205395936965942 0
1716283523441 1.9330480098724365 0
1716283527252 1.915606141090393 0
1716283529959 1.304190993309021 0
1716283532786 1.0940343141555786 0
1716283536132 1.0180244445800781 0
1716283544898 0.9981802701950073 0
1716283547938 0.9519430994987488 0
1716283552755 0.9461565017700195 0
1716283557135 0.9384930729866028 0
1716283560851 1.0032463073730469 0
1716283564325 0.9390156269073486 0
1716283568145 0.95920330286026 0
1716283571307 0.9690494537353516 0
1716283574710 1.0775445699691772 0
1716283578604 1.0433850288391113 0
1716283585464 0.9962438344955444 0
1716283588739 1.0411522388458252 0
1716283591698 1.0144895315170288 0
1716283594911 1.0845249891281128 0
1716283598572 1.051853060722351 0
1716283602520 1.2675594091415405 0
1716283606045 1.0523418188095093 0
1716283609392 1.059121012687683 0
1716283613073 0.9494859576225281 0
1716283616334 0.9502533078193665 0
1716283623098 0.9145561456680298 0
1716283626622 0.9520227909088135 0
1716283629681 0.8963865637779236 0
1716283633193 0.9429380297660828 0
1716283636880 0.8904492259025574 0
1716283640267 0.9565112590789795 0
1716283644135 0.9345059394836426 0
1716283647256 1.1125907897949219 0
1716283651008 1.0349668264389038 0
1716283655321 1.242580771446228 0
1716283661915 0.928090512752533 0
1716283665252 0.8997474908828735 0
1716283668952 0.8742821216583252 0
1716283672047 0.9021967053413391 0
1716283675460 0.8671228885650635 0
1716283679048 0.9327782392501831 0
1716283683057 0.8731564879417419 0
1716283686523 0.9436026215553284 0
1716283690273 0.9369969367980957 0
1716283693445 1.107483148574829 0
1716283699946 1.5726605653762817 0
1716283703402 1.8985800743103027 0
1716283707563 1.4634430408477783 0
1716283711172 1.2617897987365723 0
1716283714441 1.1108394861221313 0
1716283717258 0.9813103079795837 0
1716283720653 0.9110655784606934 0
1716283724380 0.8725797533988953 0
1716283727945 0.8456282615661621 0
1716283731582 0.8311173319816589 0
1716283738154 0.8238429427146912 0
1716283742037 0.8285881280899048 0
1716283745362 0.8312706351280212 0
1716283748851 0.9405050873756409 0
1716283752872 0.8844799995422363 0
1716283756145 0.9925212264060974 0
1716283759947 0.9487323760986328 0
1716283763222 1.060217261314392 0
1716283766769 0.8599169850349426 0
1716283770147 0.8482218980789185 0
1716283776301 0.8080059885978699 0
1716283779188 0.8237800002098083 0
1716283783360 0.7982305288314819 0
1716283787373 0.8536231517791748 0
1716283790528 0.8110144138336182 0
1716283793826 0.9063932299613953 0
1716283797114 0.8079589009284973 0
1716283800257 0.869268536567688 0
1716283803681 0.8160141110420227 0
1716283806661 0.9614147543907166 0
1716283813629 0.9470424056053162 0
1716283816806 1.3553494215011597 0
1716283820484 1.715746521949768 0
1716283823775 2.6409387588500977 0
1716283827382 1.4945833683013916 0
1716283830322 1.275714635848999 0
1716283833597 1.366843342781067 0
1716283837311 1.1702948808670044 0
1716283841626 1.3347504138946533 0
1716283845426 1.029356598854065 0
1716283851881 0.9696285724639893 0
1716283855213 0.8578187823295593 0
1716283858113 0.8218358755111694 0
1716283861871 0.7988746166229248 0
1716283865738 0.7832720875740051 0
1716283869228 0.7708158493041992 0
1716283873238 0.7617284655570984 0
1716283876841 0.7563720941543579 0
1716283880260 0.7572550773620605 0
1716283883902 0.7738548517227173 0
1716283890340 0.7847825884819031 0
1716283893378 0.8426133990287781 0
1716283897253 0.8400802612304688 0
1716283900789 0.9225257635116577 0
1716283904918 0.9076381921768188 0
1716283908885 1.0165693759918213 0
1716283912461 0.9313217997550964 0
1716283915810 1.0263441801071167 0
1716283919666 0.9593220353126526 0
1716283922926 1.0043047666549683 0
1716283930030 1.042996883392334 0
1716283934212 1.0738959312438965 0
1716283938961 0.8316298723220825 0
1716283943355 0.7656383514404297 0
1716283949255 0.74643874168396 0
1716283953914 0.7216997742652893 0
1716283957192 0.7169419527053833 0
1716283960738 0.7086701989173889 0
1716283964074 0.7146629095077515 0
1716283967103 0.7073048949241638 0
