1716282287351 1.5996348857879639 0
1716282292379 1.320486068725586 0
1716282295815 1.3536221981048584 0
1716282298990 1.030022144317627 0
1716282302735 1.2959108352661133 0
1716282306241 1.3547868728637695 0
1716282310177 1.4797041416168213 0
1716282315472 1.4720268249511719 0
1716282320412 1.3828060626983643 0
1716282323236 0.7955920696258545 0
1716282331775 1.7950489521026611 0
1716282338084 1.5682368278503418 0
1716282342567 1.4252760410308838 0
1716282345708 1.1204338073730469 0
1716282349025 1.251776933670044 0
1716282352291 1.0633859634399414 0
1716282355560 1.030040979385376 0
1716282358306 0.7591149806976318 0
1716282360760 0.6987218856811523 0
1716282363524 1.053670883178711 0
1716282368957 1.3523221015930176 0
1716282372295 1.1501250267028809 0
1716282376439 1.3679900169372559 0
1716282379139 0.6858220100402832 0
1716282381536 0.6201572418212891 0
1716282384277 0.9469108581542969 0
1716282386932 0.9810688495635986 0
1716282389524 0.8955199718475342 0
1716282392547 1.0596129894256592 0
1716282395328 1.1367261409759521 0
1716282401323 1.264200210571289 0
1716282404497 1.2462542057037354 0
1716282407597 1.247236728668213 0
1716282409881 0.6096901893615723 0
1716282412638 1.0999648571014404 0
1716282415047 0.6415910720825195 0
1716282417399 0.6806819438934326 0
1716282420241 1.0356230735778809 0
1716282422749 0.8271260261535645 0
1716282426710 1.5234389305114746 0
1716282436456 2.0357859134674072 0
1716282439924 1.2897040843963623 0
1716282444113 1.3551278114318848 0
1716282447841 1.4170489311218262 0
1716282452249 1.3459031581878662 0
1716282454810 0.7613091468811035 0
1716282457891 1.0604557991027832 0
1716282460475 0.5948631763458252 0
1716282462770 0.5867788791656494 0
1716282465328 0.6970398426055908 0
1716282471090 1.2193670272827148 0
1716282473667 0.7387549877166748 0
1716282476732 1.0321738719940186 0
1716282479425 0.8233001232147217 0
1716282482079 0.738757848739624 0
1716282485128 1.0517160892486572 0
1716282487663 0.6238012313842773 0
1716282490363 0.8018031120300293 0
1716282493327 1.023460865020752 0
1716282496200 0.815345048904419 0
1716282501555 1.2246220111846924 0
1716282504784 1.0080599784851074 0
1716282509023 1.415736198425293 0
1716282512344 1.065237045288086 0
1716282515506 1.044990062713623 0
1716282517834 0.5753488540649414 0
1716282520266 0.7118921279907227 0
1716282522578 0.636415958404541 0
1716282525734 1.3539562225341797 0
1716282528272 0.8025782108306885 0
1716282533467 1.2146680355072021 0
1716282536124 0.8112540245056152 0
1716282538433 0.5568249225616455 0
1716282541465 1.1599071025848389 0
1716282545122 1.5635511875152588 0
1716282548599 1.102424144744873 0
1716282552197 1.1947441101074219 0
1716282555067 0.8121049404144287 0
1716282557816 0.6513290405273438 0
1716282561280 1.488358974456787 0
1716282568727 1.2957959175109863 0
1716282571718 0.9038710594177246 0
1716282575711 1.4550073146820068 0
1716282579911 1.489635705947876 0
1716282583017 1.0268850326538086 0
1716282586944 1.4247610569000244 0
1716282589604 0.64630126953125 0
1716282592105 0.7380061149597168 0
1716282595164 1.1071319580078125 0
1716282597472 0.6039431095123291 0
1716282602769 1.3095927238464355 0
1716282605706 0.9670999050140381 0
1716282608031 0.6011772155761719 0
1716282610442 0.6593148708343506 0
1716282613315 1.080470085144043 0
1716282616110 1.0054740905761719 0
1716282618565 0.5849599838256836 0
1716282621016 0.6424572467803955 0
1716282623731 0.7420649528503418 0
1716282626338 0.8159711360931396 0
1716282631784 1.1907618045806885 0
1716282634705 1.0757107734680176 0
1716282637508 0.8625838756561279 0
1716282640010 0.6498448848724365 0
1716282643437 1.2486851215362549 0
1716282646359 0.8784623146057129 0
1716282649409 1.052008867263794 0
1716282652359 1.025907039642334 0
1716282655239 0.8913111686706543 0
1716282658330 0.9736340045928955 0
1716282664006 1.2326159477233887 0
1716282666678 0.6907281875610352 0
1716282669718 1.075382947921753 0
1716282673142 1.3949151039123535 0
1716282676483 1.0193548202514648 0
1716282679762 1.1008882522583008 0
1716282683267 1.484083890914917 0
1716282686436 1.0114960670471191 0
1716282689281 0.8052158355712891 0
1716282691673 0.5529539585113525 0
1716282697714 1.2315480709075928 0
1716282700743 1.1145098209381104 0
1716282703636 0.806286096572876 0
1716282706892 1.0516679286956787 0
1716282709848 0.9662249088287354 0
1716282712901 1.1190831661224365 0
1716282715369 0.7544150352478027 0
1716282718124 0.9837150573730469 0
1716282720552 0.6007938385009766 0
1716282723180 0.8597371578216553 0
1716282728567 1.2204828262329102 0
1716282731967 1.2960162162780762 0
1716282735292 1.3048391342163086 0
1716282737770 0.6727249622344971 0
1716282740084 0.5965301990509033 0
1716282742501 0.6751396656036377 0
1716282744889 0.6927890777587891 0
1716282747239 0.6155691146850586 0
1716282749911 0.702686071395874 0
1716282752700 1.0273120403289795 0
1716282758063 1.2090449333190918 0
1716282760881 0.9109959602355957 0
1716282764476 1.2446160316467285 0
1716282767116 0.6529550552368164 0
1716282769799 0.6853160858154297 0
1716282772235 0.6713950634002686 0
1716282774635 0.6056370735168457 0
1716282777121 0.6976518630981445 0
1716282780457 1.116258144378662 0
1716282783866 1.2393698692321777 0
1716282789070 1.1615757942199707 0
1716282791505 0.733903169631958 0
1716282795390 1.5247070789337158 0
1716282798189 0.7129569053649902 0
1716282801182 1.1002178192138672 0
1716282803590 0.5812630653381348 0
1716282805953 0.6749420166015625 0
1716282808578 0.9309530258178711 0
1716282811822 1.257606029510498 0
1716282814271 0.653141975402832 0
1716282819827 1.1751987934112549 0
1716282822444 0.6491250991821289 0
1716282824860 0.6623978614807129 0
1716282827951 1.0274927616119385 0
1716282830691 0.9586212635040283 0
1716282833244 0.8085861206054688 0
1716282836230 1.0799176692962646 0
1716282838726 0.7069268226623535 0
1716282842005 1.3479011058807373 0
1716282845159 1.0354020595550537 0
1716282851031 1.3076012134552002 0
1716282853411 0.6309120655059814 0
1716282856542 1.0570869445800781 0
1716282858815 0.596107006072998 0
1716282861400 0.7366232872009277 0
1716282864226 1.0800766944885254 0
1716282866545 0.5929887294769287 0
1716282869074 0.6709189414978027 0
1716282871267 0.5594277381896973 0
1716282873780 0.682844877243042 0
1716282879159 1.232100009918213 0
1716282882596 1.3452401161193848 0
1716282886150 1.2129278182983398 0
1716282888605 0.6412050724029541 0
1716282890911 0.5841879844665527 0
1716282893523 0.6819088459014893 0
1716282895936 0.6838490962982178 0
1716282898477 0.7126688957214355 0
1716282901749 1.3320739269256592 0
1716282904165 0.6637368202209473 0
1716282909969 1.3350160121917725 0
1716282913501 1.3276770114898682 0
1716282916019 0.6625218391418457 0
1716282918401 0.5951392650604248 0
1716282921011 0.8075461387634277 0
1716282924485 1.2307851314544678 0
1716282927502 1.0980169773101807 0
1716282929895 0.6169962882995605 0
1716282932259 0.6628768444061279 0
1716282935190 1.0183861255645752 0
1716282940581 1.3104848861694336 0
1716282943386 0.8031890392303467 0
1716282946436 1.0674660205841064 0
1716282949560 1.1456730365753174 0
1716282951899 0.6471190452575684 0
1716282954394 0.6364681720733643 0
1716282956924 0.7727229595184326 0
1716282959271 0.6126492023468018 0
1716282962256 1.0797538757324219 0
1716282964757 0.684293270111084 0
1716282970015 1.2068250179290771 0
1716282973089 1.1163809299468994 0
1716282977041 1.3814516067504883 0
1716282980866 1.2407679557800293 0
1716282984540 1.3414793014526367 0
1716282987752 1.161280870437622 0
1716282990533 0.7786648273468018 0
1716282993137 0.6938350200653076 0
1716282995695 0.6348981857299805 0
1716282998882 1.0212252140045166 0
1716283004815 1.2530839443206787 0
1716283007588 0.7620029449462891 0
1716283010024 0.6482188701629639 0
1716283012686 0.7550318241119385 0
1716283016003 1.3150527477264404 0
1716283018649 0.6978399753570557 0
1716283021534 0.8108868598937988 0
1716283023974 0.6203088760375977 0
1716283026523 0.7151648998260498 0
1716283029375 1.002413034439087 0
1716283034772 1.2447409629821777 0
1716283037093 0.5888803005218506 0
1716283040086 0.9884788990020752 0
1716283042576 0.6948721408843994 0
1716283044972 0.6357378959655762 0
1716283047899 1.1037828922271729 0
1716283050553 0.6600520610809326 0
1716283052942 0.6046810150146484 0
1716283055463 0.6656498908996582 0
1716283057983 0.6649317741394043 0
1716283063545 1.2140343189239502 0
1716283067241 1.4157330989837646 0
1716283071291 1.373453140258789 0
1716283074661 1.075078010559082 0
1716283077928 1.126833200454712 0
1716283080604 0.6713697910308838 0
1716283083118 0.6379640102386475 0
1716283085863 0.9817910194396973 0
1716283088437 0.6619429588317871 0
1716283091128 0.7666947841644287 0
1716283096674 1.3295552730560303 0
1716283099544 1.003126859664917 0
1716283102547 1.135673999786377 0
1716283105131 0.837989091873169 0
1716283108283 1.2172279357910156 0
1716283110829 0.7510871887207031 0
1716283113265 0.7010440826416016 0
1716283115697 0.60194993019104 0
1716283118230 0.6915750503540039 0
1716283120631 0.6615300178527832 0
1716283126371 1.2200779914855957 0
1716283128932 0.6939346790313721 0
1716283131935 1.0879461765289307 0
1716283134392 0.6287591457366943 0
1716283136997 0.6893258094787598 0
1716283139619 0.8903002738952637 0
1716283142066 0.6385800838470459 0
1716283144709 0.6590468883514404 0
1716283147162 0.7380259037017822 0
1716283149630 0.6448001861572266 0
1716283154961 1.2094097137451172 0
1716283157433 0.7704172134399414 0
1716283160749 1.3533990383148193 0
1716283163323 0.677980899810791 0
1716283166195 0.9752211570739746 0
1716283168689 0.6188390254974365 0
1716283171205 0.7035620212554932 0
1716283173904 0.9401237964630127 0
1716283176327 0.6066100597381592 0
1716283178965 0.8071291446685791 0
1716283185386 1.317491054534912 0
1716283188392 1.1203789710998535 0
1716283191213 0.777275800704956 0
1716283193702 0.6161148548126221 0
1716283196297 0.7701070308685303 0
1716283199117 0.7640540599822998 0
1716283202340 1.0802581310272217 0
1716283204824 0.7295351028442383 0
1716283207304 0.6313478946685791 0
1716283210253 0.99161696434021 0
1716283216026 1.2144529819488525 0
1716283218442 0.612982988357544 0
1716283221298 0.9791738986968994 0
1716283223733 0.630460262298584 0
1716283226332 0.839911937713623 0
1716283229064 0.9052798748016357 0
1716283233019 1.547976016998291 0
1716283235688 0.7983801364898682 0
1716283238591 1.1304600238800049 0
1716283242378 1.3726418018341064 0
1716283248292 1.2573387622833252 0
1716283250995 0.94256591796875 0
1716283253380 0.6198461055755615 0
1716283256062 0.745840311050415 0
1716283259160 1.054107904434204 0
1716283262122 1.0109610557556152 0
1716283264833 0.7718510627746582 0
1716283267893 1.1228868961334229 0
1716283270505 0.6824686527252197 0
1716283273451 0.8776538372039795 0
1716283279359 1.3205111026763916 0
1716283282439 1.0496420860290527 0
1716283285204 0.7505919933319092 0
1716283288506 1.2072029113769531 0
1716283292289 1.398625135421753 0
1716283294965 0.688971757888794 0
1716283298128 1.0824029445648193 0
1716283300782 0.7493917942047119 0
1716283304660 1.080198049545288 0
1716283307833 1.0180091857910156 0
1716283313491 1.2495532035827637 0
1716283316081 0.750648021697998 0
1716283319150 1.045435905456543 0
1716283321958 0.7921230792999268 0
1716283324629 0.6883020401000977 0
1716283327628 0.7366173267364502 0
1716283330378 0.6403460502624512 0
1716283333388 0.7877581119537354 0
1716283336748 1.13944411277771 0
1716283339489 0.6934299468994141 0
1716283345333 1.1960959434509277 0
1716283348131 0.9416770935058594 0
1716283350906 0.7697410583496094 0
1716283353735 0.7263450622558594 0
1716283356890 1.0120549201965332 0
1716283359612 0.6747229099273682 0
1716283363041 1.0864760875701904 0
1716283366055 0.9997069835662842 0
1716283368873 0.721735954284668 0
1716283372983 1.4498107433319092 0
1716283379362 1.2603979110717773 0
1716283383257 1.355536937713623 0
1716283386172 0.7069051265716553 0
1716283389453 1.1555731296539307 0
1716283392104 0.7721850872039795 0
1716283394975 0.7221128940582275 0
1716283398470 1.1635289192199707 0
1716283401119 0.7479939460754395 0
1716283404723 1.5375299453735352 0
1716283409977 1.3356668949127197 0
1716283417694 1.3620188236236572 0
1716283422584 1.520920753479004 0
1716283426971 1.4954521656036377 0
1716283430866 1.3655109405517578 0
1716283434167 1.0091478824615479 0
1716283437574 1.363548755645752 0
1716283442422 1.9085309505462646 0
1716283447014 1.3588871955871582 0
1716283450549 1.231896162033081 0
1716283453318 0.6910700798034668 0
1716283460827 1.3014249801635742 0
1716283464832 1.1656827926635742 0
1716283469135 1.6189138889312744 0
1716283473309 1.3317580223083496 0
1716283478077 1.9686980247497559 0
1716283483752 1.7327358722686768 0
1716283488236 1.425704002380371 0
1716283491883 1.296720266342163 0
1716283495819 1.3421850204467773 0
1716283499174 1.0011699199676514 0
1716283505793 1.2499709129333496 0
1716283509618 1.4482128620147705 0
1716283513286 1.2731268405914307 0
1716283516761 1.180635929107666 0
1716283520652 1.42930006980896 0
1716283523475 0.7317225933074951 0
1716283527283 1.359834909439087 0
1716283530006 0.6787741184234619 0
1716283532816 0.6066417694091797 0
1716283536166 1.0350699424743652 0
1716283544928 1.2464520931243896 0
1716283548008 1.1255643367767334 0
1716283552839 1.5407030582427979 0
1716283557188 1.3737788200378418 0
1716283560886 1.2544300556182861 0
1716283564362 1.0764861106872559 0
1716283568176 1.302495002746582 0
1716283571343 0.9193308353424072 0
1716283574741 1.2198820114135742 0
1716283578636 1.5498039722442627 0
1716283585483 1.211169958114624 0
1716283588791 1.088655948638916 0
1716283591738 0.8119320869445801 0
1716283594952 0.8921489715576172 0
1716283598618 1.2275290489196777 0
1716283602557 1.462825059890747 0
1716283606075 1.0682969093322754 0
1716283609441 1.1278157234191895 0
1716283613108 1.3427321910858154 0
1716283616397 0.9791197776794434 0
1716283623126 1.2443561553955078 0
1716283626663 1.2521119117736816 0
1716283629730 0.9017930030822754 0
1716283633241 1.1284270286560059 0
1716283636924 1.3816440105438232 0
1716283640312 0.8685901165008545 0
1716283644196 1.3068270683288574 0
1716283647306 0.9046361446380615 0
1716283651035 1.1918818950653076 0
1716283655369 1.384955883026123 0
1716283661949 1.301037073135376 0
1716283665286 1.017413854598999 0
1716283668993 1.255230188369751 0
1716283672088 0.7842559814453125 0
1716283675494 0.948530912399292 0
1716283679084 1.3734498023986816 0
1716283683098 1.5482909679412842 0
1716283686559 1.0497138500213623 0
1716283690312 1.3287789821624756 0
1716283693493 0.9506642818450928 0
1716283699989 1.2692010402679443 0
1716283703437 1.1155891418457031 0
1716283707610 1.5886940956115723 0
1716283711220 1.2090859413146973 0
1716283714491 1.1106879711151123 0
1716283717316 0.7201881408691406 0
1716283720748 0.9051671028137207 0
1716283724413 1.1983609199523926 0
1716283727980 1.2808341979980469 0
1716283731617 1.1302809715270996 0
1716283738204 1.2589073181152344 0
1716283742092 1.475036859512329 0
1716283745406 0.949415922164917 0
1716283748887 1.1005330085754395 0
1716283752916 1.5048348903656006 0
1716283756176 0.7874290943145752 0
1716283759999 1.4169049263000488 0
1716283763248 0.9178659915924072 0
1716283766829 1.081376075744629 0
1716283770197 1.054746150970459 0
1716283776334 1.2076189517974854 0
1716283779253 0.8763551712036133 0
1716283783410 1.390807867050171 0
1716283787404 1.3084819316864014 0
1716283790555 0.8117148876190186 0
1716283793869 1.1240959167480469 0
1716283797160 1.1102261543273926 0
1716283800297 0.7672410011291504 0
1716283803711 1.0593841075897217 0
1716283806723 0.8407928943634033 0
1716283813678 1.2558479309082031 0
1716283816835 1.033660888671875 0
1716283820536 1.2494919300079346 0
1716283823823 0.8162281513214111 0
1716283827422 1.1992151737213135 0
1716283830361 0.6856551170349121 0
1716283833636 0.7952609062194824 0
1716283837339 1.112982988357544 0
1716283841652 1.684302806854248 0
1716283845461 1.1431641578674316 0
1716283851907 1.2168536186218262 0
1716283855244 1.1598269939422607 0
1716283858151 0.812309980392456 0
1716283861894 1.2389750480651855 0
1716283865780 1.258985996246338 0
1716283869271 0.9017581939697266 0
1716283873280 1.4993960857391357 0
1716283876864 1.2474050521850586 0
1716283880296 0.8836848735809326 0
1716283883940 1.0757548809051514 0
1716283890371 1.257481336593628 0
1716283893437 0.9254720211029053 0
1716283897303 1.464872121810913 0
1716283900821 1.1861708164215088 0
1716283904951 1.2606582641601562 0
1716283908919 1.3101308345794678 0
1716283912508 1.1066579818725586 0
1716283915865 0.8427562713623047 0
1716283919709 1.1876099109649658 0
1716283923001 0.9036750793457031 0
1716283930059 1.2629518508911133 0
1716283934259 1.5245041847229004 0
1716283938994 1.5488381385803223 0
1716283943391 1.499701976776123 0
1716283949299 2.1175060272216797 0
1716283953957 1.5290663242340088 0
1716283957245 0.835853099822998 0
1716283960774 1.0844850540161133 0
1716283964119 1.1092748641967773 0
1716283967155 0.7724440097808838 0
