1716640607814 1.0 0
1716640608480 2.0 0
1716640609008 3.0 0
1716640609457 4.0 0
1716640609893 5.0 0
1716640610332 6.0 0
1716640610758 7.0 0
1716640611188 8.0 0
1716640611608 9.0 0
1716640612034 10.0 0
1716640617684 11.0 0
1716640618302 12.0 0
1716640619093 13.0 0
1716640620610 14.0 0
1716640621405 15.0 0
1716640621942 16.0 0
1716640622390 17.0 0
1716640622871 18.0 0
1716640623337 19.0 0
1716640623849 20.0 0
1716640628848 21.0 0
1716640629292 22.0 0
1716640629756 23.0 0
1716640630243 24.0 0
1716640630704 25.0 0
1716640631177 26.0 0
1716640631617 27.0 0
1716640632135 28.0 0
1716640632615 29.0 0
1716640633083 30.0 0
1716640637792 31.0 0
1716640638285 32.0 0
1716640638722 33.0 0
1716640639216 34.0 0
1716640639686 35.0 0
1716640640131 36.0 0
1716640640585 37.0 0
1716640641069 38.0 0
1716640641532 39.0 0
1716640641984 40.0 0
1716640646788 41.0 0
1716640647267 42.0 0
1716640647765 43.0 0
1716640648289 44.0 0
1716640648756 45.0 0
1716640649189 46.0 0
1716640649631 47.0 0
1716640650120 48.0 0
1716640650559 49.0 0
1716640651035 50.0 0
1716640655851 51.0 0
1716640656345 52.0 0
1716640656897 53.0 0
1716640657391 54.0 0
1716640657858 55.0 0
1716640658321 56.0 0
1716640658805 57.0 0
1716640659368 58.0 0
1716640659879 59.0 0
1716640660422 60.0 0
1716640666574 61.0 0
1716640667013 62.0 0
1716640667475 63.0 0
1716640667935 64.0 0
1716640668414 65.0 0
1716640668889 66.0 0
1716640669339 67.0 0
1716640669840 68.0 0
1716640670318 69.0 0
1716640670786 70.0 0
1716640675804 71.0 0
1716640676234 72.0 0
1716640676720 73.0 0
1716640677173 74.0 0
1716640677613 75.0 0
1716640678112 76.0 0
1716640678560 77.0 0
1716640679039 78.0 0
1716640679559 79.0 0
1716640680042 80.0 0
1716640684665 81.0 0
1716640685181 82.0 0
1716640685708 83.0 0
1716640686151 84.0 0
1716640686589 85.0 0
1716640687056 86.0 0
1716640687505 87.0 0
1716640688010 88.0 0
1716640688496 89.0 0
1716640688979 90.0 0
1716640693433 91.0 0
1716640693880 92.0 0
1716640694332 93.0 0
1716640694767 94.0 0
1716640695221 95.0 0
1716640695683 96.0 0
1716640696133 97.0 0
1716640696595 98.0 0
1716640697073 99.0 0
1716640697576 100.0 0
1716640703716 101.0 0
1716640704151 102.0 0
1716640704596 103.0 0
1716640705023 104.0 0
1716640705458 105.0 0
1716640705905 106.0 0
1716640706385 107.0 0
1716640706841 108.0 0
1716640707306 109.0 0
1716640707776 110.0 0
1716640712180 111.0 0
1716640712620 112.0 0
1716640713117 113.0 0
1716640713600 114.0 0
1716640714081 115.0 0
1716640714552 116.0 0
1716640715027 117.0 0
1716640715513 118.0 0
1716640715967 119.0 0
1716640716428 120.0 0
1716640720754 121.0 0
1716640721207 122.0 0
1716640721649 123.0 0
1716640722166 124.0 0
1716640722669 125.0 0
1716640723125 126.0 0
1716640723580 127.0 0
1716640724006 128.0 0
1716640724446 129.0 0
1716640724900 130.0 0
1716640728778 131.0 0
1716640729217 132.0 0
1716640729661 133.0 0
1716640730108 134.0 0
1716640730549 135.0 0
1716640730995 136.0 0
1716640731448 137.0 0
1716640731924 138.0 0
1716640732450 139.0 0
1716640732917 140.0 0
1716640737798 141.0 0
1716640738332 142.0 0
1716640738870 143.0 0
1716640739345 144.0 0
1716640739868 145.0 0
1716640740463 146.0 0
1716640741020 147.0 0
1716640741531 148.0 0
1716640742020 149.0 0
1716640742516 150.0 0
1716640748112 151.0 0
1716640748555 152.0 0
1716640749073 153.0 0
1716640749599 154.0 0
1716640750157 155.0 0
1716640750705 156.0 0
1716640751188 157.0 0
1716640751648 158.0 0
1716640752133 159.0 0
1716640752668 160.0 0
1716640757751 161.0 0
1716640758209 162.0 0
1716640758644 163.0 0
1716640759114 164.0 0
1716640759582 165.0 0
1716640760057 166.0 0
1716640760484 167.0 0
1716640760932 168.0 0
1716640761374 169.0 0
1716640761799 170.0 0
1716640766217 171.0 0
1716640766680 172.0 0
1716640767119 173.0 0
1716640767595 174.0 0
1716640768034 175.0 0
1716640768476 176.0 0
1716640768916 177.0 0
1716640769388 178.0 0
1716640769854 179.0 0
1716640770294 180.0 0
1716640773631 181.0 0
1716640774120 182.0 0
1716640774566 183.0 0
1716640775041 184.0 0
1716640775493 185.0 0
1716640775951 186.0 0
1716640776401 187.0 0
1716640776900 188.0 0
1716640777367 189.0 0
1716640777803 190.0 0
1716640782523 191.0 0
1716640783039 192.0 0
1716640783502 193.0 0
1716640783940 194.0 0
1716640784374 195.0 0
1716640784812 196.0 0
1716640785247 197.0 0
1716640785713 198.0 0
1716640786157 199.0 0
1716640786617 200.0 0
1716640791613 201.0 0
1716640792069 202.0 0
1716640792520 203.0 0
1716640792969 204.0 0
1716640793404 205.0 0
1716640793872 206.0 0
1716640794307 207.0 0
1716640794803 208.0 0
1716640795358 209.0 0
1716640795834 210.0 0
1716640800079 211.0 0
1716640800525 212.0 0
1716640800971 213.0 0
1716640801415 214.0 0
1716640801878 215.0 0
1716640802308 216.0 0
1716640802742 217.0 0
1716640803190 218.0 0
1716640803645 219.0 0
1716640804127 220.0 0
1716640808341 221.0 0
1716640808797 222.0 0
1716640809281 223.0 0
1716640809755 224.0 0
1716640810304 225.0 0
1716640810793 226.0 0
1716640811264 227.0 0
1716640811712 228.0 0
1716640812171 229.0 0
1716640812626 230.0 0
1716640817243 231.0 0
1716640817709 232.0 0
1716640818183 233.0 0
1716640818649 234.0 0
1716640819099 235.0 0
1716640819554 236.0 0
1716640820001 237.0 0
1716640820456 238.0 0
1716640820886 239.0 0
1716640821323 240.0 0
1716640825611 241.0 0
1716640826065 242.0 0
1716640826535 243.0 0
1716640827039 244.0 0
1716640827670 245.0 0
1716640828284 246.0 0
1716640828877 247.0 0
1716640829398 248.0 0
1716640829848 249.0 0
1716640830365 250.0 0
1716640836308 251.0 0
1716640836763 252.0 0
1716640837218 253.0 0
1716640837721 254.0 0
1716640838180 255.0 0
1716640838709 256.0 0
1716640839156 257.0 0
1716640839635 258.0 0
1716640840115 259.0 0
1716640840560 260.0 0
1716640845975 261.0 0
1716640846424 262.0 0
1716640846877 263.0 0
1716640847341 264.0 0
1716640847790 265.0 0
1716640848221 266.0 0
1716640848679 267.0 0
1716640849173 268.0 0
1716640849632 269.0 0
1716640850098 270.0 0
1716640854667 271.0 0
1716640855102 272.0 0
1716640855570 273.0 0
1716640856021 274.0 0
1716640856469 275.0 0
1716640856903 276.0 0
1716640857345 277.0 0
1716640857831 278.0 0
1716640858266 279.0 0
1716640858712 280.0 0
1716640863048 281.0 0
1716640863489 282.0 0
1716640863950 283.0 0
1716640864419 284.0 0
1716640864886 285.0 0
1716640865364 286.0 0
1716640865832 287.0 0
1716640866282 288.0 0
1716640866739 289.0 0
1716640867196 290.0 0
1716640870694 291.0 0
1716640871155 292.0 0
1716640871603 293.0 0
1716640872043 294.0 0
1716640872503 295.0 0
1716640872965 296.0 0
1716640873419 297.0 0
1716640873861 298.0 0
1716640874307 299.0 0
1716640874750 300.0 0
1716640877851 301.0 0
1716640878287 302.0 0
1716640878729 303.0 0
1716640879158 304.0 0
1716640879603 305.0 0
1716640880101 306.0 0
1716640880570 307.0 0
1716640881012 308.0 0
1716640881444 309.0 0
1716640881878 310.0 0
1716640886709 311.0 0
1716640887161 312.0 0
1716640887665 313.0 0
1716640888224 314.0 0
1716640888693 315.0 0
1716640889286 316.0 0
1716640889732 317.0 0
1716640890218 318.0 0
1716640890659 319.0 0
1716640891113 320.0 0
1716640895456 321.0 0
1716640895902 322.0 0
1716640896354 323.0 0
1716640896844 324.0 0
1716640897280 325.0 0
1716640897739 326.0 0
1716640898220 327.0 0
1716640898706 328.0 0
1716640899171 329.0 0
1716640899641 330.0 0
1716640904464 331.0 0
1716640904946 332.0 0
1716640905420 333.0 0
1716640905941 334.0 0
1716640906438 335.0 0
1716640906941 336.0 0
1716640907383 337.0 0
1716640907845 338.0 0
1716640908286 339.0 0
1716640908738 340.0 0
1716640914058 341.0 0
1716640914490 342.0 0
1716640914930 343.0 0
1716640915372 344.0 0
1716640915828 345.0 0
1716640916320 346.0 0
1716640916762 347.0 0
1716640917258 348.0 0
1716640917748 349.0 0
1716640918245 350.0 0
1716640922827 351.0 0
1716640923274 352.0 0
1716640923730 353.0 0
1716640924179 354.0 0
1716640924653 355.0 0
1716640925121 356.0 0
1716640925571 357.0 0
1716640926028 358.0 0
1716640926459 359.0 0
1716640926897 360.0 0
1716640931454 361.0 0
1716640931903 362.0 0
1716640932362 363.0 0
1716640932820 364.0 0
1716640933252 365.0 0
1716640933692 366.0 0
1716640934138 367.0 0
1716640934596 368.0 0
1716640935030 369.0 0
1716640935459 370.0 0
1716640939905 371.0 0
1716640940352 372.0 0
1716640940806 373.0 0
1716640941264 374.0 0
1716640941721 375.0 0
1716640942234 376.0 0
1716640942694 377.0 0
1716640943160 378.0 0
1716640943607 379.0 0
1716640944070 380.0 0
1716640948825 381.0 0
1716640949267 382.0 0
1716640949746 383.0 0
1716640950209 384.0 0
1716640950662 385.0 0
1716640951167 386.0 0
1716640951687 387.0 0
1716640952173 388.0 0
1716640952667 389.0 0
1716640953112 390.0 0
1716640957843 391.0 0
1716640958288 392.0 0
1716640958772 393.0 0
1716640959213 394.0 0
1716640959663 395.0 0
1716640960100 396.0 0
1716640960552 397.0 0
1716640960989 398.0 0
1716640961408 399.0 0
1716640961870 400.0 0
1716640967388 401.0 0
1716640967827 402.0 0
1716640968280 403.0 0
1716640968737 404.0 0
1716640969160 405.0 0
1716640969660 406.0 0
1716640970118 407.0 0
1716640970556 408.0 0
1716640971004 409.0 0
1716640971447 410.0 0
1716640975703 411.0 0
1716640976146 412.0 0
1716640976581 413.0 0
1716640977037 414.0 0
1716640977481 415.0 0
1716640977976 416.0 0
1716640978414 417.0 0
1716640978880 418.0 0
1716640979342 419.0 0
1716640979816 420.0 0
1716640985104 421.0 0
1716640985554 422.0 0
1716640985995 423.0 0
1716640986473 424.0 0
1716640986983 425.0 0
1716640987453 426.0 0
1716640987930 427.0 0
1716640988401 428.0 0
1716640988911 429.0 0
1716640989400 430.0 0
1716640994338 431.0 0
1716640994781 432.0 0
1716640995251 433.0 0
1716640995772 434.0 0
1716640996302 435.0 0
1716640996788 436.0 0
1716640997231 437.0 0
1716640997696 438.0 0
1716640998141 439.0 0
1716640998621 440.0 0
1716641004152 441.0 0
1716641004618 442.0 0
1716641005067 443.0 0
1716641005498 444.0 0
1716641005942 445.0 0
1716641006377 446.0 0
1716641006847 447.0 0
1716641007313 448.0 0
1716641007747 449.0 0
1716641008189 450.0 0
1716641012616 451.0 0
1716641013052 452.0 0
1716641013498 453.0 0
1716641013926 454.0 0
1716641014360 455.0 0
1716641014786 456.0 0
1716641015215 457.0 0
1716641015716 458.0 0
1716641016152 459.0 0
1716641016588 460.0 0
1716641020262 461.0 0
1716641020723 462.0 0
1716641021184 463.0 0
1716641021656 464.0 0
1716641022095 465.0 0
1716641022574 466.0 0
1716641023011 467.0 0
1716641023444 468.0 0
1716641023888 469.0 0
1716641024345 470.0 0
1716641028304 471.0 0
1716641028769 472.0 0
1716641029223 473.0 0
1716641029716 474.0 0
1716641030151 475.0 0
1716641030614 476.0 0
1716641031079 477.0 0
1716641031536 478.0 0
1716641031983 479.0 0
1716641032463 480.0 0
1716641036884 481.0 0
1716641037359 482.0 0
1716641037832 483.0 0
1716641038286 484.0 0
1716641038753 485.0 0
1716641039199 486.0 0
1716641039656 487.0 0
1716641040111 488.0 0
1716641040564 489.0 0
1716641041013 490.0 0
1716641045442 491.0 0
1716641045903 492.0 0
1716641046363 493.0 0
1716641046827 494.0 0
1716641047351 495.0 0
1716641047810 496.0 0
1716641048266 497.0 0
1716641048708 498.0 0
1716641049146 499.0 0
1716641049585 500.0 0
1716641054412 501.0 0
1716641054874 502.0 0
1716641055379 503.0 0
1716641055821 504.0 0
1716641056264 505.0 0
1716641056716 506.0 0
1716641057198 507.0 0
1716641057684 508.0 0
1716641058177 509.0 0
1716641058624 510.0 0
1716641064272 511.0 0
1716641064729 512.0 0
1716641065175 513.0 0
1716641065626 514.0 0
1716641066052 515.0 0
1716641066556 516.0 0
1716641067018 517.0 0
1716641067538 518.0 0
1716641068027 519.0 0
1716641068519 520.0 0
1716641074802 521.0 0
1716641075315 522.0 0
1716641075824 523.0 0
1716641076276 524.0 0
1716641076807 525.0 0
1716641077311 526.0 0
1716641077868 527.0 0
1716641078363 528.0 0
1716641078887 529.0 0
1716641079498 530.0 0
1716641087144 531.0 0
1716641087614 532.0 0
1716641088073 533.0 0
1716641088558 534.0 0
1716641089054 535.0 0
1716641089580 536.0 0
1716641090092 537.0 0
1716641090774 538.0 0
1716641091414 539.0 0
1716641092160 540.0 0
1716641098940 541.0 0
1716641099423 542.0 0
1716641099882 543.0 0
1716641100410 544.0 0
1716641100868 545.0 0
1716641101384 546.0 0
1716641101912 547.0 0
1716641102404 548.0 0
1716641102904 549.0 0
1716641103494 550.0 0
1716641109489 551.0 0
1716641109935 552.0 0
1716641110360 553.0 0
1716641110798 554.0 0
1716641111238 555.0 0
1716641111677 556.0 0
1716641112123 557.0 0
1716641112600 558.0 0
1716641113099 559.0 0
1716641113620 560.0 0
1716641118418 561.0 0
1716641118883 562.0 0
1716641119345 563.0 0
1716641119828 564.0 0
1716641120274 565.0 0
1716641120744 566.0 0
1716641121196 567.0 0
1716641121682 568.0 0
1716641122157 569.0 0
1716641122641 570.0 0
1716641129178 571.0 0
1716641129624 572.0 0
1716641130051 573.0 0
1716641130523 574.0 0
1716641130956 575.0 0
1716641131400 576.0 0
1716641131837 577.0 0
1716641132311 578.0 0
1716641132796 579.0 0
1716641133256 580.0 0
1716641138636 581.0 0
1716641139178 582.0 0
1716641139735 583.0 0
1716641140269 584.0 0
1716641140737 585.0 0
1716641141281 586.0 0
1716641141797 587.0 0
1716641142385 588.0 0
1716641142954 589.0 0
1716641143594 590.0 0
1716641150080 591.0 0
1716641150520 592.0 0
1716641150964 593.0 0
1716641151532 594.0 0
1716641152097 595.0 0
1716641152568 596.0 0
1716641153044 597.0 0
1716641153553 598.0 0
1716641154052 599.0 0
1716641154552 600.0 0
1716641160574 601.0 0
1716641161013 602.0 0
1716641161475 603.0 0
1716641161986 604.0 0
1716641162444 605.0 0
1716641162888 606.0 0
1716641163331 607.0 0
1716641163836 608.0 0
1716641164300 609.0 0
1716641164785 610.0 0
1716641170656 611.0 0
1716641171114 612.0 0
1716641171549 613.0 0
1716641172005 614.0 0
1716641172464 615.0 0
1716641172946 616.0 0
1716641173403 617.0 0
1716641173884 618.0 0
1716641174382 619.0 0
1716641174879 620.0 0
1716641180573 621.0 0
1716641181020 622.0 0
1716641181528 623.0 0
1716641181984 624.0 0
1716641182505 625.0 0
1716641183094 626.0 0
1716641183755 627.0 0
1716641184432 628.0 0
1716641184994 629.0 0
1716641185531 630.0 0
1716641191736 631.0 0
1716641192189 632.0 0
1716641192659 633.0 0
1716641193092 634.0 0
1716641193560 635.0 0
1716641194163 636.0 0
1716641194911 637.0 0
1716641195610 638.0 0
1716641196370 639.0 0
1716641196978 640.0 0
1716641204175 641.0 0
1716641204626 642.0 0
1716641205096 643.0 0
1716641205552 644.0 0
1716641205986 645.0 0
1716641206527 646.0 0
1716641206988 647.0 0
1716641207499 648.0 0
1716641207991 649.0 0
1716641208492 650.0 0
1716641214475 651.0 0
1716641214950 652.0 0
1716641215396 653.0 0
1716641215835 654.0 0
1716641216269 655.0 0
1716641216726 656.0 0
1716641217169 657.0 0
1716641217632 658.0 0
1716641218085 659.0 0
1716641218541 660.0 0
1716641223458 661.0 0
1716641223977 662.0 0
1716641224456 663.0 0
1716641224952 664.0 0
1716641225437 665.0 0
1716641225940 666.0 0
1716641226515 667.0 0
1716641227045 668.0 0
1716641227605 669.0 0
1716641228134 670.0 0
1716641234024 671.0 0
1716641234448 672.0 0
1716641234895 673.0 0
1716641235362 674.0 0
1716641235802 675.0 0
1716641236236 676.0 0
1716641236688 677.0 0
1716641237168 678.0 0
1716641237628 679.0 0
1716641238102 680.0 0
1716641243707 681.0 0
1716641244162 682.0 0
1716641244673 683.0 0
1716641245186 684.0 0
1716641245695 685.0 0
1716641246175 686.0 0
1716641246697 687.0 0
1716641247182 688.0 0
1716641247711 689.0 0
1716641248235 690.0 0
1716641255176 691.0 0
1716641255646 692.0 0
1716641256185 693.0 0
1716641256687 694.0 0
1716641257143 695.0 0
1716641257704 696.0 0
1716641258184 697.0 0
1716641258727 698.0 0
1716641259315 699.0 0
1716641260221 700.0 0
1716641267431 701.0 0
1716641267872 702.0 0
1716641268313 703.0 0
1716641268774 704.0 0
1716641269232 705.0 0
1716641269758 706.0 0
1716641270235 707.0 0
1716641270716 708.0 0
1716641271205 709.0 0
1716641271767 710.0 0
1716641278945 711.0 0
1716641279414 712.0 0
1716641279954 713.0 0
1716641280581 714.0 0
1716641281121 715.0 0
1716641281616 716.0 0
1716641282107 717.0 0
1716641282627 718.0 0
1716641283181 719.0 0
1716641283734 720.0 0
1716641294095 721.0 0
1716641294585 722.0 0
1716641295057 723.0 0
1716641295516 724.0 0
1716641295990 725.0 0
1716641296465 726.0 0
1716641296958 727.0 0
1716641297435 728.0 0
1716641297985 729.0 0
1716641298605 730.0 0
1716641304865 731.0 0
1716641305345 732.0 0
1716641305853 733.0 0
1716641306332 734.0 0
1716641306837 735.0 0
1716641307293 736.0 0
1716641307750 737.0 0
1716641308206 738.0 0
1716641308689 739.0 0
1716641309178 740.0 0
1716641315401 741.0 0
1716641315853 742.0 0
1716641316333 743.0 0
1716641316803 744.0 0
1716641317249 745.0 0
1716641317708 746.0 0
1716641318171 747.0 0
1716641318644 748.0 0
1716641319189 749.0 0
1716641319783 750.0 0
1716641327208 751.0 0
1716641327680 752.0 0
1716641328139 753.0 0
1716641328587 754.0 0
1716641329045 755.0 0
1716641329581 756.0 0
1716641330065 757.0 0
1716641330543 758.0 0
1716641331028 759.0 0
1716641331586 760.0 0
1716641338850 761.0 0
1716641339322 762.0 0
1716641339816 763.0 0
1716641340255 764.0 0
1716641340725 765.0 0
1716641341206 766.0 0
1716641341682 767.0 0
1716641342167 768.0 0
1716641342656 769.0 0
1716641343157 770.0 0
1716641350740 771.0 0
1716641351207 772.0 0
1716641351675 773.0 0
1716641352168 774.0 0
1716641352639 775.0 0
1716641353158 776.0 0
1716641353649 777.0 0
1716641354164 778.0 0
1716641354722 779.0 0
1716641355337 780.0 0
1716641361763 781.0 0
1716641362203 782.0 0
1716641362659 783.0 0
1716641363153 784.0 0
1716641363636 785.0 0
1716641364083 786.0 0
1716641364553 787.0 0
1716641365003 788.0 0
1716641365507 789.0 0
1716641366030 790.0 0
1716641372472 791.0 0
1716641372919 792.0 0
1716641373367 793.0 0
1716641373814 794.0 0
1716641374266 795.0 0
1716641374707 796.0 0
1716641375158 797.0 0
1716641375617 798.0 0
1716641376087 799.0 0
1716641376572 800.0 0
1716641383572 801.0 0
1716641384027 802.0 0
1716641384456 803.0 0
1716641384889 804.0 0
1716641385377 805.0 0
1716641385837 806.0 0
1716641386296 807.0 0
1716641386812 808.0 0
1716641387287 809.0 0
1716641387814 810.0 0
1716641393369 811.0 0
1716641393843 812.0 0
1716641394349 813.0 0
1716641394788 814.0 0
1716641395228 815.0 0
1716641395706 816.0 0
1716641396209 817.0 0
1716641396721 818.0 0
1716641397235 819.0 0
1716641397746 820.0 0
1716641404220 821.0 0
1716641404713 822.0 0
1716641405188 823.0 0
1716641405650 824.0 0
1716641406099 825.0 0
1716641406649 826.0 0
1716641407133 827.0 0
1716641407634 828.0 0
1716641408144 829.0 0
1716641408672 830.0 0
1716641414235 831.0 0
1716641414695 832.0 0
1716641415149 833.0 0
1716641415638 834.0 0
1716641416094 835.0 0
1716641416531 836.0 0
1716641417016 837.0 0
1716641417468 838.0 0
1716641417921 839.0 0
1716641418409 840.0 0
1716641422705 841.0 0
1716641423182 842.0 0
1716641423647 843.0 0
1716641424103 844.0 0
1716641424565 845.0 0
1716641425017 846.0 0
1716641425478 847.0 0
1716641426013 848.0 0
1716641426499 849.0 0
1716641427008 850.0 0
1716641433886 851.0 0
1716641434380 852.0 0
1716641434839 853.0 0
1716641435281 854.0 0
1716641435708 855.0 0
1716641436170 856.0 0
1716641436660 857.0 0
1716641437160 858.0 0
1716641437770 859.0 0
1716641438342 860.0 0
1716641445235 861.0 0
1716641445685 862.0 0
1716641446160 863.0 0
1716641446608 864.0 0
1716641447091 865.0 0
1716641447591 866.0 0
1716641448096 867.0 0
1716641448750 868.0 0
1716641449266 869.0 0
1716641449816 870.0 0
1716641460166 871.0 0
1716641460619 872.0 0
1716641461061 873.0 0
1716641461545 874.0 0
1716641461988 875.0 0
1716641462455 876.0 0
1716641462946 877.0 0
1716641463437 878.0 0
1716641464015 879.0 0
1716641464507 880.0 0
1716641471451 881.0 0
1716641471902 882.0 0
1716641472363 883.0 0
1716641472847 884.0 0
1716641473324 885.0 0
1716641473813 886.0 0
1716641474267 887.0 0
1716641474789 888.0 0
1716641475266 889.0 0
1716641475759 890.0 0
1716641481263 891.0 0
1716641481705 892.0 0
1716641482169 893.0 0
1716641482665 894.0 0
1716641483148 895.0 0
1716641483622 896.0 0
1716641484094 897.0 0
1716641484621 898.0 0
1716641485203 899.0 0
1716641485858 900.0 0
1716641494122 901.0 0
1716641494632 902.0 0
1716641495118 903.0 0
1716641495615 904.0 0
1716641496098 905.0 0
1716641496685 906.0 0
1716641497527 907.0 0
1716641498146 908.0 0
1716641498773 909.0 0
1716641499438 910.0 0
1716641509858 911.0 0
1716641510290 912.0 0
1716641510739 913.0 0
1716641511231 914.0 0
1716641511704 915.0 0
1716641512176 916.0 0
1716641512637 917.0 0
1716641513087 918.0 0
1716641513552 919.0 0
1716641514012 920.0 0
1716641520305 921.0 0
1716641520766 922.0 0
1716641521276 923.0 0
1716641521751 924.0 0
1716641522215 925.0 0
1716641522679 926.0 0
1716641523132 927.0 0
1716641523656 928.0 0
1716641524144 929.0 0
1716641524646 930.0 0
1716641530160 931.0 0
1716641530591 932.0 0
1716641531041 933.0 0
1716641531509 934.0 0
1716641531938 935.0 0
1716641532453 936.0 0
1716641532900 937.0 0
1716641533361 938.0 0
1716641533810 939.0 0
1716641534271 940.0 0
1716641539488 941.0 0
1716641539941 942.0 0
1716641540392 943.0 0
1716641540854 944.0 0
1716641541338 945.0 0
1716641541831 946.0 0
1716641542300 947.0 0
1716641542777 948.0 0
1716641543331 949.0 0
1716641543855 950.0 0
1716641549436 951.0 0
1716641549887 952.0 0
1716641550419 953.0 0
1716641550898 954.0 0
1716641551435 955.0 0
1716641551919 956.0 0
1716641552426 957.0 0
1716641552917 958.0 0
1716641553436 959.0 0
1716641554010 960.0 0
1716641561425 961.0 0
1716641561877 962.0 0
1716641562328 963.0 0
1716641562775 964.0 0
1716641563235 965.0 0
1716641563705 966.0 0
1716641564172 967.0 0
1716641564653 968.0 0
1716641565150 969.0 0
1716641565637 970.0 0
1716641570612 971.0 0
1716641571065 972.0 0
1716641571523 973.0 0
1716641571956 974.0 0
1716641572424 975.0 0
1716641572877 976.0 0
1716641573346 977.0 0
1716641573820 978.0 0
1716641574308 979.0 0
1716641574807 980.0 0
1716641579565 981.0 0
1716641579989 982.0 0
1716641580471 983.0 0
1716641580919 984.0 0
1716641581374 985.0 0
1716641581853 986.0 0
1716641582329 987.0 0
1716641582804 988.0 0
1716641583296 989.0 0
1716641583783 990.0 0
1716641588514 991.0 0
1716641588979 992.0 0
1716641589431 993.0 0
1716641589870 994.0 0
1716641590308 995.0 0
1716641590782 996.0 0
1716641591231 997.0 0
1716641591692 998.0 0
1716641592183 999.0 0
1716641593026 1000.0 0
1716641600370 1001.0 0
1716641600814 1002.0 0
1716641601293 1003.0 0
1716641601734 1004.0 0
1716641602176 1005.0 0
1716641602624 1006.0 0
1716641603108 1007.0 0
1716641603593 1008.0 0
1716641604077 1009.0 0
1716641604581 1010.0 0
1716641610639 1011.0 0
1716641611114 1012.0 0
1716641611544 1013.0 0
1716641611978 1014.0 0
1716641612423 1015.0 0
1716641612887 1016.0 0
1716641613333 1017.0 0
1716641613800 1018.0 0
1716641614264 1019.0 0
1716641614744 1020.0 0
1716641619539 1021.0 0
1716641619989 1022.0 0
1716641620452 1023.0 0
1716641620893 1024.0 0
1716641621336 1025.0 0
1716641621793 1026.0 0
1716641622247 1027.0 0
1716641622729 1028.0 0
1716641623230 1029.0 0
1716641623737 1030.0 0
1716641628203 1031.0 0
1716641628643 1032.0 0
1716641629086 1033.0 0
1716641629533 1034.0 0
1716641629969 1035.0 0
1716641630503 1036.0 0
1716641630959 1037.0 0
1716641631432 1038.0 0
1716641631915 1039.0 0
1716641632380 1040.0 0
1716641636613 1041.0 0
1716641637070 1042.0 0
1716641637534 1043.0 0
1716641637986 1044.0 0
1716641638440 1045.0 0
1716641638945 1046.0 0
1716641639412 1047.0 0
1716641639902 1048.0 0
1716641640409 1049.0 0
1716641640976 1050.0 0
1716641646838 1051.0 0
1716641647295 1052.0 0
1716641647747 1053.0 0
1716641648185 1054.0 0
1716641648629 1055.0 0
1716641649108 1056.0 0
1716641649677 1057.0 0
1716641650162 1058.0 0
1716641650636 1059.0 0
1716641651137 1060.0 0
1716641656512 1061.0 0
1716641656986 1062.0 0
1716641657458 1063.0 0
1716641657948 1064.0 0
1716641658391 1065.0 0
1716641658856 1066.0 0
1716641659298 1067.0 0
1716641659799 1068.0 0
1716641660281 1069.0 0
1716641660767 1070.0 0
1716641666155 1071.0 0
1716641666589 1072.0 0
1716641667042 1073.0 0
1716641667467 1074.0 0
1716641667905 1075.0 0
1716641668348 1076.0 0
1716641668792 1077.0 0
1716641669283 1078.0 0
1716641669749 1079.0 0
1716641670225 1080.0 0
1716641676209 1081.0 0
1716641676649 1082.0 0
1716641677119 1083.0 0
1716641677564 1084.0 0
1716641678014 1085.0 0
1716641678479 1086.0 0
1716641678965 1087.0 0
1716641679457 1088.0 0
1716641679991 1089.0 0
1716641680501 1090.0 0
1716641686149 1091.0 0
1716641686615 1092.0 0
1716641687062 1093.0 0
1716641687508 1094.0 0
1716641687970 1095.0 0
1716641688490 1096.0 0
1716641688950 1097.0 0
1716641689431 1098.0 0
1716641689907 1099.0 0
1716641690395 1100.0 0
1716641695483 1101.0 0
1716641696005 1102.0 0
1716641696463 1103.0 0
1716641696905 1104.0 0
1716641697356 1105.0 0
1716641697826 1106.0 0
1716641698294 1107.0 0
1716641698760 1108.0 0
1716641699251 1109.0 0
1716641699776 1110.0 0
1716641705260 1111.0 0
1716641705708 1112.0 0
1716641706137 1113.0 0
1716641706621 1114.0 0
1716641707070 1115.0 0
1716641707550 1116.0 0
1716641708034 1117.0 0
1716641708533 1118.0 0
1716641709031 1119.0 0
1716641709528 1120.0 0
1716641714616 1121.0 0
1716641715058 1122.0 0
1716641715515 1123.0 0
1716641715954 1124.0 0
1716641716395 1125.0 0
1716641716871 1126.0 0
1716641717627 1127.0 0
1716641718292 1128.0 0
1716641718873 1129.0 0
1716641719544 1130.0 0
1716641725980 1131.0 0
1716641726432 1132.0 0
1716641726947 1133.0 0
1716641727391 1134.0 0
1716641727889 1135.0 0
1716641728412 1136.0 0
1716641728941 1137.0 0
1716641729417 1138.0 0
1716641729930 1139.0 0
1716641730480 1140.0 0
1716641743541 1141.0 0
1716641744130 1142.0 0
1716641744592 1143.0 0
1716641745059 1144.0 0
1716641745493 1145.0 0
1716641745936 1146.0 0
1716641746379 1147.0 0
1716641746877 1148.0 0
1716641747353 1149.0 0
1716641747856 1150.0 0
1716641753198 1151.0 0
1716641753627 1152.0 0
1716641754112 1153.0 0
1716641754554 1154.0 0
1716641755018 1155.0 0
1716641755481 1156.0 0
1716641755939 1157.0 0
1716641756410 1158.0 0
1716641756872 1159.0 0
1716641757365 1160.0 0
1716641762795 1161.0 0
1716641763263 1162.0 0
1716641763741 1163.0 0
1716641764221 1164.0 0
1716641764673 1165.0 0
1716641765156 1166.0 0
1716641765604 1167.0 0
1716641766073 1168.0 0
1716641766556 1169.0 0
1716641767040 1170.0 0
1716641772202 1171.0 0
1716641772636 1172.0 0
1716641773100 1173.0 0
1716641773544 1174.0 0
1716641773995 1175.0 0
1716641774467 1176.0 0
1716641774928 1177.0 0
1716641775443 1178.0 0
1716641775969 1179.0 0
1716641776507 1180.0 0
1716641782579 1181.0 0
1716641783022 1182.0 0
1716641783495 1183.0 0
1716641783950 1184.0 0
1716641784416 1185.0 0
1716641784902 1186.0 0
1716641785367 1187.0 0
1716641785874 1188.0 0
1716641786392 1189.0 0
1716641786907 1190.0 0
1716641793075 1191.0 0
1716641793574 1192.0 0
1716641794042 1193.0 0
1716641794527 1194.0 0
1716641794977 1195.0 0
1716641795442 1196.0 0
1716641795938 1197.0 0
1716641796420 1198.0 0
1716641796909 1199.0 0
1716641797419 1200.0 0
1716641802399 1201.0 0
1716641802845 1202.0 0
1716641803281 1203.0 0
1716641803727 1204.0 0
1716641804167 1205.0 0
1716641804663 1206.0 0
1716641805133 1207.0 0
1716641805629 1208.0 0
1716641806146 1209.0 0
1716641806662 1210.0 0
1716641813682 1211.0 0
1716641814241 1212.0 0
1716641814758 1213.0 0
1716641815362 1214.0 0
1716641816012 1215.0 0
1716641816711 1216.0 0
1716641817368 1217.0 0
1716641817972 1218.0 0
1716641818540 1219.0 0
1716641819253 1220.0 0
1716641827975 1221.0 0
1716641828595 1222.0 0
1716641829171 1223.0 0
1716641829711 1224.0 0
1716641830313 1225.0 0
1716641831043 1226.0 0
1716641831753 1227.0 0
1716641832533 1228.0 0
1716641833140 1229.0 0
1716641833732 1230.0 0
1716641841130 1231.0 0
1716641841582 1232.0 0
1716641842107 1233.0 0
1716641842574 1234.0 0
1716641843093 1235.0 0
1716641843571 1236.0 0
1716641844075 1237.0 0
1716641844570 1238.0 0
1716641845102 1239.0 0
1716641845645 1240.0 0
1716641852284 1241.0 0
1716641852738 1242.0 0
1716641853203 1243.0 0
1716641853646 1244.0 0
1716641854107 1245.0 0
1716641854586 1246.0 0
1716641855060 1247.0 0
1716641855549 1248.0 0
1716641856060 1249.0 0
1716641856672 1250.0 0
1716641866001 1251.0 0
1716641866476 1252.0 0
1716641866971 1253.0 0
1716641867458 1254.0 0
1716641867945 1255.0 0
1716641868446 1256.0 0
1716641868927 1257.0 0
1716641869468 1258.0 0
1716641869987 1259.0 0
1716641870557 1260.0 0
1716641877198 1261.0 0
1716641877636 1262.0 0
1716641878093 1263.0 0
1716641878547 1264.0 0
1716641879003 1265.0 0
1716641879462 1266.0 0
1716641879919 1267.0 0
1716641880392 1268.0 0
1716641880897 1269.0 0
1716641881400 1270.0 0
1716641887177 1271.0 0
1716641887617 1272.0 0
1716641888088 1273.0 0
1716641888574 1274.0 0
1716641889102 1275.0 0
1716641889659 1276.0 0
1716641890208 1277.0 0
1716641890790 1278.0 0
1716641891492 1279.0 0
1716641892160 1280.0 0
1716641899181 1281.0 0
1716641899655 1282.0 0
1716641900198 1283.0 0
1716641900684 1284.0 0
1716641901153 1285.0 0
1716641901698 1286.0 0
1716641902189 1287.0 0
1716641902740 1288.0 0
1716641903453 1289.0 0
1716641904167 1290.0 0
1716641915463 1291.0 0
1716641916370 1292.0 0
1716641917071 1293.0 0
1716641917797 1294.0 0
1716641918590 1295.0 0
1716641919246 1296.0 0
1716641919885 1297.0 0
1716641920445 1298.0 0
1716641921083 1299.0 0
1716641921717 1300.0 0
1716641930926 1301.0 0
1716641931646 1302.0 0
1716641932244 1303.0 0
1716641932759 1304.0 0
1716641933312 1305.0 0
1716641934153 1306.0 0
1716641934931 1307.0 0
1716641935757 1308.0 0
1716641936720 1309.0 0
1716641937857 1310.0 0
1716641946920 1311.0 0
1716641947541 1312.0 0
1716641948266 1313.0 0
1716641949058 1314.0 0
1716641949886 1315.0 0
1716641952250 1316.0 0
1716641953312 1317.0 0
1716641954101 1318.0 0
1716641954785 1319.0 0
1716641955560 1320.0 0
1716641965143 1321.0 0
1716641965668 1322.0 0
1716641966227 1323.0 0
1716641966688 1324.0 0
1716641967187 1325.0 0
1716641967709 1326.0 0
1716641968323 1327.0 0
1716641969226 1328.0 0
1716641970336 1329.0 0
1716641971211 1330.0 0
1716641979871 1331.0 0
1716641980393 1332.0 0
1716641980848 1333.0 0
1716641981354 1334.0 0
1716641981846 1335.0 0
1716641982368 1336.0 0
1716641982856 1337.0 0
1716641983442 1338.0 0
1716641983983 1339.0 0
1716641984565 1340.0 0
1716641993126 1341.0 0
1716641993604 1342.0 0
1716641994129 1343.0 0
1716641994640 1344.0 0
1716641995147 1345.0 0
1716641995612 1346.0 0
1716641996108 1347.0 0
1716641996605 1348.0 0
1716641997182 1349.0 0
1716641997823 1350.0 0
1716642004941 1351.0 0
1716642005413 1352.0 0
1716642005917 1353.0 0
1716642006424 1354.0 0
1716642006894 1355.0 0
1716642007377 1356.0 0
1716642007861 1357.0 0
1716642008375 1358.0 0
1716642008881 1359.0 0
1716642009429 1360.0 0
1716642016905 1361.0 0
1716642017376 1362.0 0
1716642017853 1363.0 0
1716642018332 1364.0 0
1716642018868 1365.0 0
1716642019371 1366.0 0
1716642019876 1367.0 0
1716642020358 1368.0 0
1716642020888 1369.0 0
1716642021415 1370.0 0
1716642030135 1371.0 0
1716642030743 1372.0 0
1716642031299 1373.0 0
1716642031800 1374.0 0
1716642032398 1375.0 0
1716642033010 1376.0 0
1716642033593 1377.0 0
1716642034257 1378.0 0
1716642034985 1379.0 0
1716642035852 1380.0 0
1716642042972 1381.0 0
1716642043548 1382.0 0
1716642044126 1383.0 0
1716642044833 1384.0 0
1716642045660 1385.0 0
1716642046422 1386.0 0
1716642047336 1387.0 0
1716642048033 1388.0 0
1716642048593 1389.0 0
1716642049170 1390.0 0
1716642056882 1391.0 0
1716642057381 1392.0 0
1716642057843 1393.0 0
1716642058309 1394.0 0
1716642058824 1395.0 0
1716642059345 1396.0 0
1716642059907 1397.0 0
1716642060845 1398.0 0
1716642061616 1399.0 0
1716642062391 1400.0 0
1716642070425 1401.0 0
1716642070899 1402.0 0
1716642071429 1403.0 0
1716642071892 1404.0 0
1716642072394 1405.0 0
1716642072941 1406.0 0
1716642073484 1407.0 0
1716642074184 1408.0 0
1716642074887 1409.0 0
1716642075479 1410.0 0
1716642082341 1411.0 0
1716642082817 1412.0 0
1716642083276 1413.0 0
1716642083801 1414.0 0
1716642084276 1415.0 0
1716642084742 1416.0 0
1716642085228 1417.0 0
1716642085691 1418.0 0
1716642086189 1419.0 0
1716642086716 1420.0 0
1716642094801 1421.0 0
1716642095265 1422.0 0
1716642095750 1423.0 0
1716642096286 1424.0 0
1716642096787 1425.0 0
1716642097313 1426.0 0
1716642097924 1427.0 0
1716642098499 1428.0 0
1716642099047 1429.0 0
1716642099747 1430.0 0
1716642107061 1431.0 0
1716642107506 1432.0 0
1716642107984 1433.0 0
1716642108454 1434.0 0
1716642108901 1435.0 0
1716642109373 1436.0 0
1716642109855 1437.0 0
1716642110348 1438.0 0
1716642110912 1439.0 0
1716642111447 1440.0 0
