1716640607781 9.074284553527832 0
1716640608457 8.460052490234375 0
1716640608971 8.268462181091309 0
1716640609451 7.916141033172607 0
1716640609881 7.314296722412109 0
1716640610317 6.587860584259033 0
1716640610744 6.298993110656738 0
1716640611171 6.030423164367676 0
1716640611599 5.721932411193848 0
1716640612026 5.409112930297852 0
1716640617659 5.099815845489502 0
1716640618277 4.781461238861084 0
1716640619048 4.428206920623779 0
1716640620545 4.110646724700928 0
1716640621372 3.840088129043579 0
1716640621920 3.6206915378570557 0
1716640622384 3.43495774269104 0
1716640622839 3.3163840770721436 0
1716640623320 3.147228240966797 0
1716640623835 3.016078472137451 0
1716640628828 2.8840138912200928 0
1716640629279 2.754591703414917 0
1716640629744 2.6396687030792236 0
1716640630211 2.5597012042999268 0
1716640630689 2.4429092407226562 0
1716640631164 2.348400115966797 0
1716640631598 2.2539336681365967 0
1716640632122 2.16587233543396 0
1716640632596 2.077354669570923 0
1716640633060 1.9893677234649658 0
1716640637680 1.8972138166427612 0
1716640638254 1.7994465827941895 0
1716640638709 1.7031078338623047 0
1716640639202 1.616973876953125 0
1716640639671 1.5357282161712646 0
1716640640119 1.4607651233673096 0
1716640640563 1.396608591079712 0
1716640641043 1.339800238609314 0
1716640641515 1.2860524654388428 0
1716640641968 1.2317957878112793 0
1716640646758 1.171305775642395 0
1716640647254 1.1161723136901855 0
1716640647729 1.0816466808319092 0
1716640648270 1.0294673442840576 0
1716640648739 0.9916186928749084 0
1716640649178 0.9510301947593689 0
1716640649613 0.9071955680847168 0
1716640650108 0.8679412007331848 0
1716640650545 0.843899130821228 0
1716640651010 0.8133460283279419 0
1716640655832 0.7654479742050171 0
1716640656325 0.748380184173584 0
1716640656873 0.7160465121269226 0
1716640657356 0.6922311186790466 0
1716640657844 0.6734066605567932 0
1716640658301 0.6583927869796753 0
1716640658789 0.6302512288093567 0
1716640659325 0.6205223798751831 0
1716640659856 0.6050951480865479 0
1716640660356 0.5813133716583252 0
1716640666543 0.5758914947509766 0
1716640667001 0.5531609058380127 0
1716640667454 0.5336025357246399 0
1716640667923 0.5108724236488342 0
1716640668370 0.5224378108978271 0
1716640668877 0.4963003993034363 0
1716640669329 0.48728135228157043 0
1716640669798 0.47400718927383423 0
1716640670296 0.46240392327308655 0
1716640670770 0.4349009394645691 0
1716640675788 0.44193795323371887 0
1716640676215 0.42569607496261597 0
1716640676696 0.4094083607196808 0
1716640677151 0.39982926845550537 0
1716640677601 0.3912311792373657 0
1716640678089 0.3788600265979767 0
1716640678544 0.37268418073654175 0
1716640679028 0.35602232813835144 0
1716640679543 0.3708103597164154 0
1716640679993 0.3636876344680786 0
1716640684625 0.3376976549625397 0
1716640685136 0.34032347798347473 0
1716640685695 0.32646480202674866 0
1716640686142 0.3205868601799011 0
1716640686573 0.3167992830276489 0
1716640687039 0.3026171624660492 0
1716640687493 0.2995525300502777 0
1716640687960 0.2882852852344513 0
1716640688466 0.2845536768436432 0
1716640688965 0.2755351662635803 0
1716640693424 0.2758740484714508 0
1716640693862 0.26039376854896545 0
1716640694318 0.2613011300563812 0
1716640694755 0.24856197834014893 0
1716640695203 0.2500861585140228 0
1716640695658 0.23805396258831024 0
1716640696123 0.24308809638023376 0
1716640696579 0.22901292145252228 0
1716640697042 0.23029939830303192 0
1716640697561 0.22160543501377106 0
1716640703688 0.21946501731872559 0
1716640704132 0.2139899730682373 0
1716640704579 0.2090640366077423 0
1716640705000 0.20908577740192413 0
1716640705445 0.2019646316766739 0
1716640705893 0.1996339112520218 0
1716640706363 0.19561667740345 0
1716640706821 0.1995258778333664 0
1716640707283 0.19442149996757507 0
1716640707767 0.19035013020038605 0
1716640712154 0.1867736130952835 0
1716640712610 0.18352968990802765 0
1716640713093 0.17991676926612854 0
1716640713590 0.18262991309165955 0
1716640714040 0.17481394112110138 0
1716640714538 0.18072836101055145 0
1716640715012 0.17849676311016083 0
1716640715494 0.174406498670578 0
1716640715951 0.1647198349237442 0
1716640716411 0.17193321883678436 0
1716640720720 0.16068197786808014 0
1716640721191 0.16274605691432953 0
1716640721637 0.16127656400203705 0
1716640722151 0.1545083075761795 0
1716640722642 0.15914659202098846 0
1716640723106 0.1557507961988449 0
1716640723559 0.1568785458803177 0
1716640723991 0.1485419124364853 0
1716640724431 0.15359154343605042 0
1716640724885 0.1474650502204895 0
1716640728752 0.15181145071983337 0
1716640729204 0.15118320286273956 0
1716640729638 0.14437472820281982 0
1716640730092 0.15036116540431976 0
1716640730534 0.14703965187072754 0
1716640730980 0.1396888941526413 0
1716640731431 0.14014559984207153 0
1716640731899 0.13923639059066772 0
1716640732420 0.13608890771865845 0
1716640732906 0.1350901573896408 0
1716640737760 0.1340704709291458 0
1716640738237 0.13009247183799744 0
1716640738819 0.12964582443237305 0
1716640739323 0.12649190425872803 0
1716640739833 0.12475967407226562 0
1716640740431 0.12316511571407318 0
1716640741002 0.12078478932380676 0
1716640741509 0.12104132026433945 0
1716640741987 0.12036547809839249 0
1716640742491 0.1189999058842659 0
1716640748089 0.11673612892627716 0
1716640748543 0.11431848257780075 0
1716640749029 0.1116037592291832 0
1716640749567 0.11161854863166809 0
1716640750127 0.11257722973823547 0
1716640750669 0.11250384151935577 0
1716640751165 0.1097472757101059 0
1716640751632 0.10905823111534119 0
1716640752121 0.10690046101808548 0
1716640752640 0.10938730835914612 0
1716640757726 0.10534335672855377 0
1716640758191 0.10486526042222977 0
1716640758629 0.10511241853237152 0
1716640759103 0.10060716420412064 0
1716640759567 0.10186272114515305 0
1716640760037 0.09956584870815277 0
1716640760470 0.09789102524518967 0
1716640760917 0.09650476276874542 0
1716640761358 0.09540355950593948 0
1716640761790 0.09567232429981232 0
1716640766194 0.09629657119512558 0
1716640766664 0.0985531434416771 0
1716640767105 0.09489374607801437 0
1716640767577 0.09679000079631805 0
1716640768018 0.09336522221565247 0
1716640768458 0.09285978227853775 0
1716640768902 0.09391720592975616 0
1716640769373 0.0913090854883194 0
1716640769828 0.09489890933036804 0
1716640770279 0.09074025601148605 0
1716640773605 0.09353163093328476 0
1716640774104 0.08890978246927261 0
1716640774553 0.10145220160484314 0
1716640775012 0.10455528646707535 0
1716640775469 0.10310588777065277 0
1716640775934 0.13401077687740326 0
1716640776386 0.10989800840616226 0
1716640776872 0.09558679163455963 0
1716640777354 0.09664922952651978 0
1716640777794 0.09161324054002762 0
1716640782499 0.09509838372468948 0
1716640783004 0.08821534365415573 0
1716640783483 0.08876433223485947 0
1716640783925 0.08526799082756042 0
1716640784362 0.08797608315944672 0
1716640784797 0.0831911638379097 0
1716640785235 0.08525510877370834 0
1716640785696 0.0821605771780014 0
1716640786138 0.08372903615236282 0
1716640786589 0.0794612318277359 0
1716640791583 0.08143302798271179 0
1716640792051 0.07732653617858887 0
1716640792509 0.07887493073940277 0
1716640792958 0.07530859112739563 0
1716640793389 0.07612962275743484 0
1716640793855 0.07496286183595657 0
1716640794295 0.07367783039808273 0
1716640794784 0.07468187808990479 0
1716640795326 0.07637090235948563 0
1716640795797 0.07458354532718658 0
1716640800067 0.07189299166202545 0
1716640800502 0.07365883886814117 0
1716640800960 0.07093322277069092 0
1716640801395 0.07115665823221207 0
1716640801866 0.06983613222837448 0
1716640802295 0.06937912106513977 0
1716640802729 0.0686345249414444 0
1716640803176 0.06726224720478058 0
1716640803622 0.06776688992977142 0
1716640804117 0.06651823967695236 0
1716640808322 0.0652071014046669 0
1716640808778 0.06581190228462219 0
1716640809268 0.06472096592187881 0
1716640809737 0.06350485235452652 0
1716640810276 0.06340157985687256 0
1716640810765 0.06275130063295364 0
1716640811234 0.062031541019678116 0
1716640811699 0.061309266835451126 0
1716640812156 0.06086588278412819 0
1716640812614 0.060373224318027496 0
1716640817209 0.060015011578798294 0
1716640817696 0.06014922633767128 0
1716640818169 0.06006253883242607 0
1716640818638 0.05926696956157684 0
1716640819082 0.05832211673259735 0
1716640819542 0.05804412066936493 0
1716640819974 0.05796123668551445 0
1716640820442 0.057230524718761444 0
1716640820871 0.056529633700847626 0
1716640821310 0.056159425526857376 0
1716640825574 0.056124247610569 0
1716640826046 0.05585600435733795 0
1716640826521 0.05494142696261406 0
1716640827019 0.05451473966240883 0
1716640827606 0.05434146523475647 0
1716640828239 0.05415727198123932 0
1716640828844 0.05349289998412132 0
1716640829381 0.053261104971170425 0
1716640829832 0.0528859943151474 0
1716640830352 0.05299840494990349 0
1716640836278 0.05657297000288963 0
1716640836740 0.05618651956319809 0
1716640837197 0.06814593821763992 0
1716640837690 0.05986260250210762 0
1716640838167 0.06780045479536057 0
1716640838693 0.05975132808089256 0
1716640839140 0.06120877340435982 0
1716640839610 0.06652393192052841 0
1716640840104 0.05937332659959793 0
1716640840544 0.06101236864924431 0
1716640845955 0.056597571820020676 0
1716640846398 0.05774727836251259 0
1716640846865 0.055279165506362915 0
1716640847325 0.05466402322053909 0
1716640847778 0.05542490631341934 0
1716640848207 0.05369947478175163 0
1716640848666 0.05281044542789459 0
1716640849144 0.05238714814186096 0
1716640849611 0.05153562128543854 0
1716640850084 0.05099426582455635 0
1716640854651 0.051488447934389114 0
1716640855086 0.051042307168245316 0
1716640855552 0.05092660337686539 0
1716640856007 0.049707990139722824 0
1716640856452 0.04949899762868881 0
1716640856890 0.04810125008225441 0
1716640857332 0.048260778188705444 0
1716640857815 0.04739083722233772 0
1716640858253 0.04762928932905197 0
1716640858696 0.04651239514350891 0
1716640863032 0.04652610048651695 0
1716640863475 0.045720767229795456 0
1716640863936 0.045534685254096985 0
1716640864401 0.045153748244047165 0
1716640864859 0.04473436623811722 0
1716640865344 0.04438358545303345 0
1716640865817 0.0440981462597847 0
1716640866258 0.04372747987508774 0
1716640866723 0.04350346326828003 0
1716640867179 0.043059781193733215 0
1716640870658 0.04288974404335022 0
1716640871129 0.04258372634649277 0
1716640871588 0.04231146723031998 0
1716640872027 0.04203847050666809 0
1716640872488 0.04178791120648384 0
1716640872947 0.04156169667840004 0
1716640873399 0.041277527809143066 0
1716640873847 0.041028570383787155 0
1716640874290 0.04073568433523178 0
1716640874737 0.0405392125248909 0
1716640877820 0.040306899696588516 0
1716640878275 0.04006405919790268 0
1716640878716 0.03982242941856384 0
1716640879144 0.039618149399757385 0
1716640879588 0.03940007463097572 0
1716640880076 0.039191871881484985 0
1716640880546 0.03898600488901138 0
1716640880999 0.038932133466005325 0
1716640881432 0.04048329219222069 0
1716640881867 0.04801042005419731 0
1716640886690 0.04734426736831665 0
1716640887138 0.050324082374572754 0
1716640887637 0.0614197738468647 0
1716640888186 0.08920048177242279 0
1716640888679 0.07885794341564178 0
1716640889242 0.06795597821474075 0
1716640889711 0.05920347571372986 0
1716640890200 0.06314060837030411 0
1716640890646 0.058774303644895554 0
1716640891098 0.05870005488395691 0
1716640895434 0.08310895413160324 0
1716640895871 0.07977771013975143 0
1716640896340 0.13899944722652435 0
1716640896825 0.07273008674383163 0
1716640897268 0.07995405048131943 0
1716640897702 0.07796593755483627 0
1716640898180 0.07578352838754654 0
1716640898685 0.0839218869805336 0
1716640899158 0.06222440302371979 0
1716640899621 0.06395991891622543 0
1716640904444 0.06443314999341965 0
1716640904919 0.05943753197789192 0
1716640905400 0.058189790695905685 0
1716640905922 0.052173662930727005 0
1716640906406 0.05227547138929367 0
1716640906925 0.05003921687602997 0
1716640907371 0.04967482388019562 0
1716640907822 0.048356302082538605 0
1716640908269 0.047567568719387054 0
1716640908722 0.04662825167179108 0
1716640914036 0.0444808304309845 0
1716640914473 0.04399307444691658 0
1716640914916 0.043037768453359604 0
1716640915359 0.04280694201588631 0
1716640915813 0.04165276512503624 0
1716640916300 0.04148927330970764 0
1716640916742 0.04024408385157585 0
1716640917244 0.039551742374897 0
1716640917725 0.03929593786597252 0
1716640918213 0.03848099336028099 0
1716640922811 0.037926629185676575 0
1716640923259 0.03760644793510437 0
1716640923706 0.037151698023080826 0
1716640924163 0.036678411066532135 0
1716640924628 0.03638371080160141 0
1716640925109 0.03608869016170502 0
1716640925553 0.035605352371931076 0
1716640926007 0.035183385014534 0
1716640926446 0.034935664385557175 0
1716640926885 0.03458349034190178 0
1716640931439 0.03433878719806671 0
1716640931881 0.03407346084713936 0
1716640932340 0.03379373997449875 0
1716640932808 0.03362361341714859 0
1716640933238 0.033353887498378754 0
1716640933677 0.033203307539224625 0
1716640934115 0.032924752682447433 0
1716640934578 0.03268823400139809 0
1716640935018 0.03249682858586311 0
1716640935448 0.03230971843004227 0
1716640939871 0.03215588256716728 0
1716640940328 0.031978435814380646 0
1716640940784 0.03180393576622009 0
1716640941248 0.031594663858413696 0
1716640941700 0.03142895549535751 0
1716640942218 0.03127612918615341 0
1716640942680 0.031119680032134056 0
1716640943146 0.03095857985317707 0
1716640943593 0.030813761055469513 0
1716640944053 0.03066786378622055 0
1716640948802 0.03052341379225254 0
1716640949254 0.03037397935986519 0
1716640949722 0.03024342469871044 0
1716640950192 0.03010263666510582 0
1716640950645 0.029972104355692863 0
1716640951142 0.029838111251592636 0
1716640951634 0.029718700796365738 0
1716640952155 0.029588887467980385 0
1716640952636 0.029462190344929695 0
1716640953087 0.02933298423886299 0
1716640957819 0.029213253408670425 0
1716640958273 0.02909671515226364 0
1716640958746 0.028977591544389725 0
1716640959201 0.028860392048954964 0
1716640959652 0.028744323179125786 0
1716640960085 0.028631452471017838 0
1716640960540 0.02851574309170246 0
1716640960969 0.028401192277669907 0
1716640961399 0.02829105220735073 0
1716640961847 0.028181828558444977 0
1716640967365 0.028070775792002678 0
1716640967816 0.027961034327745438 0
1716640968267 0.027853436768054962 0
1716640968722 0.027746951207518578 0
1716640969149 0.02764195017516613 0
1716640969636 0.027535630390048027 0
1716640970098 0.02743145450949669 0
1716640970542 0.027327530086040497 0
1716640970972 0.02722480148077011 0
1716640971436 0.0271217729896307 0
1716640975674 0.02702016942203045 0
1716640976131 0.026918664574623108 0
1716640976561 0.026817720383405685 0
1716640977022 0.026717236265540123 0
1716640977465 0.026617875322699547 0
1716640977959 0.026518303900957108 0
1716640978394 0.02641969732940197 0
1716640978862 0.026321211829781532 0
1716640979320 0.026223190128803253 0
1716640979802 0.026125524193048477 0
1716640985081 0.02602783776819706 0
1716640985539 0.025930948555469513 0
1716640985977 0.025834430009126663 0
1716640986455 0.025738175958395004 0
1716640986967 0.02564220130443573 0
1716640987435 0.025546599179506302 0
1716640987899 0.02545139193534851 0
1716640988370 0.025356285274028778 0
1716640988879 0.025261465460062027 0
1716640989389 0.02516714669764042 0
1716640994317 0.025073187425732613 0
1716640994762 0.02497926540672779 0
1716640995216 0.02488565817475319 0
1716640995743 0.024792246520519257 0
1716640996263 0.024699293076992035 0
1716640996771 0.024606646969914436 0
1716640997208 0.024514250457286835 0
1716640997682 0.024422306567430496 0
1716640998118 0.02433030679821968 0
1716640998601 0.02423885464668274 0
1716641004116 0.024147482588887215 0
1716641004591 0.02405664697289467 0
1716641005056 0.023966027423739433 0
1716641005486 0.023875614628195763 0
1716641005925 0.023785648867487907 0
1716641006365 0.023695876821875572 0
1716641006831 0.02360643446445465 0
1716641007300 0.02351750247180462 0
1716641007734 0.02342884987592697 0
1716641008172 0.023340465500950813 0
1716641012599 0.023252544924616814 0
1716641013039 0.023165002465248108 0
1716641013482 0.0230778306722641 0
1716641013915 0.022991107776761055 0
1716641014339 0.02290467731654644 0
1716641014775 0.022818658500909805 0
1716641015202 0.022733177989721298 0
1716641015706 0.02264775149524212 0
1716641016136 0.022563066333532333 0
1716641016565 0.022478554397821426 0
1716641020241 0.022394681349396706 0
1716641020705 0.0223110169172287 0
1716641021169 0.02222791127860546 0
1716641021623 0.022145042195916176 0
1716641022082 0.02206258662045002 0
1716641022556 0.021980462595820427 0
1716641022996 0.021898768842220306 0
1716641023432 0.021817646920681 0
1716641023873 0.021736575290560722 0
1716641024328 0.02165619097650051 0
1716641028270 0.02157590538263321 0
1716641028752 0.02149602770805359 0
1716641029208 0.02141653001308441 0
1716641029701 0.021337509155273438 0
1716641030138 0.021258806809782982 0
1716641030602 0.021180296316742897 0
1716641031054 0.021102366968989372 0
1716641031525 0.021024569869041443 0
1716641031966 0.020947422832250595 0
1716641032444 0.020870346575975418 0
1716641036864 0.020793594419956207 0
1716641037339 0.020717380568385124 0
1716641037821 0.020641375333070755 0
1716641038265 0.020565476268529892 0
1716641038742 0.020490193739533424 0
1716641039186 0.020415106788277626 0
1716641039632 0.020340053364634514 0
1716641040101 0.020265666767954826 0
1716641040552 0.02019147016108036 0
1716641041001 0.020117418840527534 0
1716641045402 0.02004365809261799 0
1716641045891 0.019970044493675232 0
1716641046338 0.019896840676665306 0
1716641046807 0.019823677837848663 0
1716641047307 0.019750384613871574 0
1716641047797 0.01967744342982769 0
1716641048252 0.01960456557571888 0
1716641048688 0.019531546160578728 0
1716641049135 0.01945897378027439 0
1716641049573 0.01938667893409729 0
1716641054389 0.019315116107463837 0
1716641054851 0.019244268536567688 0
1716641055352 0.019173629581928253 0
1716641055810 0.01910337246954441 0
1716641056245 0.019033435732126236 0
1716641056708 0.018963797017931938 0
1716641057181 0.018895378336310387 0
1716641057669 0.01882801577448845 0
1716641058153 0.018763326108455658 0
1716641058610 0.018703093752264977 0
1716641064235 0.01865212246775627 0
1716641064705 0.018641464412212372 0
1716641065162 0.01875407248735428 0
1716641065612 0.02316770888864994 0
1716641066042 0.1008014902472496 0
1716641066528 0.08158249408006668 0
1716641067006 0.0780210867524147 0
1716641067517 0.10161817073822021 0
1716641068001 0.08959518373012543 0
1716641068505 0.07327184081077576 0
1716641074768 0.09430570900440216 0
1716641075291 0.06654466688632965 0
1716641075805 0.06770425289869308 0
1716641076265 0.0708649754524231 0
1716641076782 0.05337434634566307 0
1716641077267 0.05426035076379776 0
1716641077849 0.06053491681814194 0
1716641078350 0.046698540449142456 0
1716641078863 0.048257406800985336 0
1716641079441 0.05822909623384476 0
1716641087113 0.043946389108896255 0
1716641087591 0.04274124652147293 0
1716641088061 0.04093268886208534 0
1716641088538 0.040958840399980545 0
1716641089038 0.04667286574840546 0
1716641089558 0.046741992235183716 0
1716641090080 0.05286713317036629 0
1716641090721 0.07548046112060547 0
1716641091382 0.0512458011507988 0
1716641092103 0.05376254767179489 0
1716641098917 0.04864183068275452 0
1716641099405 0.043401844799518585 0
1716641099863 0.03941447287797928 0
1716641100396 0.03770935535430908 0
1716641100857 0.035447414964437485 0
1716641101369 0.03382357209920883 0
1716641101890 0.03391952067613602 0
1716641102386 0.03341367840766907 0
1716641102894 0.032574363052845 0
1716641103476 0.033710792660713196 0
1716641109475 0.031013811007142067 0
1716641109914 0.02891509234905243 0
1716641110349 0.028495613485574722 0
1716641110786 0.027446482330560684 0
1716641111216 0.026781802996993065 0
1716641111659 0.02598602883517742 0
1716641112113 0.025404011830687523 0
1716641112582 0.02466546930372715 0
1716641113068 0.023577144369482994 0
1716641113602 0.023030906915664673 0
1716641118403 0.022773245349526405 0
1716641118869 0.02213730476796627 0
1716641119331 0.021591518074274063 0
1716641119814 0.020954018458724022 0
1716641120258 0.02049478329718113 0
1716641120728 0.02024744637310505 0
1716641121183 0.0201597698032856 0
1716641121667 0.019721077755093575 0
1716641122145 0.019332049414515495 0
1716641122628 0.01910915970802307 0
1716641129147 0.01890641078352928 0
1716641129605 0.01865357533097267 0
1716641130040 0.0184384286403656 0
1716641130507 0.018248628824949265 0
1716641130943 0.018041638657450676 0
1716641131387 0.017843717709183693 0
1716641131826 0.017707720398902893 0
1716641132292 0.017554689198732376 0
1716641132767 0.017386605963110924 0
1716641133238 0.01724737137556076 0
1716641138615 0.01710476353764534 0
1716641139133 0.016998406499624252 0
1716641139702 0.016878942027688026 0
1716641140231 0.016752716153860092 0
1716641140724 0.016644831746816635 0
1716641141261 0.016530273482203484 0
1716641141768 0.01641158014535904 0
1716641142322 0.016302576288580894 0
1716641142935 0.016203949227929115 0
1716641143546 0.01611180789768696 0
1716641150061 0.016025368124246597 0
1716641150506 0.015952391549944878 0
1716641150942 0.015873633325099945 0
1716641151497 0.01578776352107525 0
1716641152048 0.01570826582610607 0
1716641152543 0.015633128583431244 0
1716641153030 0.015562648884952068 0
1716641153531 0.01549269538372755 0
1716641154037 0.01542147807776928 0
1716641154536 0.015354076400399208 0
1716641160549 0.01528930850327015 0
1716641161000 0.015224606730043888 0
1716641161455 0.015160279348492622 0
1716641161968 0.015099689364433289 0
1716641162423 0.015041266568005085 0
1716641162875 0.01498129591345787 0
1716641163317 0.01492266170680523 0
1716641163823 0.014865748584270477 0
1716641164287 0.01480801496654749 0
1716641164767 0.014750712551176548 0
1716641170630 0.014697425998747349 0
1716641171093 0.014646111987531185 0
1716641171536 0.014593163505196571 0
1716641171990 0.014541149139404297 0
1716641172442 0.014489945955574512 0
1716641172939 0.014439446851611137 0
1716641173387 0.014389583840966225 0
1716641173855 0.014340820722281933 0
1716641174362 0.014292821288108826 0
1716641174851 0.014245930127799511 0
1716641180550 0.014199716970324516 0
1716641181007 0.01415332779288292 0
1716641181512 0.014107716269791126 0
1716641181974 0.014062411151826382 0
1716641182468 0.014017580077052116 0
1716641183067 0.013973191380500793 0
1716641183680 0.013929788023233414 0
1716641184380 0.013886773027479649 0
1716641184977 0.013844120316207409 0
1716641185513 0.013801940716803074 0
1716641191707 0.013760467059910297 0
1716641192179 0.013719063252210617 0
1716641192651 0.013678216375410557 0
1716641193078 0.013637708500027657 0
1716641193547 0.013597671873867512 0
1716641194128 0.01355823129415512 0
1716641194896 0.013518918305635452 0
1716641195586 0.013479935005307198 0
1716641196331 0.013441495597362518 0
1716641196954 0.013403244316577911 0
1716641204149 0.013365374878048897 0
1716641204611 0.01332769449800253 0
1716641205078 0.01329062506556511 0
1716641205539 0.013253768905997276 0
1716641205973 0.013217246159911156 0
1716641206488 0.013180914334952831 0
1716641206957 0.013144884258508682 0
1716641207470 0.013109230436384678 0
1716641207974 0.01307392492890358 0
1716641208473 0.01303886715322733 0
1716641214443 0.013004006817936897 0
1716641214929 0.012969456613063812 0
1716641215376 0.012935149483382702 0
1716641215824 0.012901156209409237 0
1716641216257 0.012867367826402187 0
1716641216715 0.012833845801651478 0
1716641217156 0.01280051190406084 0
1716641217611 0.0127674276009202 0
1716641218073 0.012734745629131794 0
1716641218529 0.012702136300504208 0
1716641223430 0.0126698212698102 0
1716641223958 0.012637700885534286 0
1716641224439 0.012605804949998856 0
1716641224929 0.01257404126226902 0
1716641225415 0.012542755343019962 0
1716641225916 0.012511593289673328 0
1716641226449 0.012480554170906544 0
1716641227033 0.012449635192751884 0
1716641227559 0.012419062666594982 0
1716641228115 0.01238867174834013 0
1716641234002 0.01235845685005188 0
1716641234436 0.012328400276601315 0
1716641234874 0.01229860819876194 0
1716641235343 0.012268997728824615 0
1716641235787 0.012239443138241768 0
1716641236222 0.012210214510560036 0
1716641236666 0.012181052006781101 0
1716641237133 0.012152164243161678 0
1716641237615 0.012123443186283112 0
1716641238089 0.012094946578145027 0
1716641243683 0.012066462077200413 0
1716641244152 0.012038212269544601 0
1716641244633 0.012010111473500729 0
1716641245175 0.011982198804616928 0
1716641245647 0.011954483576118946 0
1716641246154 0.011926795355975628 0
1716641246680 0.011899282224476337 0
1716641247171 0.011871980503201485 0
1716641247704 0.011844899505376816 0
1716641248217 0.011817917227745056 0
1716641255149 0.011791027151048183 0
1716641255615 0.011764268390834332 0
1716641256152 0.01173758041113615 0
1716641256675 0.011711192317306995 0
1716641257113 0.011684832163155079 0
1716641257668 0.011658623814582825 0
1716641258173 0.011632485315203667 0
1716641258694 0.011606516316533089 0
1716641259291 0.011580688878893852 0
1716641260125 0.01155493501573801 0
1716641267410 0.011529356241226196 0
1716641267861 0.011503865011036396 0
1716641268302 0.011478372849524021 0
1716641268761 0.011453086510300636 0
1716641269216 0.011427944526076317 0
1716641269745 0.011402849107980728 0
1716641270224 0.011377864517271519 0
1716641270705 0.011352909728884697 0
1716641271192 0.011328151449561119 0
1716641271735 0.011303345672786236 0
1716641278925 0.011278780177235603 0
1716641279395 0.01125415414571762 0
1716641279919 0.01122964546084404 0
1716641280538 0.011205179616808891 0
1716641281100 0.011180831119418144 0
1716641281591 0.011156548745930195 0
1716641282088 0.011132310144603252 0
1716641282605 0.011108103208243847 0
1716641283159 0.011083991266787052 0
1716641283723 0.011059877462685108 0
1716641294063 0.011035814881324768 0
1716641294573 0.011011794209480286 0
1716641295021 0.010987691581249237 0
1716641295504 0.010963712818920612 0
1716641295960 0.010939707979559898 0
1716641296443 0.01091565191745758 0
1716641296935 0.010891498997807503 0
1716641297413 0.010867400094866753 0
1716641297951 0.010843195021152496 0
1716641298563 0.010818987153470516 0
1716641304846 0.010794593021273613 0
1716641305316 0.01077030599117279 0
1716641305797 0.010745920240879059 0
1716641306313 0.01072155311703682 0
1716641306818 0.010697226971387863 0
1716641307282 0.010672876611351967 0
1716641307734 0.010648778639733791 0
1716641308194 0.010624726302921772 0
1716641308671 0.010600807145237923 0
1716641309162 0.010577095672488213 0
1716641315379 0.010553519241511822 0
1716641315835 0.010530147701501846 0
1716641316313 0.010506867431104183 0
1716641316784 0.01048392802476883 0
1716641317232 0.010461023077368736 0
1716641317697 0.010438559576869011 0
1716641318151 0.01041642390191555 0
1716641318623 0.010394923388957977 0
1716641319159 0.010374590754508972 0
1716641319751 0.010356630198657513 0
1716641327182 0.010346080176532269 0
1716641327651 0.010353836230933666 0
1716641328126 0.010534631088376045 0
1716641328575 0.02866741269826889 0
1716641329030 0.056331660598516464 0
1716641329544 0.06961723417043686 0
1716641330043 0.05665619671344757 0
1716641330532 0.09536267071962357 0
1716641331018 0.08278840035200119 0
1716641331551 0.07284707576036453 0
1716641338812 0.08607847988605499 0
1716641339311 0.06873311847448349 0
1716641339803 0.06000804156064987 0
1716641340244 0.0562325119972229 0
1716641340684 0.03772132843732834 0
1716641341189 0.061198554933071136 0
1716641341666 0.05791201815009117 0
1716641342150 0.07007873058319092 0
1716641342641 0.048765018582344055 0
1716641343131 0.04175611212849617 0
1716641350712 0.04412568733096123 0
1716641351193 0.05530688539147377 0
1716641351662 0.0595615915954113 0
1716641352147 0.05821280926465988 0
1716641352620 0.05196818336844444 0
1716641353128 0.04384097829461098 0
1716641353636 0.049684956669807434 0
1716641354138 0.05099344998598099 0
1716641354689 0.059330783784389496 0
1716641355325 0.053413357585668564 0
1716641361739 0.05322190746665001 0
1716641362183 0.06015656888484955 0
1716641362641 0.06495543569326401 0
1716641363140 0.057051174342632294 0
1716641363612 0.048088785260915756 0
1716641364069 0.046419717371463776 0
1716641364531 0.05445883795619011 0
1716641364983 0.04350486025214195 0
1716641365487 0.04802782088518143 0
1716641366011 0.04330694302916527 0
1716641372448 0.04250602051615715 0
1716641372891 0.03607174754142761 0
1716641373354 0.03260758891701698 0
1716641373803 0.02868596464395523 0
1716641374251 0.028498847037553787 0
1716641374694 0.02671591192483902 0
1716641375145 0.024919141083955765 0
1716641375602 0.023752929642796516 0
1716641376073 0.02271140366792679 0
1716641376558 0.021660082042217255 0
1716641383540 0.02077287808060646 0
1716641384002 0.01960161328315735 0
1716641384448 0.018908081576228142 0
1716641384874 0.018562952056527138 0
1716641385344 0.01801275834441185 0
1716641385824 0.01707584597170353 0
1716641386279 0.01647293008863926 0
1716641386796 0.016058623790740967 0
1716641387266 0.015592747367918491 0
1716641387782 0.0154691431671381 0
1716641393343 0.014949801377952099 0
1716641393813 0.014600550755858421 0
1716641394332 0.014244534075260162 0
1716641394775 0.014055846258997917 0
1716641395215 0.013881020247936249 0
1716641395684 0.013429876416921616 0
1716641396182 0.013176006264984608 0
1716641396691 0.012932615354657173 0
1716641397214 0.012798207812011242 0
1716641397723 0.012726123444736004 0
1716641404181 0.012519092299044132 0
1716641404700 0.012376432307064533 0
1716641405164 0.012174945324659348 0
1716641405635 0.012078660540282726 0
1716641406087 0.011882912367582321 0
1716641406611 0.01178422849625349 0
1716641407121 0.0116569260135293 0
1716641407617 0.011575378477573395 0
1716641408127 0.011494998820126057 0
1716641408656 0.011398823000490665 0
1716641414197 0.011331694200634956 0
1716641414683 0.011231380514800549 0
1716641415135 0.011142903938889503 0
1716641415618 0.011059410870075226 0
1716641416073 0.010994247160851955 0
1716641416519 0.010940362699329853 0
1716641416992 0.010874887928366661 0
1716641417455 0.010827183723449707 0
1716641417909 0.01076856441795826 0
1716641418391 0.01071899477392435 0
1716641422675 0.010662415064871311 0
1716641423171 0.010607093572616577 0
1716641423634 0.010558651760220528 0
1716641424088 0.01051147561520338 0
1716641424548 0.010470999404788017 0
1716641424997 0.010428006760776043 0
1716641425465 0.010393662378191948 0
1716641425988 0.01035250723361969 0
1716641426487 0.010313203558325768 0
1716641426992 0.010276922956109047 0
1716641433852 0.010240639559924603 0
1716641434353 0.010204184800386429 0
1716641434812 0.010171143338084221 0
1716641435268 0.010140086524188519 0
1716641435698 0.010107016190886497 0
1716641436156 0.010076078586280346 0
1716641436650 0.010044475086033344 0
1716641437149 0.010014374740421772 0
1716641437752 0.009985481388866901 0
1716641438314 0.009957995265722275 0
1716641445206 0.009929918684065342 0
1716641445670 0.009902393445372581 0
1716641446144 0.009875250980257988 0
1716641446593 0.00984872691333294 0
1716641447067 0.009823325090110302 0
1716641447578 0.009797807782888412 0
1716641448073 0.009772629477083683 0
1716641448734 0.009747433476150036 0
1716641449243 0.009722833521664143 0
1716641449803 0.009698252193629742 0
1716641460138 0.00967471208423376 0
1716641460607 0.009651250205934048 0
1716641461041 0.009628186002373695 0
1716641461530 0.00960523635149002 0
1716641461976 0.009582473896443844 0
1716641462441 0.00955995637923479 0
1716641462913 0.00953801441937685 0
1716641463427 0.009516239166259766 0
1716641463989 0.009494810365140438 0
1716641464487 0.00947374664247036 0
1716641471433 0.009452839381992817 0
1716641471890 0.009432190097868443 0
1716641472345 0.009411999955773354 0
1716641472836 0.009392029605805874 0
1716641473309 0.009372287429869175 0
1716641473801 0.009352799504995346 0
1716641474253 0.009333528578281403 0
1716641474773 0.009314441122114658 0
1716641475253 0.009295645169913769 0
1716641475741 0.00927717238664627 0
1716641481241 0.00925877783447504 0
1716641481687 0.009240711107850075 0
1716641482151 0.009222811087965965 0
1716641482648 0.009205023758113384 0
1716641483130 0.009187547490000725 0
1716641483602 0.009170182049274445 0
1716641484070 0.009153093211352825 0
1716641484601 0.009136203676462173 0
1716641485160 0.009119454771280289 0
1716641485835 0.009102919138967991 0
1716641494095 0.009086502715945244 0
1716641494611 0.009070334956049919 0
1716641495091 0.009054283611476421 0
1716641495599 0.009038364514708519 0
1716641496074 0.009022495709359646 0
1716641496641 0.009006897918879986 0
1716641497492 0.00899146031588316 0
1716641498118 0.00897616520524025 0
1716641498754 0.008961011655628681 0
1716641499416 0.008945963345468044 0
1716641509829 0.00893107708543539 0
1716641510276 0.008916212245821953 0
1716641510718 0.008901606313884258 0
1716641511180 0.008887096308171749 0
1716641511688 0.00887266919016838 0
1716641512162 0.008858372457325459 0
1716641512625 0.008844188414514065 0
1716641513074 0.008830111473798752 0
1716641513537 0.008816216140985489 0
1716641513997 0.008802341297268867 0
1716641520269 0.008788618259131908 0
1716641520755 0.008775020018219948 0
1716641521238 0.008761425502598286 0
1716641521739 0.008748011663556099 0
1716641522184 0.008734725415706635 0
1716641522666 0.008721446618437767 0
1716641523121 0.008708271197974682 0
1716641523635 0.008695176802575588 0
1716641524122 0.008682247251272202 0
1716641524633 0.008669358678162098 0
1716641530131 0.00865649338811636 0
1716641530577 0.00864376313984394 0
1716641531027 0.008631131611764431 0
1716641531497 0.00861852802336216 0
1716641531925 0.008606072515249252 0
1716641532430 0.008593657054007053 0
1716641532886 0.008581310510635376 0
1716641533342 0.00856904499232769 0
1716641533803 0.008556850254535675 0
1716641534255 0.008544731885194778 0
1716641539469 0.008532638661563396 0
1716641539929 0.00852067768573761 0
1716641540377 0.008508821949362755 0
1716641540825 0.008496943861246109 0
1716641541319 0.008485155180096626 0
1716641541817 0.008473414927721024 0
1716641542286 0.008461766876280308 0
1716641542764 0.00845019519329071 0
1716641543306 0.008438625372946262 0
1716641543836 0.00842713937163353 0
1716641549417 0.00841568410396576 0
1716641549873 0.00840433593839407 0
1716641550366 0.008392976596951485 0
1716641550874 0.008381664752960205 0
1716641551400 0.008370502851903439 0
1716641551894 0.008359371684491634 0
1716641552399 0.008348273113369942 0
1716641552904 0.008337150327861309 0
1716641553424 0.008326181210577488 0
1716641553976 0.008315199054777622 0
1716641561398 0.008304285816848278 0
1716641561858 0.008293410763144493 0
1716641562317 0.008282612077891827 0
1716641562761 0.008271799422800541 0
1716641563223 0.008261093869805336 0
1716641563694 0.008250396698713303 0
1716641564150 0.008239701390266418 0
1716641564642 0.008229099214076996 0
1716641565114 0.008218551054596901 0
1716641565622 0.008208002895116806 0
1716641570592 0.008197438903152943 0
1716641571052 0.008187022060155869 0
1716641571509 0.008176594041287899 0
1716641571945 0.008166244253516197 0
1716641572384 0.00815590750426054 0
1716641572864 0.00814557634294033 0
1716641573329 0.00813532155007124 0
1716641573804 0.008125055581331253 0
1716641574296 0.008114888332784176 0
1716641574795 0.00810468290001154 0
1716641579544 0.008094585500657558 0
1716641579978 0.008084462024271488 0
1716641580450 0.008074406534433365 0
1716641580909 0.00806434266269207 0
1716641581354 0.008054331876337528 0
1716641581836 0.00804441049695015 0
1716641582300 0.008034399710595608 0
1716641582790 0.00802448857575655 0
1716641583280 0.008014649152755737 0
1716641583767 0.008004761300981045 0
1716641588491 0.007994893938302994 0
1716641588966 0.007985151372849941 0
1716641589420 0.007975345477461815 0
1716641589857 0.007965628057718277 0
1716641590296 0.007955923676490784 0
1716641590774 0.007946183905005455 0
1716641591209 0.007936577312648296 0
1716641591678 0.00792689435184002 0
1716641592167 0.007917302660644054 0
1716641593008 0.007907693274319172 0
1716641600346 0.00789811834692955 0
1716641600799 0.007888671942055225 0
1716641601281 0.007879119366407394 0
1716641601719 0.00786958821117878 0
1716641602164 0.007860146462917328 0
1716641602606 0.007850736379623413 0
1716641603088 0.007841238752007484 0
1716641603572 0.0078319376334548 0
1716641604053 0.007822554558515549 0
1716641604574 0.007813233882188797 0
1716641610609 0.007803909946233034 0
1716641611099 0.007794646080583334 0
1716641611533 0.007785352412611246 0
1716641611967 0.007776094134896994 0
1716641612410 0.007766824681311846 0
1716641612869 0.007757681421935558 0
1716641613321 0.007748500909656286 0
1716641613787 0.007739413529634476 0
1716641614252 0.007730257697403431 0
1716641614726 0.00772114610299468 0
1716641619512 0.007712073624134064 0
1716641619959 0.007703006733208895 0
1716641620429 0.007693991996347904 0
1716641620879 0.007684938609600067 0
1716641621323 0.007675962056964636 0
1716641621781 0.007666982244700193 0
1716641622235 0.007658034097403288 0
1716641622705 0.007649115286767483 0
1716641623208 0.0076401736587285995 0
1716641623719 0.007631331216543913 0
1716641628184 0.007622441742569208 0
1716641628617 0.007613577879965305 0
1716641629075 0.007604732643812895 0
1716641629516 0.007595973089337349 0
1716641629957 0.007587192114442587 0
1716641630482 0.007578430697321892 0
1716641630947 0.007569653447717428 0
1716641631414 0.007560939993709326 0
1716641631903 0.0075522856786847115 0
1716641632367 0.007543544284999371 0
1716641636594 0.0075349388644099236 0
1716641637051 0.0075262608006596565 0
1716641637521 0.007517663761973381 0
1716641637970 0.0075090257450938225 0
1716641638428 0.007500473875552416 0
1716641638922 0.007491903845220804 0
1716641639400 0.007483326364308596 0
1716641639889 0.0074747963808476925 0
1716641640393 0.007466270588338375 0
1716641640953 0.007457767613232136 0
1716641646813 0.00744926743209362 0
1716641647279 0.007440830580890179 0
1716641647735 0.0074323974549770355 0
1716641648173 0.007423941511660814 0
1716641648616 0.007415564730763435 0
1716641649100 0.007407156750559807 0
1716641649625 0.007398777641355991 0
1716641650145 0.007390368729829788 0
1716641650616 0.007382051087915897 0
1716641651122 0.007373738568276167 0
1716641656498 0.0073654428124427795 0
1716641656946 0.007357129827141762 0
1716641657437 0.007348871789872646 0
1716641657933 0.007340583950281143 0
1716641658378 0.0073323240503668785 0
1716641658842 0.007324052508920431 0
1716641659286 0.007315878290683031 0
1716641659770 0.007307650521397591 0
1716641660258 0.007299452088773251 0
1716641660756 0.0072912960313260555 0
1716641666137 0.007283172570168972 0
1716641666569 0.0072750188410282135 0
1716641667030 0.007266858592629433 0
1716641667458 0.007258703000843525 0
1716641667893 0.007250617723912001 0
1716641668337 0.007242604158818722 0
1716641668776 0.007234491873532534 0
1716641669272 0.00722641684114933 0
1716641669736 0.007218383718281984 0
1716641670212 0.007210357580333948 0
1716641676179 0.00720236636698246 0
1716641676631 0.007194367237389088 0
1716641677093 0.007186411879956722 0
1716641677551 0.00717841275036335 0
1716641677997 0.0071704210713505745 0
1716641678461 0.007162539288401604 0
1716641678944 0.007154718041419983 0
1716641679445 0.0071469820104539394 0
1716641679977 0.007139309775084257 0
1716641680490 0.007132061757147312 0
1716641686127 0.007125392090529203 0
1716641686603 0.007120843511074781 0
1716641687050 0.0071203145198524 0
1716641687493 0.007150112185627222 0
1716641687942 0.007770944852381945 0
1716641688474 0.09122597426176071 0
1716641688932 0.1572556495666504 0
1716641689414 0.07580984383821487 0
1716641689892 0.2448558658361435 0
1716641690380 0.1600736677646637 0
1716641695447 0.11125990003347397 0
1716641695975 0.0737210288643837 0
1716641696449 0.07733765989542007 0
1716641696894 0.14254938066005707 0
1716641697343 0.11752712726593018 0
1716641697805 0.06912355124950409 0
1716641698279 0.09547940641641617 0
1716641698749 0.051422253251075745 0
1716641699231 0.05208253487944603 0
1716641699754 0.05791274458169937 0
1716641705244 0.042590733617544174 0
1716641705693 0.044044967740774155 0
1716641706126 0.044758837670087814 0
1716641706605 0.04070039093494415 0
1716641707056 0.04321499541401863 0
1716641707524 0.04071131348609924 0
1716641708015 0.03737523779273033 0
1716641708496 0.03823123127222061 0
1716641709005 0.047643180936574936 0
1716641709513 0.06717679649591446 0
1716641714589 0.07866278290748596 0
1716641715045 0.06981541216373444 0
1716641715506 0.05185309424996376 0
1716641715942 0.04509831964969635 0
1716641716385 0.05469248816370964 0
1716641716855 0.07498002052307129 0
1716641717579 0.05525689572095871 0
1716641718260 0.03926212713122368 0
1716641718829 0.03695562854409218 0
1716641719517 0.039315126836299896 0
1716641725957 0.042933762073516846 0
1716641726423 0.05141092836856842 0
1716641726904 0.03795798867940903 0
1716641727381 0.03356528654694557 0
1716641727858 0.03220800682902336 0
1716641728362 0.033480867743492126 0
1716641728888 0.03884154558181763 0
1716641729404 0.03311688452959061 0
1716641729918 0.03147350251674652 0
1716641730468 0.02660662867128849 0
1716641743488 0.0280662439763546 0
1716641744014 0.025031011551618576 0
1716641744575 0.023313798010349274 0
1716641745035 0.022464601323008537 0
1716641745480 0.0201993677765131 0
1716641745921 0.02003036066889763 0
1716641746364 0.019157100468873978 0
1716641746863 0.01730608567595482 0
1716641747336 0.016587339341640472 0
1716641747825 0.01616787351667881 0
1716641753178 0.015836654230952263 0
1716641753615 0.015337860211730003 0
1716641754080 0.014544980600476265 0
1716641754543 0.014008084312081337 0
1716641755006 0.013498024083673954 0
1716641755468 0.013029237277805805 0
1716641755919 0.012739651836454868 0
1716641756402 0.0123631302267313 0
1716641756858 0.01201555971056223 0
1716641757346 0.011781667359173298 0
1716641762772 0.011472498066723347 0
1716641763228 0.011118905618786812 0
1716641763721 0.010886134579777718 0
1716641764193 0.010722097009420395 0
1716641764656 0.010588554665446281 0
1716641765143 0.010437339544296265 0
1716641765590 0.01027162279933691 0
1716641766060 0.010120384395122528 0
1716641766525 0.00998146366328001 0
1716641767031 0.009830513969063759 0
1716641772183 0.009672352112829685 0
1716641772619 0.009523690678179264 0
1716641773080 0.009399477392435074 0
1716641773532 0.009304512292146683 0
1716641773978 0.009219672530889511 0
1716641774453 0.009125481359660625 0
1716641774912 0.009036161936819553 0
1716641775432 0.008964572101831436 0
1716641775953 0.008892395533621311 0
1716641776485 0.008814418688416481 0
1716641782559 0.008742058649659157 0
1716641783008 0.008676713332533836 0
1716641783473 0.008620566688477993 0
1716641783940 0.008571946993470192 0
1716641784402 0.00852110330015421 0
1716641784868 0.008467396721243858 0
1716641785357 0.008419429883360863 0
1716641785857 0.00837443396449089 0
1716641786380 0.008329278789460659 0
1716641786892 0.008286836557090282 0
1716641793036 0.00824547465890646 0
1716641793540 0.008202922530472279 0
1716641794028 0.00816277228295803 0
1716641794513 0.008125829510390759 0
1716641794963 0.008090614341199398 0
1716641795423 0.008057774975895882 0
1716641795915 0.008025892078876495 0
1716641796401 0.007994113489985466 0
1716641796892 0.007963612675666809 0
1716641797400 0.007933874614536762 0
1716641802362 0.007904911413788795 0
1716641802836 0.007877478376030922 0
1716641803267 0.007850243709981441 0
1716641803717 0.007822737097740173 0
1716641804149 0.007796337362378836 0
1716641804647 0.007771213538944721 0
1716641805121 0.0077466098591685295 0
1716641805611 0.007722402457147837 0
1716641806125 0.007698581553995609 0
1716641806650 0.0076753562316298485 0
1716641813644 0.00765281030908227 0
1716641814207 0.007630668114870787 0
1716641814731 0.00760888634249568 0
1716641815291 0.0075873322784900665 0
1716641815953 0.007565926294773817 0
1716641816695 0.007544797845184803 0
1716641817334 0.007524304557591677 0
1716641817953 0.007504153531044722 0
1716641818517 0.007484006229788065 0
1716641819189 0.007464184425771236 0
1716641827905 0.007444656919687986 0
1716641828558 0.007425364106893539 0
1716641829116 0.007406300399452448 0
1716641829659 0.007387408055365086 0
1716641830250 0.0073686824180185795 0
1716641830974 0.007350210566073656 0
1716641831685 0.007331928238272667 0
1716641832455 0.007313827984035015 0
1716641833121 0.007295848801732063 0
1716641833666 0.007278089877218008 0
1716641841099 0.007260502781718969 0
1716641841567 0.007243265863507986 0
1716641842089 0.007226055487990379 0
1716641842556 0.0072089689783751965 0
1716641843054 0.007191982585936785 0
1716641843537 0.007175311911851168 0
1716641844065 0.007158735767006874 0
1716641844554 0.007142471615225077 0
1716641845081 0.007126287091523409 0
1716641845630 0.007110306993126869 0
1716641852258 0.007094573695212603 0
1716641852726 0.007078998722136021 0
1716641853187 0.007063581608235836 0
1716641853631 0.0070483689196407795 0
1716641854086 0.00703336950391531 0
1716641854573 0.007018530275672674 0
1716641855038 0.00700386893004179 0
1716641855536 0.006989388260990381 0
1716641856039 0.006975149270147085 0
1716641856631 0.006960972212255001 0
1716641865952 0.006946999579668045 0
1716641866460 0.006933147087693214 0
1716641866939 0.0069195362739264965 0
1716641867444 0.0069059752859175205 0
1716641867920 0.006892675068229437 0
1716641868431 0.006879464723169804 0
1716641868913 0.00686642387881875 0
1716641869443 0.006853444501757622 0
1716641869972 0.0068406895734369755 0
1716641870536 0.0068280259147286415 0
1716641877165 0.006815455388277769 0
1716641877617 0.0068030692636966705 0
1716641878073 0.006790728773921728 0
1716641878535 0.006778577342629433 0
1716641878986 0.006766490638256073 0
1716641879446 0.006754464004188776 0
1716641879903 0.006742648780345917 0
1716641880378 0.00673092482611537 0
1716641880882 0.006719252094626427 0
1716641881388 0.006707699969410896 0
1716641887140 0.0066962530836462975 0
1716641887593 0.006684858351945877 0
1716641888057 0.006673645693808794 0
1716641888562 0.006662461441010237 0
1716641889061 0.00665133586153388 0
1716641889624 0.006640338338911533 0
1716641890182 0.00662942323833704 0
1716641890774 0.006618591491132975 0
1716641891450 0.0066078719682991505 0
1716641892130 0.006597171071916819 0
1716641899156 0.0065865423530340195 0
1716641899631 0.006576030980795622 0
1716641900161 0.006565593183040619 0
1716641900671 0.00655521173030138 0
1716641901133 0.006544901989400387 0
1716641901670 0.006534723564982414 0
1716641902174 0.0065245251171290874 0
1716641902710 0.006514416076242924 0
1716641903409 0.0065043312497437 0
1716641904143 0.006494414061307907 0
1716641915369 0.006484456360340118 0
1716641916239 0.006474579218775034 0
1716641917028 0.006464805454015732 0
1716641917725 0.006455095484852791 0
1716641918532 0.006445423699915409 0
1716641919211 0.00643577054142952 0
1716641919856 0.006426249630749226 0
1716641920431 0.0064167152158916 0
1716641921057 0.00640726275742054 0
1716641921694 0.006397839169949293 0
1716641930883 0.006388504058122635 0
1716641931547 0.00637920992448926 0
1716641932225 0.006369964685291052 0
1716641932738 0.006360743660479784 0
1716641933277 0.006351589225232601 0
1716641934042 0.006342533975839615 0
1716641934832 0.00633344566449523 0
1716641935708 0.006324463523924351 0
1716641936620 0.006315428763628006 0
1716641937755 0.006306512281298637 0
1716641946885 0.006297609303146601 0
1716641947490 0.006288775242865086 0
1716641948201 0.006279996130615473 0
1716641949009 0.006271217484027147 0
1716641949794 0.006262494251132011 0
1716641952070 0.006253816187381744 0
1716641953194 0.006245172116905451 0
1716641954042 0.006236570421606302 0
1716641954731 0.006228015758097172 0
1716641955474 0.006219497881829739 0
1716641965088 0.0062110028229653835 0
1716641965649 0.006202523596584797 0
1716641966198 0.006194119807332754 0
1716641966672 0.006185733247548342 0
1716641967167 0.006177390925586224 0
1716641967695 0.006169025786221027 0
1716641968268 0.0061607505194842815 0
1716641969156 0.006152469664812088 0
1716641970249 0.0061442656442523 0
1716641971147 0.006136032287031412 0
1716641979822 0.006127894856035709 0
1716641980376 0.006119741126894951 0
1716641980836 0.006111640017479658 0
1716641981317 0.006103572901338339 0
1716641981833 0.006095477845519781 0
1716641982340 0.006087502930313349 0
1716641982833 0.00607951870188117 0
1716641983408 0.006071528419852257 0
1716641983972 0.006063584703952074 0
1716641984544 0.006055683828890324 0
1716641993100 0.006047774571925402 0
1716641993568 0.0060398937202990055 0
1716641994097 0.006032076198607683 0
1716641994618 0.0060242097824811935 0
1716641995105 0.006016472354531288 0
1716641995601 0.006008715834468603 0
1716641996079 0.006000957917422056 0
1716641996586 0.005993173457682133 0
1716641997126 0.005985504016280174 0
1716641997806 0.0059778266586363316 0
1716642004915 0.005970182362943888 0
1716642005394 0.00596255948767066 0
1716642005870 0.005954967811703682 0
1716642006404 0.005947411991655827 0
1716642006868 0.005939819850027561 0
1716642007343 0.005932345520704985 0
1716642007849 0.005924880970269442 0
1716642008346 0.005917414557188749 0
1716642008864 0.005909973755478859 0
1716642009411 0.005902656354010105 0
1716642016883 0.005895272828638554 0
1716642017356 0.005887963809072971 0
1716642017832 0.0058806887827813625 0
1716642018320 0.005873481743037701 0
1716642018834 0.005866265390068293 0
1716642019346 0.0058591547422111034 0
1716642019858 0.005852004047483206 0
1716642020345 0.005844913888722658 0
1716642020862 0.005837816745042801 0
1716642021406 0.005830824840813875 0
1716642030103 0.005823847372084856 0
1716642030697 0.005816849879920483 0
1716642031288 0.005809941329061985 0
1716642031773 0.005803047213703394 0
1716642032326 0.0057962145656347275 0
1716642032985 0.0057893553748726845 0
1716642033562 0.005782642867416143 0
1716642034220 0.005775816272944212 0
1716642034920 0.0057691349647939205 0
1716642035796 0.005762416869401932 0
1716642042938 0.005755756516009569 0
1716642043508 0.005749144125729799 0
1716642044083 0.00574253685772419 0
1716642044781 0.005735971033573151 0
1716642045560 0.0057294005528092384 0
1716642046343 0.005722899921238422 0
1716642047245 0.0057164388708770275 0
1716642047988 0.005709977354854345 0
1716642048562 0.005703533999621868 0
1716642049127 0.005697150714695454 0
1716642056849 0.005690795835107565 0
1716642057354 0.0056844125501811504 0
1716642057832 0.00567812193185091 0
1716642058299 0.005671818740665913 0
1716642058805 0.005665562581270933 0
1716642059323 0.005659352522343397 0
1716642059872 0.005653149913996458 0
1716642060796 0.005646950099617243 0
1716642061552 0.00564080523326993 0
1716642062344 0.005634715780615807 0
1716642070395 0.00562854390591383 0
1716642070881 0.005622461903840303 0
1716642071378 0.005616418085992336 0
1716642071879 0.005610371939837933 0
1716642072382 0.005604357924312353 0
1716642072928 0.005598369985818863 0
1716642073445 0.005592416040599346 0
1716642074132 0.005586492829024792 0
1716642074872 0.005580568220466375 0
1716642075452 0.005574662238359451 0
1716642082311 0.005568781867623329 0
1716642082805 0.00556294247508049 0
1716642083259 0.005557114724069834 0
1716642083771 0.0055513228289783 0
1716642084254 0.005545546766370535 0
1716642084716 0.0055397879332304 0
1716642085217 0.005534032359719276 0
1716642085677 0.005528327543288469 0
1716642086176 0.005522624589502811 0
1716642086704 0.005516962613910437 0
1716642094749 0.005511267576366663 0
1716642095253 0.005505656357854605 0
1716642095741 0.005500014405697584 0
1716642096255 0.005494431592524052 0
1716642096762 0.0054888674058020115 0
1716642097293 0.005483284592628479 0
1716642097876 0.0054777576588094234 0
1716642098483 0.005472251679748297 0
1716642099026 0.00546676991507411 0
1716642099714 0.00546122994273901 0
1716642107023 0.005455809645354748 0
1716642107496 0.005450359545648098 0
1716642107966 0.005444952752441168 0
1716642108435 0.005439502187073231 0
1716642108887 0.005434129387140274 0
1716642109357 0.005428757052868605 0
1716642109841 0.005423383787274361 0
1716642110335 0.005418062210083008 0
1716642110896 0.005412743426859379 0
1716642111434 0.005407445598393679 0
