1716640607823 2.731386184692383 0
1716640608504 0.6616330146789551 0
1716640609028 0.5051519870758057 0
1716640609463 0.42279601097106934 0
1716640609905 0.4340701103210449 0
1716640610341 0.4266171455383301 0
1716640610764 0.4101710319519043 0
1716640611195 0.4242889881134033 0
1716640611618 0.41190505027770996 0
1716640612042 0.4155399799346924 0
1716640617689 1.6254761219024658 0
1716640618319 0.6214210987091064 0
1716640619132 0.7766571044921875 0
1716640620651 1.510422945022583 0
1716640621442 0.7624969482421875 0
1716640621957 0.5081369876861572 0
1716640622395 0.42939114570617676 0
1716640622879 0.4788646697998047 0
1716640623346 0.4562811851501465 0
1716640623858 0.48671579360961914 0
1716640628866 1.156804084777832 0
1716640629309 0.4383370876312256 0
1716640629768 0.4417080879211426 0
1716640630264 0.48377084732055664 0
1716640630741 0.4645848274230957 0
1716640631187 0.4340248107910156 0
1716640631629 0.43227434158325195 0
1716640632155 0.5130939483642578 0
1716640632634 0.451157808303833 0
1716640633100 0.4530918598175049 0
1716640637805 1.1975071430206299 0
1716640638295 0.45926618576049805 0
1716640638733 0.42822718620300293 0
1716640639227 0.47989916801452637 0
1716640639696 0.43702197074890137 0
1716640640144 0.4375779628753662 0
1716640640598 0.4417591094970703 0
1716640641084 0.456406831741333 0
1716640641548 0.4465479850769043 0
1716640641998 0.43680715560913086 0
1716640646807 1.1965391635894775 0
1716640647278 0.4633138179779053 0
1716640647775 0.48445606231689453 0
1716640648301 0.5115451812744141 0
1716640648766 0.4482271671295166 0
1716640649198 0.4200608730316162 0
1716640649645 0.437514066696167 0
1716640650130 0.4644339084625244 0
1716640650580 0.43900322914123535 0
1716640651051 0.45919370651245117 0
1716640655858 1.2168610095977783 0
1716640656388 0.5231685638427734 0
1716640656911 0.5128388404846191 0
1716640657402 0.47973012924194336 0
1716640657869 0.44460177421569824 0
1716640658347 0.46835923194885254 0
1716640658834 0.47777485847473145 0
1716640659394 0.5405659675598145 0
1716640659885 0.4809539318084717 0
1716640660427 0.5356547832489014 0
1716640666586 1.212580919265747 0
1716640667025 0.43134284019470215 0
1716640667489 0.4423961639404297 0
1716640667946 0.4434390068054199 0
1716640668425 0.4660491943359375 0
1716640668897 0.4550459384918213 0
1716640669357 0.45108580589294434 0
1716640669852 0.4804248809814453 0
1716640670332 0.4650402069091797 0
1716640670816 0.46979689598083496 0
1716640675811 1.1054589748382568 0
1716640676245 0.42736077308654785 0
1716640676731 0.4699862003326416 0
1716640677184 0.44329404830932617 0
1716640677626 0.4235670566558838 0
1716640678125 0.48708510398864746 0
1716640678577 0.43930602073669434 0
1716640679048 0.45662999153137207 0
1716640679571 0.4960360527038574 0
1716640680054 0.46535229682922363 0
1716640684672 1.1784131526947021 0
1716640685198 0.5189440250396729 0
1716640685716 0.5029079914093018 0
1716640686160 0.4361100196838379 0
1716640686600 0.4300661087036133 0
1716640687067 0.4418189525604248 0
1716640687521 0.440579891204834 0
1716640688024 0.49024486541748047 0
1716640688512 0.4755411148071289 0
1716640688990 0.46616411209106445 0
1716640693442 1.1684958934783936 0
1716640693897 0.4476511478424072 0
1716640694342 0.4322648048400879 0
1716640694779 0.4262568950653076 0
1716640695231 0.4419987201690674 0
1716640695694 0.44619107246398926 0
1716640696144 0.4370601177215576 0
1716640696607 0.4382200241088867 0
1716640697084 0.45322203636169434 0
1716640697589 0.492387056350708 0
1716640703723 1.2636852264404297 0
1716640704172 0.4410538673400879 0
1716640704606 0.422091007232666 0
1716640705035 0.42161989212036133 0
1716640705469 0.42287111282348633 0
1716640705916 0.4269089698791504 0
1716640706394 0.4658958911895752 0
1716640706856 0.44930505752563477 0
1716640707336 0.4517025947570801 0
1716640707787 0.4343230724334717 0
1716640712187 1.1293797492980957 0
1716640712629 0.43575119972229004 0
1716640713142 0.5035371780395508 0
1716640713611 0.4514329433441162 0
1716640714092 0.4694180488586426 0
1716640714591 0.48532891273498535 0
1716640715039 0.43595194816589355 0
1716640715526 0.4760861396789551 0
1716640715982 0.44022297859191895 0
1716640716441 0.4453999996185303 0
1716640720767 0.9741077423095703 0
1716640721221 0.4399888515472412 0
1716640721667 0.43369412422180176 0
1716640722176 0.49728894233703613 0
1716640722677 0.4864189624786377 0
1716640723138 0.4521501064300537 0
1716640723587 0.4370439052581787 0
1716640724018 0.42093992233276367 0
1716640724459 0.42607593536376953 0
1716640724912 0.43738293647766113 0
1716640728787 0.9358999729156494 0
1716640729232 0.4307420253753662 0
1716640729675 0.429624080657959 0
1716640730124 0.4323749542236328 0
1716640730561 0.42117929458618164 0
1716640731010 0.4375910758972168 0
1716640731457 0.43526196479797363 0
1716640731935 0.46618199348449707 0
1716640732459 0.5093529224395752 0
1716640732925 0.44780683517456055 0
1716640737803 1.154543161392212 0
1716640738343 0.5353109836578369 0
1716640738882 0.5244200229644775 0
1716640739352 0.4609799385070801 0
1716640739908 0.548267126083374 0
1716640740493 0.5602810382843018 0
1716640741047 0.542219877243042 0
1716640741542 0.4864969253540039 0
1716640742035 0.48212194442749023 0
1716640742526 0.47460412979125977 0
1716640748118 1.3709301948547363 0
1716640748570 0.44366908073425293 0
1716640749084 0.5018467903137207 0
1716640749626 0.5303161144256592 0
1716640750172 0.5341410636901855 0
1716640750722 0.5303092002868652 0
1716640751200 0.460705041885376 0
1716640751659 0.4447927474975586 0
1716640752162 0.4529280662536621 0
1716640752684 0.5077629089355469 0
1716640757767 1.2195219993591309 0
1716640758221 0.44536328315734863 0
1716640758655 0.4234428405761719 0
1716640759132 0.4659919738769531 0
1716640759596 0.4469749927520752 0
1716640760069 0.44024205207824707 0
1716640760496 0.4131803512573242 0
1716640760944 0.4350249767303467 0
1716640761387 0.4290499687194824 0
1716640761809 0.408466100692749 0
1716640766228 0.9445102214813232 0
1716640766695 0.43948912620544434 0
1716640767132 0.4222900867462158 0
1716640767608 0.46292877197265625 0
1716640768049 0.42773985862731934 0
1716640768489 0.4266369342803955 0
1716640768929 0.4256739616394043 0
1716640769412 0.46938180923461914 0
1716640769867 0.4400603771209717 0
1716640770307 0.42673301696777344 0
1716640773648 0.6987478733062744 0
1716640774129 0.47347593307495117 0
1716640774579 0.43941307067871094 0
1716640775052 0.4611630439758301 0
1716640775507 0.44242310523986816 0
1716640775962 0.44278597831726074 0
1716640776413 0.43727898597717285 0
1716640776916 0.4889028072357178 0
1716640777377 0.4438910484313965 0
1716640777829 0.4320189952850342 0
1716640782530 1.3081769943237305 0
1716640783058 0.5198650360107422 0
1716640783515 0.4451751708984375 0
1716640783952 0.4242680072784424 0
1716640784383 0.419036865234375 0
1716640784827 0.43334221839904785 0
1716640785258 0.4179348945617676 0
1716640785727 0.45558619499206543 0
1716640786170 0.4302940368652344 0
1716640786630 0.4482240676879883 0
1716640791623 1.0191841125488281 0
1716640792084 0.4442012310028076 0
1716640792545 0.4470248222351074 0
1716640792980 0.4249999523162842 0
1716640793418 0.42497992515563965 0
1716640793884 0.44214606285095215 0
1716640794318 0.4211709499359131 0
1716640794819 0.48731493949890137 0
1716640795369 0.48152899742126465 0
1716640795849 0.46579527854919434 0
1716640800087 0.9366979598999023 0
1716640800545 0.4500999450683594 0
1716640800982 0.42409801483154297 0
1716640801449 0.45274972915649414 0
1716640801891 0.429736852645874 0
1716640802319 0.4161410331726074 0
1716640802753 0.42177700996398926 0
1716640803201 0.43390798568725586 0
1716640803658 0.4434030055999756 0
1716640804139 0.46630406379699707 0
1716640808352 0.9769589900970459 0
1716640808808 0.4466981887817383 0
1716640809292 0.46082592010498047 0
1716640809776 0.46477794647216797 0
1716640810308 0.5007550716400146 0
1716640810805 0.48931288719177246 0
1716640811278 0.4516029357910156 0
1716640811738 0.4461231231689453 0
1716640812191 0.44107985496520996 0
1716640812640 0.4346449375152588 0
1716640817252 1.2166731357574463 0
1716640817727 0.45685410499572754 0
1716640818197 0.4405977725982666 0
1716640818661 0.4516580104827881 0
1716640819118 0.44320106506347656 0
1716640819565 0.43639397621154785 0
1716640820016 0.4388458728790283 0
1716640820467 0.4382660388946533 0
1716640820903 0.42351508140563965 0
1716640821334 0.41829514503479004 0
1716640825620 0.9578201770782471 0
1716640826075 0.44300270080566406 0
1716640826549 0.448322057723999 0
1716640827048 0.4790608882904053 0
1716640827690 0.6099138259887695 0
1716640828298 0.587244987487793 0
1716640828905 0.5743739604949951 0
1716640829409 0.4705619812011719 0
1716640829871 0.4510209560394287 0
1716640830376 0.4755520820617676 0
1716640836320 1.2304048538208008 0
1716640836775 0.4485588073730469 0
1716640837232 0.4449610710144043 0
1716640837739 0.4886651039123535 0
1716640838191 0.43964171409606934 0
1716640838718 0.5047531127929688 0
1716640839170 0.4343879222869873 0
1716640839664 0.48128795623779297 0
1716640840127 0.4500761032104492 0
1716640840574 0.4290740489959717 0
1716640845982 1.1150362491607666 0
1716640846440 0.4492652416229248 0
1716640846894 0.43924498558044434 0
1716640847353 0.4369490146636963 0
1716640847802 0.42775392532348633 0
1716640848236 0.4209299087524414 0
1716640848710 0.4641292095184326 0
1716640849186 0.46176886558532715 0
1716640849645 0.4463679790496826 0
1716640850109 0.44907593727111816 0
1716640854676 1.031238079071045 0
1716640855117 0.4315803050994873 0
1716640855593 0.45816612243652344 0
1716640856035 0.43423914909362793 0
1716640856483 0.43038177490234375 0
1716640856918 0.4223048686981201 0
1716640857358 0.423886775970459 0
1716640857841 0.4677739143371582 0
1716640858283 0.42951107025146484 0
1716640858728 0.4324512481689453 0
1716640863056 1.0550830364227295 0
1716640863501 0.4263620376586914 0
1716640863962 0.4353020191192627 0
1716640864436 0.46150922775268555 0
1716640864902 0.44843578338623047 0
1716640865385 0.4673938751220703 0
1716640865845 0.44576406478881836 0
1716640866299 0.4394378662109375 0
1716640866758 0.4443058967590332 0
1716640867211 0.4363870620727539 0
1716640870705 0.7835772037506104 0
1716640871167 0.44928479194641113 0
1716640871616 0.4355282783508301 0
1716640872054 0.4256319999694824 0
1716640872517 0.4447767734527588 0
1716640872979 0.4485318660736084 0
1716640873432 0.4361457824707031 0
1716640873873 0.42667198181152344 0
1716640874322 0.4324309825897217 0
1716640874762 0.4242730140686035 0
1716640877866 0.6339120864868164 0
1716640878307 0.43146824836730957 0
1716640878740 0.4198770523071289 0
1716640879171 0.4188690185546875 0
1716640879615 0.42876124382019043 0
1716640880117 0.48860621452331543 0
1716640880579 0.4509298801422119 0
1716640881029 0.4392409324645996 0
1716640881455 0.41410398483276367 0
1716640881889 0.41483521461486816 0
1716640886720 1.093271017074585 0
1716640887171 0.44280385971069336 0
1716640887683 0.49707484245300293 0
1716640888231 0.5329101085662842 0
1716640888702 0.46302080154418945 0
1716640889292 0.5610229969024658 0
1716640889746 0.44089388847351074 0
1716640890229 0.46958374977111816 0
1716640890679 0.43186116218566895 0
1716640891127 0.4350552558898926 0
1716640895466 0.9184551239013672 0
1716640895923 0.4471852779388428 0
1716640896365 0.42868804931640625 0
1716640896859 0.4805469512939453 0
1716640897291 0.42008185386657715 0
1716640897752 0.44704103469848633 0
1716640898233 0.4672822952270508 0
1716640898717 0.4740421772003174 0
1716640899186 0.4532768726348877 0
1716640899658 0.4560530185699463 0
1716640904475 1.1590731143951416 0
1716640904956 0.463101863861084 0
1716640905438 0.463533878326416 0
1716640905960 0.5103440284729004 0
1716640906453 0.48100996017456055 0
1716640906950 0.4799630641937256 0
1716640907390 0.4307858943939209 0
1716640907856 0.45105481147766113 0
1716640908304 0.4362022876739502 0
1716640908753 0.4355142116546631 0
1716640914064 1.090975046157837 0
1716640914505 0.4314229488372803 0
1716640914943 0.422698974609375 0
1716640915385 0.4271411895751953 0
1716640915841 0.4348142147064209 0
1716640916330 0.47254109382629395 0
1716640916774 0.4334142208099365 0
1716640917267 0.4790778160095215 0
1716640917758 0.47986483573913574 0
1716640918259 0.4644479751586914 0
1716640922846 1.0669221878051758 0
1716640923285 0.4318981170654297 0
1716640923749 0.4510829448699951 0
1716640924193 0.43468713760375977 0
1716640924680 0.47107601165771484 0
1716640925131 0.4349241256713867 0
1716640925587 0.44069480895996094 0
1716640926043 0.43976712226867676 0
1716640926474 0.41837191581726074 0
1716640926935 0.4473698139190674 0
1716640931465 1.0088961124420166 0
1716640931915 0.4391307830810547 0
1716640932374 0.4475259780883789 0
1716640932830 0.426516056060791 0
1716640933265 0.42369580268859863 0
1716640933705 0.42667198181152344 0
1716640934152 0.4334537982940674 0
1716640934609 0.4401133060455322 0
1716640935042 0.4189472198486328 0
1716640935470 0.41843104362487793 0
1716640939913 1.1627120971679688 0
1716640940367 0.4455082416534424 0
1716640940820 0.43876194953918457 0
1716640941277 0.4427008628845215 0
1716640941740 0.4477198123931885 0
1716640942243 0.48255419731140137 0
1716640942703 0.4526982307434082 0
1716640943169 0.45621800422668457 0
1716640943624 0.44710683822631836 0
1716640944090 0.4520609378814697 0
1716640948832 1.2117087841033936 0
1716640949285 0.4446251392364502 0
1716640949762 0.45127224922180176 0
1716640950222 0.4433131217956543 0
1716640950671 0.43498706817626953 0
1716640951181 0.5013599395751953 0
1716640951700 0.5082480907440186 0
1716640952209 0.4870777130126953 0
1716640952680 0.45703697204589844 0
1716640953123 0.43253302574157715 0
1716640957849 1.1845338344573975 0
1716640958302 0.44443488121032715 0
1716640958786 0.4474020004272461 0
1716640959233 0.43526482582092285 0
1716640959676 0.4300119876861572 0
1716640960114 0.42395496368408203 0
1716640960561 0.4355759620666504 0
1716640961001 0.4299919605255127 0
1716640961414 0.40393972396850586 0
1716640961880 0.45817112922668457 0
1716640967394 1.1960690021514893 0
1716640967846 0.4439888000488281 0
1716640968307 0.44702792167663574 0
1716640968747 0.4262425899505615 0
1716640969173 0.4139368534088135 0
1716640969675 0.4889187812805176 0
1716640970130 0.43728113174438477 0
1716640970567 0.42395496368408203 0
1716640971019 0.44072604179382324 0
1716640971458 0.42500805854797363 0
1716640975713 0.9604597091674805 0
1716640976158 0.43757104873657227 0
1716640976601 0.431624174118042 0
1716640977049 0.4311959743499756 0
1716640977494 0.43128204345703125 0
1716640977988 0.47939181327819824 0
1716640978428 0.425731897354126 0
1716640978890 0.446746826171875 0
1716640979359 0.45831298828125 0
1716640979828 0.4527742862701416 0
1716640985123 1.1823599338531494 0
1716640985562 0.4298079013824463 0
1716640986006 0.4351470470428467 0
1716640986494 0.4728398323059082 0
1716640986992 0.4851231575012207 0
1716640987463 0.4629530906677246 0
1716640987941 0.46607518196105957 0
1716640988413 0.45760416984558105 0
1716640988939 0.5141329765319824 0
1716640989410 0.451092004776001 0
1716640994347 1.1330530643463135 0
1716640994794 0.4337892532348633 0
1716640995260 0.4530351161956787 0
1716640995781 0.5108370780944824 0
1716640996310 0.5190949440002441 0
1716640996799 0.4810810089111328 0
1716640997261 0.44716858863830566 0
1716640997709 0.4339900016784668 0
1716640998153 0.43144893646240234 0
1716640998635 0.466127872467041 0
1716641004174 1.1585540771484375 0
1716641004633 0.45111918449401855 0
1716641005077 0.4297490119934082 0
1716641005510 0.42130589485168457 0
1716641005954 0.43024277687072754 0
1716641006390 0.42261600494384766 0
1716641006861 0.44930291175842285 0
1716641007326 0.45223402976989746 0
1716641007763 0.4222071170806885 0
1716641008202 0.4260978698730469 0
1716641012625 0.9768679141998291 0
1716641013063 0.4299900531768799 0
1716641013511 0.43440794944763184 0
1716641013939 0.41443300247192383 0
1716641014370 0.41887593269348145 0
1716641014800 0.4174818992614746 0
1716641015227 0.41399478912353516 0
1716641015722 0.4751009941101074 0
1716641016162 0.43104124069213867 0
1716641016602 0.42731499671936035 0
1716641020274 0.9627771377563477 0
1716641020741 0.45325183868408203 0
1716641021200 0.44377589225769043 0
1716641021672 0.4594259262084961 0
1716641022108 0.42306017875671387 0
1716641022586 0.4658968448638916 0
1716641023022 0.4235079288482666 0
1716641023456 0.4204070568084717 0
1716641023903 0.43155789375305176 0
1716641024360 0.44338369369506836 0
1716641028319 1.015038013458252 0
1716641028782 0.43746423721313477 0
1716641029234 0.43689584732055664 0
1716641029728 0.4839353561401367 0
1716641030162 0.4189760684967041 0
1716641030634 0.4427151679992676 0
1716641031093 0.4450821876525879 0
1716641031549 0.442302942276001 0
1716641031995 0.4337739944458008 0
1716641032479 0.4712209701538086 0
1716641036894 1.2596020698547363 0
1716641037376 0.4692237377166748 0
1716641037843 0.44845008850097656 0
1716641038299 0.4424161911010742 0
1716641038764 0.44362807273864746 0
1716641039213 0.4376511573791504 0
1716641039671 0.4424479007720947 0
1716641040123 0.43570685386657715 0
1716641040583 0.44112706184387207 0
1716641041030 0.43497633934020996 0
1716641045450 0.9985859394073486 0
1716641045917 0.46080613136291504 0
1716641046387 0.458590030670166 0
1716641046841 0.44226694107055664 0
1716641047362 0.5126278400421143 0
1716641047830 0.46096086502075195 0
1716641048279 0.4305918216705322 0
1716641048719 0.42650794982910156 0
1716641049157 0.4267308712005615 0
1716641049598 0.4300510883331299 0
1716641054420 1.1075329780578613 0
1716641054889 0.4605576992034912 0
1716641055390 0.47641992568969727 0
1716641055831 0.425076961517334 0
1716641056281 0.44117116928100586 0
1716641056726 0.4278750419616699 0
1716641057212 0.4630699157714844 0
1716641057707 0.4833409786224365 0
1716641058186 0.4658548831939697 0
1716641058654 0.45146703720092773 0
1716641064280 1.1446447372436523 0
1716641064743 0.44797492027282715 0
1716641065197 0.44086599349975586 0
1716641065640 0.4320068359375 0
1716641066080 0.4291117191314697 0
1716641066568 0.47689390182495117 0
1716641067037 0.456035852432251 0
1716641067569 0.5169899463653564 0
1716641068047 0.46967387199401855 0
1716641068535 0.47138524055480957 0
1716641074813 1.347465991973877 0
1716641075326 0.4912588596343994 0
1716641075832 0.4928858280181885 0
1716641076315 0.47507500648498535 0
1716641076816 0.49040794372558594 0
1716641077349 0.523240327835083 0
1716641077879 0.5113990306854248 0
1716641078382 0.49074888229370117 0
1716641078899 0.5064640045166016 0
1716641079525 0.6082639694213867 0
1716641087152 1.291198968887329 0
1716641087626 0.4652578830718994 0
1716641088088 0.44979381561279297 0
1716641088587 0.4712340831756592 0
1716641089065 0.46764111518859863 0
1716641089594 0.5206408500671387 0
1716641090129 0.5179319381713867 0
1716641090793 0.645751953125 0
1716641091457 0.6495370864868164 0
1716641092191 0.7184021472930908 0
1716641098947 1.1920239925384521 0
1716641099435 0.48047423362731934 0
1716641099895 0.4495539665222168 0
1716641100423 0.48809003829956055 0
1716641100887 0.45291686058044434 0
1716641101398 0.4972672462463379 0
1716641101921 0.5076260566711426 0
1716641102415 0.48469090461730957 0
1716641102914 0.4865412712097168 0
1716641103521 0.591170072555542 0
1716641109500 1.2026548385620117 0
1716641109946 0.4319920539855957 0
1716641110371 0.4115326404571533 0
1716641110810 0.4192049503326416 0
1716641111247 0.4259810447692871 0
1716641111688 0.4308180809020996 0
1716641112132 0.4338572025299072 0
1716641112613 0.471804141998291 0
1716641113121 0.48850107192993164 0
1716641113633 0.4922928810119629 0
1716641118425 0.9203522205352783 0
1716641118897 0.46515512466430664 0
1716641119360 0.43691325187683105 0
1716641119840 0.46642589569091797 0
1716641120292 0.4405810832977295 0
1716641120756 0.4495737552642822 0
1716641121208 0.4377312660217285 0
1716641121693 0.4727938175201416 0
1716641122169 0.46385812759399414 0
1716641122653 0.47386598587036133 0
1716641129188 1.2208280563354492 0
1716641129635 0.4364750385284424 0
1716641130061 0.41495227813720703 0
1716641130535 0.46199512481689453 0
1716641130969 0.42185187339782715 0
1716641131411 0.42859601974487305 0
1716641131849 0.42664003372192383 0
1716641132320 0.45221781730651855 0
1716641132802 0.47225379943847656 0
1716641133271 0.4596989154815674 0
1716641138647 1.234976053237915 0
1716641139188 0.534761905670166 0
1716641139753 0.5542919635772705 0
1716641140278 0.5134079456329346 0
1716641140758 0.47035908699035645 0
1716641141289 0.5165441036224365 0
1716641141809 0.5116028785705566 0
1716641142395 0.5681147575378418 0
1716641142967 0.5625979900360107 0
1716641143641 0.6567022800445557 0
1716641150094 1.145925760269165 0
1716641150531 0.43105506896972656 0
1716641150978 0.4353141784667969 0
1716641151549 0.5562608242034912 0
1716641152109 0.5499358177185059 0
1716641152596 0.4776270389556885 0
1716641153059 0.45134711265563965 0
1716641153563 0.49175286293029785 0
1716641154066 0.485947847366333 0
1716641154571 0.4937570095062256 0
1716641160581 1.2574169635772705 0
1716641161026 0.43657708168029785 0
1716641161487 0.4318108558654785 0
1716641161997 0.4913921356201172 0
1716641162456 0.44931674003601074 0
1716641162899 0.43122220039367676 0
1716641163341 0.4308207035064697 0
1716641163845 0.4938662052154541 0
1716641164311 0.45813584327697754 0
1716641164798 0.4741847515106201 0
1716641170667 1.127676248550415 0
1716641171124 0.44701504707336426 0
1716641171559 0.4227609634399414 0
1716641172019 0.44472289085388184 0
1716641172486 0.45571088790893555 0
1716641172956 0.45482587814331055 0
1716641173427 0.46265602111816406 0
1716641173889 0.4508821964263916 0
1716641174393 0.4710581302642822 0
1716641174895 0.481705904006958 0
1716641180581 1.1064021587371826 0
1716641181039 0.44880104064941406 0
1716641181537 0.4745490550994873 0
1716641182000 0.4530599117279053 0
1716641182535 0.5210921764373779 0
1716641183105 0.5593762397766113 0
1716641183768 0.6531672477722168 0
1716641184452 0.6643128395080566 0
1716641185019 0.544780969619751 0
1716641185542 0.5121409893035889 0
1716641191743 1.242854118347168 0
1716641192208 0.45291900634765625 0
1716641192667 0.4345221519470215 0
1716641193102 0.421144962310791 0
1716641193571 0.45403504371643066 0
1716641194198 0.6128160953521729 0
1716641194925 0.6999170780181885 0
1716641195636 0.6964919567108154 0
1716641196400 0.7428920269012451 0
1716641197028 0.6000120639801025 0
1716641204190 1.211637020111084 0
1716641204644 0.44619107246398926 0
1716641205112 0.45612311363220215 0
1716641205563 0.44138407707214355 0
1716641206000 0.4226200580596924 0
1716641206536 0.5221750736236572 0
1716641207000 0.4559648036956787 0
1716641207509 0.4888021945953369 0
1716641208002 0.4811100959777832 0
1716641208503 0.4676170349121094 0
1716641214489 1.1554181575775146 0
1716641214961 0.4592559337615967 0
1716641215409 0.43598508834838867 0
1716641215847 0.4250330924987793 0
1716641216281 0.4222421646118164 0
1716641216737 0.4431040287017822 0
1716641217181 0.43194103240966797 0
1716641217644 0.45128703117370605 0
1716641218095 0.4409348964691162 0
1716641218554 0.44647717475891113 0
1716641223467 1.1574528217315674 0
1716641224002 0.5186569690704346 0
1716641224466 0.45293164253234863 0
1716641224962 0.4685988426208496 0
1716641225449 0.47730088233947754 0
1716641225950 0.49030113220214844 0
1716641226539 0.5780818462371826 0
1716641227059 0.49875903129577637 0
1716641227618 0.534761905670166 0
1716641228146 0.512631893157959 0
1716641234032 1.0911078453063965 0
1716641234459 0.4180610179901123 0
1716641234910 0.4374809265136719 0
1716641235373 0.4493429660797119 0
1716641235814 0.42584681510925293 0
1716641236248 0.42247581481933594 0
1716641236718 0.4564039707183838 0
1716641237185 0.4556300640106201 0
1716641237639 0.4433112144470215 0
1716641238115 0.448347806930542 0
1716641243728 1.3050639629364014 0
1716641244172 0.4369649887084961 0
1716641244684 0.5019819736480713 0
1716641245201 0.49730801582336426 0
1716641245714 0.5030829906463623 0
1716641246190 0.4634089469909668 0
1716641246706 0.5042710304260254 0
1716641247193 0.4769129753112793 0
1716641247718 0.5061838626861572 0
1716641248246 0.5211648941040039 0
1716641255183 1.225541114807129 0
1716641255656 0.4651670455932617 0
1716641256202 0.5142490863800049 0
1716641256697 0.48728394508361816 0
1716641257164 0.4555540084838867 0
1716641257719 0.5348820686340332 0
1716641258196 0.46844911575317383 0
1716641258745 0.5212757587432861 0
1716641259341 0.581611156463623 0
1716641260239 0.887235164642334 0
1716641267437 1.2427699565887451 0
1716641267883 0.43345093727111816 0
1716641268325 0.4252650737762451 0
1716641268786 0.44500088691711426 0
1716641269279 0.48081111907958984 0
1716641269767 0.46149706840515137 0
1716641270253 0.47638511657714844 0
1716641270727 0.4497239589691162 0
1716641271216 0.47885799407958984 0
1716641271776 0.549220085144043 0
1716641278962 1.3249189853668213 0
1716641279425 0.44945669174194336 0
1716641279986 0.5486290454864502 0
1716641280608 0.6043410301208496 0
1716641281134 0.51615309715271 0
1716641281625 0.48080992698669434 0
1716641282117 0.4818751811981201 0
1716641282640 0.5113990306854248 0
1716641283205 0.5351297855377197 0
1716641283746 0.5275619029998779 0
1716641294105 1.176072120666504 0
1716641294595 0.48500609397888184 0
1716641295069 0.46234798431396484 0
1716641295531 0.4524109363555908 0
1716641296004 0.4563589096069336 0
1716641296482 0.4647040367126465 0
1716641296971 0.4733850955963135 0
1716641297441 0.45956921577453613 0
1716641298008 0.5600519180297852 0
1716641298615 0.5951027870178223 0
1716641304873 1.1246981620788574 0
1716641305357 0.4610300064086914 0
1716641305877 0.5122549533843994 0
1716641306343 0.4577159881591797 0
1716641306845 0.49171996116638184 0
1716641307303 0.43599915504455566 0
1716641307759 0.4381580352783203 0
1716641308217 0.446566104888916 0
1716641308699 0.46665406227111816 0
1716641309190 0.476686954498291 0
1716641315408 1.1918041706085205 0
1716641315862 0.44518518447875977 0
1716641316372 0.5001389980316162 0
1716641316816 0.43544602394104004 0
1716641317260 0.4315817356109619 0
1716641317719 0.4375569820404053 0
1716641318182 0.44278883934020996 0
1716641318657 0.4637770652770996 0
1716641319213 0.5424389839172363 0
1716641319799 0.5742957592010498 0
1716641327216 1.185413122177124 0
1716641327692 0.45679736137390137 0
1716641328158 0.4510049819946289 0
1716641328598 0.4299299716949463 0
1716641329057 0.444551944732666 0
1716641329588 0.5171258449554443 0
1716641330086 0.4908919334411621 0
1716641330553 0.45395708084106445 0
1716641331039 0.47359585762023926 0
1716641331602 0.5518949031829834 0
1716641338860 1.1479101181030273 0
1716641339352 0.47812700271606445 0
1716641339824 0.46364402770996094 0
1716641340264 0.42975807189941406 0
1716641340736 0.46123576164245605 0
1716641341218 0.45226597785949707 0
1716641341691 0.4614589214324951 0
1716641342177 0.4770796298980713 0
1716641342668 0.4801609516143799 0
1716641343173 0.48873186111450195 0
1716641350754 1.323148250579834 0
1716641351220 0.4598658084869385 0
1716641351703 0.4668090343475342 0
1716641352177 0.46225786209106445 0
1716641352656 0.4716320037841797 0
1716641353170 0.5020008087158203 0
1716641353665 0.4842259883880615 0
1716641354178 0.4996819496154785 0
1716641354735 0.5264790058135986 0
1716641355347 0.5965080261230469 0
1716641361778 1.1592340469360352 0
1716641362217 0.4334099292755127 0
1716641362675 0.44376587867736816 0
1716641363164 0.47487521171569824 0
1716641363647 0.4624929428100586 0
1716641364096 0.43689918518066406 0
1716641364560 0.4325239658355713 0
1716641365017 0.4487180709838867 0
1716641365519 0.48688411712646484 0
1716641366042 0.5093390941619873 0
1716641372480 1.2159812450408936 0
1716641372934 0.44666123390197754 0
1716641373391 0.44334983825683594 0
1716641373825 0.42306995391845703 0
1716641374281 0.4364447593688965 0
1716641374719 0.4251120090484619 0
1716641375170 0.4389069080352783 0
1716641375629 0.4471781253814697 0
1716641376103 0.4585459232330322 0
1716641376585 0.4676949977874756 0
1716641383580 1.3892369270324707 0
1716641384039 0.4442579746246338 0
1716641384472 0.42005205154418945 0
1716641384907 0.42685699462890625 0
1716641385389 0.4636828899383545 0
1716641385854 0.45269775390625 0
1716641386309 0.44156694412231445 0
1716641386821 0.4992408752441406 0
1716641387298 0.4652230739593506 0
1716641387825 0.5007040500640869 0
1716641393388 1.195082187652588 0
1716641393855 0.4607222080230713 0
1716641394358 0.4913599491119385 0
1716641394800 0.42601609230041504 0
1716641395239 0.4259989261627197 0
1716641395719 0.46699976921081543 0
1716641396223 0.4917318820953369 0
1716641396733 0.4979548454284668 0
1716641397245 0.49727892875671387 0
1716641397760 0.5030615329742432 0
1716641404228 1.5077247619628906 0
1716641404754 0.5155971050262451 0
1716641405207 0.446138858795166 0
1716641405663 0.44112610816955566 0
1716641406117 0.44235801696777344 0
1716641406667 0.537390947341919 0
1716641407144 0.46448612213134766 0
1716641407648 0.48993587493896484 0
1716641408164 0.49923133850097656 0
1716641408684 0.5075688362121582 0
1716641414255 1.1040830612182617 0
1716641414706 0.43914222717285156 0
1716641415164 0.44591784477233887 0
1716641415649 0.46817803382873535 0
1716641416107 0.44490694999694824 0
1716641416550 0.4293649196624756 0
1716641417030 0.4635751247406006 0
1716641417482 0.43959617614746094 0
1716641417933 0.43654775619506836 0
1716641418423 0.47663402557373047 0
1716641422725 0.990077018737793 0
1716641423195 0.44693875312805176 0
1716641423664 0.4571409225463867 0
1716641424116 0.44090771675109863 0
1716641424578 0.44704389572143555 0
1716641425028 0.4371628761291504 0
1716641425490 0.4496018886566162 0
1716641426023 0.5201280117034912 0
1716641426514 0.4748849868774414 0
1716641427019 0.49345993995666504 0
1716641433894 1.30977201461792 0
1716641434401 0.49691128730773926 0
1716641434845 0.4387218952178955 0
1716641435290 0.4338538646697998 0
1716641435725 0.4255056381225586 0
1716641436187 0.4517061710357666 0
1716641436675 0.4712250232696533 0
1716641437174 0.4870450496673584 0
1716641437781 0.5817439556121826 0
1716641438359 0.5552303791046143 0
1716641445243 1.184556007385254 0
1716641445703 0.4522871971130371 0
1716641446180 0.4575819969177246 0
1716641446621 0.4335951805114746 0
1716641447099 0.4659550189971924 0
1716641447600 0.4745011329650879 0
1716641448136 0.5269091129302979 0
1716641448763 0.60371994972229 0
1716641449279 0.5029938220977783 0
1716641449828 0.5358459949493408 0
1716641460173 1.3024790287017822 0
1716641460627 0.443436861038208 0
1716641461073 0.43627309799194336 0
1716641461558 0.4570190906524658 0
1716641462000 0.42868709564208984 0
1716641462467 0.4451110363006592 0
1716641462959 0.4798741340637207 0
1716641463445 0.47377729415893555 0
1716641464023 0.5596511363983154 0
1716641464516 0.4832148551940918 0
1716641471457 1.190760850906372 0
1716641471921 0.44863104820251465 0
1716641472372 0.4379749298095703 0
1716641472857 0.46233701705932617 0
1716641473358 0.47927093505859375 0
1716641473830 0.4480612277984619 0
1716641474279 0.43685007095336914 0
1716641474803 0.5038070678710938 0
1716641475278 0.46019601821899414 0
1716641475775 0.4841952323913574 0
1716641481272 1.1738598346710205 0
1716641481723 0.44008588790893555 0
1716641482185 0.44829797744750977 0
1716641482677 0.4690382480621338 0
1716641483157 0.4679398536682129 0
1716641483631 0.46054697036743164 0
1716641484106 0.45868992805480957 0
1716641484634 0.511573076248169 0
1716641485217 0.5727269649505615 0
1716641485878 0.616055965423584 0
1716641494135 1.4267408847808838 0
1716641494645 0.5026202201843262 0
1716641495132 0.4812440872192383 0
1716641495626 0.4725770950317383 0
1716641496142 0.5084109306335449 0
1716641496817 0.6552350521087646 0
1716641497549 0.7049720287322998 0
1716641498204 0.6393749713897705 0
1716641498786 0.5600829124450684 0
1716641499467 0.6254169940948486 0
1716641509864 1.19047212600708 0
1716641510302 0.4278697967529297 0
1716641510752 0.4352688789367676 0
1716641511260 0.49274277687072754 0
1716641511741 0.4647519588470459 0
1716641512202 0.44716906547546387 0
1716641512649 0.4318079948425293 0
1716641513099 0.43483901023864746 0
1716641513564 0.4443550109863281 0
1716641514025 0.44713902473449707 0
1716641520311 1.4000020027160645 0
1716641520786 0.46411585807800293 0
1716641521293 0.48702025413513184 0
1716641521764 0.45454835891723633 0
1716641522228 0.4519059658050537 0
1716641522691 0.44959592819213867 0
1716641523169 0.4660511016845703 0
1716641523667 0.4818580150604248 0
1716641524159 0.47801995277404785 0
1716641524658 0.4800887107849121 0
1716641530170 1.1119270324707031 0
1716641530613 0.4335010051727295 0
1716641531061 0.4341890811920166 0
1716641531521 0.4401540756225586 0
1716641531954 0.42218685150146484 0
1716641532466 0.49913787841796875 0
1716641532912 0.43310999870300293 0
1716641533386 0.45531296730041504 0
1716641533816 0.41986894607543945 0
1716641534285 0.4577946662902832 0
1716641539504 1.1814541816711426 0
1716641539952 0.4411640167236328 0
1716641540405 0.4410839080810547 0
1716641540877 0.4601929187774658 0
1716641541353 0.45601511001586914 0
1716641541842 0.476870059967041 0
1716641542312 0.45692992210388184 0
1716641542792 0.46409106254577637 0
1716641543341 0.5040299892425537 0
1716641543866 0.5098040103912354 0
1716641549443 1.1634948253631592 0
1716641549898 0.44725894927978516 0
1716641550429 0.5056922435760498 0
1716641550925 0.4751870632171631 0
1716641551446 0.5073561668395996 0
1716641551931 0.473768949508667 0
1716641552437 0.4803938865661621 0
1716641552930 0.4734799861907959 0
1716641553452 0.5041227340698242 0
1716641554020 0.5556290149688721 0
1716641561433 1.1557939052581787 0
1716641561888 0.43911290168762207 0
1716641562338 0.4358530044555664 0
1716641562785 0.4352750778198242 0
1716641563258 0.4535367488861084 0
1716641563717 0.4418911933898926 0
1716641564192 0.4632539749145508 0
1716641564663 0.46013808250427246 0
1716641565162 0.48662281036376953 0
1716641565650 0.47710704803466797 0
1716641570620 0.9906160831451416 0
1716641571078 0.438521146774292 0
1716641571537 0.42298102378845215 0
1716641571969 0.4190042018890381 0
1716641572437 0.45531582832336426 0
1716641572891 0.43931126594543457 0
1716641573358 0.4555177688598633 0
1716641573841 0.46739983558654785 0
1716641574336 0.48253893852233887 0
1716641574819 0.46627116203308105 0
1716641579578 1.0388858318328857 0
1716641580023 0.43557310104370117 0
1716641580484 0.4470100402832031 0
1716641580931 0.43334293365478516 0
1716641581386 0.4344899654388428 0
1716641581867 0.4671671390533447 0
1716641582352 0.4704902172088623 0
1716641582818 0.45447397232055664 0
1716641583310 0.4710719585418701 0
1716641583798 0.47446608543395996 0
1716641588531 1.177320957183838 0
1716641588999 0.45612001419067383 0
1716641589441 0.4282820224761963 0
1716641589882 0.4297311305999756 0
1716641590327 0.4333810806274414 0
1716641590788 0.4463679790496826 0
1716641591241 0.44794416427612305 0
1716641591702 0.4507739543914795 0
1716641592231 0.5178098678588867 0
1716641593041 0.7674009799957275 0
1716641600383 1.140951156616211 0
1716641600828 0.43654704093933105 0
1716641601305 0.43706607818603516 0
1716641601744 0.4271109104156494 0
1716641602190 0.43259692192077637 0
1716641602637 0.43666982650756836 0
1716641603132 0.48190784454345703 0
1716641603604 0.4626460075378418 0
1716641604089 0.4725649356842041 0
1716641604588 0.47651100158691406 0
1716641610656 1.1216139793395996 0
1716641611125 0.44203996658325195 0
1716641611554 0.41655898094177246 0
1716641611989 0.42357611656188965 0
1716641612434 0.4328141212463379 0
1716641612899 0.4447920322418213 0
1716641613349 0.4375927448272705 0
1716641613814 0.450106143951416 0
1716641614276 0.4489419460296631 0
1716641614763 0.47617411613464355 0
1716641619547 0.9837090969085693 0
1716641620000 0.4451282024383545 0
1716641620463 0.4425191879272461 0
1716641620906 0.43003201484680176 0
1716641621347 0.4301431179046631 0
1716641621803 0.44431209564208984 0
1716641622258 0.4455897808074951 0
1716641622742 0.47003817558288574 0
1716641623246 0.49199795722961426 0
1716641623759 0.4981539249420166 0
1716641628210 0.9549410343170166 0
1716641628656 0.4382669925689697 0
1716641629095 0.4259331226348877 0
1716641629547 0.4319450855255127 0
1716641629981 0.41947412490844727 0
1716641630520 0.526627779006958 0
1716641630975 0.44370388984680176 0
1716641631452 0.464447021484375 0
1716641631925 0.45627379417419434 0
1716641632392 0.45417237281799316 0
1716641636624 0.984022855758667 0
1716641637086 0.44156694412231445 0
1716641637549 0.4430122375488281 0
1716641638000 0.43990182876586914 0
1716641638452 0.43927907943725586 0
1716641638953 0.4863448143005371 0
1716641639430 0.46536779403686523 0
1716641639921 0.4778599739074707 0
1716641640426 0.490123987197876 0
1716641640987 0.5403308868408203 0
1716641646846 1.2389390468597412 0
1716641647311 0.455960750579834 0
1716641647759 0.4307217597961426 0
1716641648198 0.4225449562072754 0
1716641648640 0.42845797538757324 0
1716641649136 0.4780406951904297 0
1716641649696 0.539409875869751 0
1716641650174 0.4642670154571533 0
1716641650649 0.4633510112762451 0
1716641651161 0.49963998794555664 0
1716641656519 0.9661097526550293 0
1716641657002 0.46987390518188477 0
1716641657470 0.4538400173187256 0
1716641657958 0.47627711296081543 0
1716641658412 0.4425930976867676 0
1716641658871 0.4390242099761963 0
1716641659315 0.4318270683288574 0
1716641659812 0.48357200622558594 0
1716641660296 0.4694342613220215 0
1716641660776 0.45746612548828125 0
1716641666164 1.093459129333496 0
1716641666609 0.4354376792907715 0
1716641667053 0.42666101455688477 0
1716641667480 0.4156339168548584 0
1716641667916 0.42696189880371094 0
1716641668357 0.42423391342163086 0
1716641668810 0.442781925201416 0
1716641669296 0.4747130870819092 0
1716641669760 0.4525609016418457 0
1716641670253 0.4803428649902344 0
1716641676217 1.2288579940795898 0
1716641676666 0.44255876541137695 0
1716641677134 0.45116376876831055 0
1716641677575 0.42536401748657227 0
1716641678027 0.44020795822143555 0
1716641678490 0.44852399826049805 0
1716641678977 0.4750831127166748 0
1716641679469 0.4781301021575928 0
1716641680002 0.5103731155395508 0
1716641680511 0.4934689998626709 0
1716641686157 1.1646780967712402 0
1716641686636 0.4620800018310547 0
1716641687075 0.42602968215942383 0
1716641687521 0.4325089454650879 0
1716641687985 0.44884300231933594 0
1716641688500 0.4989969730377197 0
1716641688962 0.4519500732421875 0
1716641689446 0.4702720642089844 0
1716641689918 0.4564652442932129 0
1716641690409 0.478179931640625 0
1716641695501 1.1346068382263184 0
1716641696020 0.49834775924682617 0
1716641696474 0.4431438446044922 0
1716641696922 0.43636393547058105 0
1716641697367 0.43181896209716797 0
1716641697838 0.45825886726379395 0
1716641698305 0.45293283462524414 0
1716641698770 0.45092105865478516 0
1716641699264 0.4825570583343506 0
1716641699789 0.5121381282806396 0
1716641705266 1.1127419471740723 0
1716641705719 0.43158674240112305 0
1716641706150 0.4154648780822754 0
1716641706634 0.4710559844970703 0
1716641707079 0.4331059455871582 0
1716641707565 0.4757578372955322 0
1716641708048 0.4663999080657959 0
1716641708547 0.48558998107910156 0
1716641709048 0.4869110584259033 0
1716641709556 0.4940481185913086 0
1716641714626 0.9812619686126709 0
1716641715075 0.4373321533203125 0
1716641715524 0.4338822364807129 0
1716641715963 0.42908596992492676 0
1716641716406 0.43390893936157227 0
1716641716893 0.4686417579650879 0
1716641717662 0.7331058979034424 0
1716641718305 0.5946011543273926 0
1716641718897 0.5721349716186523 0
1716641719573 0.649097204208374 0
1716641725987 1.1601169109344482 0
1716641726451 0.454495906829834 0
1716641726961 0.49785900115966797 0
1716641727407 0.44040703773498535 0
1716641727897 0.48050928115844727 0
1716641728420 0.5155661106109619 0
1716641728949 0.512998104095459 0
1716641729452 0.4936549663543701 0
1716641729963 0.5019080638885498 0
1716641730490 0.5045771598815918 0
1716641743546 1.2768340110778809 0
1716641744140 0.5872268676757812 0
1716641744616 0.46449899673461914 0
1716641745069 0.43973803520202637 0
1716641745509 0.42810535430908203 0
1716641745949 0.4297668933868408 0
1716641746389 0.4268229007720947 0
1716641746888 0.4833800792694092 0
1716641747369 0.46689701080322266 0
1716641747869 0.48276495933532715 0
1716641753208 1.143455982208252 0
1716641753641 0.4242849349975586 0
1716641754124 0.4611339569091797 0
1716641754579 0.4415450096130371 0
1716641755031 0.4390549659729004 0
1716641755494 0.4489736557006836 0
1716641755957 0.45041823387145996 0
1716641756417 0.44540834426879883 0
1716641756883 0.4580070972442627 0
1716641757376 0.4796717166900635 0
1716641762805 0.9940958023071289 0
1716641763275 0.4570169448852539 0
1716641763755 0.46564388275146484 0
1716641764239 0.47050905227661133 0
1716641764683 0.43140387535095215 0
1716641765170 0.47438597679138184 0
1716641765617 0.432999849319458 0
1716641766086 0.45631909370422363 0
1716641766568 0.4703700542449951 0
1716641767060 0.4725830554962158 0
1716641772217 1.2303428649902344 0
1716641772648 0.42425107955932617 0
1716641773111 0.44903564453125 0
1716641773557 0.432110071182251 0
1716641774010 0.440014123916626 0
1716641774479 0.454848051071167 0
1716641774940 0.4468212127685547 0
1716641775454 0.5029199123382568 0
1716641775981 0.49645400047302246 0
1716641776533 0.5442759990692139 0
1716641782593 1.1843419075012207 0
1716641783041 0.4389221668243408 0
1716641783524 0.46929216384887695 0
1716641783965 0.43015480041503906 0
1716641784427 0.4436771869659424 0
1716641784915 0.4679408073425293 0
1716641785379 0.44844794273376465 0
1716641785886 0.4916861057281494 0
1716641786410 0.49872374534606934 0
1716641786929 0.504741907119751 0
1716641793103 1.227396011352539 0
1716641793596 0.4853191375732422 0
1716641794053 0.44132184982299805 0
1716641794538 0.472869873046875 0
1716641794989 0.4389200210571289 0
1716641795471 0.4669919013977051 0
1716641795951 0.46816110610961914 0
1716641796431 0.4664771556854248 0
1716641796920 0.4760169982910156 0
1716641797433 0.5023229122161865 0
1716641802409 1.0384068489074707 0
1716641802854 0.4347860813140869 0
1716641803287 0.42432594299316406 0
1716641803734 0.4290430545806885 0
1716641804177 0.43525195121765137 0
1716641804675 0.4839286804199219 0
1716641805142 0.4530069828033447 0
1716641805639 0.4697391986846924 0
1716641806156 0.5049409866333008 0
1716641806671 0.5036606788635254 0
1716641813691 1.6058051586151123 0
1716641814267 0.5651891231536865 0
1716641814772 0.48869991302490234 0
1716641815404 0.6204509735107422 0
1716641816055 0.6327240467071533 0
1716641816738 0.6488749980926514 0
1716641817384 0.6259410381317139 0
1716641817988 0.5816338062286377 0
1716641818567 0.5600380897521973 0
1716641819282 0.6936120986938477 0
1716641827994 1.7396459579467773 0
1716641828606 0.5925791263580322 0
1716641829179 0.5644233226776123 0
1716641829732 0.5463948249816895 0
1716641830353 0.6084411144256592 0
1716641831064 0.6954212188720703 0
1716641831776 0.6960189342498779 0
1716641832563 0.7615852355957031 0
1716641833151 0.5611467361450195 0
1716641833783 0.611814022064209 0
1716641841139 1.3163478374481201 0
1716641841626 0.4797971248626709 0
1716641842122 0.48227405548095703 0
1716641842594 0.46439290046691895 0
1716641843097 0.4932129383087158 0
1716641843594 0.49205517768859863 0
1716641844083 0.4773859977722168 0
1716641844584 0.4922029972076416 0
1716641845122 0.5265810489654541 0
1716641845658 0.5251731872558594 0
1716641852298 1.259572982788086 0
1716641852749 0.4388542175292969 0
1716641853215 0.44265294075012207 0
1716641853658 0.4294731616973877 0
1716641854119 0.44609689712524414 0
1716641854598 0.4649651050567627 0
1716641855067 0.4576530456542969 0
1716641855560 0.4845738410949707 0
1716641856074 0.4953169822692871 0
1716641856685 0.5920460224151611 0
1716641866008 1.3074920177459717 0
1716641866490 0.47687792778015137 0
1716641866987 0.4822561740875244 0
1716641867479 0.47588419914245605 0
1716641867970 0.47577381134033203 0
1716641868467 0.48323988914489746 0
1716641868938 0.45691680908203125 0
1716641869483 0.5216541290283203 0
1716641870000 0.5029318332672119 0
1716641870568 0.5268781185150146 0
1716641877203 1.1850872039794922 0
1716641877647 0.44016218185424805 0
1716641878106 0.43892407417297363 0
1716641878559 0.4419288635253906 0
1716641879017 0.4489467144012451 0
1716641879475 0.4451868534088135 0
1716641879939 0.4519369602203369 0
1716641880404 0.4575381278991699 0
1716641880906 0.48847270011901855 0
1716641881413 0.49550485610961914 0
1716641887184 1.1684730052947998 0
1716641887630 0.4408130645751953 0
1716641888108 0.46511006355285645 0
1716641888583 0.4646601676940918 0
1716641889114 0.519352912902832 0
1716641889682 0.5432119369506836 0
1716641890224 0.5136339664459229 0
1716641890822 0.581841230392456 0
1716641891508 0.6637840270996094 0
1716641892186 0.6486561298370361 0
1716641899191 1.2622737884521484 0
1716641899665 0.4672200679779053 0
1716641900208 0.5258700847625732 0
1716641900697 0.4793131351470947 0
1716641901173 0.46245288848876953 0
1716641901710 0.51705002784729 0
1716641902200 0.471851110458374 0
1716641902750 0.5388309955596924 0
1716641903471 0.7066047191619873 0
1716641904204 0.6978349685668945 0
1716641915537 2.3842732906341553 0
1716641916398 0.8476600646972656 0
1716641917096 0.6778960227966309 0
1716641917866 0.7557792663574219 0
1716641918629 0.7447910308837891 0
1716641919262 0.6107449531555176 0
1716641919905 0.620448112487793 0
1716641920473 0.5431771278381348 0
1716641921095 0.5989859104156494 0
1716641921730 0.5980930328369141 0
1716641930942 2.0080008506774902 0
1716641931686 0.7275607585906982 0
1716641932256 0.5434350967407227 0
1716641932770 0.5053939819335938 0
1716641933346 0.5643179416656494 0
1716641934177 0.8118400573730469 0
1716641934987 0.792011022567749 0
1716641935774 0.7631688117980957 0
1716641936732 0.9452178478240967 0
1716641937885 1.104395866394043 0
1716641946931 1.6599888801574707 0
1716641947568 0.6152620315551758 0
1716641948312 0.7262871265411377 0
1716641949076 0.7470550537109375 0
1716641949922 0.7756738662719727 0
1716641952266 2.3036186695098877 0
1716641953380 1.0880579948425293 0
1716641954114 0.663679838180542 0
1716641954812 0.6537621021270752 0
1716641955627 0.7842998504638672 0
1716641965168 1.615738868713379 0
1716641965691 0.5155849456787109 0
1716641966236 0.508389949798584 0
1716641966699 0.44998717308044434 0
1716641967200 0.4913649559020996 0
1716641967749 0.5322971343994141 0
1716641968380 0.6164689064025879 0
1716641969249 0.8304519653320312 0
1716641970388 1.0737133026123047 0
1716641971253 0.834575891494751 0
1716641979901 1.3784210681915283 0
1716641980404 0.4852590560913086 0
1716641980859 0.44393324851989746 0
1716641981366 0.491229772567749 0
1716641981858 0.45475125312805176 0
1716641982376 0.5028829574584961 0
1716641982898 0.5135791301727295 0
1716641983461 0.5502967834472656 0
1716641984001 0.5262899398803711 0
1716641984584 0.573620080947876 0
1716641993134 1.242116928100586 0
1716641993622 0.4800100326538086 0
1716641994144 0.5108070373535156 0
1716641994650 0.48958468437194824 0
1716641995158 0.4867250919342041 0
1716641995619 0.4491288661956787 0
1716641996121 0.48841094970703125 0
1716641996616 0.48557400703430176 0
1716641997204 0.5726330280303955 0
1716641997860 0.6377379894256592 0
1716642004949 1.2294819355010986 0
1716642005424 0.4637889862060547 0
1716642005934 0.48148298263549805 0
1716642006432 0.4872570037841797 0
1716642006903 0.46208691596984863 0
1716642007390 0.47647714614868164 0
1716642007872 0.4652259349822998 0
1716642008392 0.508781909942627 0
1716642008898 0.49736785888671875 0
1716642009435 0.5167989730834961 0
1716642016919 1.3525328636169434 0
1716642017397 0.4704298973083496 0
1716642017883 0.47325587272644043 0
1716642018344 0.44861698150634766 0
1716642018903 0.5356740951538086 0
1716642019383 0.4671292304992676 0
1716642019888 0.4876251220703125 0
1716642020369 0.4679300785064697 0
1716642020904 0.5217747688293457 0
1716642021425 0.49925661087036133 0
1716642030164 1.4853570461273193 0
1716642030827 0.6458961963653564 0
1716642031311 0.46651792526245117 0
1716642031821 0.4927489757537842 0
1716642032429 0.597355842590332 0
1716642033024 0.562432050704956 0
1716642033606 0.5521080493927002 0
1716642034304 0.684891939163208 0
1716642035018 0.6961159706115723 0
1716642035866 0.8252999782562256 0
1716642042980 1.203577995300293 0
1716642043557 0.5549120903015137 0
1716642044161 0.5792739391326904 0
1716642044872 0.6893260478973389 0
1716642045696 0.7837100028991699 0
1716642046478 0.7590389251708984 0
1716642047354 0.8219521045684814 0
1716642048055 0.6305239200592041 0
1716642048611 0.5439870357513428 0
1716642049192 0.5666790008544922 0
1716642056902 1.1958391666412354 0
1716642057408 0.5007989406585693 0
1716642057856 0.43530917167663574 0
1716642058320 0.4504377841949463 0
1716642058840 0.5097441673278809 0
1716642059365 0.5121898651123047 0
1716642059953 0.5523109436035156 0
1716642060907 0.9389262199401855 0
1716642061639 0.7191948890686035 0
1716642062409 0.753061056137085 0
1716642070435 1.4458448886871338 0
1716642070913 0.46022486686706543 0
1716642071433 0.5057711601257324 0
1716642071906 0.46694278717041016 0
1716642072412 0.47176504135131836 0
1716642072952 0.4956498146057129 0
1716642073506 0.5424869060516357 0
1716642074203 0.6835172176361084 0
1716642074909 0.6331658363342285 0
1716642075492 0.568565845489502 0
1716642082369 1.1593520641326904 0
1716642082827 0.4501039981842041 0
1716642083301 0.45560121536254883 0
1716642083823 0.5109710693359375 0
1716642084290 0.45385074615478516 0
1716642084755 0.4512062072753906 0
1716642085239 0.46396589279174805 0
1716642085701 0.4517049789428711 0
1716642086208 0.4930541515350342 0
1716642086728 0.4885838031768799 0
1716642094812 1.6609981060028076 0
1716642095293 0.4600839614868164 0
1716642095758 0.442075252532959 0
1716642096291 0.5028631687164307 0
1716642096820 0.5176577568054199 0
1716642097322 0.49060606956481934 0
1716642097952 0.6076281070709229 0
1716642098508 0.5422239303588867 0
1716642099094 0.5657427310943604 0
1716642099787 0.6702871322631836 0
1716642107066 1.4994938373565674 0
1716642107528 0.4489579200744629 0
1716642107998 0.45262789726257324 0
1716642108467 0.45485520362854004 0
1716642108915 0.4355299472808838 0
1716642109386 0.45716285705566406 0
1716642109868 0.4692089557647705 0
1716642110366 0.48648500442504883 0
1716642110932 0.5253403186798096 0
1716642111461 0.5146470069885254 0
