1716301342019 1.0 0
1716301343022 2.0 0
1716301343695 3.0 0
1716301344289 4.0 0
1716301344808 5.0 0
1716301345370 6.0 0
1716301345956 7.0 0
1716301346525 8.0 0
1716301347072 9.0 0
1716301347637 10.0 0
1716301357193 11.0 0
1716301358037 12.0 0
1716301358749 13.0 0
1716301359446 14.0 0
1716301360415 15.0 0
1716301361250 16.0 0
1716301362156 17.0 0
1716301363098 18.0 0
1716301364018 19.0 0
1716301364999 20.0 0
1716301373394 21.0 0
1716301373980 22.0 0
1716301374548 23.0 0
1716301375172 24.0 0
1716301375786 25.0 0
1716301376395 26.0 0
1716301377365 27.0 0
1716301378197 28.0 0
1716301379108 29.0 0
1716301380240 30.0 0
1716301387944 31.0 0
1716301388456 32.0 0
1716301388991 33.0 0
1716301389550 34.0 0
1716301390153 35.0 0
1716301390742 36.0 0
1716301391416 37.0 0
1716301392324 38.0 0
1716301393505 39.0 0
1716301394599 40.0 0
1716301401986 41.0 0
1716301402520 42.0 0
1716301403062 43.0 0
1716301403655 44.0 0
1716301404254 45.0 0
1716301404856 46.0 0
1716301405488 47.0 0
1716301406233 48.0 0
1716301407052 49.0 0
1716301409257 50.0 0
1716301416022 51.0 0
1716301416545 52.0 0
1716301417071 53.0 0
1716301417617 54.0 0
1716301418169 55.0 0
1716301418783 56.0 0
1716301419410 57.0 0
1716301420138 58.0 0
1716301421037 59.0 0
1716301422775 60.0 0
1716301428915 61.0 0
1716301429424 62.0 0
1716301429957 63.0 0
1716301430514 64.0 0
1716301431082 65.0 0
1716301431733 66.0 0
1716301432380 67.0 0
1716301433095 68.0 0
1716301433952 69.0 0
1716301435554 70.0 0
1716301442480 71.0 0
1716301443023 72.0 0
1716301443562 73.0 0
1716301444113 74.0 0
1716301444662 75.0 0
1716301445300 76.0 0
1716301446005 77.0 0
1716301447178 78.0 0
1716301448215 79.0 0
1716301449268 80.0 0
1716301455635 81.0 0
1716301456160 82.0 0
1716301456692 83.0 0
1716301457246 84.0 0
1716301457812 85.0 0
1716301458415 86.0 0
1716301459053 87.0 0
1716301459760 88.0 0
1716301460552 89.0 0
1716301461498 90.0 0
1716301467969 91.0 0
1716301468499 92.0 0
1716301469033 93.0 0
1716301469580 94.0 0
1716301470164 95.0 0
1716301470780 96.0 0
1716301471411 97.0 0
1716301472123 98.0 0
1716301472898 99.0 0
1716301473794 100.0 0
1716301481685 101.0 0
1716301482201 102.0 0
1716301482856 103.0 0
1716301483524 104.0 0
1716301484389 105.0 0
1716301485399 106.0 0
1716301486284 107.0 0
1716301487237 108.0 0
1716301488529 109.0 0
1716301489666 110.0 0
1716301496821 111.0 0
1716301497358 112.0 0
1716301497893 113.0 0
1716301498450 114.0 0
1716301499051 115.0 0
1716301499687 116.0 0
1716301501414 117.0 0
1716301502105 118.0 0
1716301502847 119.0 0
1716301503737 120.0 0
1716301511615 121.0 0
1716301512149 122.0 0
1716301512767 123.0 0
1716301513347 124.0 0
1716301513948 125.0 0
1716301514559 126.0 0
1716301515223 127.0 0
1716301515925 128.0 0
1716301517085 129.0 0
1716301518669 130.0 0
1716301528120 131.0 0
1716301528679 132.0 0
1716301529300 133.0 0
1716301529908 134.0 0
1716301530666 135.0 0
1716301531738 136.0 0
1716301532559 137.0 0
1716301533459 138.0 0
1716301534715 139.0 0
1716301535695 140.0 0
1716301547316 141.0 0
1716301547951 142.0 0
1716301548626 143.0 0
1716301549365 144.0 0
1716301551321 145.0 0
1716301552214 146.0 0
1716301553020 147.0 0
1716301554192 148.0 0
1716301555139 149.0 0
1716301555959 150.0 0
1716301564983 151.0 0
1716301565593 152.0 0
1716301566178 153.0 0
1716301566907 154.0 0
1716301567676 155.0 0
1716301568426 156.0 0
1716301569168 157.0 0
1716301570012 158.0 0
1716301570976 159.0 0
1716301572444 160.0 0
1716301579356 161.0 0
1716301579961 162.0 0
1716301580538 163.0 0
1716301581092 164.0 0
1716301581715 165.0 0
1716301582353 166.0 0
1716301583047 167.0 0
1716301583783 168.0 0
1716301584646 169.0 0
1716301585934 170.0 0
1716301593445 171.0 0
1716301593963 172.0 0
1716301594499 173.0 0
1716301595066 174.0 0
1716301595638 175.0 0
1716301596302 176.0 0
1716301596948 177.0 0
1716301597654 178.0 0
1716301598465 179.0 0
1716301599594 180.0 0
1716301606380 181.0 0
1716301606890 182.0 0
1716301607417 183.0 0
1716301607952 184.0 0
1716301608520 185.0 0
1716301609088 186.0 0
1716301609701 187.0 0
1716301610406 188.0 0
1716301611205 189.0 0
1716301612539 190.0 0
1716301619553 191.0 0
1716301620073 192.0 0
1716301620616 193.0 0
1716301621235 194.0 0
1716301621837 195.0 0
1716301622679 196.0 0
1716301624239 197.0 0
1716301625217 198.0 0
1716301626366 199.0 0
1716301627472 200.0 0
1716301636085 201.0 0
1716301636600 202.0 0
1716301637140 203.0 0
1716301637716 204.0 0
1716301638300 205.0 0
1716301638916 206.0 0
1716301639689 207.0 0
1716301641251 208.0 0
1716301642249 209.0 0
1716301643600 210.0 0
1716301650910 211.0 0
1716301651441 212.0 0
1716301652014 213.0 0
1716301652601 214.0 0
1716301653218 215.0 0
1716301653825 216.0 0
1716301654518 217.0 0
1716301655289 218.0 0
1716301656241 219.0 0
1716301657364 220.0 0
1716301664752 221.0 0
1716301665261 222.0 0
1716301665795 223.0 0
1716301666372 224.0 0
1716301666942 225.0 0
1716301667607 226.0 0
1716301668260 227.0 0
1716301668972 228.0 0
1716301670030 229.0 0
1716301671506 230.0 0
1716301678708 231.0 0
1716301679214 232.0 0
1716301679805 233.0 0
1716301680404 234.0 0
1716301681021 235.0 0
1716301681681 236.0 0
1716301682441 237.0 0
1716301683608 238.0 0
1716301684891 239.0 0
1716301686376 240.0 0
1716301693795 241.0 0
1716301694375 242.0 0
1716301695026 243.0 0
1716301696693 244.0 0
1716301699053 245.0 0
1716301701166 246.0 0
1716301701706 247.0 0
1716301702296 248.0 0
1716301702981 249.0 0
1716301703740 250.0 0
1716301712470 251.0 0
1716301713067 252.0 0
1716301713709 253.0 0
1716301714287 254.0 0
1716301715163 255.0 0
1716301715958 256.0 0
1716301716785 257.0 0
1716301717660 258.0 0
1716301718599 259.0 0
1716301719668 260.0 0
1716301728827 261.0 0
1716301729347 262.0 0
1716301729930 263.0 0
1716301730502 264.0 0
1716301731058 265.0 0
1716301731662 266.0 0
1716301732288 267.0 0
1716301733013 268.0 0
1716301733840 269.0 0
1716301734850 270.0 0
1716301742094 271.0 0
1716301742652 272.0 0
1716301743179 273.0 0
1716301743736 274.0 0
1716301744299 275.0 0
1716301744898 276.0 0
1716301745533 277.0 0
1716301746215 278.0 0
1716301746970 279.0 0
1716301747846 280.0 0
1716301754423 281.0 0
1716301754955 282.0 0
1716301755532 283.0 0
1716301756089 284.0 0
1716301756712 285.0 0
1716301757317 286.0 0
1716301757991 287.0 0
1716301758705 288.0 0
1716301759513 289.0 0
1716301760620 290.0 0
1716301767330 291.0 0
1716301767849 292.0 0
1716301768416 293.0 0
1716301769021 294.0 0
1716301769599 295.0 0
1716301770194 296.0 0
1716301770875 297.0 0
1716301771654 298.0 0
1716301772673 299.0 0
1716301774364 300.0 0
1716301781315 301.0 0
1716301781831 302.0 0
1716301782365 303.0 0
1716301782904 304.0 0
1716301783490 305.0 0
1716301784108 306.0 0
1716301784771 307.0 0
1716301785582 308.0 0
1716301786588 309.0 0
1716301787568 310.0 0
1716301794878 311.0 0
1716301795404 312.0 0
1716301795942 313.0 0
1716301796513 314.0 0
1716301797106 315.0 0
1716301797750 316.0 0
1716301798383 317.0 0
1716301799080 318.0 0
1716301799888 319.0 0
1716301800966 320.0 0
1716301808018 321.0 0
1716301808547 322.0 0
1716301809093 323.0 0
1716301809657 324.0 0
1716301810216 325.0 0
1716301810805 326.0 0
1716301811452 327.0 0
1716301812313 328.0 0
1716301813140 329.0 0
1716301814038 330.0 0
1716301821156 331.0 0
1716301821690 332.0 0
1716301822256 333.0 0
1716301822801 334.0 0
1716301823368 335.0 0
1716301823972 336.0 0
1716301824625 337.0 0
1716301825558 338.0 0
1716301827099 339.0 0
1716301828462 340.0 0
1716301835509 341.0 0
1716301836069 342.0 0
1716301836684 343.0 0
1716301837277 344.0 0
1716301837863 345.0 0
1716301838498 346.0 0
1716301839251 347.0 0
1716301840034 348.0 0
1716301840966 349.0 0
1716301842369 350.0 0
1716301850041 351.0 0
1716301850556 352.0 0
1716301851137 353.0 0
1716301851680 354.0 0
1716301852272 355.0 0
1716301852869 356.0 0
1716301853617 357.0 0
1716301854541 358.0 0
1716301855513 359.0 0
1716301857029 360.0 0
1716301864057 361.0 0
1716301864586 362.0 0
1716301865113 363.0 0
1716301865656 364.0 0
1716301866218 365.0 0
1716301866814 366.0 0
1716301867466 367.0 0
1716301868187 368.0 0
1716301868972 369.0 0
1716301869860 370.0 0
1716301876766 371.0 0
1716301877297 372.0 0
1716301877836 373.0 0
1716301878374 374.0 0
1716301878944 375.0 0
1716301879541 376.0 0
1716301880175 377.0 0
1716301880874 378.0 0
1716301881683 379.0 0
1716301882885 380.0 0
1716301889998 381.0 0
1716301890536 382.0 0
1716301891062 383.0 0
1716301891611 384.0 0
1716301892183 385.0 0
1716301892785 386.0 0
1716301893408 387.0 0
1716301894092 388.0 0
1716301894861 389.0 0
1716301895829 390.0 0
1716301902763 391.0 0
1716301903293 392.0 0
1716301903837 393.0 0
1716301904470 394.0 0
1716301905108 395.0 0
1716301905801 396.0 0
1716301906627 397.0 0
1716301907529 398.0 0
1716301908792 399.0 0
1716301910732 400.0 0
1716301917485 401.0 0
1716301918007 402.0 0
1716301918572 403.0 0
1716301919141 404.0 0
1716301919718 405.0 0
1716301920345 406.0 0
1716301921084 407.0 0
1716301921783 408.0 0
1716301922684 409.0 0
1716301924295 410.0 0
1716301931393 411.0 0
1716301931898 412.0 0
1716301932424 413.0 0
1716301932975 414.0 0
1716301933570 415.0 0
1716301934172 416.0 0
1716301934839 417.0 0
1716301935534 418.0 0
1716301936315 419.0 0
1716301937341 420.0 0
1716301943911 421.0 0
1716301944433 422.0 0
1716301944947 423.0 0
1716301945512 424.0 0
1716301946082 425.0 0
1716301946679 426.0 0
1716301947320 427.0 0
1716301947997 428.0 0
1716301948757 429.0 0
1716301949848 430.0 0
1716301957499 431.0 0
1716301958029 432.0 0
1716301958549 433.0 0
1716301959118 434.0 0
1716301959730 435.0 0
1716301960373 436.0 0
1716301961045 437.0 0
1716301961738 438.0 0
1716301962560 439.0 0
1716301963609 440.0 0
1716301971249 441.0 0
1716301971789 442.0 0
1716301972347 443.0 0
1716301972925 444.0 0
1716301973528 445.0 0
1716301974135 446.0 0
1716301974803 447.0 0
1716301975527 448.0 0
1716301976401 449.0 0
1716301978150 450.0 0
1716301986518 451.0 0
1716301987041 452.0 0
1716301987635 453.0 0
1716301988198 454.0 0
1716301988814 455.0 0
1716301989420 456.0 0
1716301990032 457.0 0
1716301990699 458.0 0
1716301991573 459.0 0
1716301992804 460.0 0
1716302000167 461.0 0
1716302000764 462.0 0
1716302001361 463.0 0
1716302001967 464.0 0
1716302002634 465.0 0
1716302003346 466.0 0
1716302004109 467.0 0
1716302005071 468.0 0
1716302006287 469.0 0
1716302007919 470.0 0
1716302014399 471.0 0
1716302014939 472.0 0
1716302015461 473.0 0
1716302016004 474.0 0
1716302016587 475.0 0
1716302017325 476.0 0
1716302017984 477.0 0
1716302018702 478.0 0
1716302019514 479.0 0
1716302020602 480.0 0
1716302028742 481.0 0
1716302029311 482.0 0
1716302029865 483.0 0
1716302030465 484.0 0
1716302031079 485.0 0
1716302031754 486.0 0
1716302032550 487.0 0
1716302033728 488.0 0
1716302034860 489.0 0
1716302036157 490.0 0
1716302042862 491.0 0
1716302043379 492.0 0
1716302043922 493.0 0
1716302044469 494.0 0
1716302045052 495.0 0
1716302045676 496.0 0
1716302046309 497.0 0
1716302047001 498.0 0
1716302047822 499.0 0
1716302048955 500.0 0
1716302056006 501.0 0
1716302056533 502.0 0
1716302057064 503.0 0
1716302057601 504.0 0
1716302058178 505.0 0
1716302058767 506.0 0
1716302059406 507.0 0
1716302060156 508.0 0
1716302061259 509.0 0
1716302062681 510.0 0
1716302069685 511.0 0
1716302070237 512.0 0
1716302070787 513.0 0
1716302071375 514.0 0
1716302072006 515.0 0
1716302073095 516.0 0
1716302074264 517.0 0
1716302075195 518.0 0
1716302076157 519.0 0
1716302077137 520.0 0
1716302084883 521.0 0
1716302085406 522.0 0
1716302086000 523.0 0
1716302087097 524.0 0
1716302087911 525.0 0
1716302088729 526.0 0
1716302089504 527.0 0
1716302090272 528.0 0
1716302091128 529.0 0
1716302092207 530.0 0
1716302098632 531.0 0
1716302099166 532.0 0
1716302099727 533.0 0
1716302100284 534.0 0
1716302100881 535.0 0
1716302101496 536.0 0
1716302102250 537.0 0
1716302103092 538.0 0
1716302103934 539.0 0
1716302105084 540.0 0
1716302112573 541.0 0
1716302113081 542.0 0
1716302113665 543.0 0
1716302114265 544.0 0
1716302114855 545.0 0
1716302115463 546.0 0
1716302116104 547.0 0
1716302116960 548.0 0
1716302117950 549.0 0
1716302119212 550.0 0
1716302126802 551.0 0
1716302127331 552.0 0
1716302127873 553.0 0
1716302128421 554.0 0
1716302129070 555.0 0
1716302129682 556.0 0
1716302130383 557.0 0
1716302131089 558.0 0
1716302131998 559.0 0
1716302133424 560.0 0
1716302141288 561.0 0
1716302141799 562.0 0
1716302142342 563.0 0
1716302142883 564.0 0
1716302143490 565.0 0
1716302144097 566.0 0
1716302144726 567.0 0
1716302145404 568.0 0
1716302146165 569.0 0
1716302147032 570.0 0
1716302156107 571.0 0
1716302156681 572.0 0
1716302157233 573.0 0
1716302157807 574.0 0
1716302158481 575.0 0
1716302159824 576.0 0
1716302160915 577.0 0
1716302161931 578.0 0
1716302163467 579.0 0
1716302164549 580.0 0
1716302172173 581.0 0
1716302172699 582.0 0
1716302173223 583.0 0
1716302173799 584.0 0
1716302174380 585.0 0
1716302174989 586.0 0
1716302175609 587.0 0
1716302176298 588.0 0
1716302177020 589.0 0
1716302177860 590.0 0
1716302185552 591.0 0
1716302186312 592.0 0
1716302186913 593.0 0
1716302187940 594.0 0
1716302188717 595.0 0
1716302189472 596.0 0
1716302190164 597.0 0
1716302190901 598.0 0
1716302191766 599.0 0
1716302192737 600.0 0
1716302199956 601.0 0
1716302200494 602.0 0
1716302201041 603.0 0
1716302201612 604.0 0
1716302202238 605.0 0
1716302202878 606.0 0
1716302203601 607.0 0
1716302204361 608.0 0
1716302205234 609.0 0
1716302206402 610.0 0
1716302213236 611.0 0
1716302213733 612.0 0
1716302214268 613.0 0
1716302214839 614.0 0
1716302215449 615.0 0
1716302216072 616.0 0
1716302216829 617.0 0
1716302217898 618.0 0
1716302219583 619.0 0
1716302220606 620.0 0
1716302227335 621.0 0
1716302227905 622.0 0
1716302228467 623.0 0
1716302229052 624.0 0
1716302229652 625.0 0
1716302230236 626.0 0
1716302230879 627.0 0
1716302231588 628.0 0
1716302232843 629.0 0
1716302234535 630.0 0
1716302241736 631.0 0
1716302242320 632.0 0
1716302242875 633.0 0
1716302243440 634.0 0
1716302244029 635.0 0
1716302244648 636.0 0
1716302245421 637.0 0
1716302246211 638.0 0
1716302247112 639.0 0
1716302248716 640.0 0
1716302255929 641.0 0
1716302256455 642.0 0
1716302257001 643.0 0
1716302257609 644.0 0
1716302258307 645.0 0
1716302259015 646.0 0
1716302260045 647.0 0
1716302262717 648.0 0
1716302263420 649.0 0
1716302264100 650.0 0
1716302271677 651.0 0
1716302272285 652.0 0
1716302272853 653.0 0
1716302273445 654.0 0
1716302274104 655.0 0
1716302274824 656.0 0
1716302275825 657.0 0
1716302277430 658.0 0
1716302278635 659.0 0
1716302279705 660.0 0
1716302286998 661.0 0
1716302287526 662.0 0
1716302288086 663.0 0
1716302288646 664.0 0
1716302289281 665.0 0
1716302289896 666.0 0
1716302290568 667.0 0
1716302291414 668.0 0
1716302292617 669.0 0
1716302294176 670.0 0
1716302301019 671.0 0
1716302301557 672.0 0
1716302302103 673.0 0
1716302302650 674.0 0
1716302303217 675.0 0
1716302303816 676.0 0
1716302304455 677.0 0
1716302305139 678.0 0
1716302305935 679.0 0
1716302306865 680.0 0
1716302313962 681.0 0
1716302314473 682.0 0
1716302315065 683.0 0
1716302315650 684.0 0
1716302316280 685.0 0
1716302316950 686.0 0
1716302318039 687.0 0
1716302318924 688.0 0
1716302319790 689.0 0
1716302320930 690.0 0
1716302328432 691.0 0
1716302328974 692.0 0
1716302329549 693.0 0
1716302330108 694.0 0
1716302330736 695.0 0
1716302331337 696.0 0
1716302331983 697.0 0
1716302332668 698.0 0
1716302333456 699.0 0
1716302334412 700.0 0
1716302341143 701.0 0
1716302341663 702.0 0
1716302342221 703.0 0
1716302342782 704.0 0
1716302343391 705.0 0
1716302344038 706.0 0
1716302344700 707.0 0
1716302345521 708.0 0
1716302346582 709.0 0
1716302347852 710.0 0
1716302354689 711.0 0
1716302355217 712.0 0
1716302355819 713.0 0
1716302356396 714.0 0
1716302357321 715.0 0
1716302358257 716.0 0
1716302359030 717.0 0
1716302359847 718.0 0
1716302360697 719.0 0
1716302361644 720.0 0
1716302369104 721.0 0
1716302369894 722.0 0
1716302371441 723.0 0
1716302372368 724.0 0
1716302373296 725.0 0
1716302374190 726.0 0
1716302375103 727.0 0
1716302376073 728.0 0
1716302377137 729.0 0
1716302378463 730.0 0
1716302388138 731.0 0
1716302388714 732.0 0
1716302389271 733.0 0
1716302389832 734.0 0
1716302390499 735.0 0
1716302391143 736.0 0
1716302391839 737.0 0
1716302392776 738.0 0
1716302394124 739.0 0
1716302395605 740.0 0
1716302402294 741.0 0
1716302402805 742.0 0
1716302403335 743.0 0
1716302403893 744.0 0
1716302404456 745.0 0
1716302405064 746.0 0
1716302405678 747.0 0
1716302406355 748.0 0
1716302407047 749.0 0
1716302407802 750.0 0
1716302414701 751.0 0
1716302415217 752.0 0
1716302415747 753.0 0
1716302416314 754.0 0
1716302416877 755.0 0
1716302417482 756.0 0
1716302418131 757.0 0
1716302418845 758.0 0
1716302419676 759.0 0
1716302420718 760.0 0
1716302427614 761.0 0
1716302428143 762.0 0
1716302428700 763.0 0
1716302429248 764.0 0
1716302429820 765.0 0
1716302430426 766.0 0
1716302431084 767.0 0
1716302431818 768.0 0
1716302432642 769.0 0
1716302433648 770.0 0
1716302441501 771.0 0
1716302442047 772.0 0
1716302442627 773.0 0
1716302443205 774.0 0
1716302443794 775.0 0
1716302444465 776.0 0
1716302445275 777.0 0
1716302447467 778.0 0
1716302448460 779.0 0
1716302449430 780.0 0
1716302457466 781.0 0
1716302457990 782.0 0
1716302458561 783.0 0
1716302459151 784.0 0
1716302459726 785.0 0
1716302460379 786.0 0
1716302461034 787.0 0
1716302461825 788.0 0
1716302462863 789.0 0
1716302464381 790.0 0
1716302471762 791.0 0
1716302472287 792.0 0
1716302472814 793.0 0
1716302473357 794.0 0
1716302473912 795.0 0
1716302474505 796.0 0
1716302475136 797.0 0
1716302475802 798.0 0
1716302476645 799.0 0
1716302477688 800.0 0
1716302484734 801.0 0
1716302485242 802.0 0
1716302485770 803.0 0
1716302486335 804.0 0
1716302486926 805.0 0
1716302487526 806.0 0
1716302488149 807.0 0
1716302488821 808.0 0
1716302489556 809.0 0
1716302490432 810.0 0
1716302497759 811.0 0
1716302498290 812.0 0
1716302498812 813.0 0
1716302499394 814.0 0
1716302499955 815.0 0
1716302500556 816.0 0
1716302501185 817.0 0
1716302501873 818.0 0
1716302502666 819.0 0
1716302503590 820.0 0
1716302511163 821.0 0
1716302511715 822.0 0
1716302512347 823.0 0
1716302513049 824.0 0
1716302513836 825.0 0
1716302514875 826.0 0
1716302515779 827.0 0
1716302516745 828.0 0
1716302518057 829.0 0
1716302519112 830.0 0
1716302526089 831.0 0
1716302526625 832.0 0
1716302527181 833.0 0
1716302527746 834.0 0
1716302528315 835.0 0
1716302528922 836.0 0
1716302529550 837.0 0
1716302530667 838.0 0
1716302531908 839.0 0
1716302532714 840.0 0
1716302539895 841.0 0
1716302540571 842.0 0
1716302541524 843.0 0
1716302542587 844.0 0
1716302543831 845.0 0
1716302544609 846.0 0
1716302545282 847.0 0
1716302546007 848.0 0
1716302546789 849.0 0
1716302547920 850.0 0
1716302555604 851.0 0
1716302556107 852.0 0
1716302556672 853.0 0
1716302557221 854.0 0
1716302557820 855.0 0
1716302558478 856.0 0
1716302559278 857.0 0
1716302560509 858.0 0
1716302561448 859.0 0
1716302562522 860.0 0
1716302570036 861.0 0
1716302570574 862.0 0
1716302571104 863.0 0
1716302571670 864.0 0
1716302572250 865.0 0
1716302572846 866.0 0
1716302573523 867.0 0
1716302575069 868.0 0
1716302576057 869.0 0
1716302576859 870.0 0
1716302584203 871.0 0
1716302584859 872.0 0
1716302585457 873.0 0
1716302586019 874.0 0
1716302586613 875.0 0
1716302587246 876.0 0
1716302587944 877.0 0
1716302588715 878.0 0
1716302589859 879.0 0
1716302591770 880.0 0
1716302598670 881.0 0
1716302599220 882.0 0
1716302599759 883.0 0
1716302600307 884.0 0
1716302600887 885.0 0
1716302601580 886.0 0
1716302602246 887.0 0
1716302603001 888.0 0
1716302603898 889.0 0
1716302605271 890.0 0
1716302613859 891.0 0
1716302614580 892.0 0
1716302615216 893.0 0
1716302616326 894.0 0
1716302617229 895.0 0
1716302618305 896.0 0
1716302619174 897.0 0
1716302620592 898.0 0
1716302621695 899.0 0
1716302622780 900.0 0
1716302630230 901.0 0
1716302630749 902.0 0
1716302631326 903.0 0
1716302631909 904.0 0
1716302632499 905.0 0
1716302633171 906.0 0
1716302633908 907.0 0
1716302635153 908.0 0
1716302636524 909.0 0
1716302637450 910.0 0
1716302644519 911.0 0
1716302645047 912.0 0
1716302645577 913.0 0
1716302646174 914.0 0
1716302646742 915.0 0
1716302647340 916.0 0
1716302647980 917.0 0
1716302648842 918.0 0
1716302650096 919.0 0
1716302651440 920.0 0
1716302662476 921.0 0
1716302663086 922.0 0
1716302663633 923.0 0
1716302664276 924.0 0
1716302665001 925.0 0
1716302666491 926.0 0
1716302667378 927.0 0
1716302668398 928.0 0
1716302669395 929.0 0
1716302670370 930.0 0
1716302678375 931.0 0
1716302678892 932.0 0
1716302679423 933.0 0
1716302680014 934.0 0
1716302680606 935.0 0
1716302681265 936.0 0
1716302681935 937.0 0
1716302682695 938.0 0
1716302683514 939.0 0
1716302684716 940.0 0
1716302692380 941.0 0
1716302692900 942.0 0
1716302693508 943.0 0
1716302694141 944.0 0
1716302694850 945.0 0
1716302695985 946.0 0
1716302696981 947.0 0
1716302697852 948.0 0
1716302701067 949.0 0
1716302702289 950.0 0
1716302709546 951.0 0
1716302710261 952.0 0
1716302710871 953.0 0
1716302711573 954.0 0
1716302712400 955.0 0
1716302713293 956.0 0
1716302714604 957.0 0
1716302716535 958.0 0
1716302717403 959.0 0
1716302718188 960.0 0
1716302726047 961.0 0
1716302726635 962.0 0
1716302727260 963.0 0
1716302728065 964.0 0
1716302729849 965.0 0
1716302730609 966.0 0
1716302732253 967.0 0
1716302733246 968.0 0
1716302734296 969.0 0
1716302735594 970.0 0
1716302744019 971.0 0
1716302744564 972.0 0
1716302745094 973.0 0
1716302745662 974.0 0
1716302746247 975.0 0
1716302746837 976.0 0
1716302747551 977.0 0
1716302748696 978.0 0
1716302750115 979.0 0
1716302751253 980.0 0
1716302758729 981.0 0
1716302759259 982.0 0
1716302759814 983.0 0
1716302760413 984.0 0
1716302761004 985.0 0
1716302761663 986.0 0
1716302763220 987.0 0
1716302764811 988.0 0
1716302765757 989.0 0
1716302766703 990.0 0
1716302774038 991.0 0
1716302774550 992.0 0
1716302775088 993.0 0
1716302775705 994.0 0
1716302776328 995.0 0
1716302776954 996.0 0
1716302777558 997.0 0
1716302778243 998.0 0
1716302779039 999.0 0
1716302780179 1000.0 0
1716302787400 1001.0 0
1716302787944 1002.0 0
1716302788469 1003.0 0
1716302789026 1004.0 0
1716302789628 1005.0 0
1716302790251 1006.0 0
1716302790885 1007.0 0
1716302791583 1008.0 0
1716302792390 1009.0 0
1716302793468 1010.0 0
1716302800174 1011.0 0
1716302800698 1012.0 0
1716302801228 1013.0 0
1716302801779 1014.0 0
1716302802352 1015.0 0
1716302802941 1016.0 0
1716302803591 1017.0 0
1716302804259 1018.0 0
1716302804978 1019.0 0
1716302805800 1020.0 0
1716302812293 1021.0 0
1716302812808 1022.0 0
1716302813366 1023.0 0
1716302813920 1024.0 0
1716302814477 1025.0 0
1716302815073 1026.0 0
1716302815720 1027.0 0
1716302816423 1028.0 0
1716302817245 1029.0 0
1716302818303 1030.0 0
1716302825068 1031.0 0
1716302825634 1032.0 0
1716302826164 1033.0 0
1716302826738 1034.0 0
1716302827310 1035.0 0
1716302827935 1036.0 0
1716302829137 1037.0 0
1716302831348 1038.0 0
1716302832476 1039.0 0
1716302833342 1040.0 0
1716302841607 1041.0 0
1716302842135 1042.0 0
1716302842706 1043.0 0
1716302843273 1044.0 0
1716302843850 1045.0 0
1716302844468 1046.0 0
1716302845168 1047.0 0
1716302845898 1048.0 0
1716302846786 1049.0 0
1716302848422 1050.0 0
1716302855655 1051.0 0
1716302856206 1052.0 0
1716302856738 1053.0 0
1716302857287 1054.0 0
1716302857853 1055.0 0
1716302858447 1056.0 0
1716302859071 1057.0 0
1716302859848 1058.0 0
1716302860661 1059.0 0
1716302861767 1060.0 0
1716302870042 1061.0 0
1716302870585 1062.0 0
1716302871109 1063.0 0
1716302871687 1064.0 0
1716302872281 1065.0 0
1716302872939 1066.0 0
1716302873654 1067.0 0
1716302874429 1068.0 0
1716302875432 1069.0 0
1716302876919 1070.0 0
1716302884653 1071.0 0
1716302885202 1072.0 0
1716302885790 1073.0 0
1716302886363 1074.0 0
1716302886944 1075.0 0
1716302887558 1076.0 0
1716302888231 1077.0 0
1716302888947 1078.0 0
1716302889902 1079.0 0
1716302891635 1080.0 0
1716302898942 1081.0 0
1716302899491 1082.0 0
1716302900072 1083.0 0
1716302900681 1084.0 0
1716302901273 1085.0 0
1716302901886 1086.0 0
1716302902608 1087.0 0
1716302903421 1088.0 0
1716302904415 1089.0 0
1716302906188 1090.0 0
1716302912661 1091.0 0
1716302913186 1092.0 0
1716302913718 1093.0 0
1716302914254 1094.0 0
1716302914830 1095.0 0
1716302915479 1096.0 0
1716302916128 1097.0 0
1716302916835 1098.0 0
1716302917624 1099.0 0
1716302918581 1100.0 0
1716302925239 1101.0 0
1716302925778 1102.0 0
1716302926290 1103.0 0
1716302926833 1104.0 0
1716302927398 1105.0 0
1716302927991 1106.0 0
1716302928644 1107.0 0
1716302929329 1108.0 0
1716302930068 1109.0 0
1716302930954 1110.0 0
1716302938409 1111.0 0
1716302938924 1112.0 0
1716302939560 1113.0 0
1716302940328 1114.0 0
1716302941858 1115.0 0
1716302942872 1116.0 0
1716302943739 1117.0 0
1716302945581 1118.0 0
1716302946739 1119.0 0
1716302948804 1120.0 0
1716302957458 1121.0 0
1716302958059 1122.0 0
1716302958684 1123.0 0
1716302959354 1124.0 0
1716302960120 1125.0 0
1716302961170 1126.0 0
1716302962478 1127.0 0
1716302963645 1128.0 0
1716302964628 1129.0 0
1716302965630 1130.0 0
1716302973489 1131.0 0
1716302974044 1132.0 0
1716302974594 1133.0 0
1716302975155 1134.0 0
1716302975735 1135.0 0
1716302976427 1136.0 0
1716302977276 1137.0 0
1716302978212 1138.0 0
1716302979115 1139.0 0
1716302980221 1140.0 0
1716302987761 1141.0 0
1716302988279 1142.0 0
1716302988821 1143.0 0
1716302989397 1144.0 0
1716302989996 1145.0 0
1716302990719 1146.0 0
1716302991573 1147.0 0
1716302992734 1148.0 0
1716302993908 1149.0 0
1716302995045 1150.0 0
1716303002311 1151.0 0
1716303002840 1152.0 0
1716303003420 1153.0 0
1716303003982 1154.0 0
1716303004607 1155.0 0
1716303005187 1156.0 0
1716303006689 1157.0 0
1716303007510 1158.0 0
1716303008349 1159.0 0
1716303009318 1160.0 0
1716303022601 1161.0 0
1716303023139 1162.0 0
1716303023686 1163.0 0
1716303024228 1164.0 0
1716303024815 1165.0 0
1716303025407 1166.0 0
1716303026024 1167.0 0
1716303026705 1168.0 0
1716303027496 1169.0 0
1716303028397 1170.0 0
1716303035784 1171.0 0
1716303036356 1172.0 0
1716303036887 1173.0 0
1716303037458 1174.0 0
1716303038092 1175.0 0
1716303038734 1176.0 0
1716303039409 1177.0 0
1716303040177 1178.0 0
1716303041284 1179.0 0
1716303042971 1180.0 0
1716303050127 1181.0 0
1716303050669 1182.0 0
1716303051221 1183.0 0
1716303051788 1184.0 0
1716303052383 1185.0 0
1716303053022 1186.0 0
1716303053671 1187.0 0
1716303054385 1188.0 0
1716303055234 1189.0 0
1716303056646 1190.0 0
1716303064116 1191.0 0
1716303064657 1192.0 0
1716303065217 1193.0 0
1716303065769 1194.0 0
1716303066375 1195.0 0
1716303067065 1196.0 0
1716303067946 1197.0 0
1716303068887 1198.0 0
1716303069838 1199.0 0
1716303071103 1200.0 0
1716303078924 1201.0 0
1716303079439 1202.0 0
1716303079983 1203.0 0
1716303080580 1204.0 0
1716303081197 1205.0 0
1716303081807 1206.0 0
1716303082664 1207.0 0
1716303084531 1208.0 0
1716303085828 1209.0 0
1716303086902 1210.0 0
1716303095174 1211.0 0
1716303095741 1212.0 0
1716303096423 1213.0 0
1716303097123 1214.0 0
1716303098214 1215.0 0
1716303099541 1216.0 0
1716303102140 1217.0 0
1716303103182 1218.0 0
1716303104107 1219.0 0
1716303105162 1220.0 0
1716303112782 1221.0 0
1716303113300 1222.0 0
1716303113831 1223.0 0
1716303114375 1224.0 0
1716303114925 1225.0 0
1716303115565 1226.0 0
1716303116242 1227.0 0
1716303117003 1228.0 0
1716303118007 1229.0 0
1716303119995 1230.0 0
1716303126395 1231.0 0
1716303126915 1232.0 0
1716303127444 1233.0 0
1716303128003 1234.0 0
1716303128595 1235.0 0
1716303129222 1236.0 0
1716303129953 1237.0 0
1716303130688 1238.0 0
1716303132273 1239.0 0
1716303133683 1240.0 0
1716303140656 1241.0 0
1716303141208 1242.0 0
1716303141740 1243.0 0
1716303142324 1244.0 0
1716303142982 1245.0 0
1716303144055 1246.0 0
1716303144832 1247.0 0
1716303145610 1248.0 0
1716303146500 1249.0 0
1716303147737 1250.0 0
1716303154535 1251.0 0
1716303155051 1252.0 0
1716303155590 1253.0 0
1716303156135 1254.0 0
1716303156713 1255.0 0
1716303157341 1256.0 0
1716303158023 1257.0 0
1716303158761 1258.0 0
1716303159573 1259.0 0
1716303160587 1260.0 0
1716303167971 1261.0 0
1716303168537 1262.0 0
1716303169093 1263.0 0
1716303169683 1264.0 0
1716303170268 1265.0 0
1716303170888 1266.0 0
1716303171530 1267.0 0
1716303172220 1268.0 0
1716303173056 1269.0 0
1716303174345 1270.0 0
1716303181542 1271.0 0
1716303182124 1272.0 0
1716303182678 1273.0 0
1716303183264 1274.0 0
1716303183858 1275.0 0
1716303184493 1276.0 0
1716303185155 1277.0 0
1716303185929 1278.0 0
1716303186966 1279.0 0
1716303188970 1280.0 0
1716303195519 1281.0 0
1716303196040 1282.0 0
1716303196617 1283.0 0
1716303197193 1284.0 0
1716303197833 1285.0 0
1716303198479 1286.0 0
1716303199183 1287.0 0
1716303201941 1288.0 0
1716303203201 1289.0 0
1716303204193 1290.0 0
1716303212812 1291.0 0
1716303213438 1292.0 0
1716303214075 1293.0 0
1716303214777 1294.0 0
1716303215399 1295.0 0
1716303216058 1296.0 0
1716303217180 1297.0 0
1716303218259 1298.0 0
1716303219775 1299.0 0
1716303221104 1300.0 0
1716303228886 1301.0 0
1716303229429 1302.0 0
1716303230032 1303.0 0
1716303230632 1304.0 0
1716303231242 1305.0 0
1716303231869 1306.0 0
1716303233485 1307.0 0
1716303234438 1308.0 0
1716303235929 1309.0 0
1716303237019 1310.0 0
1716303244464 1311.0 0
1716303245078 1312.0 0
1716303245691 1313.0 0
1716303246372 1314.0 0
1716303247145 1315.0 0
1716303248005 1316.0 0
1716303249699 1317.0 0
1716303250729 1318.0 0
1716303251604 1319.0 0
1716303252790 1320.0 0
1716303260616 1321.0 0
1716303261138 1322.0 0
1716303261731 1323.0 0
1716303262308 1324.0 0
1716303262944 1325.0 0
1716303263967 1326.0 0
1716303265708 1327.0 0
1716303266677 1328.0 0
1716303267854 1329.0 0
1716303268752 1330.0 0
1716303276499 1331.0 0
1716303277042 1332.0 0
1716303277629 1333.0 0
1716303278237 1334.0 0
1716303278865 1335.0 0
1716303279587 1336.0 0
1716303280751 1337.0 0
1716303281740 1338.0 0
1716303282746 1339.0 0
1716303283802 1340.0 0
1716303291201 1341.0 0
1716303291718 1342.0 0
1716303292264 1343.0 0
1716303292824 1344.0 0
1716303293398 1345.0 0
1716303293981 1346.0 0
1716303294608 1347.0 0
1716303295281 1348.0 0
1716303296036 1349.0 0
1716303296935 1350.0 0
1716303304205 1351.0 0
1716303304740 1352.0 0
1716303305284 1353.0 0
1716303305849 1354.0 0
1716303306430 1355.0 0
1716303307069 1356.0 0
1716303307701 1357.0 0
1716303308400 1358.0 0
1716303309161 1359.0 0
1716303310168 1360.0 0
1716303317773 1361.0 0
1716303318332 1362.0 0
1716303318916 1363.0 0
1716303319451 1364.0 0
1716303320059 1365.0 0
1716303320698 1366.0 0
1716303321338 1367.0 0
1716303322045 1368.0 0
1716303322873 1369.0 0
1716303324207 1370.0 0
1716303330862 1371.0 0
1716303331398 1372.0 0
1716303331917 1373.0 0
1716303332517 1374.0 0
1716303333080 1375.0 0
1716303333700 1376.0 0
1716303334333 1377.0 0
1716303335039 1378.0 0
1716303335831 1379.0 0
1716303337116 1380.0 0
1716303344681 1381.0 0
1716303345252 1382.0 0
1716303345820 1383.0 0
1716303346377 1384.0 0
1716303346942 1385.0 0
1716303347534 1386.0 0
1716303348146 1387.0 0
1716303348826 1388.0 0
1716303349603 1389.0 0
1716303350528 1390.0 0
1716303357964 1391.0 0
1716303358482 1392.0 0
1716303359073 1393.0 0
1716303359658 1394.0 0
1716303360254 1395.0 0
1716303360896 1396.0 0
1716303361553 1397.0 0
1716303362613 1398.0 0
1716303363725 1399.0 0
1716303364590 1400.0 0
1716303371493 1401.0 0
1716303372009 1402.0 0
1716303372529 1403.0 0
1716303373090 1404.0 0
1716303373663 1405.0 0
1716303374284 1406.0 0
1716303374935 1407.0 0
1716303375632 1408.0 0
1716303376394 1409.0 0
1716303377324 1410.0 0
1716303385802 1411.0 0
1716303386363 1412.0 0
1716303386981 1413.0 0
1716303387774 1414.0 0
1716303388592 1415.0 0
1716303389575 1416.0 0
1716303390754 1417.0 0
1716303391840 1418.0 0
1716303393047 1419.0 0
1716303394054 1420.0 0
1716303401437 1421.0 0
1716303401983 1422.0 0
1716303402530 1423.0 0
1716303403138 1424.0 0
1716303403724 1425.0 0
1716303404608 1426.0 0
1716303405622 1427.0 0
1716303406436 1428.0 0
1716303407242 1429.0 0
1716303408169 1430.0 0
1716303415339 1431.0 0
1716303415873 1432.0 0
1716303416425 1433.0 0
1716303416990 1434.0 0
1716303417580 1435.0 0
1716303418196 1436.0 0
1716303418861 1437.0 0
1716303419555 1438.0 0
1716303420364 1439.0 0
1716303421634 1440.0 0
1716303428393 1441.0 0
1716303428903 1442.0 0
1716303429438 1443.0 0
1716303429981 1444.0 0
1716303430551 1445.0 0
1716303431147 1446.0 0
1716303431794 1447.0 0
1716303432474 1448.0 0
1716303433210 1449.0 0
1716303434017 1450.0 0
1716303441473 1451.0 0
1716303442004 1452.0 0
1716303442541 1453.0 0
1716303443116 1454.0 0
1716303443714 1455.0 0
1716303444301 1456.0 0
1716303445086 1457.0 0
1716303446318 1458.0 0
1716303447282 1459.0 0
1716303448321 1460.0 0
