1716301341982 8.10745620727539 0
1716301342973 7.496310710906982 0
1716301343654 7.278918266296387 0
1716301344266 7.195111274719238 0
1716301344791 7.033268451690674 0
1716301345343 6.8432817459106445 0
1716301345931 6.593655109405518 0
1716301346492 6.463860034942627 0
1716301347040 6.370997428894043 0
1716301347627 6.273913383483887 0
1716301357097 6.207136154174805 0
1716301358004 6.122386455535889 0
1716301358685 6.0486907958984375 0
1716301359412 5.958492755889893 0
1716301360319 5.884881496429443 0
1716301361219 5.810931205749512 0
1716301362111 5.728124141693115 0
1716301363052 5.62105131149292 0
1716301363943 5.5238261222839355 0
1716301364946 5.462937831878662 0
1716301373263 5.393275737762451 0
1716301373942 5.3059282302856445 0
1716301374525 5.142597675323486 0
1716301375150 4.976409435272217 0
1716301375750 4.898870944976807 0
1716301376368 4.810640811920166 0
1716301377305 4.680878162384033 0
1716301378174 4.560744285583496 0
1716301379069 4.445318222045898 0
1716301380185 4.331186771392822 0
1716301387904 4.217823028564453 0
1716301388444 4.094320774078369 0
1716301388978 3.9610283374786377 0
1716301389520 3.837975263595581 0
1716301390138 3.731368064880371 0
1716301390729 3.6318020820617676 0
1716301391370 3.5323874950408936 0
1716301392269 3.435877561569214 0
1716301393415 3.343100070953369 0
1716301394546 3.2532548904418945 0
1716301401940 3.1661624908447266 0
1716301402495 3.085099220275879 0
1716301403050 3.0230138301849365 0
1716301403629 2.971205949783325 0
1716301404235 2.924135208129883 0
1716301404844 2.8791487216949463 0
1716301405473 2.8348124027252197 0
1716301406192 2.7910854816436768 0
1716301407024 2.74912428855896 0
1716301409144 2.7100086212158203 0
1716301415988 2.6731741428375244 0
1716301416525 2.637129783630371 0
1716301417059 2.600451946258545 0
1716301417603 2.5641777515411377 0
1716301418161 2.5295050144195557 0
1716301418772 2.4947597980499268 0
1716301419396 2.458536386489868 0
1716301420123 2.4246082305908203 0
1716301421011 2.3924334049224854 0
1716301422759 2.358551025390625 0
1716301428895 2.324472188949585 0
1716301429403 2.292872667312622 0
1716301429945 2.26259446144104 0
1716301430501 2.2316322326660156 0
1716301431070 2.2021749019622803 0
1716301431710 2.1738691329956055 0
1716301432367 2.145230531692505 0
1716301433082 2.116694211959839 0
1716301433941 2.0899555683135986 0
1716301435527 2.061854839324951 0
1716301442416 2.035655975341797 0
1716301442996 2.0098764896392822 0
1716301443545 1.9864710569381714 0
1716301444098 1.9635318517684937 0
1716301444651 1.9415466785430908 0
1716301445274 1.920075535774231 0
1716301445979 1.8990557193756104 0
1716301446998 1.8787866830825806 0
1716301448189 1.8587301969528198 0
1716301449231 1.8391900062561035 0
1716301455598 1.8196475505828857 0
1716301456140 1.8009507656097412 0
1716301456678 1.7822034358978271 0
1716301457234 1.7636640071868896 0
1716301457801 1.7448325157165527 0
1716301458401 1.7261296510696411 0
1716301459037 1.7078702449798584 0
1716301459742 1.6899259090423584 0
1716301460531 1.6726279258728027 0
1716301461474 1.6554145812988281 0
1716301467940 1.6383137702941895 0
1716301468476 1.621191382408142 0
1716301469021 1.6043463945388794 0
1716301469566 1.5877976417541504 0
1716301470143 1.5714093446731567 0
1716301470765 1.55539071559906 0
1716301471400 1.5395971536636353 0
1716301472098 1.5240974426269531 0
1716301472883 1.5085846185684204 0
1716301473778 1.4932587146759033 0
1716301481667 1.4777690172195435 0
1716301482186 1.462255597114563 0
1716301482770 1.4465794563293457 0
1716301483470 1.430911660194397 0
1716301484295 1.4152978658676147 0
1716301485336 1.3999483585357666 0
1716301486233 1.3848330974578857 0
1716301487167 1.3699575662612915 0
1716301488415 1.3552781343460083 0
1716301489619 1.3406400680541992 0
1716301496795 1.32613205909729 0
1716301497346 1.3130937814712524 0
1716301497877 1.3174350261688232 0
1716301498438 1.409803032875061 0
1716301499023 1.5399894714355469 0
1716301499665 1.3561973571777344 0
1716301501382 1.4009807109832764 0
1716301502094 1.4167736768722534 0
1716301502823 1.3975003957748413 0
1716301503698 1.3778393268585205 0
1716301511583 1.354264736175537 0
1716301512137 1.3288410902023315 0
1716301512713 1.3175755739212036 0
1716301513326 1.3015577793121338 0
1716301513931 1.279831886291504 0
1716301514546 1.2603739500045776 0
1716301515207 1.2467458248138428 0
1716301515908 1.2295572757720947 0
1716301516992 1.2116279602050781 0
1716301518641 1.1975715160369873 0
1716301528006 1.182214379310608 0
1716301528645 1.1664170026779175 0
1716301529252 1.155165672302246 0
1716301529879 1.1407145261764526 0
1716301530594 1.1292327642440796 0
1716301531661 1.1201825141906738 0
1716301532517 1.1068825721740723 0
1716301533371 1.093751072883606 0
1716301534649 1.0809673070907593 0
1716301535648 1.0698597431182861 0
1716301547282 1.0613956451416016 0
1716301547872 1.0513677597045898 0
1716301548569 1.040403962135315 0
1716301549268 1.030042052268982 0
1716301551249 1.0190064907073975 0
1716301552172 1.009534478187561 0
1716301552962 0.9998483061790466 0
1716301554110 0.9911816120147705 0
1716301555070 0.9819160103797913 0
1716301555898 0.9727479219436646 0
1716301564953 0.9638382196426392 0
1716301565538 0.954814076423645 0
1716301566152 0.9460885524749756 0
1716301566756 0.9373409748077393 0
1716301567526 0.9295616745948792 0
1716301568391 0.9213647246360779 0
1716301569146 0.9133065342903137 0
1716301569957 0.9053512811660767 0
1716301570959 0.8978081345558167 0
1716301572392 0.8900735378265381 0
1716301579331 0.8825947642326355 0
1716301579921 0.8748949766159058 0
1716301580505 0.8675068616867065 0
1716301581079 0.8601505160331726 0
1716301581669 0.8529921770095825 0
1716301582317 0.8458686470985413 0
1716301583029 0.8389731049537659 0
1716301583759 0.8320282101631165 0
1716301584622 0.8252570629119873 0
1716301585913 0.818574070930481 0
1716301593418 0.8120232224464417 0
1716301593944 0.8055696487426758 0
1716301594489 0.7991434335708618 0
1716301595029 0.792918860912323 0
1716301595618 0.7866984605789185 0
1716301596257 0.7805859446525574 0
1716301596924 0.7746310830116272 0
1716301597636 0.768751323223114 0
1716301598423 0.7629554271697998 0
1716301599525 0.7571964263916016 0
1716301606356 0.7516030073165894 0
1716301606875 0.7461372017860413 0
1716301607406 0.7407698631286621 0
1716301607938 0.7355496883392334 0
1716301608504 0.7303858399391174 0
1716301609077 0.725308358669281 0
1716301609674 0.7203518748283386 0
1716301610382 0.7154796123504639 0
1716301611157 0.7107334733009338 0
1716301612449 0.7061715722084045 0
1716301619525 0.7019332051277161 0
1716301620067 0.6989758610725403 0
1716301620588 0.6990615129470825 0
1716301621185 0.7155513763427734 0
1716301621814 0.758748471736908 0
1716301622644 0.7680195569992065 0
1716301624162 0.7280781269073486 0
1716301625169 0.739552915096283 0
1716301626272 0.706788182258606 0
1716301627421 0.7244283556938171 0
1716301636041 0.7012736201286316 0
1716301636578 0.707726001739502 0
1716301637120 0.6790156364440918 0
1716301637688 0.6985102295875549 0
1716301638279 0.6700817942619324 0
1716301638889 0.6856634020805359 0
1716301639633 0.6602963805198669 0
1716301641215 0.6669682860374451 0
1716301642150 0.6544322967529297 0
1716301643526 0.650806725025177 0
1716301650875 0.6483473181724548 0
1716301651421 0.6387764811515808 0
1716301651998 0.6397677063941956 0
1716301652583 0.6277226805686951 0
1716301653204 0.6312708854675293 0
1716301653807 0.6183770298957825 0
1716301654477 0.619837760925293 0
1716301655241 0.610270619392395 0
1716301656219 0.6110410690307617 0
1716301657286 0.6051128506660461 0
1716301664723 0.6025484204292297 0
1716301665250 0.5960928201675415 0
1716301665783 0.5931496024131775 0
1716301666356 0.5891040563583374 0
1716301666927 0.5852691531181335 0
1716301667572 0.5817821621894836 0
1716301668247 0.5767686367034912 0
1716301668951 0.5739462971687317 0
1716301669923 0.5703274607658386 0
1716301671445 0.567051887512207 0
1716301678689 0.563636302947998 0
1716301679197 0.5611832737922668 0
1716301679758 0.5594173669815063 0
1716301680370 0.5559471249580383 0
1716301681002 0.5529748797416687 0
1716301681626 0.5495108366012573 0
1716301682373 0.5470266938209534 0
1716301683535 0.5438253879547119 0
1716301684818 0.5405992269515991 0
1716301686299 0.5384867787361145 0
1716301693760 0.5343040227890015 0
1716301694342 0.531295120716095 0
1716301694961 0.5292654633522034 0
1716301696633 0.5259876251220703 0
1716301698818 0.5238592624664307 0
1716301701136 0.5221103429794312 0
1716301701688 0.518811821937561 0
1716301702268 0.5160269141197205 0
1716301702905 0.5129160284996033 0
1716301703704 0.5112231373786926 0
1716301712448 0.516130805015564 0
1716301713025 0.5156922340393066 0
1716301713647 0.5129938721656799 0
1716301714271 0.5107398629188538 0
1716301715141 0.5054362416267395 0
1716301715936 0.5027118921279907 0
1716301716753 0.49875327944755554 0
1716301717615 0.4958788752555847 0
1716301718549 0.49389827251434326 0
1716301719617 0.4937809705734253 0
1716301728785 0.49514877796173096 0
1716301729333 0.5064382553100586 0
1716301729907 0.5618893504142761 0
1716301730477 1.08339524269104 0
1716301731046 1.3243849277496338 0
1716301731642 1.2436699867248535 0
1716301732264 1.0726513862609863 0
1716301732977 1.099168062210083 0
1716301733812 1.1128860712051392 0
1716301734822 1.0578571557998657 0
1716301742053 1.022484540939331 0
1716301742639 0.9718500375747681 0
1716301743167 0.9260286092758179 0
1716301743716 0.8853601813316345 0
1716301744286 0.8455910086631775 0
1716301744884 0.8180323243141174 0
1716301745507 0.8040074110031128 0
1716301746197 0.7895220518112183 0
1716301746950 0.7719995975494385 0
1716301747826 0.7555357217788696 0
1716301754399 0.7373648881912231 0
1716301754929 0.7228909730911255 0
1716301755513 0.7130547761917114 0
1716301756073 0.7013529539108276 0
1716301756664 0.6852313876152039 0
1716301757305 0.6684136986732483 0
1716301757956 0.6542084813117981 0
1716301758679 0.63970947265625 0
1716301759492 0.6282351613044739 0
1716301760559 0.6178355813026428 0
1716301767295 0.6078975200653076 0
1716301767837 0.5991219282150269 0
1716301768388 0.5914978384971619 0
1716301769004 0.5822411775588989 0
1716301769584 0.573310375213623 0
1716301770177 0.566011905670166 0
1716301770851 0.5587081909179688 0
1716301771599 0.5515140295028687 0
1716301772647 0.543563961982727 0
1716301774338 0.5361222624778748 0
1716301781273 0.5302248597145081 0
1716301781816 0.5238394141197205 0
1716301782342 0.5185631513595581 0
1716301782892 0.5131939053535461 0
1716301783471 0.5088587999343872 0
1716301784093 0.5045886635780334 0
1716301784750 0.5005337595939636 0
1716301785473 0.49615734815597534 0
1716301786418 0.4923451542854309 0
1716301787545 0.4888004958629608 0
1716301794846 0.48548567295074463 0
1716301795384 0.4817992150783539 0
1716301795925 0.4781193435192108 0
1716301796502 0.47545552253723145 0
1716301797084 0.47265490889549255 0
1716301797718 0.46944814920425415 0
1716301798366 0.4670102298259735 0
1716301799057 0.46434852480888367 0
1716301799863 0.46149885654449463 0
1716301800933 0.4593922197818756 0
1716301807950 0.45675039291381836 0
1716301808524 0.4545888900756836 0
1716301809072 0.4524190425872803 0
1716301809641 0.45005089044570923 0
1716301810205 0.4480823874473572 0
1716301810791 0.4460764229297638 0
1716301811429 0.4441881477832794 0
1716301812227 0.44255757331848145 0
1716301813118 0.4405524730682373 0
1716301814024 0.43889492750167847 0
1716301821106 0.43741723895072937 0
1716301821671 0.4355648159980774 0
1716301822235 0.43416303396224976 0
1716301822786 0.43256616592407227 0
1716301823356 0.4310220181941986 0
1716301823953 0.4295963943004608 0
1716301824612 0.42830896377563477 0
1716301825489 0.4268167018890381 0
1716301827058 0.4256153404712677 0
1716301828407 0.4241276979446411 0
1716301835472 0.4230062961578369 0
1716301836040 0.4217838943004608 0
1716301836646 0.4204607307910919 0
1716301837257 0.41938337683677673 0
1716301837846 0.4180922210216522 0
1716301838481 0.41702547669410706 0
1716301839216 0.4158506393432617 0
1716301840016 0.4148196578025818 0
1716301840918 0.41369307041168213 0
1716301842325 0.41267600655555725 0
1716301850012 0.41153672337532043 0
1716301850537 0.41060870885849 0
1716301851091 0.40958717465400696 0
1716301851668 0.40857723355293274 0
1716301852234 0.40765875577926636 0
1716301852854 0.4066345989704132 0
1716301853567 0.4057781994342804 0
1716301854513 0.4047988951206207 0
1716301855495 0.40395426750183105 0
1716301856994 0.4030320942401886 0
1716301864007 0.4021661579608917 0
1716301864568 0.4013043940067291 0
1716301865102 0.40044862031936646 0
1716301865641 0.3996272385120392 0
1716301866205 0.3987959027290344 0
1716301866794 0.39799195528030396 0
1716301867453 0.3971831500530243 0
1716301868139 0.3964027762413025 0
1716301868956 0.39561739563941956 0
1716301869842 0.39485248923301697 0
1716301876746 0.3940928876399994 0
1716301877274 0.3933408856391907 0
1716301877815 0.39260241389274597 0
1716301878362 0.39186710119247437 0
1716301878927 0.39113903045654297 0
1716301879528 0.3904263973236084 0
1716301880159 0.38971391320228577 0
1716301880852 0.38901200890541077 0
1716301881673 0.3883192241191864 0
1716301882851 0.3876255750656128 0
1716301889972 0.3869476318359375 0
1716301890523 0.386270135641098 0
1716301891047 0.38559919595718384 0
1716301891600 0.38493722677230835 0
1716301892168 0.3842774033546448 0
1716301892770 0.3836229741573334 0
1716301893393 0.3829774260520935 0
1716301894075 0.3823322057723999 0
1716301894848 0.38169366121292114 0
1716301895800 0.38106197118759155 0
1716301902736 0.3804290294647217 0
1716301903282 0.3798051178455353 0
1716301903820 0.3791843056678772 0
1716301904425 0.37856578826904297 0
1716301905080 0.3779512345790863 0
1716301905774 0.3773418962955475 0
1716301906593 0.3767334818840027 0
1716301907503 0.3761281669139862 0
1716301908753 0.37552687525749207 0
1716301910686 0.37492701411247253 0
1716301917451 0.37432852387428284 0
1716301917998 0.3737340271472931 0
1716301918536 0.3731410503387451 0
1716301919104 0.37254783511161804 0
1716301919695 0.37195685505867004 0
1716301920325 0.37136805057525635 0
1716301920977 0.3707800507545471 0
1716301921767 0.3701927959918976 0
1716301922647 0.3696090579032898 0
1716301924266 0.36902886629104614 0
1716301931350 0.3684573769569397 0
1716301931886 0.3678993284702301 0
1716301932406 0.3673960268497467 0
1716301932961 0.3669675886631012 0
1716301933562 0.3669849932193756 0
1716301934149 0.3670520484447479 0
1716301934811 0.3698790967464447 0
1716301935515 0.37186509370803833 0
1716301936284 0.3815005123615265 0
1716301937295 0.435416579246521 0
1716301943877 0.7356324791908264 0
1716301944412 0.6073387265205383 0
1716301944936 0.6493237018585205 0
1716301945495 0.7207877039909363 0
1716301946067 0.8693592548370361 0
1716301946663 0.8890907764434814 0
1716301947299 1.0053225755691528 0
1716301947977 0.862730860710144 0
1716301948716 0.9295865893363953 0
1716301949782 0.9206947088241577 0
1716301957443 0.853962779045105 0
1716301958010 0.8538098335266113 0
1716301958536 0.8215041160583496 0
1716301959103 0.7527251243591309 0
1716301959718 0.7412238121032715 0
1716301960350 0.7183976769447327 0
1716301961020 0.6824736595153809 0
1716301961719 0.671851396560669 0
1716301962517 0.6557280421257019 0
1716301963587 0.618710458278656 0
1716301971201 0.5983457565307617 0
1716301971770 0.5848674774169922 0
1716301972326 0.5638644695281982 0
1716301972904 0.5523455739021301 0
1716301973505 0.5483397245407104 0
1716301974123 0.5339192748069763 0
1716301974778 0.5212146639823914 0
1716301975512 0.5141758918762207 0
1716301976384 0.502717137336731 0
1716301978099 0.4895839989185333 0
1716301986480 0.48218005895614624 0
1716301987028 0.47609743475914 0
1716301987595 0.4659455120563507 0
1716301988185 0.4590860605239868 0
1716301988791 0.45442622900009155 0
1716301989400 0.4488646686077118 0
1716301990022 0.44446122646331787 0
1716301990672 0.4410470724105835 0
1716301991552 0.43591704964637756 0
1716301992776 0.4308837354183197 0
1716302000136 0.42784997820854187 0
1716302000741 0.42466628551483154 0
1716302001338 0.42052486538887024 0
1716302001929 0.41717565059661865 0
1716302002597 0.4145440459251404 0
1716302003274 0.4114465117454529 0
1716302004075 0.4085494875907898 0
1716302005046 0.4064534902572632 0
1716302006254 0.40421491861343384 0
1716302007876 0.40169864892959595 0
1716302014369 0.39947715401649475 0
1716302014920 0.3975253701210022 0
1716302015448 0.39541420340538025 0
1716302015993 0.39340317249298096 0
1716302016568 0.391713410615921 0
1716302017217 0.38995298743247986 0
1716302017965 0.3881348669528961 0
1716302018683 0.3865838050842285 0
1716302019498 0.38511189818382263 0
1716302020567 0.38359591364860535 0
1716302028674 0.382220059633255 0
1716302029298 0.38099348545074463 0
1716302029846 0.37972772121429443 0
1716302030432 0.3784472346305847 0
1716302031045 0.37730148434638977 0
1716302031723 0.37617605924606323 0
1716302032515 0.3749837875366211 0
1716302033646 0.37388870120048523 0
1716302034810 0.3728964030742645 0
1716302036132 0.37188541889190674 0
1716302042827 0.37088707089424133 0
1716302043360 0.36994999647140503 0
1716302043910 0.3690151572227478 0
1716302044456 0.36807775497436523 0
1716302045042 0.36719900369644165 0
1716302045663 0.3663601279258728 0
1716302046292 0.3655076026916504 0
1716302046990 0.36466431617736816 0
1716302047793 0.3638547658920288 0
1716302048942 0.36305078864097595 0
1716302055986 0.36225301027297974 0
1716302056522 0.3614847958087921 0
1716302057049 0.3607335090637207 0
1716302057587 0.3599865138530731 0
1716302058159 0.359255313873291 0
1716302058753 0.3585398495197296 0
1716302059387 0.3578318953514099 0
1716302060106 0.3571372628211975 0
1716302061146 0.3564542829990387 0
1716302062652 0.3557773530483246 0
1716302069661 0.35511210560798645 0
1716302070211 0.3544614017009735 0
1716302070773 0.35381558537483215 0
1716302071364 0.35317182540893555 0
1716302071971 0.352542519569397 0
1716302073009 0.3519241213798523 0
1716302074209 0.3513083755970001 0
1716302075151 0.3507005572319031 0
1716302076110 0.35010334849357605 0
1716302077105 0.3495119512081146 0
1716302084852 0.3489256501197815 0
1716302085393 0.34834837913513184 0
1716302085959 0.3477768301963806 0
1716302087028 0.3472108840942383 0
1716302087845 0.3466512858867645 0
1716302088683 0.3460978865623474 0
1716302089484 0.34555038809776306 0
1716302090249 0.3450075387954712 0
1716302091108 0.34447047114372253 0
1716302092186 0.34393996000289917 0
1716302098605 0.3434138894081116 0
1716302099145 0.34289366006851196 0
1716302099713 0.3423769176006317 0
1716302100265 0.3418647348880768 0
1716302100870 0.3413569927215576 0
1716302101482 0.340853750705719 0
1716302102199 0.340353786945343 0
1716302103068 0.3398582339286804 0
1716302103920 0.33936771750450134 0
1716302105057 0.33887967467308044 0
1716302112547 0.3383972942829132 0
1716302113069 0.33791905641555786 0
1716302113629 0.33744579553604126 0
1716302114237 0.3369775116443634 0
1716302114839 0.3365141451358795 0
1716302115441 0.33605390787124634 0
1716302116087 0.3355979323387146 0
1716302116805 0.3351471722126007 0
1716302117790 0.3347001373767853 0
1716302119173 0.3342567980289459 0
1716302126769 0.3338177800178528 0
1716302127319 0.3333832621574402 0
1716302127847 0.332952082157135 0
1716302128409 0.332525372505188 0
1716302129024 0.3321020305156708 0
1716302129662 0.33168259263038635 0
1716302130340 0.33126646280288696 0
1716302131075 0.33085447549819946 0
1716302131959 0.33044493198394775 0
1716302133377 0.3300401270389557 0
1716302141259 0.3296377658843994 0
1716302141788 0.32923898100852966 0
1716302142316 0.3288431167602539 0
1716302142871 0.3284503221511841 0
1716302143470 0.3280606269836426 0
1716302144084 0.32767391204833984 0
1716302144712 0.3272896409034729 0
1716302145384 0.3269081115722656 0
1716302146148 0.32652878761291504 0
1716302147016 0.32615238428115845 0
1716302156070 0.3257778584957123 0
1716302156643 0.3254052698612213 0
1716302157211 0.32503485679626465 0
1716302157793 0.32466650009155273 0
1716302158421 0.32429981231689453 0
1716302159761 0.32393503189086914 0
1716302160843 0.3235708475112915 0
1716302161772 0.32320937514305115 0
1716302163349 0.3228490948677063 0
1716302164479 0.3224906921386719 0
1716302172148 0.3221338391304016 0
1716302172686 0.3217794895172119 0
1716302173212 0.32142820954322815 0
1716302173769 0.3210795223712921 0
1716302174362 0.3207327127456665 0
1716302174960 0.3203889727592468 0
1716302175590 0.3200473487377167 0
1716302176274 0.31970834732055664 0
1716302177005 0.3193706274032593 0
1716302177848 0.31903544068336487 0
1716302185406 0.31870192289352417 0
1716302186287 0.31836989521980286 0
1716302186870 0.31804120540618896 0
1716302187847 0.31771451234817505 0
1716302188666 0.317389577627182 0
1716302189426 0.31706690788269043 0
1716302190143 0.316745787858963 0
1716302190873 0.316427081823349 0
1716302191741 0.31610915064811707 0
1716302192707 0.3157940208911896 0
1716302199925 0.3154803216457367 0
1716302200484 0.3151687681674957 0
1716302201018 0.3148581087589264 0
1716302201592 0.3145495355129242 0
1716302202214 0.31424230337142944 0
1716302202862 0.31393709778785706 0
1716302203556 0.31363344192504883 0
1716302204312 0.31333011388778687 0
1716302205212 0.313029021024704 0
1716302206356 0.3127296566963196 0
1716302213223 0.3124309778213501 0
1716302213720 0.31213441491127014 0
1716302214253 0.31183886528015137 0
1716302214822 0.3115447461605072 0
1716302215415 0.31125137209892273 0
1716302216052 0.3109598457813263 0
1716302216748 0.3106696605682373 0
1716302217833 0.31038033962249756 0
1716302219499 0.3100923001766205 0
1716302220576 0.3098057508468628 0
1716302227297 0.30951976776123047 0
1716302227864 0.3092344403266907 0
1716302228445 0.3089507520198822 0
1716302229017 0.30866876244544983 0
1716302229615 0.30838704109191895 0
1716302230223 0.3081061542034149 0
1716302230865 0.30782651901245117 0
1716302231570 0.30754774808883667 0
1716302232697 0.30726975202560425 0
1716302234508 0.30699217319488525 0
1716302241619 0.3067162334918976 0
1716302242295 0.3064408302307129 0
1716302242862 0.3061659038066864 0
1716302243426 0.30589237809181213 0
1716302243998 0.30561867356300354 0
1716302244635 0.30534613132476807 0
1716302245348 0.30507364869117737 0
1716302246167 0.30480316281318665 0
1716302247081 0.30453217029571533 0
1716302248670 0.30426210165023804 0
1716302255900 0.30399224162101746 0
1716302256442 0.3037232458591461 0
1716302256984 0.3034549355506897 0
1716302257559 0.3031868636608124 0
1716302258261 0.302919864654541 0
1716302258959 0.3026526868343353 0
1716302259918 0.30238592624664307 0
1716302262678 0.3021192252635956 0
1716302263388 0.3018532991409302 0
1716302264066 0.3015875518321991 0
1716302271626 0.3013225495815277 0
1716302272255 0.3010578751564026 0
1716302272838 0.30079329013824463 0
1716302273424 0.30052876472473145 0
1716302274058 0.3002645671367645 0
1716302274785 0.3000006675720215 0
1716302275699 0.2997366786003113 0
1716302277376 0.29947376251220703 0
1716302278549 0.29921045899391174 0
1716302279610 0.29894787073135376 0
1716302286968 0.2986854016780853 0
1716302287495 0.298423171043396 0
1716302288048 0.2981617748737335 0
1716302288630 0.29790061712265015 0
1716302289233 0.2976400852203369 0
1716302289878 0.29738032817840576 0
1716302290549 0.29712072014808655 0
1716302291323 0.29686158895492554 0
1716302292595 0.2966042160987854 0
1716302294116 0.2963497042655945 0
1716302300985 0.2960996627807617 0
1716302301539 0.29587486386299133 0
1716302302086 0.295687735080719 0
1716302302633 0.29592663049697876 0
1716302303207 0.2959173917770386 0
1716302303805 0.3015163242816925 0
1716302304417 0.2978660464286804 0
1716302305127 0.2998024523258209 0
1716302305884 0.2968559265136719 0
1716302306837 0.2977522015571594 0
1716302313941 0.29623502492904663 0
1716302314455 0.3028761148452759 0
1716302315038 0.3228777348995209 0
1716302315629 0.31346842646598816 0
1716302316245 0.3285040855407715 0
1716302316905 0.3183773458003998 0
1716302317980 0.31497159600257874 0
1716302318905 0.30716007947921753 0
1716302319775 0.3146815001964569 0
1716302320902 0.31046736240386963 0
1716302328311 0.30850982666015625 0
1716302328959 0.30470505356788635 0
1716302329519 0.30452701449394226 0
1716302330089 0.3040570914745331 0
1716302330700 0.3026144206523895 0
1716302331318 0.30191484093666077 0
1716302331967 0.30061087012290955 0
1716302332651 0.2998362183570862 0
1716302333438 0.2979411482810974 0
1716302334389 0.29806917905807495 0
1716302341123 0.2969593405723572 0
1716302341650 0.2959483563899994 0
1716302342184 0.29514437913894653 0
1716302342760 0.29444536566734314 0
1716302343369 0.29392433166503906 0
1716302343993 0.29333847761154175 0
1716302344683 0.2925151586532593 0
1716302345463 0.291938453912735 0
1716302346512 0.2914075553417206 0
1716302347818 0.2908153235912323 0
1716302354659 0.29026228189468384 0
1716302355181 0.2896609902381897 0
1716302355792 0.2892404794692993 0
1716302356371 0.28884488344192505 0
1716302357254 0.2883698046207428 0
1716302358172 0.2879921495914459 0
1716302359014 0.2875882685184479 0
1716302359827 0.2871466279029846 0
1716302360647 0.28675228357315063 0
1716302361626 0.2863968312740326 0
1716302369051 0.28602632880210876 0
1716302369812 0.2856724262237549 0
1716302371344 0.28532516956329346 0
1716302372305 0.28498390316963196 0
1716302373244 0.2846413552761078 0
1716302374116 0.2843433916568756 0
1716302375066 0.2840377688407898 0
1716302376007 0.2837070822715759 0
1716302377054 0.2834062874317169 0
1716302378287 0.28310662508010864 0
1716302388110 0.28280019760131836 0
1716302388673 0.2825239300727844 0
1716302389256 0.28220245242118835 0
1716302389818 0.28192415833473206 0
1716302390473 0.28163447976112366 0
1716302391109 0.2813543975353241 0
1716302391820 0.281081885099411 0
1716302392657 0.2808040976524353 0
1716302394084 0.28054773807525635 0
1716302395574 0.2802630364894867 0
1716302402265 0.2799831032752991 0
1716302402784 0.2797119915485382 0
1716302403323 0.2794404625892639 0
1716302403857 0.27918243408203125 0
1716302404443 0.27892082929611206 0
1716302405026 0.2786579132080078 0
1716302405657 0.2783951759338379 0
1716302406334 0.27813300490379333 0
1716302407021 0.27787503600120544 0
1716302407790 0.27761444449424744 0
1716302414674 0.2773560881614685 0
1716302415205 0.2771017551422119 0
1716302415730 0.27684712409973145 0
1716302416287 0.27659109234809875 0
1716302416863 0.2763327658176422 0
1716302417463 0.27607905864715576 0
1716302418088 0.27582401037216187 0
1716302418787 0.27557140588760376 0
1716302419627 0.27532052993774414 0
1716302420687 0.2750714421272278 0
1716302427588 0.2748362720012665 0
1716302428124 0.2746421694755554 0
1716302428689 0.2748105227947235 0
1716302429219 0.2761728763580322 0
1716302429807 0.3108753561973572 0
1716302430408 0.2942386269569397 0
1716302431049 0.3186809718608856 0
1716302431781 0.3086967170238495 0
1716302432602 0.31685125827789307 0
1716302433592 0.29728031158447266 0
1716302441459 0.3021351993083954 0
1716302442035 0.29683035612106323 0
1716302442586 0.29265108704566956 0
1716302443190 0.29217642545700073 0
1716302443772 0.2929028272628784 0
1716302444423 0.28854626417160034 0
1716302445173 0.2896186113357544 0
1716302447321 0.2971857786178589 0
1716302448407 0.3131420910358429 0
1716302449381 0.3117404580116272 0
1716302457433 0.3100551962852478 0
1716302457961 0.31279152631759644 0
1716302458547 0.30317601561546326 0
1716302459094 0.30225086212158203 0
1716302459714 0.300457239151001 0
1716302460336 0.2962179183959961 0
1716302461020 0.2928120791912079 0
1716302461794 0.29048821330070496 0
1716302462808 0.28946244716644287 0
1716302464361 0.2871702015399933 0
1716302471734 0.2863343060016632 0
1716302472266 0.2849728465080261 0
1716302472796 0.2836047112941742 0
1716302473345 0.282964289188385 0
1716302473898 0.2809242606163025 0
1716302474488 0.2801796793937683 0
1716302475119 0.27968499064445496 0
1716302475790 0.278265118598938 0
1716302476564 0.27739211916923523 0
1716302477659 0.2762783169746399 0
1716302484711 0.27556076645851135 0
1716302485224 0.27447354793548584 0
1716302485760 0.27361807227134705 0
1716302486322 0.27326977252960205 0
1716302486903 0.27238258719444275 0
1716302487503 0.2717227339744568 0
1716302488135 0.2711080014705658 0
1716302488807 0.2707071006298065 0
1716302489539 0.2701284885406494 0
1716302490414 0.26963701844215393 0
1716302497728 0.2689712345600128 0
1716302498265 0.2685399353504181 0
1716302498801 0.26806068420410156 0
1716302499372 0.26753947138786316 0
1716302499944 0.26706579327583313 0
1716302500540 0.2666861116886139 0
1716302501168 0.26623740792274475 0
1716302501857 0.26578590273857117 0
1716302502636 0.2653648555278778 0
1716302503530 0.2650303244590759 0
1716302511128 0.26461225748062134 0
1716302511692 0.2642209529876709 0
1716302512291 0.26382723450660706 0
1716302512990 0.2634568512439728 0
1716302513760 0.2630935609340668 0
1716302514843 0.26271963119506836 0
1716302515727 0.2623717784881592 0
1716302516670 0.2620162069797516 0
1716302518017 0.2616715431213379 0
1716302519064 0.2613242268562317 0
1716302526069 0.26098665595054626 0
1716302526591 0.2606678009033203 0
1716302527159 0.26034310460090637 0
1716302527726 0.2600347697734833 0
1716302528302 0.2597132623195648 0
1716302528898 0.2593953609466553 0
1716302529539 0.2590923011302948 0
1716302530468 0.2587771713733673 0
1716302531883 0.25848469138145447 0
1716302532696 0.25817811489105225 0
1716302539856 0.25787773728370667 0
1716302540522 0.2575777471065521 0
1716302541414 0.25728410482406616 0
1716302542313 0.25698840618133545 0
1716302543783 0.25670215487480164 0
1716302544560 0.2564132809638977 0
1716302545259 0.2561313807964325 0
1716302545981 0.2558438181877136 0
1716302546750 0.25556060671806335 0
1716302547848 0.2552783787250519 0
1716302555584 0.25500044226646423 0
1716302556093 0.254720538854599 0
1716302556648 0.2544401288032532 0
1716302557207 0.254163920879364 0
1716302557794 0.2538891136646271 0
1716302558437 0.253612220287323 0
1716302559203 0.25333672761917114 0
1716302560470 0.2530648112297058 0
1716302561419 0.2527909278869629 0
1716302562493 0.2525169849395752 0
1716302570011 0.2522440552711487 0
1716302570562 0.2519722580909729 0
1716302571083 0.2517024874687195 0
1716302571650 0.2514313757419586 0
1716302572235 0.2511613667011261 0
1716302572834 0.2508928179740906 0
1716302573498 0.25062447786331177 0
1716302575022 0.25035643577575684 0
1716302576038 0.25008952617645264 0
1716302576840 0.24982291460037231 0
1716302584170 0.24955801665782928 0
1716302584799 0.2492937445640564 0
1716302585426 0.24903061985969543 0
1716302586001 0.24876825511455536 0
1716302586595 0.24850694835186005 0
1716302587213 0.24824635684490204 0
1716302587910 0.2479875385761261 0
1716302588682 0.24772904813289642 0
1716302589823 0.247471883893013 0
1716302591743 0.2472166121006012 0
1716302598648 0.24696269631385803 0
1716302599205 0.24670898914337158 0
1716302599749 0.24645784497261047 0
1716302600296 0.2462068498134613 0
1716302600874 0.2459573596715927 0
1716302601530 0.24570873379707336 0
1716302602217 0.24546153843402863 0
1716302602982 0.24521607160568237 0
1716302603881 0.24497133493423462 0
1716302605236 0.24472825229167938 0
1716302613819 0.2444865107536316 0
1716302614499 0.24424532055854797 0
1716302615184 0.2440052032470703 0
1716302616123 0.2437674105167389 0
1716302617184 0.2435300052165985 0
1716302618246 0.24329397082328796 0
1716302619128 0.24305850267410278 0
1716302620530 0.24282535910606384 0
1716302621596 0.24259315431118011 0
1716302622729 0.24236176908016205 0
1716302630203 0.24213235080242157 0
1716302630739 0.24190539121627808 0
1716302631280 0.24168117344379425 0
1716302631891 0.24146562814712524 0
1716302632482 0.24125662446022034 0
1716302633111 0.24110047519207 0
1716302633855 0.24095264077186584 0
1716302635058 0.24143312871456146 0
1716302636482 0.24423204362392426 0
1716302637418 0.3029027581214905 0
1716302644480 0.3317101299762726 0
1716302645035 0.3094733655452728 0
1716302645567 0.3537983298301697 0
1716302646132 0.33435875177383423 0
1716302646730 0.3131854236125946 0
1716302647325 0.3389332890510559 0
1716302647963 0.34504440426826477 0
1716302648795 0.3837680518627167 0
1716302650024 0.3734288811683655 0
1716302651392 0.37382134795188904 0
1716302662400 0.3731730878353119 0
1716302663041 0.35832852125167847 0
1716302663613 0.34136003255844116 0
1716302664232 0.3356696665287018 0
1716302664921 0.3198910057544708 0
1716302666444 0.3172586262226105 0
1716302667327 0.31368380784988403 0
1716302668338 0.30129560828208923 0
1716302669336 0.29793378710746765 0
1716302670337 0.2925257980823517 0
1716302678339 0.2880589962005615 0
1716302678873 0.28660938143730164 0
1716302679410 0.2829301059246063 0
1716302679975 0.27995631098747253 0
1716302680596 0.27522873878479004 0
1716302681206 0.27364581823349 0
1716302681914 0.27035459876060486 0
1716302682658 0.26934608817100525 0
1716302683497 0.2668105959892273 0
1716302684667 0.2659758925437927 0
1716302692359 0.263747900724411 0
1716302692886 0.26251885294914246 0
1716302693477 0.2602199912071228 0
1716302694090 0.25812044739723206 0
1716302694806 0.25567004084587097 0
1716302695897 0.25447869300842285 0
1716302696920 0.2528252601623535 0
1716302697811 0.25175631046295166 0
1716302700874 0.25068768858909607 0
1716302702200 0.2498062402009964 0
1716302709496 0.24874474108219147 0
1716302710195 0.24766860902309418 0
1716302710835 0.2466137558221817 0
1716302711527 0.24592740833759308 0
1716302712342 0.24516931176185608 0
1716302713212 0.24427099525928497 0
1716302714334 0.24356545507907867 0
1716302716453 0.24287085235118866 0
1716302717348 0.24223443865776062 0
1716302718161 0.241465225815773 0
1716302725934 0.2407492697238922 0
1716302726617 0.2402418702840805 0
1716302727222 0.23985369503498077 0
1716302727982 0.23937620222568512 0
1716302729773 0.23886287212371826 0
1716302730557 0.23835515975952148 0
1716302732193 0.23787792026996613 0
1716302733152 0.23737893998622894 0
1716302734238 0.23691000044345856 0
1716302735462 0.236493319272995 0
1716302743992 0.2361062914133072 0
1716302744551 0.2357501983642578 0
1716302745073 0.23536507785320282 0
1716302745644 0.23498523235321045 0
1716302746235 0.2346237599849701 0
1716302746820 0.2342505007982254 0
1716302747527 0.23388469219207764 0
1716302748562 0.2335503101348877 0
1716302750023 0.2332247793674469 0
1716302751196 0.2329084575176239 0
1716302758704 0.23257818818092346 0
1716302759246 0.2322806566953659 0
1716302759793 0.23199450969696045 0
1716302760399 0.23171445727348328 0
1716302760987 0.23143012821674347 0
1716302761612 0.23116058111190796 0
1716302762384 0.23090291023254395 0
1716302764722 0.23064005374908447 0
1716302765717 0.2303740531206131 0
1716302766625 0.2301192283630371 0
1716302774012 0.22987347841262817 0
1716302774538 0.22963126003742218 0
1716302775076 0.22939123213291168 0
1716302775649 0.22915375232696533 0
1716302776298 0.22892136871814728 0
1716302776921 0.22868894040584564 0
1716302777541 0.2284625768661499 0
1716302778231 0.22823768854141235 0
1716302779025 0.22801537811756134 0
1716302780156 0.2277936190366745 0
1716302787368 0.2275727391242981 0
1716302787915 0.22735227644443512 0
1716302788450 0.22713066637516022 0
1716302789013 0.22691287100315094 0
1716302789587 0.22669893503189087 0
1716302790214 0.2264866828918457 0
1716302790874 0.22627581655979156 0
1716302791569 0.22606465220451355 0
1716302792376 0.22585749626159668 0
1716302793451 0.22565022110939026 0
1716302800137 0.22544629871845245 0
1716302800678 0.2252434641122818 0
1716302801213 0.22504277527332306 0
1716302801765 0.2248421460390091 0
1716302802338 0.22464486956596375 0
1716302802929 0.22444751858711243 0
1716302803576 0.22425082325935364 0
1716302804242 0.2240549921989441 0
1716302804969 0.22386117279529572 0
1716302805766 0.22366803884506226 0
1716302812269 0.2234761118888855 0
1716302812796 0.2232840657234192 0
1716302813334 0.2230934202671051 0
1716302813894 0.2229035347700119 0
1716302814464 0.22271418571472168 0
1716302815061 0.22252628207206726 0
1716302815692 0.22233784198760986 0
1716302816408 0.22215083241462708 0
1716302817226 0.22196471691131592 0
1716302818288 0.2217777967453003 0
1716302825040 0.2215920388698578 0
1716302825611 0.22140689194202423 0
1716302826150 0.22122232615947723 0
1716302826705 0.22103780508041382 0
1716302827297 0.22085396945476532 0
1716302827917 0.22067072987556458 0
1716302828757 0.22048771381378174 0
1716302831260 0.22030536830425262 0
1716302832404 0.22012262046337128 0
1716302833297 0.21994052827358246 0
1716302841520 0.21975937485694885 0
1716302842120 0.21957845985889435 0
1716302842686 0.21939717233181 0
1716302843240 0.21921664476394653 0
1716302843833 0.21903610229492188 0
1716302844441 0.21885649859905243 0
1716302845113 0.21867738664150238 0
1716302845864 0.21849769353866577 0
1716302846761 0.2183188498020172 0
1716302848396 0.2181406170129776 0
1716302855616 0.21796147525310516 0
1716302856181 0.21778467297554016 0
1716302856724 0.2176065742969513 0
1716302857265 0.21742935478687286 0
1716302857839 0.2172519415616989 0
1716302858431 0.21707552671432495 0
1716302859059 0.2168988585472107 0
1716302859791 0.2167232781648636 0
1716302860639 0.2165476232767105 0
1716302861735 0.2163715809583664 0
1716302870017 0.2161971628665924 0
1716302870571 0.21602214872837067 0
1716302871097 0.21584822237491608 0
1716302871672 0.2156735211610794 0
1716302872262 0.21549983322620392 0
1716302872921 0.21532638370990753 0
1716302873620 0.21515285968780518 0
1716302874395 0.214979887008667 0
1716302875387 0.21480776369571686 0
1716302876842 0.21463510394096375 0
1716302884615 0.21446295082569122 0
1716302885190 0.21429136395454407 0
1716302885736 0.21411944925785065 0
1716302886343 0.21394877135753632 0
1716302886926 0.21377815306186676 0
1716302887538 0.2136080116033554 0
1716302888218 0.21343711018562317 0
1716302888935 0.21326707303524017 0
1716302889843 0.2130972295999527 0
1716302891613 0.2129279226064682 0
1716302898904 0.21275803446769714 0
1716302899457 0.2125893086194992 0
1716302900046 0.21242056787014008 0
1716302900670 0.2122524529695511 0
1716302901251 0.2120838165283203 0
1716302901868 0.2119159698486328 0
1716302902594 0.21174804866313934 0
1716302903397 0.21158044040203094 0
1716302904402 0.21141330897808075 0
1716302906163 0.21124626696109772 0
1716302912637 0.2110791653394699 0
1716302913168 0.21091200411319733 0
1716302913698 0.2107456922531128 0
1716302914242 0.2105799913406372 0
1716302914812 0.21041324734687805 0
1716302915458 0.21024735271930695 0
1716302916111 0.21008144319057465 0
1716302916810 0.20991618931293488 0
1716302917597 0.2097509652376175 0
1716302918560 0.20958535373210907 0
1716302925212 0.20942045748233795 0
1716302925761 0.20925544202327728 0
1716302926279 0.20909066498279572 0
1716302926822 0.20892645418643951 0
1716302927386 0.2087615579366684 0
1716302927972 0.20859815180301666 0
1716302928619 0.20843398571014404 0
1716302929298 0.208269864320755 0
1716302930055 0.20810632407665253 0
1716302930939 0.2079422026872635 0
1716302938390 0.20777933299541473 0
1716302938906 0.2076164186000824 0
1716302939516 0.2074531614780426 0
1716302940254 0.20728980004787445 0
1716302941801 0.20712800323963165 0
1716302942794 0.20696501433849335 0
1716302943679 0.20680232346057892 0
1716302945448 0.2066401243209839 0
1716302946610 0.20647789537906647 0
1716302948699 0.20631545782089233 0
1716302957353 0.2061537802219391 0
1716302958032 0.20599177479743958 0
1716302958638 0.20582923293113708 0
1716302959313 0.20566855370998383 0
1716302960058 0.20550689101219177 0
1716302961093 0.20534586906433105 0
1716302962289 0.20518462359905243 0
1716302963553 0.2050236612558365 0
1716302964576 0.20486196875572205 0
1716302965581 0.20470121502876282 0
1716302973443 0.20454083383083344 0
1716302974009 0.204379141330719 0
1716302974566 0.20421934127807617 0
1716302975131 0.2040587067604065 0
1716302975723 0.20389799773693085 0
1716302976370 0.20373773574829102 0
1716302977217 0.2035771757364273 0
1716302978142 0.20341721177101135 0
1716302979095 0.20325703918933868 0
1716302980186 0.20309652388095856 0
1716302987724 0.20293670892715454 0
1716302988264 0.20277710258960724 0
1716302988799 0.20261679589748383 0
1716302989372 0.20245738327503204 0
1716302989972 0.2022973746061325 0
1716302990666 0.2021382451057434 0
1716302991535 0.20197780430316925 0
1716302992649 0.20181843638420105 0
1716302993853 0.20165877044200897 0
1716302995013 0.201498880982399 0
1716303002278 0.2013404369354248 0
1716303002826 0.20118051767349243 0
1716303003391 0.20102167129516602 0
1716303003965 0.20086213946342468 0
1716303004578 0.200703427195549 0
1716303005172 0.20054443180561066 0
1716303006639 0.20038586854934692 0
1716303007495 0.2002284824848175 0
1716303008268 0.20007526874542236 0
1716303009276 0.19994810223579407 0
1716303022560 0.19988125562667847 0
1716303023111 0.20131687819957733 0
1716303023669 0.39542701840400696 0
1716303024214 0.2899760901927948 0
1716303024804 0.2718361020088196 0
1716303025392 0.353803426027298 0
1716303026009 0.5189048051834106 0
1716303026692 0.6139053702354431 0
1716303027474 0.6803887486457825 0
1716303028383 1.5749026536941528 0
1716303035755 0.8977696895599365 0
1716303036332 1.0767709016799927 0
1716303036859 0.8741613030433655 0
1716303037434 0.9318011403083801 0
1716303038066 0.8246919512748718 0
1716303038711 0.7869672179222107 0
1716303039393 0.7515422105789185 0
1716303040146 0.7136030197143555 0
1716303041232 0.6553956866264343 0
1716303042926 0.614027738571167 0
1716303050090 0.5992171168327332 0
1716303050650 0.5590720772743225 0
1716303051203 0.5321924686431885 0
1716303051764 0.5180655717849731 0
1716303052363 0.4945947229862213 0
1716303053011 0.47786399722099304 0
1716303053660 0.4644356667995453 0
1716303054365 0.43456026911735535 0
1716303055217 0.41369742155075073 0
1716303056633 0.40178751945495605 0
1716303064086 0.3914889991283417 0
1716303064643 0.3807940185070038 0
1716303065198 0.3704555034637451 0
1716303065758 0.3598780035972595 0
1716303066355 0.3515220284461975 0
1716303067005 0.3445877730846405 0
1716303067917 0.33711928129196167 0
1716303068858 0.33013978600502014 0
1716303069820 0.32472309470176697 0
1716303071072 0.31841081380844116 0
1716303078894 0.31161046028137207 0
1716303079426 0.30566033720970154 0
1716303079968 0.30016064643859863 0
1716303080547 0.295836865901947 0
1716303081163 0.29180121421813965 0
1716303081793 0.28757360577583313 0
1716303082500 0.2838934063911438 0
1716303084436 0.2808161675930023 0
1716303085746 0.27763697504997253 0
1716303086849 0.27424198389053345 0
1716303095138 0.27109774947166443 0
1716303095709 0.2682076096534729 0
1716303096339 0.2655116617679596 0
1716303097071 0.26299816370010376 0
1716303098162 0.2604065537452698 0
1716303099477 0.2578149437904358 0
1716303102067 0.25547167658805847 0
1716303103073 0.2532595694065094 0
1716303103988 0.251041054725647 0
1716303105060 0.24906021356582642 0
1716303112755 0.24735881388187408 0
1716303113288 0.24565693736076355 0
1716303113819 0.24396012723445892 0
1716303114363 0.24231769144535065 0
1716303114913 0.24069856107234955 0
1716303115539 0.23917756974697113 0
1716303116230 0.23774045705795288 0
1716303116977 0.23628506064414978 0
1716303117993 0.23486727476119995 0
1716303119962 0.23350928723812103 0
1716303126371 0.23224860429763794 0
1716303126888 0.23095551133155823 0
1716303127429 0.2299286276102066 0
1716303127985 0.22883127629756927 0
1716303128580 0.22769519686698914 0
1716303129210 0.22664624452590942 0
1716303129921 0.22563518583774567 0
1716303130669 0.22471007704734802 0
1716303132214 0.22381724417209625 0
1716303133627 0.22296053171157837 0
1716303140625 0.22212086617946625 0
1716303141175 0.22129283845424652 0
1716303141728 0.22053839266300201 0
1716303142298 0.219781294465065 0
1716303142953 0.2190442681312561 0
1716303143993 0.2183363139629364 0
1716303144809 0.2176453024148941 0
1716303145591 0.21698179841041565 0
1716303146477 0.21632793545722961 0
1716303147684 0.2157067060470581 0
1716303154506 0.2150946706533432 0
1716303155036 0.21451756358146667 0
1716303155567 0.21394868195056915 0
1716303156120 0.21339385211467743 0
1716303156704 0.21285422146320343 0
1716303157324 0.21232697367668152 0
1716303157997 0.21182090044021606 0
1716303158722 0.21132443845272064 0
1716303159521 0.21083588898181915 0
1716303160571 0.21035394072532654 0
1716303167865 0.2098931521177292 0
1716303168510 0.20943592488765717 0
1716303169069 0.20899030566215515 0
1716303169649 0.2085554301738739 0
1716303170247 0.20813293755054474 0
1716303170870 0.20771536231040955 0
1716303171516 0.2073066085577011 0
1716303172208 0.20690415799617767 0
1716303173030 0.20651209354400635 0
1716303174331 0.20613080263137817 0
1716303181510 0.20575492084026337 0
1716303182080 0.2053847759962082 0
1716303182644 0.20502115786075592 0
1716303183248 0.2046685814857483 0
1716303183846 0.2043193131685257 0
1716303184462 0.20397651195526123 0
1716303185141 0.20364099740982056 0
1716303185908 0.20331227779388428 0
1716303186947 0.2029884308576584 0
1716303188938 0.20266926288604736 0
1716303195490 0.20235753059387207 0
1716303196016 0.2020508497953415 0
1716303196594 0.20174968242645264 0
1716303197151 0.20145326852798462 0
1716303197795 0.20116128027439117 0
1716303198450 0.20087482035160065 0
1716303199126 0.2005930244922638 0
1716303201852 0.2003149837255478 0
1716303203044 0.2000417858362198 0
1716303204095 0.1997731328010559 0
1716303212779 0.19950810074806213 0
1716303213404 0.19924728572368622 0
1716303214024 0.19898942112922668 0
1716303214735 0.19873693585395813 0
1716303215377 0.19848677515983582 0
1716303216038 0.19824044406414032 0
1716303217066 0.19799737632274628 0
1716303218219 0.19775794446468353 0
1716303219679 0.19752100110054016 0
1716303221071 0.19728821516036987 0
1716303228858 0.197057843208313 0
1716303229398 0.19683030247688293 0
1716303230001 0.19660523533821106 0
1716303230604 0.1963834911584854 0
1716303231225 0.19616460800170898 0
1716303231850 0.1959482580423355 0
1716303233384 0.1957341432571411 0
1716303234395 0.19552239775657654 0
1716303235844 0.1953132152557373 0
1716303236953 0.19510643184185028 0
1716303244413 0.19490258395671844 0
1716303245057 0.19469963014125824 0
1716303245668 0.19449934363365173 0
1716303246331 0.19430133700370789 0
1716303247062 0.19410517811775208 0
1716303247945 0.19391125440597534 0
1716303249577 0.19371885061264038 0
1716303250675 0.19352878630161285 0
1716303251584 0.19334034621715546 0
1716303252562 0.1931539922952652 0
1716303260589 0.19296802580356598 0
1716303261129 0.1927853524684906 0
1716303261697 0.19260388612747192 0
1716303262295 0.19242370128631592 0
1716303262886 0.1922450065612793 0
1716303263686 0.1920684427022934 0
1716303265601 0.19189228117465973 0
1716303266626 0.19171835482120514 0
1716303267779 0.19154605269432068 0
1716303268695 0.1913745254278183 0
1716303276475 0.19120509922504425 0
1716303277014 0.19103604555130005 0
1716303277593 0.19086940586566925 0
1716303278196 0.19070331752300262 0
1716303278829 0.19053827226161957 0
1716303279521 0.19037511944770813 0
1716303280681 0.19021227955818176 0
1716303281688 0.19005140662193298 0
1716303282697 0.18989141285419464 0
1716303283770 0.18973302841186523 0
1716303291174 0.18957474827766418 0
1716303291707 0.1894184947013855 0
1716303292247 0.18926437199115753 0
1716303292801 0.18911166489124298 0
1716303293382 0.18896865844726562 0
1716303293968 0.1888304054737091 0
1716303294590 0.18877673149108887 0
1716303295267 0.18867284059524536 0
1716303296000 0.19002902507781982 0
1716303296907 0.3328453600406647 0
1716303304171 0.32477647066116333 0
1716303304727 0.3109266459941864 0
1716303305268 0.35299190878868103 0
1716303305827 0.340727835893631 0
1716303306416 0.3302280306816101 0
1716303307018 0.3189529478549957 0
1716303307679 0.3001151978969574 0
1716303308380 0.29753461480140686 0
1716303309137 0.28736627101898193 0
1716303310129 0.27269333600997925 0
1716303317724 0.2741645276546478 0
1716303318302 0.2628379166126251 0
1716303318880 0.25670549273490906 0
1716303319439 0.24827246367931366 0
1716303320044 0.24803081154823303 0
1716303320677 0.24182753264904022 0
1716303321305 0.2388109266757965 0
1716303322024 0.23653730750083923 0
1716303322860 0.23016442358493805 0
1716303324192 0.22872240841388702 0
1716303330836 0.22743771970272064 0
1716303331377 0.22307968139648438 0
1716303331906 0.2213447540998459 0
1716303332468 0.2195681780576706 0
1716303333067 0.21694782376289368 0
1716303333680 0.2138042449951172 0
1716303334321 0.21162715554237366 0
1716303335016 0.2102101892232895 0
1716303335817 0.2080993950366974 0
1716303337094 0.20674340426921844 0
1716303344562 0.20594379305839539 0
1716303345214 0.20448711514472961 0
1716303345776 0.20299018919467926 0
1716303346359 0.2020731270313263 0
1716303346931 0.20111030340194702 0
1716303347519 0.19998563826084137 0
1716303348130 0.19910134375095367 0
1716303348815 0.19817382097244263 0
1716303349553 0.19731633365154266 0
1716303350507 0.19664329290390015 0
1716303357926 0.1959037333726883 0
1716303358468 0.1951925903558731 0
1716303359031 0.1946454644203186 0
1716303359647 0.19403648376464844 0
1716303360235 0.19334250688552856 0
1716303360848 0.19280801713466644 0
1716303361521 0.1923200488090515 0
1716303362524 0.19177795946598053 0
1716303363702 0.1913493424654007 0
1716303364574 0.1909615397453308 0
1716303371457 0.19051267206668854 0
1716303371989 0.190105140209198 0
1716303372519 0.18973298370838165 0
1716303373068 0.18933403491973877 0
1716303373645 0.18897056579589844 0
1716303374249 0.18863581120967865 0
1716303374903 0.1883048564195633 0
1716303375617 0.18800441920757294 0
1716303376380 0.1877143681049347 0
1716303377299 0.1874125897884369 0
1716303385775 0.18712234497070312 0
1716303386339 0.186849907040596 0
1716303386942 0.1865851730108261 0
1716303387707 0.18631157279014587 0
1716303388565 0.1860453188419342 0
1716303389535 0.18580062687397003 0
1716303390698 0.18555797636508942 0
1716303391765 0.18531697988510132 0
1716303392991 0.18509159982204437 0
1716303394001 0.18486252427101135 0
1716303401414 0.1846313178539276 0
1716303401946 0.1844194233417511 0
1716303402518 0.18421080708503723 0
1716303403123 0.18399494886398315 0
1716303403708 0.18379054963588715 0
1716303404528 0.18359650671482086 0
1716303405593 0.1834041178226471 0
1716303406410 0.1832151710987091 0
1716303407220 0.1830255538225174 0
1716303408151 0.182840496301651 0
1716303415300 0.1826631873846054 0
1716303415860 0.18248888850212097 0
1716303416413 0.18231427669525146 0
1716303416964 0.1821427345275879 0
1716303417567 0.1819755584001541 0
1716303418173 0.1818108707666397 0
1716303418845 0.18164904415607452 0
1716303419530 0.1814899742603302 0
1716303420351 0.1813335120677948 0
1716303421612 0.1811782717704773 0
1716303428373 0.18102529644966125 0
1716303428891 0.1808750182390213 0
1716303429420 0.18072552978992462 0
1716303429967 0.18057791888713837 0
1716303430535 0.1804322600364685 0
1716303431125 0.18028804659843445 0
1716303431781 0.1801462322473526 0
1716303432454 0.18000513315200806 0
1716303433177 0.17986465990543365 0
1716303434006 0.1797262728214264 0
1716303441442 0.1795893758535385 0
1716303441977 0.17945325374603271 0
1716303442521 0.17931827902793884 0
1716303443097 0.17918436229228973 0
1716303443703 0.17905201017856598 0
1716303444288 0.17892122268676758 0
1716303444997 0.17879042029380798 0
1716303446302 0.1786620169878006 0
1716303447258 0.17853297293186188 0
1716303448307 0.17840583622455597 0
