1716301342025 1.3086137771606445 0
1716301343034 0.9973173141479492 0
1716301343754 0.6937599182128906 0
1716301344302 0.5410909652709961 0
1716301344828 0.5182571411132812 0
1716301345383 0.5383563041687012 0
1716301345972 0.5798721313476562 0
1716301346535 0.5515618324279785 0
1716301347095 0.5504729747772217 0
1716301347646 0.5417919158935547 0
1716301357239 2.8155758380889893 0
1716301358081 0.8046190738677979 0
1716301358786 0.6890878677368164 0
1716301359477 0.6662509441375732 0
1716301360483 0.9738080501556396 0
1716301361310 0.8069100379943848 0
1716301362183 0.8573758602142334 0
1716301363125 0.8909778594970703 0
1716301364032 0.8819358348846436 0
1716301365045 0.985745906829834 0
1716301373405 1.708658218383789 0
1716301373990 0.5793747901916504 0
1716301374583 0.5754601955413818 0
1716301375189 0.5813398361206055 0
1716301375802 0.5945248603820801 0
1716301376407 0.5968508720397949 0
1716301377384 0.9482748508453369 0
1716301378218 0.8013560771942139 0
1716301379136 0.8913772106170654 0
1716301380280 1.0955238342285156 0
1716301387952 1.5297868251800537 0
1716301388480 0.5214707851409912 0
1716301389001 0.5094571113586426 0
1716301389575 0.5621838569641113 0
1716301390164 0.5707168579101562 0
1716301390758 0.5822558403015137 0
1716301391447 0.6748998165130615 0
1716301392339 0.8827230930328369 0
1716301393555 1.18607497215271 0
1716301394622 1.030890941619873 0
1716301401990 1.7459759712219238 0
1716301402551 0.5563971996307373 0
1716301403081 0.5189619064331055 0
1716301403670 0.5759458541870117 0
1716301404266 0.5765030384063721 0
1716301404869 0.5845189094543457 0
1716301405510 0.630969762802124 0
1716301406244 0.711158037185669 0
1716301407067 0.8127710819244385 0
1716301409306 2.203339099884033 0
1716301416029 1.4587032794952393 0
1716301416557 0.5193190574645996 0
1716301417086 0.5104601383209229 0
1716301417628 0.5303699970245361 0
1716301418198 0.5578641891479492 0
1716301418792 0.5824470520019531 0
1716301419431 0.6283881664276123 0
1716301420154 0.6957309246063232 0
1716301421057 0.8908185958862305 0
1716301422786 1.7084181308746338 0
1716301428921 1.1086530685424805 0
1716301429446 0.5192677974700928 0
1716301429969 0.5089530944824219 0
1716301430524 0.5443830490112305 0
1716301431101 0.5618860721588135 0
1716301431743 0.6214721202850342 0
1716301432396 0.6342318058013916 0
1716301433104 0.6900420188903809 0
1716301433961 0.8449652194976807 0
1716301435569 1.5964229106903076 0
1716301442487 1.4620280265808105 0
1716301443035 0.5397422313690186 0
1716301443581 0.535315990447998 0
1716301444121 0.5311522483825684 0
1716301444677 0.5509748458862305 0
1716301445317 0.6181991100311279 0
1716301446058 0.7264368534088135 0
1716301447224 1.130350112915039 0
1716301448227 0.9188258647918701 0
1716301449281 1.0413432121276855 0
1716301455650 1.420163869857788 0
1716301456171 0.5130150318145752 0
1716301456710 0.5260012149810791 0
1716301457259 0.5353729724884033 0
1716301457825 0.5529589653015137 0
1716301458429 0.5881209373474121 0
1716301459071 0.6298549175262451 0
1716301459787 0.7032163143157959 0
1716301460564 0.7634150981903076 0
1716301461518 0.9427571296691895 0
1716301467982 1.3222332000732422 0
1716301468519 0.5201780796051025 0
1716301469047 0.5154938697814941 0
1716301469591 0.5318038463592529 0
1716301470196 0.5929009914398193 0
1716301470791 0.5814158916473389 0
1716301471425 0.617913007736206 0
1716301472134 0.6873869895935059 0
1716301472911 0.747366189956665 0
1716301473807 0.8830630779266357 0
1716301481693 1.8053290843963623 0
1716301482207 0.5061159133911133 0
1716301482876 0.6547420024871826 0
1716301483547 0.6638638973236084 0
1716301484419 0.8573830127716064 0
1716301485435 0.9721558094024658 0
1716301486302 0.8362259864807129 0
1716301487270 0.9529399871826172 0
1716301488567 1.2797157764434814 0
1716301489697 1.1022121906280518 0
1716301496842 1.5278639793395996 0
1716301497370 0.5241889953613281 0
1716301497903 0.5135989189147949 0
1716301498460 0.5375721454620361 0
1716301499064 0.5967137813568115 0
1716301499745 0.6750531196594238 0
1716301501434 1.2510151863098145 0
1716301502116 0.6619157791137695 0
1716301502861 0.7242088317871094 0
1716301503757 0.8827900886535645 0
1716301511622 1.468264102935791 0
1716301512170 0.532073974609375 0
1716301512780 0.5963871479034424 0
1716301513360 0.5720760822296143 0
1716301513971 0.5974948406219482 0
1716301514575 0.5907382965087891 0
1716301515240 0.6509280204772949 0
1716301515942 0.6919548511505127 0
1716301517210 1.24721097946167 0
1716301518689 1.4350190162658691 0
1716301528126 1.9468176364898682 0
1716301528694 0.5621037483215332 0
1716301529311 0.5765409469604492 0
1716301529927 0.6073436737060547 0
1716301530693 0.7569870948791504 0
1716301531788 1.0766940116882324 0
1716301532571 0.7620611190795898 0
1716301533475 0.8931760787963867 0
1716301534729 1.2290070056915283 0
1716301535720 0.9728138446807861 0
1716301547320 1.8746271133422852 0
1716301547965 0.6415817737579346 0
1716301548649 0.6220738887786865 0
1716301549387 0.7286860942840576 0
1716301551348 1.9132428169250488 0
1716301552233 0.8455278873443604 0
1716301553042 0.7951972484588623 0
1716301554264 1.1993467807769775 0
1716301555150 0.8189129829406738 0
1716301555990 0.827887773513794 0
1716301565007 1.6282100677490234 0
1716301565600 0.5886201858520508 0
1716301566184 0.5626108646392822 0
1716301566925 0.7355408668518066 0
1716301567737 0.8004570007324219 0
1716301568463 0.7123711109161377 0
1716301569186 0.6979682445526123 0
1716301570037 0.8281538486480713 0
1716301570993 0.9319627285003662 0
1716301572455 1.4471869468688965 0
1716301579360 1.566277027130127 0
1716301579971 0.5983681678771973 0
1716301580548 0.5656781196594238 0
1716301581104 0.5333390235900879 0
1716301581725 0.6092977523803711 0
1716301582389 0.6469929218292236 0
1716301583063 0.6625180244445801 0
1716301583802 0.7192938327789307 0
1716301584667 0.8481299877166748 0
1716301585950 1.2685909271240234 0
1716301593459 1.5089268684387207 0
1716301593975 0.5112631320953369 0
1716301594507 0.5051300525665283 0
1716301595075 0.5580539703369141 0
1716301595670 0.5834507942199707 0
1716301596312 0.6313321590423584 0
1716301596986 0.6632778644561768 0
1716301597669 0.6751837730407715 0
1716301598495 0.8115572929382324 0
1716301599617 1.1097631454467773 0
1716301606387 1.2502059936523438 0
1716301606900 0.5056209564208984 0
1716301607427 0.508220911026001 0
1716301607971 0.5346889495849609 0
1716301608531 0.548529863357544 0
1716301609097 0.5562360286712646 0
1716301609714 0.6082720756530762 0
1716301610413 0.6869738101959229 0
1716301611242 0.8129227161407471 0
1716301612644 1.3839099407196045 0
1716301619560 1.2669291496276855 0
1716301620078 0.5114240646362305 0
1716301620632 0.5399758815765381 0
1716301621246 0.6059508323669434 0
1716301621854 0.5959420204162598 0
1716301622704 0.8229632377624512 0
1716301624275 1.5266129970550537 0
1716301625247 0.9500827789306641 0
1716301626385 1.109771966934204 0
1716301627514 1.1001851558685303 0
1716301636089 1.733644962310791 0
1716301636609 0.5156362056732178 0
1716301637149 0.531095027923584 0
1716301637729 0.567173957824707 0
1716301638311 0.5726699829101562 0
1716301638928 0.6062357425689697 0
1716301639732 0.7939188480377197 0
1716301641303 1.5402820110321045 0
1716301642266 0.9493939876556396 0
1716301643616 1.2474660873413086 0
1716301650914 1.6620070934295654 0
1716301651474 0.5538952350616455 0
1716301652031 0.533499002456665 0
1716301652635 0.5922267436981201 0
1716301653231 0.5736820697784424 0
1716301653835 0.5925328731536865 0
1716301654536 0.6837239265441895 0
1716301655346 0.7874207496643066 0
1716301656262 0.8598699569702148 0
1716301657378 1.1003270149230957 0
1716301664757 1.6226928234100342 0
1716301665273 0.5124788284301758 0
1716301665814 0.5164210796356201 0
1716301666385 0.5511050224304199 0
1716301666974 0.5756101608276367 0
1716301667616 0.63077712059021 0
1716301668280 0.6557769775390625 0
1716301669007 0.7149360179901123 0
1716301670084 1.0546720027923584 0
1716301671542 1.422956943511963 0
1716301678714 1.4489250183105469 0
1716301679228 0.5090081691741943 0
1716301679814 0.5668017864227295 0
1716301680431 0.6038110256195068 0
1716301681031 0.5909731388092041 0
1716301681693 0.6428401470184326 0
1716301682481 0.7706999778747559 0
1716301683647 1.1079049110412598 0
1716301684938 1.2643120288848877 0
1716301686396 1.414060115814209 0
1716301693804 1.549649953842163 0
1716301694398 0.588738203048706 0
1716301695084 0.6638517379760742 0
1716301696740 1.6303679943084717 0
1716301699096 2.327179193496704 0
1716301701175 2.046257972717285 0
1716301701716 0.5305993556976318 0
1716301702313 0.5886809825897217 0
1716301703005 0.6839089393615723 0
1716301703775 0.7511310577392578 0
1716301712474 2.092813014984131 0
1716301713091 0.6127381324768066 0
1716301713732 0.6255049705505371 0
1716301714296 0.5500712394714355 0
1716301715176 0.8557188510894775 0
1716301715972 0.7748100757598877 0
1716301716812 0.8112890720367432 0
1716301717697 0.8419718742370605 0
1716301718619 0.9061939716339111 0
1716301719715 1.0825719833374023 0
1716301728841 1.687007188796997 0
1716301729382 0.5341229438781738 0
1716301729948 0.5559501647949219 0
1716301730511 0.5508840084075928 0
1716301731079 0.5582470893859863 0
1716301731673 0.5840342044830322 0
1716301732310 0.6218771934509277 0
1716301733042 0.7112131118774414 0
1716301733855 0.7972781658172607 0
1716301734876 1.004796028137207 0
1716301742115 1.5073421001434326 0
1716301742662 0.5422890186309814 0
1716301743199 0.5176858901977539 0
1716301743749 0.5381228923797607 0
1716301744310 0.5511050224304199 0
1716301744911 0.5862240791320801 0
1716301745552 0.627251148223877 0
1716301746227 0.6624569892883301 0
1716301746987 0.749643087387085 0
1716301747858 0.8593249320983887 0
1716301754439 1.3540968894958496 0
1716301754969 0.5236530303955078 0
1716301755548 0.5573499202728271 0
1716301756101 0.5416319370269775 0
1716301756723 0.6086249351501465 0
1716301757342 0.607471227645874 0
1716301758010 0.6471848487854004 0
1716301758722 0.7017881870269775 0
1716301759523 0.790424108505249 0
1716301760632 1.0972740650177002 0
1716301767344 1.4467568397521973 0
1716301767868 0.5173959732055664 0
1716301768427 0.5440540313720703 0
1716301769045 0.5841782093048096 0
1716301769606 0.5518639087677002 0
1716301770230 0.6173229217529297 0
1716301770888 0.649482011795044 0
1716301771681 0.7720358371734619 0
1716301772689 0.9734406471252441 0
1716301774385 1.673957109451294 0
1716301781318 1.671280860900879 0
1716301781850 0.5280249118804932 0
1716301782374 0.5097899436950684 0
1716301782914 0.5303728580474854 0
1716301783502 0.5765011310577393 0
1716301784142 0.6111319065093994 0
1716301784812 0.6560378074645996 0
1716301785596 0.7728080749511719 0
1716301786606 0.9328258037567139 0
1716301787582 0.9573650360107422 0
1716301794887 1.5137829780578613 0
1716301795415 0.5239808559417725 0
1716301795961 0.5332257747650146 0
1716301796540 0.563953161239624 0
1716301797139 0.5884292125701904 0
1716301797762 0.6120448112487793 0
1716301798395 0.6199910640716553 0
1716301799110 0.7036459445953369 0
1716301799927 0.8041493892669678 0
1716301800994 1.0496561527252197 0
1716301808034 1.4831762313842773 0
1716301808574 0.5244250297546387 0
1716301809106 0.5203030109405518 0
1716301809668 0.5490338802337646 0
1716301810230 0.5491108894348145 0
1716301810816 0.5737059116363525 0
1716301811471 0.6441118717193604 0
1716301812354 0.8476128578186035 0
1716301813161 0.7904868125915527 0
1716301814051 0.8703501224517822 0
1716301821161 1.3699290752410889 0
1716301821718 0.5525650978088379 0
1716301822267 0.5334761142730713 0
1716301822814 0.535620927810669 0
1716301823379 0.5536258220672607 0
1716301823983 0.5943431854248047 0
1716301824635 0.6348297595977783 0
1716301825614 0.9648120403289795 0
1716301827127 1.4373559951782227 0
1716301828474 1.3296189308166504 0
1716301835513 1.602980136871338 0
1716301836105 0.5855176448822021 0
1716301836696 0.5809769630432129 0
1716301837291 0.576275110244751 0
1716301837881 0.5765471458435059 0
1716301838524 0.6231060028076172 0
1716301839276 0.7365450859069824 0
1716301840049 0.7461388111114502 0
1716301840980 0.9171550273895264 0
1716301842387 1.376755952835083 0
1716301850059 1.4449238777160645 0
1716301850567 0.5028212070465088 0
1716301851147 0.5633718967437744 0
1716301851690 0.5323162078857422 0
1716301852281 0.5846548080444336 0
1716301852898 0.6062033176422119 0
1716301853649 0.7360880374908447 0
1716301854563 0.872406005859375 0
1716301855527 0.9162650108337402 0
1716301857046 1.502990961074829 0
1716301864061 1.7223942279815674 0
1716301864612 0.5465810298919678 0
1716301865132 0.510584831237793 0
1716301865668 0.5234708786010742 0
1716301866228 0.5490608215332031 0
1716301866825 0.5845398902893066 0
1716301867477 0.632490873336792 0
1716301868212 0.7227439880371094 0
1716301868994 0.7646322250366211 0
1716301869893 0.88714599609375 0
1716301876771 1.3685128688812256 0
1716301877322 0.5448119640350342 0
1716301877849 0.5178802013397217 0
1716301878383 0.5210070610046387 0
1716301878953 0.5573341846466064 0
1716301879551 0.5858187675476074 0
1716301880187 0.6213099956512451 0
1716301880886 0.6841180324554443 0
1716301881694 0.7926123142242432 0
1716301882910 1.2061877250671387 0
1716301890008 1.3932549953460693 0
1716301890552 0.5204322338104248 0
1716301891074 0.5102226734161377 0
1716301891623 0.52964186668396 0
1716301892194 0.5572290420532227 0
1716301892799 0.591951847076416 0
1716301893422 0.6112797260284424 0
1716301894103 0.6692659854888916 0
1716301894871 0.7540900707244873 0
1716301895854 0.9724249839782715 0
1716301902778 1.3626317977905273 0
1716301903309 0.520226240158081 0
1716301903847 0.5210609436035156 0
1716301904491 0.6200261116027832 0
1716301905129 0.6222283840179443 0
1716301905818 0.6647558212280273 0
1716301906668 0.8294498920440674 0
1716301907547 0.8502068519592285 0
1716301908819 1.251844882965088 0
1716301910762 1.9285590648651123 0
1716301917490 1.613734245300293 0
1716301918016 0.521481990814209 0
1716301918579 0.5468149185180664 0
1716301919154 0.5668551921844482 0
1716301919741 0.5775539875030518 0
1716301920360 0.603687047958374 0
1716301921095 0.7206099033355713 0
1716301921796 0.6833467483520508 0
1716301922717 0.9027941226959229 0
1716301924338 1.554260015487671 0
1716301931400 1.3996789455413818 0
1716301931910 0.5034329891204834 0
1716301932434 0.5121448040008545 0
1716301933006 0.5504698753356934 0
1716301933578 0.558873176574707 0
1716301934203 0.6088249683380127 0
1716301934858 0.6416208744049072 0
1716301935544 0.675429105758667 0
1716301936331 0.7752261161804199 0
1716301937353 0.9772498607635498 0
1716301943920 1.2707810401916504 0
1716301944445 0.5141801834106445 0
1716301944965 0.5092570781707764 0
1716301945522 0.5389912128448486 0
1716301946096 0.5627179145812988 0
1716301946696 0.5909349918365479 0
1716301947332 0.6240270137786865 0
1716301948007 0.6621339321136475 0
1716301948765 0.7476150989532471 0
1716301949882 1.1037039756774902 0
1716301957504 1.5290687084197998 0
1716301958040 0.530803918838501 0
1716301958576 0.523597240447998 0
1716301959148 0.5604312419891357 0
1716301959758 0.5877408981323242 0
1716301960385 0.6143863201141357 0
1716301961058 0.657080888748169 0
1716301961748 0.677515983581543 0
1716301962582 0.8225719928741455 0
1716301963621 1.0226171016693115 0
1716301971258 1.7596831321716309 0
1716301971799 0.5335910320281982 0
1716301972359 0.5418729782104492 0
1716301972941 0.5692670345306396 0
1716301973543 0.582047700881958 0
1716301974146 0.5903260707855225 0
1716301974813 0.6509261131286621 0
1716301975540 0.6997330188751221 0
1716301976414 0.864368200302124 0
1716301978166 1.7365880012512207 0
1716301986524 1.64302396774292 0
1716301987063 0.5357933044433594 0
1716301987653 0.5738978385925293 0
1716301988239 0.5762321949005127 0
1716301988837 0.5847699642181396 0
1716301989442 0.5912771224975586 0
1716301990040 0.5869457721710205 0
1716301990724 0.6753289699554443 0
1716301991610 0.8718390464782715 0
1716301992844 1.0916719436645508 0
1716302000194 1.8588809967041016 0
1716302000790 0.5891351699829102 0
1716302001364 0.5546936988830566 0
1716302002000 0.6317951679229736 0
1716302002646 0.6388649940490723 0
1716302003361 0.7053651809692383 0
1716302004132 0.7532989978790283 0
1716302005093 0.9114718437194824 0
1716302006308 1.1999506950378418 0
1716302007927 1.602842092514038 0
1716302014412 1.4244410991668701 0
1716302014950 0.5206589698791504 0
1716302015472 0.5075178146362305 0
1716302016017 0.531980037689209 0
1716302016619 0.5886483192443848 0
1716302017340 0.7054708003997803 0
1716302017997 0.6414918899536133 0
1716302018723 0.7066309452056885 0
1716302019544 0.8005518913269043 0
1716302020618 1.0573089122772217 0
1716302028775 1.6838488578796387 0
1716302029337 0.5572021007537842 0
1716302029888 0.5435898303985596 0
1716302030472 0.5661897659301758 0
1716302031095 0.6124002933502197 0
1716302031787 0.6611180305480957 0
1716302032592 0.7823381423950195 0
1716302033756 1.1278941631317139 0
1716302034885 1.0962421894073486 0
1716302036170 1.2698450088500977 0
1716302042869 1.4304890632629395 0
1716302043404 0.5276668071746826 0
1716302043932 0.515728235244751 0
1716302044484 0.5404531955718994 0
1716302045070 0.5581328868865967 0
1716302045685 0.5930371284484863 0
1716302046320 0.625211238861084 0
1716302047020 0.6879899501800537 0
1716302047835 0.7975308895111084 0
1716302048968 1.1179769039154053 0
1716302056023 1.3577349185943604 0
1716302056550 0.5157108306884766 0
1716302057073 0.5103878974914551 0
1716302057621 0.539036750793457 0
1716302058185 0.5515100955963135 0
1716302058779 0.5799009799957275 0
1716302059438 0.647723913192749 0
1716302060168 0.7184939384460449 0
1716302061280 1.100188970565796 0
1716302062713 1.402137041091919 0
1716302069689 1.5508017539978027 0
1716302070250 0.5570578575134277 0
1716302070799 0.5319979190826416 0
1716302071387 0.5587899684906006 0
1716302072016 0.6209728717803955 0
1716302073145 1.1174490451812744 0
1716302074304 1.0495879650115967 0
1716302075208 0.8682122230529785 0
1716302076181 0.938007116317749 0
1716302077160 0.9643888473510742 0
1716302084891 1.6746160984039307 0
1716302085416 0.5165960788726807 0
1716302086012 0.58601975440979 0
1716302087133 1.1028881072998047 0
1716302087936 0.7793331146240234 0
1716302088755 0.8041448593139648 0
1716302089519 0.746279239654541 0
1716302090295 0.7550818920135498 0
1716302091144 0.8231089115142822 0
1716302092226 1.0717389583587646 0
1716302098641 1.3282780647277832 0
1716302099179 0.5293440818786621 0
1716302099741 0.5383539199829102 0
1716302100297 0.5454080104827881 0
1716302100897 0.5864691734313965 0
1716302101531 0.6142120361328125 0
1716302102286 0.736508846282959 0
1716302103114 0.8031101226806641 0
1716302103952 0.8111238479614258 0
1716302105117 1.1514408588409424 0
1716302112579 1.4636921882629395 0
1716302113099 0.5119271278381348 0
1716302113681 0.565115213394165 0
1716302114300 0.5849051475524902 0
1716302114872 0.5634419918060303 0
1716302115476 0.5930819511413574 0
1716302116129 0.6405549049377441 0
1716302116981 0.8365049362182617 0
1716302117974 0.9750311374664307 0
1716302119226 1.2234487533569336 0
1716302126812 1.4817447662353516 0
1716302127344 0.5131592750549316 0
1716302127887 0.5320589542388916 0
1716302128434 0.5365171432495117 0
1716302129088 0.637066125869751 0
1716302129694 0.5974538326263428 0
1716302130402 0.6849091053009033 0
1716302131107 0.6947510242462158 0
1716302132040 0.918503999710083 0
1716302133448 1.3737390041351318 0
1716302141303 1.7874257564544678 0
1716302141823 0.5113787651062012 0
1716302142354 0.5198869705200195 0
1716302142895 0.5288791656494141 0
1716302143508 0.6015191078186035 0
1716302144117 0.5967710018157959 0
1716302144737 0.6066000461578369 0
1716302145420 0.6655447483062744 0
1716302146177 0.7472732067108154 0
1716302147043 0.8472399711608887 0
1716302156122 1.4247820377349854 0
1716302156700 0.5677359104156494 0
1716302157244 0.5312349796295166 0
1716302157814 0.5513820648193359 0
1716302158513 0.685265302658081 0
1716302159870 1.3305339813232422 0
1716302160993 1.056006908416748 0
1716302161970 0.9608888626098633 0
1716302163515 1.5110478401184082 0
1716302164573 1.0290789604187012 0
1716302172194 1.605909824371338 0
1716302172716 0.5165550708770752 0
1716302173234 0.49759387969970703 0
1716302173807 0.5624611377716064 0
1716302174397 0.580672025680542 0
1716302175000 0.5898070335388184 0
1716302175624 0.6129500865936279 0
1716302176309 0.6743981838226318 0
1716302177042 0.7174370288848877 0
1716302177875 0.81968092918396 0
1716302185559 1.9672801494598389 0
1716302186320 0.7494289875030518 0
1716302186931 0.5948071479797363 0
1716302187967 1.0086307525634766 0
1716302188731 0.7476491928100586 0
1716302189497 0.7333507537841797 0
1716302190182 0.6543741226196289 0
1716302190922 0.7251269817352295 0
1716302191784 0.8299911022186279 0
1716302192752 0.9505059719085693 0
1716302199970 1.4183712005615234 0
1716302200511 0.5344502925872803 0
1716302201074 0.5519979000091553 0
1716302201650 0.5687458515167236 0
1716302202258 0.5986831188201904 0
1716302202891 0.6228108406066895 0
1716302203612 0.6819639205932617 0
1716302204380 0.7486572265625 0
1716302205263 0.8529701232910156 0
1716302206427 1.141556978225708 0
1716302213240 1.4462027549743652 0
1716302213744 0.49982285499572754 0
1716302214284 0.521754264831543 0
1716302214857 0.5529148578643799 0
1716302215467 0.5964620113372803 0
1716302216097 0.6192350387573242 0
1716302216856 0.7414169311523438 0
1716302217961 1.0911040306091309 0
1716302219604 1.6116087436676025 0
1716302220631 1.0104649066925049 0
1716302227350 1.3656229972839355 0
1716302227921 0.5618939399719238 0
1716302228485 0.5478198528289795 0
1716302229063 0.5674712657928467 0
1716302229660 0.5796880722045898 0
1716302230269 0.5960550308227539 0
1716302230898 0.6133790016174316 0
1716302231611 0.7048728466033936 0
1716302232944 1.3098292350769043 0
1716302234544 1.5585670471191406 0
1716302241751 1.8973500728607178 0
1716302242346 0.5811669826507568 0
1716302242887 0.5224547386169434 0
1716302243450 0.5413289070129395 0
1716302244051 0.5895800590515137 0
1716302244665 0.6054799556732178 0
1716302245431 0.7519409656524658 0
1716302246234 0.788477897644043 0
1716302247159 0.9089360237121582 0
1716302248730 1.434288740158081 0
1716302255937 1.6244821548461914 0
1716302256475 0.5286681652069092 0
1716302257008 0.5208780765533447 0
1716302257665 0.6518027782440186 0
1716302258341 0.6465489864349365 0
1716302259025 0.6718018054962158 0
1716302260082 1.0460090637207031 0
1716302262728 2.612241268157959 0
1716302263430 0.6909959316253662 0
1716302264110 0.6712331771850586 0
1716302271684 1.676048994064331 0
1716302272325 0.6352641582489014 0
1716302272882 0.5480759143829346 0
1716302273460 0.5620489120483398 0
1716302274125 0.6488399505615234 0
1716302274872 0.7356927394866943 0
1716302275860 0.9744701385498047 0
1716302277471 1.5596709251403809 0
1716302278657 1.1565861701965332 0
1716302279774 1.0734460353851318 0
1716302287005 1.4698691368103027 0
1716302287538 0.5273268222808838 0
1716302288094 0.5443170070648193 0
1716302288666 0.5652239322662354 0
1716302289288 0.6137681007385254 0
1716302289928 0.6295270919799805 0
1716302290592 0.6507701873779297 0
1716302291465 0.8617510795593262 0
1716302292639 1.1143460273742676 0
1716302294217 1.565234899520874 0
1716302301034 1.648711919784546 0
1716302301577 0.5387833118438721 0
1716302302114 0.5243761539459229 0
1716302302660 0.5328547954559326 0
1716302303245 0.572990894317627 0
1716302303829 0.5737409591674805 0
1716302304476 0.6363601684570312 0
1716302305163 0.674705982208252 0
1716302305946 0.771491289138794 0
1716302306894 0.9342269897460938 0
1716302313970 1.3821649551391602 0
1716302314490 0.5141482353210449 0
1716302315084 0.5820128917694092 0
1716302315661 0.561715841293335 0
1716302316298 0.6236722469329834 0
1716302316965 0.6532349586486816 0
1716302318097 1.1165850162506104 0
1716302318940 0.8160800933837891 0
1716302319826 0.8559889793395996 0
1716302320960 1.1185400485992432 0
1716302328449 1.8688349723815918 0
1716302329000 0.5406370162963867 0
1716302329561 0.5406849384307861 0
1716302330133 0.5569288730621338 0
1716302330746 0.5990171432495117 0
1716302331349 0.5916271209716797 0
1716302331993 0.6257729530334473 0
1716302332681 0.6725127696990967 0
1716302333467 0.7529051303863525 0
1716302334427 0.9489648342132568 0
1716302341151 1.3957629203796387 0
1716302341681 0.5190320014953613 0
1716302342229 0.5379149913787842 0
1716302342794 0.5576891899108887 0
1716302343409 0.5839369297027588 0
1716302344050 0.6273980140686035 0
1716302344712 0.6501481533050537 0
1716302345570 0.8466689586639404 0
1716302346651 1.049471139907837 0
1716302347864 1.196810245513916 0
1716302354696 1.2990071773529053 0
1716302355229 0.5242602825164795 0
1716302355827 0.5876460075378418 0
1716302356411 0.5745460987091064 0
1716302357370 0.9384958744049072 0
1716302358295 0.884516716003418 0
1716302359043 0.7025051116943359 0
1716302359863 0.7823569774627686 0
1716302360720 0.8428049087524414 0
1716302361657 0.922374963760376 0
1716302369112 1.5898289680480957 0
1716302369910 0.7747046947479248 0
1716302371491 1.5629010200500488 0
1716302372385 0.853222131729126 0
1716302373324 0.8904240131378174 0
1716302374204 0.8337550163269043 0
1716302375145 0.905102014541626 0
1716302376096 0.9237680435180664 0
1716302377196 1.0583720207214355 0
1716302378508 1.255924940109253 0
1716302388145 1.5582139492034912 0
1716302388723 0.5702559947967529 0
1716302389286 0.5339288711547852 0
1716302389904 0.5998110771179199 0
1716302390507 0.5947141647338867 0
1716302391153 0.6190779209136963 0
1716302391852 0.6787588596343994 0
1716302392831 0.9651288986206055 0
1716302394142 1.273622989654541 0
1716302395612 1.4562008380889893 0
1716302402302 1.382209062576294 0
1716302402816 0.5044760704040527 0
1716302403348 0.5074036121368408 0
1716302403901 0.5418119430541992 0
1716302404467 0.5586512088775635 0
1716302405076 0.5960869789123535 0
1716302405691 0.5990498065948486 0
1716302406365 0.6447570323944092 0
1716302407055 0.6776859760284424 0
1716302407823 0.7601189613342285 0
1716302414717 1.299285888671875 0
1716302415227 0.5022380352020264 0
1716302415766 0.5265207290649414 0
1716302416326 0.5474841594696045 0
1716302416892 0.5546450614929199 0
1716302417492 0.5854780673980713 0
1716302418144 0.6396298408508301 0
1716302418860 0.7047991752624512 0
1716302419709 0.8348689079284668 0
1716302420751 1.017897129058838 0
1716302427623 1.3386590480804443 0
1716302428183 0.551602840423584 0
1716302428711 0.515643835067749 0
1716302429265 0.5435142517089844 0
1716302429830 0.5449268817901611 0
1716302430438 0.596768856048584 0
1716302431106 0.6573021411895752 0
1716302431833 0.7073078155517578 0
1716302432659 0.8142430782318115 0
1716302433661 0.9878230094909668 0
1716302441505 1.636749029159546 0
1716302442057 0.5452108383178711 0
1716302442637 0.5619378089904785 0
1716302443215 0.5597188472747803 0
1716302443805 0.5705971717834473 0
1716302444481 0.6617636680603027 0
1716302445324 0.8340857028961182 0
1716302447484 2.1375977993011475 0
1716302448485 0.9725461006164551 0
1716302449456 0.9437751770019531 0
1716302457475 1.6206090450286865 0
1716302458009 0.5298159122467041 0
1716302458569 0.5379290580749512 0
1716302459168 0.589777946472168 0
1716302459738 0.5564439296722412 0
1716302460385 0.6284627914428711 0
1716302461069 0.6701419353485107 0
1716302461850 0.7692930698394775 0
1716302462883 0.9860861301422119 0
1716302464394 1.493652105331421 0
1716302471768 1.4859261512756348 0
1716302472298 0.5234718322753906 0
1716302472830 0.5110740661621094 0
1716302473367 0.523345947265625 0
1716302473924 0.5475931167602539 0
1716302474525 0.5876548290252686 0
1716302475148 0.6111676692962646 0
1716302475811 0.6504192352294922 0
1716302476667 0.8363852500915527 0
1716302477715 1.031461238861084 0
1716302484740 1.361820936203003 0
1716302485262 0.5129389762878418 0
1716302485779 0.5044269561767578 0
1716302486344 0.5309810638427734 0
1716302486935 0.5812091827392578 0
1716302487545 0.5999112129211426 0
1716302488163 0.6050739288330078 0
1716302488833 0.6569709777832031 0
1716302489579 0.7338099479675293 0
1716302490443 0.8532869815826416 0
1716302497767 1.3666229248046875 0
1716302498303 0.5259177684783936 0
1716302498823 0.5057950019836426 0
1716302499406 0.5551340579986572 0
1716302499970 0.5515768527984619 0
1716302500570 0.5868980884552002 0
1716302501198 0.6142878532409668 0
1716302501890 0.6724622249603271 0
1716302502678 0.7638740539550781 0
1716302503602 0.9127800464630127 0
1716302511175 1.5660018920898438 0
1716302511730 0.5470068454742432 0
1716302512368 0.6238951683044434 0
1716302513062 0.6859006881713867 0
1716302513860 0.783905029296875 0
1716302514889 0.9835026264190674 0
1716302515808 0.869940996170044 0
1716302516855 1.0094549655914307 0
1716302518080 1.095716953277588 0
1716302519124 1.0017120838165283 0
1716302526106 1.4745469093322754 0
1716302526641 0.528533935546875 0
1716302527202 0.5499749183654785 0
1716302527756 0.5420060157775879 0
1716302528327 0.559758186340332 0
1716302528936 0.5965220928192139 0
1716302529561 0.6119778156280518 0
1716302530742 1.1630561351776123 0
1716302531920 1.1231958866119385 0
1716302532751 0.8082120418548584 0
1716302539913 1.638958215713501 0
1716302540590 0.6699960231781006 0
1716302541545 0.9406321048736572 0
1716302542750 1.1827309131622314 0
1716302543860 1.0832099914550781 0
1716302544634 0.7558391094207764 0
1716302545294 0.6463310718536377 0
1716302546027 0.7098939418792725 0
1716302546814 0.7720048427581787 0
1716302547961 1.1304361820220947 0
1716302555610 1.4385638236999512 0
1716302556124 0.5051908493041992 0
1716302556681 0.5372121334075928 0
1716302557228 0.5370807647705078 0
1716302557828 0.5929169654846191 0
1716302558491 0.6541280746459961 0
1716302559396 0.8812241554260254 0
1716302560535 1.0818169116973877 0
1716302561461 0.8982839584350586 0
1716302562548 1.0719139575958252 0
1716302570043 1.4730660915374756 0
1716302570586 0.5363240242004395 0
1716302571123 0.5290622711181641 0
1716302571682 0.5449862480163574 0
1716302572260 0.5641629695892334 0
1716302572858 0.5826342105865479 0
1716302573536 0.660632848739624 0
1716302575092 1.5333752632141113 0
1716302576072 0.929375171661377 0
1716302576871 0.7813539505004883 0
1716302584242 1.5108699798583984 0
1716302584866 0.6041250228881836 0
1716302585468 0.5845468044281006 0
1716302586035 0.5514099597930908 0
1716302586622 0.5753343105316162 0
1716302587263 0.6302061080932617 0
1716302587956 0.6728489398956299 0
1716302588731 0.7607400417327881 0
1716302589920 1.163027048110962 0
1716302591786 1.8399338722229004 0
1716302598684 1.5286390781402588 0
1716302599238 0.5356259346008301 0
1716302599766 0.5051689147949219 0
1716302600319 0.5384688377380371 0
1716302600897 0.5645108222961426 0
1716302601588 0.661978006362915 0
1716302602273 0.673795223236084 0
1716302603017 0.7308700084686279 0
1716302603943 0.9044287204742432 0
1716302605283 1.3096179962158203 0
1716302613874 1.7636919021606445 0
1716302614589 0.6994810104370117 0
1716302615224 0.6241319179534912 0
1716302616356 1.113434076309204 0
1716302617259 0.8721780776977539 0
1716302618317 1.0210130214691162 0
1716302619197 0.8302969932556152 0
1716302620606 1.3756508827209473 0
1716302621708 1.0326309204101562 0
1716302622801 1.065124750137329 0
1716302630236 1.6828479766845703 0
1716302630761 0.5114603042602539 0
1716302631341 0.56899094581604 0
1716302631920 0.5700962543487549 0
1716302632519 0.5872111320495605 0
1716302633186 0.6533200740814209 0
1716302633938 0.7415149211883545 0
1716302635379 1.402642011642456 0
1716302636543 1.0100071430206299 0
1716302637462 0.8775949478149414 0
1716302644526 1.4679057598114014 0
1716302645058 0.5275158882141113 0
1716302645588 0.5035662651062012 0
1716302646183 0.577340841293335 0
1716302646752 0.5571238994598389 0
1716302647352 0.5887670516967773 0
1716302647999 0.6350390911102295 0
1716302648894 0.8832929134368896 0
1716302650172 1.235882043838501 0
1716302651471 1.275871992111206 0
1716302662496 1.844102144241333 0
1716302663095 0.5941388607025146 0
1716302663641 0.5377311706542969 0
1716302664292 0.6207549571990967 0
1716302665012 0.7115199565887451 0
1716302666536 1.4838690757751465 0
1716302667398 0.8444101810455322 0
1716302668441 1.0253989696502686 0
1716302669409 0.9439268112182617 0
1716302670420 0.9968240261077881 0
1716302678390 1.5321688652038574 0
1716302678903 0.5074629783630371 0
1716302679435 0.5119571685791016 0
1716302680026 0.5795609951019287 0
1716302680618 0.5747990608215332 0
1716302681275 0.6369080543518066 0
1716302681966 0.6783328056335449 0
1716302682708 0.7198989391326904 0
1716302683529 0.8053009510040283 0
1716302684743 1.1915628910064697 0
1716302692394 1.4608631134033203 0
1716302692936 0.5345830917358398 0
1716302693515 0.5609440803527832 0
1716302694153 0.6220419406890869 0
1716302694894 0.704085111618042 0
1716302696014 1.08990478515625 0
1716302697021 0.955427885055542 0
1716302697894 0.8322031497955322 0
1716302701094 3.1850311756134033 0
1716302702295 1.1880199909210205 0
1716302709578 2.0733261108398438 0
1716302710268 0.6559097766876221 0
1716302710879 0.6016058921813965 0
1716302711604 0.684298038482666 0
1716302712416 0.7888410091400146 0
1716302713354 0.91280198097229 0
1716302714683 1.234205961227417 0
1716302716596 1.8683710098266602 0
1716302717418 0.8089721202850342 0
1716302718213 0.7561538219451904 0
1716302726067 1.7527718544006348 0
1716302726644 0.5483639240264893 0
1716302727268 0.6003327369689941 0
1716302728145 0.8125059604644775 0
1716302729892 1.4531669616699219 0
1716302730628 0.7198450565338135 0
1716302732304 1.652430772781372 0
1716302733270 0.9510869979858398 0
1716302734313 1.0053048133850098 0
1716302735611 1.2509751319885254 0
1716302744026 1.8769218921661377 0
1716302744573 0.530681848526001 0
1716302745109 0.5253961086273193 0
1716302745673 0.5434517860412598 0
1716302746253 0.5689249038696289 0
1716302746850 0.5895330905914307 0
1716302747562 0.6744849681854248 0
1716302748754 1.1751620769500732 0
1716302750179 1.3836209774017334 0
1716302751272 1.0514769554138184 0
1716302758743 1.6847102642059326 0
1716302759270 0.5124669075012207 0
1716302759842 0.5581259727478027 0
1716302760424 0.5614778995513916 0
1716302761025 0.5921070575714111 0
1716302761675 0.6439168453216553 0
1716302763311 1.6268270015716553 0
1716302764835 1.454178810119629 0
1716302765770 0.8696370124816895 0
1716302766729 0.9162561893463135 0
1716302774045 1.3773860931396484 0
1716302774563 0.5106780529022217 0
1716302775098 0.5139756202697754 0
1716302775737 0.6274919509887695 0
1716302776346 0.6014668941497803 0
1716302776960 0.6041378974914551 0
1716302777572 0.6060879230499268 0
1716302778261 0.6734769344329834 0
1716302779050 0.77099609375 0
1716302780220 1.1590509414672852 0
1716302787409 1.6009399890899658 0
1716302787953 0.5374457836151123 0
1716302788481 0.517423152923584 0
1716302789044 0.5528171062469482 0
1716302789637 0.5816187858581543 0
1716302790265 0.6174108982086182 0
1716302790898 0.620689868927002 0
1716302791602 0.6913080215454102 0
1716302792399 0.7874979972839355 0
1716302793485 1.071972131729126 0
1716302800184 1.3434369564056396 0
1716302800718 0.5245177745819092 0
1716302801239 0.5085599422454834 0
1716302801797 0.546210765838623 0
1716302802362 0.5530719757080078 0
1716302802958 0.5812027454376221 0
1716302803605 0.6180918216705322 0
1716302804272 0.6558809280395508 0
1716302804988 0.704474925994873 0
1716302805815 0.8162360191345215 0
1716302812303 1.2874791622161865 0
1716302812819 0.506138801574707 0
1716302813386 0.5561859607696533 0
1716302813930 0.5330643653869629 0
1716302814487 0.549523115158081 0
1716302815084 0.5786299705505371 0
1716302815738 0.6433589458465576 0
1716302816449 0.6974039077758789 0
1716302817258 0.7838122844696045 0
1716302818316 1.0371346473693848 0
1716302825080 1.4139149188995361 0
1716302825647 0.5634450912475586 0
1716302826173 0.5211303234100342 0
1716302826748 0.5575029850006104 0
1716302827320 0.5615761280059814 0
1716302827953 0.6210548877716064 0
1716302829352 1.3617479801177979 0
1716302831373 1.7135932445526123 0
1716302832488 1.0676701068878174 0
1716302833358 0.8563547134399414 0
1716302841617 1.7239251136779785 0
1716302842147 0.5207488536834717 0
1716302842718 0.5291671752929688 0
1716302843284 0.5554859638214111 0
1716302843862 0.568213939666748 0
1716302844478 0.6020550727844238 0
1716302845178 0.6858680248260498 0
1716302845911 0.724433183670044 0
1716302846818 0.8923649787902832 0
1716302848436 1.5962181091308594 0
1716302855661 1.5221278667449951 0
1716302856217 0.5476992130279541 0
1716302856748 0.5115458965301514 0
1716302857297 0.5360901355743408 0
1716302857863 0.5537242889404297 0
1716302858458 0.5832667350769043 0
1716302859090 0.6219658851623535 0
1716302859877 0.7707531452178955 0
1716302860677 0.7907109260559082 0
1716302861788 1.09275221824646 0
1716302870064 1.7482280731201172 0
1716302870596 0.5273911952972412 0
1716302871119 0.5105650424957275 0
1716302871696 0.5630438327789307 0
1716302872301 0.5856077671051025 0
1716302872967 0.6533710956573486 0
1716302873669 0.6874089241027832 0
1716302874484 0.8010518550872803 0
1716302875456 0.9475910663604736 0
1716302876936 1.4632558822631836 0
1716302884658 1.6901030540466309 0
1716302885217 0.5449788570404053 0
1716302885798 0.558851957321167 0
1716302886375 0.5686068534851074 0
1716302886957 0.5567409992218018 0
1716302887571 0.6016502380371094 0
1716302888242 0.6596710681915283 0
1716302888958 0.7057960033416748 0
1716302889928 0.9547271728515625 0
1716302891646 1.6991758346557617 0
1716302898947 1.555516242980957 0
1716302899512 0.5578789710998535 0
1716302900091 0.5743188858032227 0
1716302900691 0.5906410217285156 0
1716302901286 0.5739269256591797 0
1716302901894 0.5935261249542236 0
1716302902633 0.7298069000244141 0
1716302903431 0.787341833114624 0
1716302904432 0.9882750511169434 0
1716302906200 1.7550849914550781 0
1716302912677 1.32820725440979 0
1716302913198 0.5148019790649414 0
1716302913729 0.5164322853088379 0
1716302914265 0.5247700214385986 0
1716302914841 0.5640549659729004 0
1716302915489 0.6368050575256348 0
1716302916139 0.6380143165588379 0
1716302916842 0.6911580562591553 0
1716302917652 0.8014671802520752 0
1716302918598 0.9291830062866211 0
1716302925257 1.3109722137451172 0
1716302925787 0.5136017799377441 0
1716302926300 0.5045702457427979 0
1716302926847 0.5340030193328857 0
1716302927409 0.5489211082458496 0
1716302928009 0.5856130123138428 0
1716302928653 0.629767894744873 0
1716302929346 0.6780669689178467 0
1716302930080 0.7251222133636475 0
1716302930974 0.8824658393859863 0
1716302938416 1.3288137912750244 0
1716302938941 0.5188841819763184 0
1716302939595 0.632983922958374 0
1716302940400 0.7739729881286621 0
1716302941925 1.5043888092041016 0
1716302942907 0.9636831283569336 0
1716302943763 0.8312118053436279 0
1716302945600 1.8180620670318604 0
1716302946779 1.143251895904541 0
1716302948863 2.025646924972534 0
1716302957469 2.1835267543792725 0
1716302958074 0.595973014831543 0
1716302958699 0.6182730197906494 0
1716302959377 0.6690120697021484 0
1716302960174 0.7708518505096436 0
1716302961201 0.9683971405029297 0
1716302962543 1.3098728656768799 0
1716302963673 1.112407922744751 0
1716302964671 0.929495096206665 0
1716302965673 0.9841868877410889 0
1716302973497 1.668673038482666 0
1716302974064 0.5619430541992188 0
1716302974607 0.5300500392913818 0
1716302975171 0.5520009994506836 0
1716302975749 0.5680592060089111 0
1716302976454 0.6923949718475342 0
1716302977320 0.8204941749572754 0
1716302978244 0.8916280269622803 0
1716302979129 0.8711447715759277 0
1716302980243 1.099193811416626 0
1716302987765 1.5335261821746826 0
1716302988291 0.5180842876434326 0
1716302988832 0.5309171676635742 0
1716302989406 0.5551691055297852 0
1716302990012 0.5960071086883545 0
1716302990733 0.6926772594451904 0
1716302991603 0.8582980632781982 0
1716302992780 1.1235148906707764 0
1716302993996 1.1444740295410156 0
1716302995055 1.0333430767059326 0
1716303002315 1.5763640403747559 0
1716303002870 0.5501430034637451 0
1716303003440 0.5516741275787354 0
1716303004001 0.5502681732177734 0
1716303004614 0.5946478843688965 0
1716303005197 0.5751309394836426 0
1716303006729 1.4927849769592285 0
1716303007522 0.7673299312591553 0
1716303008365 0.8279857635498047 0
1716303009347 0.9668128490447998 0
1716303022622 1.644571304321289 0
1716303023170 0.5422971248626709 0
1716303023699 0.5194060802459717 0
1716303024272 0.5599358081817627 0
1716303024828 0.5450491905212402 0
1716303025417 0.5700750350952148 0
1716303026036 0.6096041202545166 0
1716303026717 0.6603121757507324 0
1716303027506 0.7676763534545898 0
1716303028406 0.8874387741088867 0
1716303035790 1.4962928295135498 0
1716303036362 0.565000057220459 0
1716303036904 0.5352420806884766 0
1716303037487 0.5716180801391602 0
1716303038102 0.578718900680542 0
1716303038754 0.631281852722168 0
1716303039420 0.6518330574035645 0
1716303040193 0.7605109214782715 0
1716303041317 1.1028952598571777 0
1716303042980 1.6454739570617676 0
1716303050131 1.5495412349700928 0
1716303050681 0.545461893081665 0
1716303051230 0.5311737060546875 0
1716303051797 0.5547540187835693 0
1716303052405 0.5974369049072266 0
1716303053033 0.5905370712280273 0
1716303053682 0.6275126934051514 0
1716303054401 0.7081282138824463 0
1716303055248 0.8333749771118164 0
1716303056659 1.392052412033081 0
1716303064137 1.5736541748046875 0
1716303064684 0.5419068336486816 0
1716303065230 0.5337626934051514 0
1716303065780 0.5364389419555664 0
1716303066391 0.5750341415405273 0
1716303067082 0.6714129447937012 0
1716303067980 0.8830599784851074 0
1716303068908 0.9024670124053955 0
1716303069853 0.8997461795806885 0
1716303071122 1.225822925567627 0
1716303078931 1.6516029834747314 0
1716303079452 0.5136756896972656 0
1716303080005 0.5352790355682373 0
1716303080600 0.5777430534362793 0
1716303081210 0.5991640090942383 0
1716303081822 0.5933167934417725 0
1716303082713 0.8784639835357666 0
1716303084564 1.7399828433990479 0
1716303085853 1.2590391635894775 0
1716303086967 1.0001232624053955 0
1716303095186 1.8473310470581055 0
1716303095749 0.5571279525756836 0
1716303096440 0.6747288703918457 0
1716303097147 0.700355052947998 0
1716303098251 1.0671169757843018 0
1716303099620 1.34541916847229 0
1716303102158 2.4196949005126953 0
1716303103198 0.949044942855835 0
1716303104144 0.9292259216308594 0
1716303105188 0.9787969589233398 0
1716303112789 1.5005717277526855 0
1716303113318 0.5136938095092773 0
1716303113842 0.5120022296905518 0
1716303114382 0.5153460502624512 0
1716303114937 0.549030065536499 0
1716303115597 0.6484620571136475 0
1716303116262 0.6540098190307617 0
1716303117033 0.7540578842163086 0
1716303118020 0.976909875869751 0
1716303120005 1.9697940349578857 0
1716303126402 1.3522779941558838 0
1716303126927 0.5152769088745117 0
1716303127461 0.5260610580444336 0
1716303128016 0.5434300899505615 0
1716303128606 0.5712449550628662 0
1716303129243 0.599370002746582 0
1716303129974 0.6773769855499268 0
1716303130702 0.7150259017944336 0
1716303132321 1.5968241691589355 0
1716303133720 1.15470290184021 0
1716303140665 1.3825609683990479 0
1716303141220 0.5498559474945068 0
1716303141746 0.5081989765167236 0
1716303142340 0.5858039855957031 0
1716303143037 0.6807091236114502 0
1716303144077 1.0163488388061523 0
1716303144862 0.7668731212615967 0
1716303145625 0.7428872585296631 0
1716303146515 0.8759610652923584 0
1716303147758 1.207139015197754 0
1716303154542 1.3707702159881592 0
1716303155062 0.5148100852966309 0
1716303155603 0.5215208530426025 0
1716303156147 0.5278401374816895 0
1716303156742 0.5719590187072754 0
1716303157371 0.6137940883636475 0
1716303158036 0.6544888019561768 0
1716303158774 0.7229282855987549 0
1716303159594 0.7973580360412598 0
1716303160600 0.9800381660461426 0
1716303167982 1.5515689849853516 0
1716303168548 0.546889066696167 0
1716303169118 0.5546097755432129 0
1716303169695 0.566931962966919 0
1716303170295 0.5889649391174316 0
1716303170908 0.6013960838317871 0
1716303171541 0.6175448894500732 0
1716303172233 0.6803610324859619 0
1716303173078 0.8317959308624268 0
1716303174355 1.2671539783477783 0
1716303181553 1.8376071453094482 0
1716303182131 0.5649211406707764 0
1716303182698 0.5577952861785889 0
1716303183284 0.5566248893737793 0
1716303183869 0.5769321918487549 0
1716303184502 0.6199967861175537 0
1716303185173 0.657768964767456 0
1716303185949 0.7579948902130127 0
1716303186978 0.9954679012298584 0
1716303188986 1.9750680923461914 0
1716303195531 1.4095590114593506 0
1716303196053 0.5138847827911377 0
1716303196626 0.5462563037872314 0
1716303197211 0.5704309940338135 0
1716303197843 0.6208338737487793 0
1716303198490 0.6347501277923584 0
1716303199253 0.7521309852600098 0
1716303201970 2.610846996307373 0
1716303203218 1.195786952972412 0
1716303204226 0.9920639991760254 0
1716303212818 1.697911024093628 0
1716303213447 0.6198179721832275 0
1716303214104 0.6224400997161865 0
1716303214794 0.6652421951293945 0
1716303215408 0.6041178703308105 0
1716303216112 0.684819221496582 0
1716303217226 1.0508971214294434 0
1716303218281 1.0248682498931885 0
1716303219811 1.4860999584197998 0
1716303221121 1.2797510623931885 0
1716303228902 1.4983680248260498 0
1716303229453 0.5454702377319336 0
1716303230044 0.578012228012085 0
1716303230649 0.5964150428771973 0
1716303231252 0.589339017868042 0
1716303231881 0.6163311004638672 0
1716303233512 1.6180706024169922 0
1716303234450 0.9039170742034912 0
1716303235943 1.4741029739379883 0
1716303237065 1.103761911392212 0
1716303244470 1.7223281860351562 0
1716303245093 0.6178851127624512 0
1716303245700 0.6000711917877197 0
1716303246398 0.671234130859375 0
1716303247167 0.7552518844604492 0
1716303248343 1.1287577152252197 0
1716303249732 1.1023550033569336 0
1716303250744 0.9829540252685547 0
1716303251616 0.8598649501800537 0
1716303252815 1.1860668659210205 0
1716303260633 1.8310449123382568 0
1716303261156 0.5144588947296143 0
1716303261740 0.5655169486999512 0
1716303262319 0.5592930316925049 0
1716303262954 0.6194658279418945 0
1716303264261 1.2915310859680176 0
1716303265723 1.4023571014404297 0
1716303266700 0.9637370109558105 0
1716303267908 1.1927289962768555 0
1716303268776 0.85272216796875 0
1716303276507 1.6930532455444336 0
1716303277071 0.5563371181488037 0
1716303277634 0.5501699447631836 0
1716303278248 0.6075022220611572 0
1716303278883 0.6188023090362549 0
1716303279603 0.6857180595397949 0
1716303280816 1.1956639289855957 0
1716303281752 0.9122309684753418 0
1716303282760 0.968181848526001 0
1716303283847 1.0728518962860107 0
1716303291217 1.6351158618927002 0
1716303291740 0.5159008502960205 0
1716303292275 0.5218982696533203 0
1716303292835 0.547050952911377 0
1716303293408 0.5566909313201904 0
1716303293992 0.5726809501647949 0
1716303294623 0.6182088851928711 0
1716303295295 0.6586871147155762 0
1716303296060 0.7532548904418945 0
1716303296950 0.8754398822784424 0
1716303304209 1.4238061904907227 0
1716303304752 0.5385761260986328 0
1716303305296 0.5180339813232422 0
1716303305860 0.5435991287231445 0
1716303306443 0.5635359287261963 0
1716303307078 0.6221089363098145 0
1716303307735 0.6480445861816406 0
1716303308412 0.6658928394317627 0
1716303309175 0.7499148845672607 0
1716303310202 1.0028667449951172 0
1716303317779 1.507153034210205 0
1716303318352 0.5659220218658447 0
1716303318922 0.5583062171936035 0
1716303319470 0.5398657321929932 0
1716303320087 0.5954070091247559 0
1716303320709 0.6076390743255615 0
1716303321348 0.6236119270324707 0
1716303322057 0.6990249156951904 0
1716303322887 0.796205997467041 0
1716303324223 1.3228230476379395 0
1716303330885 1.3692600727081299 0
1716303331410 0.5158579349517822 0
1716303331928 0.5058789253234863 0
1716303332525 0.5851430892944336 0
1716303333125 0.5852811336517334 0
1716303333710 0.5721347332000732 0
1716303334345 0.6238059997558594 0
1716303335050 0.6945419311523438 0
1716303335845 0.7835018634796143 0
1716303337132 1.267937183380127 0
1716303344704 1.7333908081054688 0
1716303345265 0.5418951511383057 0
1716303345831 0.5543482303619385 0
1716303346389 0.5414779186248779 0
1716303346960 0.5574510097503662 0
1716303347543 0.5710000991821289 0
1716303348162 0.6084587574005127 0
1716303348835 0.6547350883483887 0
1716303349623 0.7786350250244141 0
1716303350539 0.908146858215332 0
1716303357971 1.478222131729126 0
1716303358508 0.527604341506958 0
1716303359083 0.5561439990997314 0
1716303359697 0.5963931083679199 0
1716303360273 0.5652689933776855 0
1716303360905 0.6197488307952881 0
1716303361574 0.6596939563751221 0
1716303362651 1.0591490268707275 0
1716303363739 1.0487370491027832 0
1716303364603 0.8368260860443115 0
1716303371503 1.3576760292053223 0
1716303372021 0.5076329708099365 0
1716303372540 0.5047628879547119 0
1716303373101 0.5512681007385254 0
1716303373675 0.5621681213378906 0
1716303374297 0.6067850589752197 0
1716303374954 0.6458559036254883 0
1716303375645 0.6740517616271973 0
1716303376407 0.7439861297607422 0
1716303377335 0.9156110286712646 0
1716303385807 1.8458309173583984 0
1716303386399 0.5858039855957031 0
1716303387003 0.5941979885101318 0
1716303387802 0.7715661525726318 0
1716303388609 0.7702639102935791 0
1716303389650 0.987990140914917 0
1716303390778 1.0783429145812988 0
1716303391884 1.0547208786010742 0
1716303393077 1.128216028213501 0
1716303394080 0.9838259220123291 0
1716303401453 1.4850208759307861 0
1716303402007 0.5474450588226318 0
1716303402571 0.5522549152374268 0
1716303403173 0.5782890319824219 0
1716303403732 0.5485203266143799 0
1716303404736 0.9768679141998291 0
1716303405643 0.877490758895874 0
1716303406453 0.77056884765625 0
1716303407257 0.7902789115905762 0
1716303408184 0.9139981269836426 0
1716303415358 1.4710142612457275 0
1716303415902 0.5342531204223633 0
1716303416435 0.5153610706329346 0
1716303417007 0.5611419677734375 0
1716303417591 0.5684401988983154 0
1716303418227 0.61641526222229 0
1716303418873 0.6338250637054443 0
1716303419567 0.6849398612976074 0
1716303420383 0.8021862506866455 0
1716303421643 1.2479479312896729 0
1716303428409 1.3229990005493164 0
1716303428922 0.4993300437927246 0
1716303429449 0.5129501819610596 0
1716303429991 0.5303459167480469 0
1716303430563 0.558521032333374 0
1716303431160 0.5856518745422363 0
1716303431807 0.6305201053619385 0
1716303432485 0.6644041538238525 0
1716303433221 0.7216689586639404 0
1716303434027 0.7943470478057861 0
1716303441489 1.5026071071624756 0
1716303442014 0.5209670066833496 0
1716303442559 0.531494140625 0
1716303443136 0.567223072052002 0
1716303443722 0.5597209930419922 0
1716303444310 0.5788521766662598 0
1716303445182 0.8606178760528564 0
1716303446339 1.1136269569396973 0
1716303447316 0.9372880458831787 0
1716303448343 1.0146050453186035 0
