1716895556274 1.0 0
1716895556925 2.0 0
1716895557552 3.0 0
1716895558134 4.0 0
1716895558736 5.0 0
1716895559374 6.0 0
1716895559981 7.0 0
1716895560571 8.0 0
1716895561216 9.0 0
1716895561863 10.0 0
1716895570728 11.0 0
1716895571322 12.0 0
1716895571926 13.0 0
1716895572544 14.0 0
1716895573129 15.0 0
1716895573811 16.0 0
1716895574423 17.0 0
1716895575031 18.0 0
1716895575657 19.0 0
1716895576222 20.0 0
1716895582533 21.0 0
1716895583020 22.0 0
1716895583494 23.0 0
1716895583945 24.0 0
1716895584395 25.0 0
1716895584872 26.0 0
1716895585323 27.0 0
1716895585801 28.0 0
1716895586284 29.0 0
1716895586749 30.0 0
1716895591352 31.0 0
1716895591840 32.0 0
1716895592327 33.0 0
1716895592815 34.0 0
1716895593296 35.0 0
1716895593768 36.0 0
1716895594219 37.0 0
1716895594694 38.0 0
1716895595162 39.0 0
1716895595618 40.0 0
1716895599926 41.0 0
1716895600402 42.0 0
1716895600889 43.0 0
1716895601373 44.0 0
1716895601877 45.0 0
1716895602477 46.0 0
1716895602964 47.0 0
1716895603433 48.0 0
1716895603906 49.0 0
1716895604354 50.0 0
1716895608718 51.0 0
1716895609188 52.0 0
1716895609664 53.0 0
1716895610129 54.0 0
1716895610607 55.0 0
1716895611069 56.0 0
1716895611686 57.0 0
1716895612168 58.0 0
1716895612671 59.0 0
1716895613154 60.0 0
1716895617489 61.0 0
1716895617967 62.0 0
1716895618426 63.0 0
1716895618929 64.0 0
1716895619390 65.0 0
1716895619854 66.0 0
1716895620366 67.0 0
1716895620852 68.0 0
1716895621331 69.0 0
1716895621816 70.0 0
1716895627238 71.0 0
1716895627706 72.0 0
1716895628197 73.0 0
1716895628740 74.0 0
1716895629248 75.0 0
1716895629728 76.0 0
1716895630211 77.0 0
1716895630725 78.0 0
1716895631243 79.0 0
1716895631755 80.0 0
1716895636993 81.0 0
1716895637478 82.0 0
1716895637973 83.0 0
1716895638451 84.0 0
1716895638907 85.0 0
1716895639365 86.0 0
1716895639835 87.0 0
1716895640304 88.0 0
1716895640769 89.0 0
1716895641239 90.0 0
1716895646244 91.0 0
1716895646732 92.0 0
1716895647194 93.0 0
1716895647699 94.0 0
1716895648186 95.0 0
1716895648671 96.0 0
1716895649150 97.0 0
1716895649629 98.0 0
1716895650115 99.0 0
1716895650620 100.0 0
1716895655920 101.0 0
1716895656410 102.0 0
1716895656911 103.0 0
1716895657383 104.0 0
1716895657872 105.0 0
1716895658339 106.0 0
1716895658804 107.0 0
1716895659260 108.0 0
1716895659728 109.0 0
1716895660218 110.0 0
1716895664415 111.0 0
1716895664886 112.0 0
1716895665353 113.0 0
1716895665840 114.0 0
1716895666296 115.0 0
1716895666777 116.0 0
1716895667241 117.0 0
1716895667712 118.0 0
1716895668176 119.0 0
1716895668651 120.0 0
1716895672866 121.0 0
1716895673340 122.0 0
1716895673835 123.0 0
1716895674306 124.0 0
1716895674792 125.0 0
1716895675258 126.0 0
1716895675719 127.0 0
1716895676185 128.0 0
1716895676659 129.0 0
1716895677133 130.0 0
1716895680748 131.0 0
1716895681201 132.0 0
1716895681700 133.0 0
1716895682155 134.0 0
1716895682619 135.0 0
1716895683100 136.0 0
1716895683590 137.0 0
1716895684057 138.0 0
1716895684511 139.0 0
1716895684983 140.0 0
1716895689430 141.0 0
1716895689894 142.0 0
1716895690360 143.0 0
1716895690840 144.0 0
1716895691315 145.0 0
1716895691780 146.0 0
1716895692258 147.0 0
1716895692715 148.0 0
1716895693166 149.0 0
1716895693669 150.0 0
1716895697735 151.0 0
1716895698179 152.0 0
1716895698644 153.0 0
1716895699108 154.0 0
1716895699570 155.0 0
1716895700047 156.0 0
1716895700500 157.0 0
1716895700956 158.0 0
1716895701410 159.0 0
1716895701870 160.0 0
1716895705502 161.0 0
1716895705988 162.0 0
1716895706451 163.0 0
1716895706919 164.0 0
1716895707393 165.0 0
1716895707864 166.0 0
1716895708327 167.0 0
1716895708786 168.0 0
1716895709246 169.0 0
1716895709717 170.0 0
1716895712840 171.0 0
1716895713312 172.0 0
1716895713771 173.0 0
1716895714246 174.0 0
1716895714717 175.0 0
1716895715193 176.0 0
1716895715649 177.0 0
1716895716109 178.0 0
1716895716586 179.0 0
1716895717057 180.0 0
1716895720505 181.0 0
1716895720988 182.0 0
1716895721463 183.0 0
1716895721922 184.0 0
1716895722396 185.0 0
1716895722847 186.0 0
1716895723313 187.0 0
1716895723779 188.0 0
1716895724238 189.0 0
1716895724699 190.0 0
1716895728548 191.0 0
1716895729052 192.0 0
1716895729513 193.0 0
1716895729966 194.0 0
1716895730419 195.0 0
1716895730876 196.0 0
1716895731332 197.0 0
1716895731793 198.0 0
1716895732254 199.0 0
1716895732715 200.0 0
1716895735771 201.0 0
1716895736241 202.0 0
1716895736752 203.0 0
1716895737235 204.0 0
1716895737696 205.0 0
1716895738185 206.0 0
1716895738642 207.0 0
1716895739133 208.0 0
1716895739595 209.0 0
1716895740048 210.0 0
1716895743278 211.0 0
1716895743729 212.0 0
1716895744185 213.0 0
1716895744674 214.0 0
1716895745146 215.0 0
1716895745612 216.0 0
1716895746088 217.0 0
1716895746554 218.0 0
1716895747013 219.0 0
1716895747487 220.0 0
1716895751119 221.0 0
1716895751618 222.0 0
1716895752091 223.0 0
1716895752579 224.0 0
1716895753051 225.0 0
1716895753516 226.0 0
1716895753977 227.0 0
1716895754437 228.0 0
1716895754896 229.0 0
1716895755376 230.0 0
1716895759146 231.0 0
1716895759637 232.0 0
1716895760118 233.0 0
1716895760585 234.0 0
1716895761068 235.0 0
1716895761543 236.0 0
1716895762015 237.0 0
1716895762497 238.0 0
1716895762969 239.0 0
1716895763443 240.0 0
1716895766959 241.0 0
1716895767475 242.0 0
1716895767953 243.0 0
1716895768448 244.0 0
1716895768914 245.0 0
1716895769364 246.0 0
1716895769812 247.0 0
1716895770284 248.0 0
1716895770763 249.0 0
1716895771230 250.0 0
1716895775395 251.0 0
1716895775870 252.0 0
1716895776352 253.0 0
1716895776825 254.0 0
1716895777285 255.0 0
1716895777750 256.0 0
1716895778208 257.0 0
1716895778698 258.0 0
1716895779160 259.0 0
1716895779626 260.0 0
1716895783175 261.0 0
1716895783634 262.0 0
1716895784116 263.0 0
1716895784570 264.0 0
1716895785042 265.0 0
1716895785520 266.0 0
1716895785986 267.0 0
1716895786441 268.0 0
1716895786902 269.0 0
1716895787377 270.0 0
1716895790481 271.0 0
1716895790943 272.0 0
1716895791408 273.0 0
1716895791879 274.0 0
1716895792350 275.0 0
1716895792810 276.0 0
1716895793279 277.0 0
1716895793731 278.0 0
1716895794206 279.0 0
1716895794662 280.0 0
1716895798201 281.0 0
1716895798744 282.0 0
1716895799222 283.0 0
1716895799685 284.0 0
1716895800174 285.0 0
1716895800632 286.0 0
1716895801102 287.0 0
1716895801575 288.0 0
1716895802037 289.0 0
1716895802492 290.0 0
1716895806440 291.0 0
1716895806915 292.0 0
1716895807404 293.0 0
1716895807904 294.0 0
1716895808367 295.0 0
1716895808821 296.0 0
1716895809283 297.0 0
1716895809745 298.0 0
1716895810208 299.0 0
1716895810687 300.0 0
1716895814215 301.0 0
1716895814702 302.0 0
1716895815189 303.0 0
1716895815659 304.0 0
1716895816139 305.0 0
1716895816592 306.0 0
1716895817066 307.0 0
1716895817526 308.0 0
1716895817993 309.0 0
1716895818469 310.0 0
1716895821529 311.0 0
1716895821989 312.0 0
1716895822444 313.0 0
1716895822923 314.0 0
1716895823409 315.0 0
1716895823893 316.0 0
1716895824378 317.0 0
1716895824843 318.0 0
1716895825299 319.0 0
1716895825763 320.0 0
1716895829278 321.0 0
1716895829773 322.0 0
1716895830245 323.0 0
1716895830726 324.0 0
1716895831194 325.0 0
1716895831668 326.0 0
1716895832140 327.0 0
1716895832605 328.0 0
1716895833063 329.0 0
1716895833531 330.0 0
1716895837159 331.0 0
1716895837625 332.0 0
1716895838105 333.0 0
1716895838586 334.0 0
1716895839064 335.0 0
1716895839533 336.0 0
1716895840007 337.0 0
1716895840476 338.0 0
1716895840944 339.0 0
1716895841418 340.0 0
1716895844533 341.0 0
1716895845006 342.0 0
1716895845473 343.0 0
1716895845945 344.0 0
1716895846424 345.0 0
1716895846888 346.0 0
1716895847355 347.0 0
1716895847827 348.0 0
1716895848290 349.0 0
1716895848770 350.0 0
1716895852288 351.0 0
1716895852778 352.0 0
1716895853261 353.0 0
1716895853731 354.0 0
1716895854209 355.0 0
1716895854680 356.0 0
1716895855142 357.0 0
1716895855605 358.0 0
1716895856068 359.0 0
1716895856528 360.0 0
1716895860038 361.0 0
1716895860529 362.0 0
1716895861001 363.0 0
1716895861492 364.0 0
1716895861957 365.0 0
1716895862408 366.0 0
1716895862870 367.0 0
1716895863352 368.0 0
1716895863814 369.0 0
1716895864280 370.0 0
1716895867957 371.0 0
1716895868429 372.0 0
1716895868901 373.0 0
1716895869363 374.0 0
1716895869817 375.0 0
1716895870297 376.0 0
1716895870774 377.0 0
1716895871241 378.0 0
1716895871730 379.0 0
1716895872182 380.0 0
1716895875863 381.0 0
1716895876331 382.0 0
1716895876821 383.0 0
1716895877313 384.0 0
1716895877795 385.0 0
1716895878276 386.0 0
1716895878754 387.0 0
1716895879215 388.0 0
1716895879678 389.0 0
1716895880182 390.0 0
1716895883514 391.0 0
1716895883979 392.0 0
1716895884462 393.0 0
1716895884933 394.0 0
1716895885403 395.0 0
1716895885866 396.0 0
1716895886332 397.0 0
1716895886804 398.0 0
1716895887281 399.0 0
1716895887737 400.0 0
1716895891327 401.0 0
1716895891811 402.0 0
1716895892268 403.0 0
1716895892721 404.0 0
1716895893168 405.0 0
1716895893650 406.0 0
1716895894117 407.0 0
1716895894628 408.0 0
1716895895095 409.0 0
1716895895563 410.0 0
1716895899132 411.0 0
1716895899626 412.0 0
1716895900126 413.0 0
1716895900609 414.0 0
1716895901083 415.0 0
1716895901556 416.0 0
1716895902030 417.0 0
1716895902510 418.0 0
1716895902976 419.0 0
1716895903440 420.0 0
1716895907152 421.0 0
1716895907639 422.0 0
1716895908136 423.0 0
1716895908610 424.0 0
1716895909075 425.0 0
1716895909537 426.0 0
1716895910000 427.0 0
1716895910480 428.0 0
1716895910938 429.0 0
1716895911417 430.0 0
1716895915799 431.0 0
1716895916289 432.0 0
1716895916747 433.0 0
1716895917239 434.0 0
1716895917712 435.0 0
1716895918190 436.0 0
1716895918654 437.0 0
1716895919126 438.0 0
1716895919599 439.0 0
1716895920057 440.0 0
1716895923322 441.0 0
1716895923790 442.0 0
1716895924256 443.0 0
1716895924720 444.0 0
1716895925185 445.0 0
1716895925652 446.0 0
1716895926138 447.0 0
1716895926606 448.0 0
1716895927078 449.0 0
1716895927555 450.0 0
1716895931081 451.0 0
1716895931552 452.0 0
1716895932065 453.0 0
1716895932555 454.0 0
1716895933022 455.0 0
1716895933501 456.0 0
1716895933963 457.0 0
1716895934448 458.0 0
1716895934920 459.0 0
1716895935406 460.0 0
1716895939581 461.0 0
1716895940062 462.0 0
1716895940543 463.0 0
1716895941013 464.0 0
1716895941509 465.0 0
1716895942019 466.0 0
1716895942509 467.0 0
1716895942972 468.0 0
1716895943477 469.0 0
1716895943981 470.0 0
1716895949163 471.0 0
1716895949693 472.0 0
1716895950200 473.0 0
1716895950751 474.0 0
1716895951227 475.0 0
1716895951698 476.0 0
1716895952186 477.0 0
1716895952688 478.0 0
1716895953171 479.0 0
1716895953642 480.0 0
1716895958711 481.0 0
1716895959196 482.0 0
1716895959679 483.0 0
1716895960143 484.0 0
1716895960629 485.0 0
1716895961105 486.0 0
1716895961570 487.0 0
1716895962037 488.0 0
1716895962513 489.0 0
1716895962980 490.0 0
1716895967970 491.0 0
1716895968487 492.0 0
1716895968962 493.0 0
1716895969458 494.0 0
1716895969950 495.0 0
1716895970469 496.0 0
1716895970953 497.0 0
1716895971463 498.0 0
1716895971930 499.0 0
1716895972475 500.0 0
1716895977837 501.0 0
1716895978304 502.0 0
1716895978797 503.0 0
1716895979275 504.0 0
1716895979756 505.0 0
1716895980214 506.0 0
1716895980715 507.0 0
1716895981263 508.0 0
1716895981739 509.0 0
1716895982204 510.0 0
1716895987470 511.0 0
1716895987935 512.0 0
1716895988413 513.0 0
1716895988911 514.0 0
1716895989376 515.0 0
1716895989858 516.0 0
1716895990344 517.0 0
1716895990816 518.0 0
1716895991305 519.0 0
1716895991781 520.0 0
1716895997077 521.0 0
1716895997547 522.0 0
1716895998032 523.0 0
1716895998490 524.0 0
1716895998948 525.0 0
1716895999414 526.0 0
1716895999879 527.0 0
1716896000353 528.0 0
1716896000819 529.0 0
1716896001276 530.0 0
1716896006207 531.0 0
1716896006671 532.0 0
1716896007158 533.0 0
1716896007625 534.0 0
1716896008085 535.0 0
1716896008552 536.0 0
1716896009014 537.0 0
1716896009478 538.0 0
1716896009943 539.0 0
1716896010418 540.0 0
1716896014786 541.0 0
1716896015279 542.0 0
1716896015748 543.0 0
1716896016207 544.0 0
1716896016660 545.0 0
1716896017124 546.0 0
1716896017582 547.0 0
1716896018046 548.0 0
1716896018530 549.0 0
1716896018989 550.0 0
1716896025548 551.0 0
1716896026001 552.0 0
1716896026484 553.0 0
1716896026962 554.0 0
1716896027437 555.0 0
1716896027909 556.0 0
1716896028380 557.0 0
1716896028843 558.0 0
1716896029304 559.0 0
1716896029762 560.0 0
1716896034026 561.0 0
1716896034489 562.0 0
1716896034958 563.0 0
1716896035420 564.0 0
1716896035878 565.0 0
1716896036338 566.0 0
1716896036798 567.0 0
1716896037265 568.0 0
1716896037722 569.0 0
1716896038179 570.0 0
1716896042304 571.0 0
1716896042787 572.0 0
1716896043245 573.0 0
1716896043698 574.0 0
1716896044161 575.0 0
1716896044623 576.0 0
1716896045097 577.0 0
1716896045551 578.0 0
1716896046011 579.0 0
1716896046469 580.0 0
1716896051058 581.0 0
1716896051517 582.0 0
1716896051977 583.0 0
1716896052441 584.0 0
1716896052905 585.0 0
1716896053369 586.0 0
1716896053828 587.0 0
1716896054293 588.0 0
1716896054934 589.0 0
1716896055423 590.0 0
1716896060181 591.0 0
1716896060682 592.0 0
1716896061147 593.0 0
1716896061625 594.0 0
1716896062104 595.0 0
1716896062572 596.0 0
1716896063033 597.0 0
1716896063500 598.0 0
1716896063961 599.0 0
1716896064423 600.0 0
1716896068576 601.0 0
1716896069037 602.0 0
1716896069508 603.0 0
1716896069988 604.0 0
1716896070452 605.0 0
1716896070913 606.0 0
1716896071370 607.0 0
1716896071830 608.0 0
1716896072285 609.0 0
1716896072748 610.0 0
1716896076861 611.0 0
1716896077365 612.0 0
1716896078095 613.0 0
1716896078593 614.0 0
1716896079081 615.0 0
1716896079543 616.0 0
1716896080013 617.0 0
1716896080465 618.0 0
1716896080922 619.0 0
1716896081396 620.0 0
1716896085654 621.0 0
1716896086136 622.0 0
1716896086621 623.0 0
1716896087082 624.0 0
1716896087542 625.0 0
1716896088023 626.0 0
1716896088478 627.0 0
1716896088936 628.0 0
1716896089391 629.0 0
1716896089856 630.0 0
1716896093824 631.0 0
1716896094323 632.0 0
1716896094808 633.0 0
1716896095273 634.0 0
1716896095744 635.0 0
1716896096231 636.0 0
1716896096743 637.0 0
1716896097223 638.0 0
1716896097684 639.0 0
1716896098144 640.0 0
1716896102258 641.0 0
1716896102721 642.0 0
1716896103215 643.0 0
1716896103701 644.0 0
1716896104154 645.0 0
1716896104604 646.0 0
1716896105057 647.0 0
1716896105516 648.0 0
1716896105987 649.0 0
1716896106445 650.0 0
1716896111119 651.0 0
1716896111590 652.0 0
1716896112062 653.0 0
1716896112529 654.0 0
1716896113013 655.0 0
1716896113472 656.0 0
1716896113943 657.0 0
1716896114400 658.0 0
1716896114872 659.0 0
1716896115346 660.0 0
1716896120169 661.0 0
1716896120641 662.0 0
1716896121098 663.0 0
1716896121556 664.0 0
1716896122015 665.0 0
1716896122492 666.0 0
1716896122948 667.0 0
1716896123413 668.0 0
1716896123894 669.0 0
1716896124371 670.0 0
1716896128753 671.0 0
1716896129213 672.0 0
1716896129692 673.0 0
1716896130148 674.0 0
1716896130621 675.0 0
1716896131080 676.0 0
1716896131555 677.0 0
1716896132034 678.0 0
1716896132493 679.0 0
1716896132966 680.0 0
1716896137851 681.0 0
1716896138321 682.0 0
1716896138813 683.0 0
1716896139264 684.0 0
1716896139711 685.0 0
1716896140170 686.0 0
1716896140643 687.0 0
1716896141105 688.0 0
1716896141567 689.0 0
1716896142021 690.0 0
1716896146675 691.0 0
1716896147134 692.0 0
1716896147606 693.0 0
1716896148082 694.0 0
1716896148541 695.0 0
1716896149019 696.0 0
1716896149470 697.0 0
1716896149932 698.0 0
1716896150384 699.0 0
1716896150842 700.0 0
1716896157072 701.0 0
1716896157558 702.0 0
1716896158033 703.0 0
1716896158510 704.0 0
1716896158983 705.0 0
1716896159480 706.0 0
1716896159951 707.0 0
1716896160398 708.0 0
1716896160851 709.0 0
1716896161334 710.0 0
1716896166170 711.0 0
1716896166653 712.0 0
1716896167127 713.0 0
1716896167578 714.0 0
1716896168058 715.0 0
1716896168529 716.0 0
1716896168986 717.0 0
1716896169450 718.0 0
1716896169907 719.0 0
1716896170363 720.0 0
1716896174760 721.0 0
1716896175245 722.0 0
1716896175714 723.0 0
1716896176174 724.0 0
1716896176653 725.0 0
1716896177117 726.0 0
1716896177571 727.0 0
1716896178039 728.0 0
1716896178497 729.0 0
1716896178957 730.0 0
1716896183211 731.0 0
1716896183682 732.0 0
1716896184147 733.0 0
1716896184618 734.0 0
1716896185077 735.0 0
1716896185553 736.0 0
1716896186027 737.0 0
1716896186483 738.0 0
1716896186942 739.0 0
1716896187411 740.0 0
1716896191333 741.0 0
1716896191819 742.0 0
1716896192282 743.0 0
1716896192740 744.0 0
1716896193197 745.0 0
1716896193647 746.0 0
1716896194122 747.0 0
1716896194578 748.0 0
1716896195031 749.0 0
1716896195486 750.0 0
1716896199362 751.0 0
1716896199822 752.0 0
1716896200298 753.0 0
1716896200755 754.0 0
1716896201212 755.0 0
1716896201664 756.0 0
1716896202125 757.0 0
1716896202596 758.0 0
1716896203056 759.0 0
1716896203520 760.0 0
1716896207508 761.0 0
1716896207979 762.0 0
1716896208458 763.0 0
1716896208922 764.0 0
1716896209383 765.0 0
1716896209843 766.0 0
1716896210293 767.0 0
1716896210753 768.0 0
1716896211234 769.0 0
1716896211703 770.0 0
1716896215811 771.0 0
1716896216297 772.0 0
1716896216740 773.0 0
1716896217214 774.0 0
1716896217660 775.0 0
1716896218110 776.0 0
1716896218566 777.0 0
1716896219036 778.0 0
1716896219494 779.0 0
1716896219948 780.0 0
1716896223801 781.0 0
1716896224264 782.0 0
1716896224727 783.0 0
1716896225182 784.0 0
1716896225649 785.0 0
1716896226092 786.0 0
1716896226555 787.0 0
1716896227013 788.0 0
1716896227471 789.0 0
1716896227923 790.0 0
1716896231782 791.0 0
1716896232272 792.0 0
1716896232749 793.0 0
1716896233204 794.0 0
1716896233674 795.0 0
1716896234148 796.0 0
1716896234603 797.0 0
1716896235111 798.0 0
1716896235625 799.0 0
1716896236104 800.0 0
1716896240958 801.0 0
1716896241423 802.0 0
1716896241888 803.0 0
1716896242352 804.0 0
1716896242802 805.0 0
1716896243255 806.0 0
1716896243713 807.0 0
1716896244180 808.0 0
1716896244636 809.0 0
1716896245087 810.0 0
1716896248872 811.0 0
1716896249334 812.0 0
1716896249781 813.0 0
1716896250258 814.0 0
1716896250732 815.0 0
1716896251192 816.0 0
1716896251660 817.0 0
1716896252120 818.0 0
1716896252583 819.0 0
1716896253048 820.0 0
1716896257192 821.0 0
1716896257685 822.0 0
1716896258158 823.0 0
1716896258626 824.0 0
1716896259123 825.0 0
1716896259586 826.0 0
1716896260050 827.0 0
1716896260510 828.0 0
1716896260961 829.0 0
1716896261418 830.0 0
1716896265439 831.0 0
1716896265921 832.0 0
1716896266386 833.0 0
1716896266849 834.0 0
1716896267302 835.0 0
1716896267757 836.0 0
1716896268206 837.0 0
1716896268668 838.0 0
1716896269136 839.0 0
1716896269596 840.0 0
1716896273389 841.0 0
1716896273883 842.0 0
1716896274353 843.0 0
1716896274818 844.0 0
1716896275277 845.0 0
1716896275753 846.0 0
1716896276264 847.0 0
1716896276715 848.0 0
1716896277182 849.0 0
1716896277639 850.0 0
1716896281729 851.0 0
1716896282200 852.0 0
1716896282651 853.0 0
1716896283131 854.0 0
1716896283608 855.0 0
1716896284098 856.0 0
1716896284558 857.0 0
1716896285017 858.0 0
1716896285477 859.0 0
1716896285952 860.0 0
1716896290207 861.0 0
1716896290673 862.0 0
1716896291137 863.0 0
1716896291605 864.0 0
1716896292069 865.0 0
1716896292549 866.0 0
1716896293005 867.0 0
1716896293467 868.0 0
1716896293920 869.0 0
1716896294378 870.0 0
1716896298984 871.0 0
1716896299458 872.0 0
1716896299916 873.0 0
1716896300386 874.0 0
1716896300851 875.0 0
1716896301306 876.0 0
1716896301767 877.0 0
1716896302217 878.0 0
1716896302669 879.0 0
1716896303128 880.0 0
1716896309166 881.0 0
1716896309642 882.0 0
1716896310110 883.0 0
1716896310557 884.0 0
1716896311035 885.0 0
1716896311509 886.0 0
1716896311962 887.0 0
1716896312413 888.0 0
1716896312873 889.0 0
1716896313332 890.0 0
1716896317384 891.0 0
1716896317852 892.0 0
1716896318321 893.0 0
1716896318799 894.0 0
1716896319249 895.0 0
1716896319711 896.0 0
1716896320166 897.0 0
1716896320640 898.0 0
1716896321097 899.0 0
1716896321555 900.0 0
1716896325616 901.0 0
1716896326111 902.0 0
1716896326591 903.0 0
1716896327052 904.0 0
1716896327503 905.0 0
1716896327956 906.0 0
1716896328408 907.0 0
1716896328881 908.0 0
1716896329338 909.0 0
1716896329797 910.0 0
1716896333597 911.0 0
1716896334093 912.0 0
1716896334553 913.0 0
1716896335026 914.0 0
1716896335482 915.0 0
1716896335930 916.0 0
1716896336382 917.0 0
1716896336837 918.0 0
1716896337291 919.0 0
1716896337760 920.0 0
1716896341611 921.0 0
1716896342075 922.0 0
1716896342540 923.0 0
1716896343021 924.0 0
1716896343510 925.0 0
1716896343980 926.0 0
1716896344433 927.0 0
1716896344897 928.0 0
1716896345361 929.0 0
1716896345828 930.0 0
1716896350054 931.0 0
1716896350516 932.0 0
1716896350981 933.0 0
1716896351442 934.0 0
1716896351908 935.0 0
1716896352364 936.0 0
1716896352830 937.0 0
1716896353297 938.0 0
1716896353756 939.0 0
1716896354214 940.0 0
1716896358261 941.0 0
1716896358723 942.0 0
1716896359224 943.0 0
1716896359696 944.0 0
1716896360148 945.0 0
1716896360641 946.0 0
1716896361093 947.0 0
1716896361554 948.0 0
1716896362004 949.0 0
1716896362464 950.0 0
1716896366514 951.0 0
1716896366971 952.0 0
1716896367429 953.0 0
1716896367893 954.0 0
1716896368349 955.0 0
1716896368828 956.0 0
1716896369297 957.0 0
1716896369771 958.0 0
1716896370231 959.0 0
1716896370703 960.0 0
1716896374717 961.0 0
1716896375176 962.0 0
1716896375639 963.0 0
1716896376119 964.0 0
1716896376576 965.0 0
1716896377038 966.0 0
1716896377488 967.0 0
1716896377954 968.0 0
1716896378420 969.0 0
1716896378872 970.0 0
1716896382789 971.0 0
1716896383271 972.0 0
1716896383758 973.0 0
1716896384211 974.0 0
1716896384665 975.0 0
1716896385121 976.0 0
1716896385582 977.0 0
1716896386037 978.0 0
1716896386491 979.0 0
1716896386946 980.0 0
1716896390760 981.0 0
1716896391244 982.0 0
1716896391700 983.0 0
1716896392181 984.0 0
1716896392636 985.0 0
1716896393093 986.0 0
1716896393553 987.0 0
1716896394020 988.0 0
1716896394471 989.0 0
1716896394924 990.0 0
1716896398896 991.0 0
1716896399402 992.0 0
1716896399879 993.0 0
1716896400354 994.0 0
1716896400807 995.0 0
1716896401271 996.0 0
1716896401724 997.0 0
1716896402181 998.0 0
1716896402638 999.0 0
1716896403100 1000.0 0
1716896407620 1001.0 0
1716896408082 1002.0 0
1716896408566 1003.0 0
1716896409034 1004.0 0
1716896409519 1005.0 0
1716896409969 1006.0 0
1716896410423 1007.0 0
1716896410893 1008.0 0
1716896411386 1009.0 0
1716896411852 1010.0 0
1716896416087 1011.0 0
1716896416549 1012.0 0
1716896417037 1013.0 0
1716896417497 1014.0 0
1716896417953 1015.0 0
1716896418425 1016.0 0
1716896418885 1017.0 0
1716896419346 1018.0 0
1716896419800 1019.0 0
1716896420263 1020.0 0
1716896424478 1021.0 0
1716896424948 1022.0 0
1716896425409 1023.0 0
1716896425867 1024.0 0
1716896426317 1025.0 0
1716896426773 1026.0 0
1716896427227 1027.0 0
1716896427703 1028.0 0
1716896428160 1029.0 0
1716896428633 1030.0 0
1716896432522 1031.0 0
1716896432994 1032.0 0
1716896433474 1033.0 0
1716896433950 1034.0 0
1716896434407 1035.0 0
1716896434856 1036.0 0
1716896435318 1037.0 0
1716896435779 1038.0 0
1716896436244 1039.0 0
1716896436708 1040.0 0
1716896440878 1041.0 0
1716896441360 1042.0 0
1716896441817 1043.0 0
1716896442281 1044.0 0
1716896442727 1045.0 0
1716896443187 1046.0 0
1716896443649 1047.0 0
1716896444107 1048.0 0
1716896444562 1049.0 0
1716896445022 1050.0 0
1716896448871 1051.0 0
1716896449330 1052.0 0
1716896449801 1053.0 0
1716896450262 1054.0 0
1716896450713 1055.0 0
1716896451170 1056.0 0
1716896451621 1057.0 0
1716896452077 1058.0 0
1716896452535 1059.0 0
1716896452993 1060.0 0
1716896457060 1061.0 0
1716896457530 1062.0 0
1716896457985 1063.0 0
1716896458446 1064.0 0
1716896458924 1065.0 0
1716896459397 1066.0 0
1716896459851 1067.0 0
1716896460308 1068.0 0
1716896460793 1069.0 0
1716896461254 1070.0 0
1716896465453 1071.0 0
1716896465908 1072.0 0
1716896466379 1073.0 0
1716896466839 1074.0 0
1716896467313 1075.0 0
1716896467778 1076.0 0
1716896468229 1077.0 0
1716896468680 1078.0 0
1716896469135 1079.0 0
1716896469589 1080.0 0
1716896473605 1081.0 0
1716896474078 1082.0 0
1716896474571 1083.0 0
1716896475056 1084.0 0
1716896475520 1085.0 0
1716896476022 1086.0 0
1716896476488 1087.0 0
1716896476954 1088.0 0
1716896477410 1089.0 0
1716896477863 1090.0 0
1716896482217 1091.0 0
1716896482695 1092.0 0
1716896483170 1093.0 0
1716896483652 1094.0 0
1716896484112 1095.0 0
1716896484572 1096.0 0
1716896485031 1097.0 0
1716896485501 1098.0 0
1716896485981 1099.0 0
1716896486425 1100.0 0
1716896490711 1101.0 0
1716896491189 1102.0 0
1716896491694 1103.0 0
1716896492161 1104.0 0
1716896492624 1105.0 0
1716896493091 1106.0 0
1716896493553 1107.0 0
1716896494017 1108.0 0
1716896494471 1109.0 0
1716896494932 1110.0 0
1716896501695 1111.0 0
1716896502216 1112.0 0
1716896502694 1113.0 0
1716896503160 1114.0 0
1716896503654 1115.0 0
1716896504154 1116.0 0
1716896504619 1117.0 0
1716896505083 1118.0 0
1716896505549 1119.0 0
1716896506014 1120.0 0
1716896513382 1121.0 0
1716896513859 1122.0 0
1716896514424 1123.0 0
1716896514889 1124.0 0
1716896515377 1125.0 0
1716896515858 1126.0 0
1716896516344 1127.0 0
1716896516834 1128.0 0
1716896517341 1129.0 0
1716896517846 1130.0 0
1716896523267 1131.0 0
1716896523765 1132.0 0
1716896524268 1133.0 0
1716896524789 1134.0 0
1716896525305 1135.0 0
1716896525970 1136.0 0
1716896526581 1137.0 0
1716896527154 1138.0 0
1716896527767 1139.0 0
1716896528352 1140.0 0
1716896533975 1141.0 0
1716896534455 1142.0 0
1716896534971 1143.0 0
1716896535426 1144.0 0
1716896535890 1145.0 0
1716896536382 1146.0 0
1716896536855 1147.0 0
1716896537323 1148.0 0
1716896537816 1149.0 0
1716896538293 1150.0 0
1716896543463 1151.0 0
1716896543940 1152.0 0
1716896544407 1153.0 0
1716896544856 1154.0 0
1716896545310 1155.0 0
1716896545782 1156.0 0
1716896546227 1157.0 0
1716896546679 1158.0 0
1716896547136 1159.0 0
1716896547588 1160.0 0
1716896552075 1161.0 0
1716896552536 1162.0 0
1716896553008 1163.0 0
1716896553467 1164.0 0
1716896553909 1165.0 0
1716896554356 1166.0 0
1716896554801 1167.0 0
1716896555256 1168.0 0
1716896555718 1169.0 0
1716896556181 1170.0 0
1716896560354 1171.0 0
1716896560812 1172.0 0
1716896561362 1173.0 0
1716896561853 1174.0 0
