1716895556207 7.426350116729736 0
1716895556904 7.505361080169678 0
1716895557517 6.882525444030762 0
1716895558075 6.588867664337158 0
1716895558690 6.284946441650391 0
1716895559335 6.144664764404297 0
1716895559905 6.075900554656982 0
1716895560535 6.023403644561768 0
1716895561182 5.955216884613037 0
1716895561804 5.88224983215332 0
1716895570691 5.805818557739258 0
1716895571280 5.762487888336182 0
1716895571887 5.716553688049316 0
1716895572509 5.651440620422363 0
1716895573080 5.561318874359131 0
1716895573771 5.459733486175537 0
1716895574396 5.352899074554443 0
1716895575009 5.26329231262207 0
1716895575629 5.171167850494385 0
1716895576197 5.070400238037109 0
1716895582513 4.9433488845825195 0
1716895582994 4.812466621398926 0
1716895583485 4.630573272705078 0
1716895583932 4.418462753295898 0
1716895584384 4.318654537200928 0
1716895584862 4.119387626647949 0
1716895585313 3.89825439453125 0
1716895585791 3.8377177715301514 0
1716895586270 3.6614506244659424 0
1716895586735 3.529757022857666 0
1716895591335 3.4446465969085693 0
1716895591828 3.371129274368286 0
1716895592314 3.2880523204803467 0
1716895592787 3.230647563934326 0
1716895593277 3.196645975112915 0
1716895593758 3.1422040462493896 0
1716895594206 3.0828728675842285 0
1716895594678 3.0426230430603027 0
1716895595149 3.0026934146881104 0
1716895595607 2.9509692192077637 0
1716895599889 2.9112820625305176 0
1716895600384 2.879302501678467 0
1716895600871 2.8557138442993164 0
1716895601362 2.823432207107544 0
1716895601858 2.79106068611145 0
1716895602455 2.7685959339141846 0
1716895602946 2.7503843307495117 0
1716895603424 2.7229580879211426 0
1716895603890 2.7082738876342773 0
1716895604346 2.698282480239868 0
1716895608695 2.670632839202881 0
1716895609182 2.642179012298584 0
1716895609652 2.629441261291504 0
1716895610112 2.627777338027954 0
1716895610594 2.6036264896392822 0
1716895611047 2.583608627319336 0
1716895611515 2.5709969997406006 0
1716895612156 2.557493209838867 0
1716895612653 2.5525901317596436 0
1716895613144 2.538569211959839 0
1716895617471 2.5154788494110107 0
1716895617959 2.499699831008911 0
1716895618412 2.4909026622772217 0
1716895618899 2.4850549697875977 0
1716895619373 2.466770648956299 0
1716895619842 2.4480109214782715 0
1716895620346 2.437325954437256 0
1716895620838 2.4298505783081055 0
1716895621307 2.4241318702697754 0
1716895621804 2.4044342041015625 0
1716895627211 2.3961174488067627 0
1716895627694 2.3899149894714355 0
1716895628183 2.3744707107543945 0
1716895628704 2.3652727603912354 0
1716895629222 2.3630149364471436 0
1716895629717 2.3537659645080566 0
1716895630201 2.3420569896698 0
1716895630714 2.335620403289795 0
1716895631204 2.338493824005127 0
1716895631749 2.3270437717437744 0
1716895636952 2.313812494277954 0
1716895637465 2.3089993000030518 0
1716895637957 2.3042492866516113 0
1716895638435 2.2906978130340576 0
1716895638890 2.276381731033325 0
1716895639350 2.2741692066192627 0
1716895639820 2.276904344558716 0
1716895640291 2.2702574729919434 0
1716895640747 2.2567405700683594 0
1716895641222 2.25233793258667 0
1716895646218 2.2472803592681885 0
1716895646697 2.2401983737945557 0
1716895647182 2.2360925674438477 0
1716895647683 2.226405620574951 0
1716895648172 2.2117578983306885 0
1716895648651 2.2006187438964844 0
1716895649138 2.2077724933624268 0
1716895649615 2.2065858840942383 0
1716895650090 2.1963555812835693 0
1716895650598 2.1962904930114746 0
1716895655891 2.2007699012756348 0
1716895656397 2.195615291595459 0
1716895656893 2.2083120346069336 0
1716895657370 2.182323932647705 0
1716895657831 2.1911721229553223 0
1716895658327 2.1661360263824463 0
1716895658791 2.1640820503234863 0
1716895659249 2.165383815765381 0
1716895659709 2.1788885593414307 0
1716895660197 2.153378963470459 0
1716895664388 2.151254177093506 0
1716895664864 2.1503357887268066 0
1716895665340 2.1449899673461914 0
1716895665823 2.1381354331970215 0
1716895666277 2.1359479427337646 0
1716895666761 2.120654582977295 0
1716895667228 2.117737293243408 0
1716895667694 2.119715929031372 0
1716895668162 2.1075973510742188 0
1716895668639 2.09908127784729 0
1716895672846 2.0922577381134033 0
1716895673323 2.09621000289917 0
1716895673802 2.0896291732788086 0
1716895674295 2.068568468093872 0
1716895674780 2.0753543376922607 0
1716895675244 2.0803885459899902 0
1716895675704 2.1361844539642334 0
1716895676170 2.3278331756591797 0
1716895676640 2.2996909618377686 0
1716895677117 2.37921142578125 0
1716895680727 2.434965133666992 0
1716895681189 2.425762891769409 0
1716895681681 2.413440227508545 0
1716895682139 2.3969945907592773 0
1716895682600 2.3743934631347656 0
1716895683084 2.3404719829559326 0
1716895683578 2.323367118835449 0
1716895684047 2.305063009262085 0
1716895684500 2.2840657234191895 0
1716895684963 2.2567479610443115 0
1716895689409 2.2426116466522217 0
1716895689877 2.2292160987854004 0
1716895690336 2.2234444618225098 0
1716895690821 2.2167794704437256 0
1716895691303 2.191366672515869 0
1716895691765 2.1659789085388184 0
1716895692238 2.152773857116699 0
1716895692701 2.136807918548584 0
1716895693154 2.1225273609161377 0
1716895693652 2.1155846118927 0
1716895697689 2.0985419750213623 0
1716895698167 2.0858733654022217 0
1716895698626 2.0746092796325684 0
1716895699093 2.078033447265625 0
1716895699557 2.0711989402770996 0
1716895700032 2.053549289703369 0
1716895700489 2.0445432662963867 0
1716895700941 2.0429904460906982 0
1716895701397 2.0338375568389893 0
1716895701859 2.025282621383667 0
1716895705478 2.0201966762542725 0
1716895705970 2.022897481918335 0
1716895706429 2.017489433288574 0
1716895706907 2.0111777782440186 0
1716895707374 2.0099198818206787 0
1716895707846 1.998023271560669 0
1716895708316 1.9869859218597412 0
1716895708773 1.989364504814148 0
1716895709227 1.9843604564666748 0
1716895709704 1.9714336395263672 0
1716895712824 1.9780728816986084 0
1716895713292 1.9702179431915283 0
1716895713758 1.9596569538116455 0
1716895714233 1.9515382051467896 0
1716895714701 1.953731894493103 0
1716895715177 1.9681382179260254 0
1716895715637 2.0039126873016357 0
1716895716094 2.164785861968994 0
1716895716573 2.0862598419189453 0
1716895717041 2.025005578994751 0
1716895720486 2.034045934677124 0
1716895720971 2.0195083618164062 0
1716895721454 2.009617805480957 0
1716895721912 2.01173734664917 0
1716895722384 1.982832431793213 0
1716895722835 1.9736309051513672 0
1716895723294 1.9831187725067139 0
1716895723765 1.9802634716033936 0
1716895724223 1.9679697751998901 0
1716895724685 1.9569308757781982 0
1716895728512 1.9513506889343262 0
1716895729039 1.9343637228012085 0
1716895729501 1.9372578859329224 0
1716895729957 1.9404308795928955 0
1716895730408 1.9374799728393555 0
1716895730863 1.9207416772842407 0
1716895731318 1.9123811721801758 0
1716895731779 1.9137072563171387 0
1716895732239 1.9088801145553589 0
1716895732699 1.9020261764526367 0
1716895735748 1.8998332023620605 0
1716895736225 1.9022918939590454 0
1716895736734 1.8928203582763672 0
1716895737218 1.884615421295166 0
1716895737678 1.885208010673523 0
1716895738169 1.8838977813720703 0
1716895738625 1.8796416521072388 0
1716895739112 1.873186707496643 0
1716895739578 1.868462324142456 0
1716895740034 1.863662838935852 0
1716895743266 1.8585412502288818 0
1716895743721 1.858809232711792 0
1716895744162 1.8634529113769531 0
1716895744652 1.8546981811523438 0
1716895745133 1.8434298038482666 0
1716895745588 1.8508458137512207 0
1716895746072 1.8511199951171875 0
1716895746537 1.8437867164611816 0
1716895746997 1.8398431539535522 0
1716895747471 1.8286181688308716 0
1716895751094 1.8268368244171143 0
1716895751592 1.8351495265960693 0
1716895752076 1.8265987634658813 0
1716895752563 1.818964958190918 0
1716895753035 1.81601083278656 0
1716895753504 1.8165926933288574 0
1716895753959 1.8158148527145386 0
1716895754422 1.809517502784729 0
1716895754883 1.8177883625030518 0
1716895755355 1.8211708068847656 0
1716895759122 1.818145751953125 0
1716895759613 1.8093034029006958 0
1716895760097 1.80299711227417 0
1716895760568 1.802524209022522 0
1716895761047 1.8176002502441406 0
1716895761527 1.8101171255111694 0
1716895761996 1.800522804260254 0
1716895762478 1.7880066633224487 0
1716895762952 1.7874146699905396 0
1716895763423 1.7896701097488403 0
1716895766939 1.8158053159713745 0
1716895767452 2.1627159118652344 0
1716895767935 3.052565336227417 0
1716895768419 2.279043674468994 0
1716895768903 2.3122739791870117 0
1716895769354 2.420689105987549 0
1716895769800 2.4540328979492188 0
1716895770268 2.3839735984802246 0
1716895770744 2.355865240097046 0
1716895771218 2.3700311183929443 0
1716895775372 2.339223623275757 0
1716895775844 2.2905333042144775 0
1716895776336 2.274822473526001 0
1716895776810 2.2551958560943604 0
1716895777270 2.220412254333496 0
1716895777732 2.1921892166137695 0
1716895778192 2.1663477420806885 0
1716895778681 2.1565346717834473 0
1716895779143 2.148162364959717 0
1716895779607 2.126075029373169 0
1716895783151 2.092867612838745 0
1716895783614 2.060544967651367 0
1716895784102 2.0548033714294434 0
1716895784557 2.0431156158447266 0
1716895785023 2.0227041244506836 0
1716895785506 2.001025438308716 0
1716895785969 1.9919639825820923 0
1716895786430 1.9767783880233765 0
1716895786885 1.9541471004486084 0
1716895787361 1.9331315755844116 0
1716895790460 1.9354510307312012 0
1716895790931 1.936870813369751 0
1716895791396 1.919268012046814 0
1716895791861 1.8939650058746338 0
1716895792336 1.8781019449234009 0
1716895792791 1.8635534048080444 0
1716895793263 1.860497236251831 0
1716895793717 1.8543275594711304 0
1716895794188 1.8377513885498047 0
1716895794649 1.8269177675247192 0
1716895798180 1.820091962814331 0
1716895798717 1.8042186498641968 0
1716895799206 1.8030585050582886 0
1716895799668 1.8052489757537842 0
1716895800164 1.7931489944458008 0
1716895800617 1.7863919734954834 0
1716895801084 1.7783727645874023 0
1716895801561 1.7759623527526855 0
1716895802021 1.762332558631897 0
1716895802478 1.7533338069915771 0
1716895806412 1.7526074647903442 0
1716895806901 1.7530301809310913 0
1716895807379 1.7397804260253906 0
1716895807889 1.727346658706665 0
1716895808347 1.72284734249115 0
1716895808806 1.7290575504302979 0
1716895809268 1.7327473163604736 0
1716895809729 1.7210628986358643 0
1716895810192 1.7166221141815186 0
1716895810669 1.69983971118927 0
1716895814190 1.6924774646759033 0
1716895814687 1.686987280845642 0
1716895815169 1.6786710023880005 0
1716895815641 1.6874158382415771 0
1716895816118 1.6883074045181274 0
1716895816580 1.674763798713684 0
1716895817049 1.6732981204986572 0
1716895817509 1.690255045890808 0
1716895817975 1.6897823810577393 0
1716895818453 1.7149347066879272 0
1716895821521 1.6394140720367432 0
1716895821971 1.6765114068984985 0
1716895822424 1.7468045949935913 0
1716895822902 1.6439920663833618 0
1716895823389 1.839185118675232 0
1716895823875 1.778554916381836 0
1716895824366 1.7845628261566162 0
1716895824828 1.696277379989624 0
1716895825286 1.756801724433899 0
1716895825746 1.7099241018295288 0
1716895829237 1.6887972354888916 0
1716895829755 1.6953184604644775 0
1716895830232 1.6871591806411743 0
1716895830711 1.6528745889663696 0
1716895831176 1.6633377075195312 0
1716895831652 1.6357874870300293 0
1716895832124 1.6203086376190186 0
1716895832592 1.618006944656372 0
1716895833048 1.6169934272766113 0
1716895833519 1.6133842468261719 0
1716895837141 1.586629867553711 0
1716895837613 1.594516396522522 0
1716895838089 1.591937780380249 0
1716895838568 1.582712173461914 0
1716895839048 1.5789152383804321 0
1716895839513 1.5747995376586914 0
1716895839992 1.5622419118881226 0
1716895840458 1.557204008102417 0
1716895840924 1.5585088729858398 0
1716895841402 1.5486176013946533 0
1716895844523 1.547026515007019 0
1716895844984 1.5380192995071411 0
1716895845461 1.54060697555542 0
1716895845932 1.531968116760254 0
1716895846410 1.528164029121399 0
1716895846872 1.5214840173721313 0
1716895847338 1.5179508924484253 0
1716895847809 1.5224401950836182 0
1716895848274 1.514384388923645 0
1716895848755 1.5095024108886719 0
1716895852267 1.5050206184387207 0
1716895852749 1.4950437545776367 0
1716895853246 1.5040682554244995 0
1716895853707 1.493236780166626 0
1716895854194 1.488047480583191 0
1716895854662 1.4883257150650024 0
1716895855126 1.4853544235229492 0
1716895855591 1.4818185567855835 0
1716895856053 1.4777204990386963 0
1716895856513 1.484096884727478 0
1716895859998 1.480442762374878 0
1716895860504 1.4618674516677856 0
1716895860985 1.4550909996032715 0
1716895861467 1.462451457977295 0
1716895861945 1.4701851606369019 0
1716895862396 1.4455645084381104 0
1716895862859 1.4522064924240112 0
1716895863338 1.4630509614944458 0
1716895863806 1.4535682201385498 0
1716895864265 1.4397813081741333 0
1716895867944 1.4360681772232056 0
1716895868417 1.441301941871643 0
1716895868883 1.4469245672225952 0
1716895869347 1.4343339204788208 0
1716895869804 1.4185638427734375 0
1716895870282 1.438054084777832 0
1716895870757 1.422590732574463 0
1716895871230 1.421355962753296 0
1716895871714 1.4100404977798462 0
1716895872171 1.4066087007522583 0
1716895875849 1.4153701066970825 0
1716895876312 1.4089503288269043 0
1716895876789 1.4014919996261597 0
1716895877276 1.3945341110229492 0
1716895877775 1.39452064037323 0
1716895878256 1.4031747579574585 0
1716895878737 1.4068267345428467 0
1716895879198 1.4118289947509766 0
1716895879659 1.3845698833465576 0
1716895880165 1.3784196376800537 0
1716895883481 1.3807096481323242 0
1716895883960 1.388810634613037 0
1716895884436 1.3855584859848022 0
1716895884920 1.3741462230682373 0
1716895885389 1.3562595844268799 0
1716895885846 1.3522313833236694 0
1716895886322 1.3565421104431152 0
1716895886786 1.3554415702819824 0
1716895887264 1.3676830530166626 0
1716895887725 1.3952234983444214 0
1716895891294 1.3823658227920532 0
1716895891796 1.3884202241897583 0
1716895892254 1.3665120601654053 0
1716895892708 1.345403790473938 0
1716895893155 1.3594071865081787 0
1716895893628 1.3750152587890625 0
1716895894100 1.3495450019836426 0
1716895894607 1.3466697931289673 0
1716895895080 1.332133173942566 0
1716895895549 1.3394349813461304 0
1716895899078 1.3380149602890015 0
1716895899603 1.335226058959961 0
1716895900101 1.3169370889663696 0
1716895900590 1.322245717048645 0
1716895901065 1.326707124710083 0
1716895901543 1.3221334218978882 0
1716895902015 1.30705726146698 0
1716895902485 1.3222544193267822 0
1716895902963 1.317347526550293 0
1716895903420 1.330332636833191 0
1716895907105 1.330842137336731 0
1716895907621 1.3118321895599365 0
1716895908118 1.297545075416565 0
1716895908597 1.2866950035095215 0
1716895909057 1.285630702972412 0
1716895909523 1.2787220478057861 0
1716895909982 1.27785325050354 0
1716895910467 1.2706353664398193 0
1716895910922 1.2628382444381714 0
1716895911398 1.2603622674942017 0
1716895915757 1.260847568511963 0
1716895916275 1.244546890258789 0
1716895916725 1.2426929473876953 0
1716895917221 1.2484517097473145 0
1716895917700 1.245914340019226 0
1716895918170 1.2598685026168823 0
1716895918643 1.272898554801941 0
1716895919107 1.3496299982070923 0
1716895919581 1.3523657321929932 0
1716895920048 1.2800192832946777 0
1716895923310 1.2404175996780396 0
1716895923781 1.281963586807251 0
1716895924241 1.2989718914031982 0
1716895924701 1.2383724451065063 0
1716895925169 1.2384110689163208 0
1716895925633 1.277285099029541 0
1716895926118 1.2361817359924316 0
1716895926587 1.2283073663711548 0
1716895927061 1.2377331256866455 0
1716895927537 1.224384069442749 0
1716895931053 1.2134721279144287 0
1716895931526 1.221674919128418 0
1716895932038 1.215350866317749 0
1716895932541 1.2151068449020386 0
1716895933003 1.208798885345459 0
1716895933484 1.1958214044570923 0
1716895933944 1.2079250812530518 0
1716895934433 1.2041398286819458 0
1716895934907 1.1934350728988647 0
1716895935388 1.1804752349853516 0
1716895939557 1.1941648721694946 0
1716895940040 1.1769461631774902 0
1716895940525 1.1657323837280273 0
1716895940997 1.1894248723983765 0
1716895941489 1.1768776178359985 0
1716895941981 1.1585206985473633 0
1716895942493 1.161238193511963 0
1716895942962 1.1833107471466064 0
1716895943442 1.1961101293563843 0
1716895943968 1.1760448217391968 0
1716895949057 1.1680198907852173 0
1716895949684 1.1693888902664185 0
1716895950163 1.1650745868682861 0
1716895950705 1.1503137350082397 0
1716895951215 1.1498916149139404 0
1716895951676 1.1505513191223145 0
1716895952171 1.1421639919281006 0
1716895952674 1.1431660652160645 0
1716895953157 1.1363340616226196 0
1716895953624 1.1341297626495361 0
1716895958688 1.1376591920852661 0
1716895959179 1.1203765869140625 0
1716895959666 1.1427828073501587 0
1716895960131 1.1513044834136963 0
1716895960610 1.1663464307785034 0
1716895961092 1.1751686334609985 0
1716895961557 1.210225224494934 0
1716895962019 1.3610492944717407 0
1716895962489 1.314765453338623 0
1716895962968 1.3011786937713623 0
1716895967877 1.3225045204162598 0
1716895968462 1.222606897354126 0
1716895968949 1.2551313638687134 0
1716895969444 1.2230966091156006 0
1716895969938 1.205767273902893 0
1716895970425 1.2016160488128662 0
1716895970939 1.203243613243103 0
1716895971442 1.1847478151321411 0
1716895971918 1.1725331544876099 0
1716895972452 1.154219627380371 0
1716895977769 1.1505708694458008 0
1716895978291 1.1430506706237793 0
1716895978762 1.1207717657089233 0
1716895979261 1.1220910549163818 0
1716895979743 1.1175382137298584 0
1716895980204 1.1097445487976074 0
1716895980689 1.1093851327896118 0
1716895981176 1.1084312200546265 0
1716895981725 1.0978498458862305 0
1716895982190 1.1000630855560303 0
1716895987439 1.0971879959106445 0
1716895987925 1.082574486732483 0
1716895988397 1.0776671171188354 0
1716895988900 1.0763665437698364 0
1716895989361 1.0787367820739746 0
1716895989846 1.0681266784667969 0
1716895990333 1.067543387413025 0
1716895990793 1.0666899681091309 0
1716895991294 1.0620359182357788 0
1716895991767 1.0599024295806885 0
1716895997056 1.0619416236877441 0
1716895997530 1.0669382810592651 0
1716895998021 1.0636337995529175 0
1716895998478 1.0877302885055542 0
1716895998936 1.2260379791259766 0
1716895999402 1.28799307346344 0
1716895999863 1.1832935810089111 0
1716896000326 1.1944875717163086 0
1716896000808 1.1406821012496948 0
1716896001263 1.2381058931350708 0
1716896006174 1.3217010498046875 0
1716896006658 1.245678424835205 0
1716896007139 1.1886900663375854 0
1716896007612 1.214718222618103 0
1716896008071 1.187839150428772 0
1716896008537 1.1460777521133423 0
1716896008997 1.1568527221679688 0
1716896009467 1.1336250305175781 0
1716896009928 1.1377254724502563 0
1716896010404 1.128396987915039 0
1716896014766 1.116014003753662 0
1716896015254 1.113738775253296 0
1716896015737 1.0876294374465942 0
1716896016195 1.0926635265350342 0
1716896016644 1.0912240743637085 0
1716896017115 1.073814034461975 0
1716896017567 1.075917363166809 0
1716896018031 1.06559157371521 0
1716896018513 1.0589487552642822 0
1716896018976 1.0545926094055176 0
1716896025525 1.0436458587646484 0
1716896025988 1.0404421091079712 0
1716896026471 1.0416659116744995 0
1716896026951 1.038259506225586 0
1716896027425 1.0334620475769043 0
1716896027896 1.0233685970306396 0
1716896028368 1.0236010551452637 0
1716896028831 1.0272636413574219 0
1716896029284 1.0206539630889893 0
1716896029747 1.0199811458587646 0
1716896033997 1.01400887966156 0
1716896034476 1.015782356262207 0
1716896034939 1.0106101036071777 0
1716896035403 1.0098319053649902 0
1716896035864 1.0121474266052246 0
1716896036326 1.0001777410507202 0
1716896036787 0.9973297119140625 0
1716896037246 1.0038981437683105 0
1716896037710 1.003706455230713 0
1716896038163 0.9999735951423645 0
1716896042280 1.0024460554122925 0
1716896042775 1.0057963132858276 0
1716896043228 1.0147297382354736 0
1716896043688 1.0276391506195068 0
1716896044153 1.0256367921829224 0
1716896044612 1.0279620885849 0
1716896045077 1.0190922021865845 0
1716896045539 0.9958044290542603 0
1716896045996 0.9885989427566528 0
1716896046456 1.0025981664657593 0
1716896051047 1.0049796104431152 0
1716896051499 1.011773705482483 0
1716896051963 1.0016423463821411 0
1716896052426 0.9818997383117676 0
1716896052894 0.9824765920639038 0
1716896053357 0.991264820098877 0
1716896053816 1.0085312128067017 0
1716896054281 1.0373096466064453 0
1716896054752 1.0901933908462524 0
1716896055406 1.4486678838729858 0
1716896060154 1.2855725288391113 0
1716896060655 1.2403151988983154 0
1716896061128 1.1540261507034302 0
1716896061610 1.2579610347747803 0
1716896062092 1.119382381439209 0
1716896062556 1.2090657949447632 0
1716896063019 1.107974886894226 0
1716896063483 1.1316355466842651 0
1716896063949 1.1380358934402466 0
1716896064410 1.0810123682022095 0
1716896068561 1.0909428596496582 0
1716896069023 1.056829810142517 0
1716896069495 1.0811094045639038 0
1716896069970 1.0792341232299805 0
1716896070435 1.1272311210632324 0
1716896070898 1.1409564018249512 0
1716896071357 1.1490508317947388 0
1716896071815 1.124891757965088 0
1716896072273 1.1231956481933594 0
1716896072734 1.0989675521850586 0
1716896076845 1.087900996208191 0
1716896077352 1.0679168701171875 0
1716896078074 1.0539746284484863 0
1716896078581 1.0526788234710693 0
1716896079069 1.047518014907837 0
1716896079531 1.041231632232666 0
1716896079993 1.037400722503662 0
1716896080454 1.0271944999694824 0
1716896080909 1.0140233039855957 0
1716896081384 1.0036842823028564 0
1716896085635 1.0017653703689575 0
1716896086118 1.0054134130477905 0
1716896086609 0.9992697834968567 0
1716896087069 0.9888917803764343 0
1716896087530 0.9908942580223083 0
1716896088005 0.987474262714386 0
1716896088462 0.9847449660301208 0
1716896088921 0.9731106162071228 0
1716896089378 0.9814419746398926 0
1716896089843 0.9727964401245117 0
1716896093810 0.9675332307815552 0
1716896094310 0.9695688486099243 0
1716896094793 0.9536309838294983 0
1716896095258 0.9610366225242615 0
1716896095732 0.9590235948562622 0
1716896096206 0.9506007432937622 0
1716896096706 0.9495267868041992 0
1716896097203 0.9515138864517212 0
1716896097671 0.9357378482818604 0
1716896098131 0.9480580687522888 0
1716896102238 0.9449639320373535 0
1716896102710 0.9400109648704529 0
1716896103203 0.9451810717582703 0
1716896103691 0.9415290355682373 0
1716896104146 0.9391369819641113 0
1716896104597 0.9319074153900146 0
1716896105043 0.9330175518989563 0
1716896105498 0.9326745867729187 0
1716896105976 0.9382042288780212 0
1716896106432 0.9420703649520874 0
1716896111086 1.007029414176941 0
1716896111578 1.2491296529769897 0
1716896112043 1.92526376247406 0
1716896112517 1.6554696559906006 0
1716896113002 1.5705745220184326 0
1716896113460 1.361991286277771 0
1716896113927 1.516640543937683 0
1716896114387 1.344669222831726 0
1716896114853 1.3966983556747437 0
1716896115333 1.2508447170257568 0
1716896120146 1.296830415725708 0
1716896120629 1.242647409439087 0
1716896121080 1.206376075744629 0
1716896121542 1.2193387746810913 0
1716896122003 1.1989773511886597 0
1716896122482 1.1685845851898193 0
1716896122936 1.1521104574203491 0
1716896123402 1.1531473398208618 0
1716896123881 1.1327121257781982 0
1716896124357 1.1194984912872314 0
1716896128734 1.1025869846343994 0
1716896129194 1.0819644927978516 0
1716896129681 1.0830755233764648 0
1716896130137 1.0773829221725464 0
1716896130606 1.0377517938613892 0
1716896131068 1.0434696674346924 0
1716896131526 1.0464247465133667 0
1716896132020 1.026304006576538 0
1716896132483 1.0245130062103271 0
1716896132955 1.010189175605774 0
1716896137836 0.9980447292327881 0
1716896138304 0.9929215312004089 0
1716896138796 0.9838465452194214 0
1716896139255 0.9760404825210571 0
1716896139700 0.9676448106765747 0
1716896140153 0.963589608669281 0
1716896140630 0.9550132155418396 0
1716896141092 0.9481731057167053 0
1716896141557 0.9522011876106262 0
1716896142011 0.9435901045799255 0
1716896146657 0.9360328912734985 0
1716896147123 0.9316619038581848 0
1716896147586 0.9361124634742737 0
1716896148070 0.9262102842330933 0
1716896148523 0.9251750707626343 0
1716896149005 0.9253583550453186 0
1716896149455 0.9204121828079224 0
1716896149920 0.9184324741363525 0
1716896150372 0.9162504076957703 0
1716896150831 0.9103008508682251 0
1716896157045 0.9060462117195129 0
1716896157539 0.9072110652923584 0
1716896158021 0.9017994403839111 0
1716896158500 0.9020386934280396 0
1716896158971 0.8988705277442932 0
1716896159463 0.9028096199035645 0
1716896159938 0.8964709043502808 0
1716896160389 0.8939088582992554 0
1716896160838 0.895751953125 0
1716896161320 0.8917698264122009 0
1716896166146 0.8876516819000244 0
1716896166636 0.8881117701530457 0
1716896167114 0.8849347829818726 0
1716896167565 0.888200044631958 0
1716896168045 0.8839139342308044 0
1716896168518 0.8762891292572021 0
1716896168976 0.8857857584953308 0
1716896169436 0.8841784000396729 0
1716896169889 0.878337562084198 0
1716896170352 0.8721636533737183 0
1716896174743 0.8779183030128479 0
1716896175208 0.8758339881896973 0
1716896175696 0.8689800500869751 0
1716896176163 0.876318097114563 0
1716896176640 0.8719427585601807 0
1716896177104 0.8712054491043091 0
1716896177559 0.8716738820075989 0
1716896178028 0.8605030179023743 0
1716896178484 0.8660442233085632 0
1716896178945 0.8606904745101929 0
1716896183189 0.8629352450370789 0
1716896183671 0.856299102306366 0
1716896184134 0.8613892197608948 0
1716896184607 0.8579791784286499 0
1716896185064 0.8579424619674683 0
1716896185539 0.8592832088470459 0
1716896186014 0.8612374067306519 0
1716896186469 0.8480451107025146 0
1716896186927 0.8594716787338257 0
1716896187400 0.8553488254547119 0
1716896191288 0.8547225594520569 0
1716896191805 0.8515116572380066 0
1716896192267 0.8478569388389587 0
1716896192728 0.8467870354652405 0
1716896193180 0.8533208966255188 0
1716896193635 0.8515708446502686 0
1716896194110 0.8522299528121948 0
1716896194567 0.8544303774833679 0
1716896195018 0.8583723902702332 0
1716896195474 0.8532184958457947 0
1716896199332 0.8604621887207031 0
1716896199804 0.8465188145637512 0
1716896200285 0.8741254806518555 0
1716896200742 0.8725259900093079 0
1716896201200 1.097069501876831 0
1716896201653 1.3128232955932617 0
1716896202108 1.1569054126739502 0
1716896202582 1.1695258617401123 0
1716896203044 1.0705612897872925 0
1716896203509 1.073714017868042 0
1716896207470 1.062523603439331 0
1716896207960 1.0504560470581055 0
1716896208446 1.021528720855713 0
1716896208902 1.0222684144973755 0
1716896209371 1.0050559043884277 0
1716896209829 1.005048155784607 0
1716896210279 0.9933160543441772 0
1716896210739 0.9648373126983643 0
1716896211216 0.9727170467376709 0
1716896211688 0.9653533101081848 0
1716896215784 0.9428148865699768 0
1716896216281 0.9316452741622925 0
1716896216726 0.9251155257225037 0
1716896217204 0.9236887693405151 0
1716896217648 0.9096704721450806 0
1716896218098 0.90485680103302 0
1716896218555 0.9015328884124756 0
1716896219022 0.8937004208564758 0
1716896219479 0.8877012133598328 0
1716896219934 0.8818109631538391 0
1716896223780 0.8792539834976196 0
1716896224253 0.8795762062072754 0
1716896224714 0.867610514163971 0
1716896225170 0.8649550080299377 0
1716896225638 0.8648608922958374 0
1716896226079 0.8640304803848267 0
1716896226542 0.8512130975723267 0
1716896227002 0.8580976128578186 0
1716896227459 0.8490967750549316 0
1716896227911 0.8483326435089111 0
1716896231741 0.8477850556373596 0
1716896232246 0.8466823101043701 0
1716896232732 0.842563271522522 0
1716896233190 0.8424158692359924 0
1716896233662 0.8405989408493042 0
1716896234135 0.8392423987388611 0
1716896234592 0.8370124697685242 0
1716896235063 0.8349962830543518 0
1716896235595 0.8279049396514893 0
1716896236080 0.8256747722625732 0
1716896240892 0.8200680017471313 0
1716896241411 0.818844735622406 0
1716896241870 0.8209375143051147 0
1716896242335 0.8186050653457642 0
1716896242786 0.8181320428848267 0
1716896243243 0.8122014999389648 0
1716896243696 0.8209532499313354 0
1716896244165 0.8101720213890076 0
1716896244622 0.8078888058662415 0
1716896245074 0.8073175549507141 0
1716896248859 0.8124356269836426 0
1716896249316 0.8098867535591125 0
1716896249769 0.8001168966293335 0
1716896250240 0.803687572479248 0
1716896250710 0.8022231459617615 0
1716896251181 0.7981711626052856 0
1716896251648 0.7967230081558228 0
1716896252104 0.7973802089691162 0
1716896252568 0.8115286231040955 0
1716896253033 0.8407759666442871 0
1716896257161 0.835250973701477 0
1716896257658 0.8423507213592529 0
1716896258146 0.8385328650474548 0
1716896258611 0.8197178244590759 0
1716896259107 0.8236096501350403 0
1716896259574 0.8289991021156311 0
1716896260033 0.8378548622131348 0
1716896260497 0.8362360000610352 0
1716896260947 0.845151424407959 0
1716896261406 0.8355847597122192 0
1716896265411 0.8256721496582031 0
1716896265902 0.8307783007621765 0
1716896266368 0.8333320617675781 0
1716896266836 0.8257066011428833 0
1716896267290 0.8230373859405518 0
1716896267744 0.821361243724823 0
1716896268194 0.8077046871185303 0
1716896268654 0.816815972328186 0
1716896269123 0.8108110427856445 0
1716896269580 0.8096362948417664 0
1716896273371 0.7986797094345093 0
1716896273868 0.8041886687278748 0
1716896274339 0.8038953542709351 0
1716896274805 0.7986671328544617 0
1716896275261 0.8009883165359497 0
1716896275742 0.7971393465995789 0
1716896276249 0.7938531041145325 0
1716896276703 0.8006023168563843 0
1716896277167 0.7887536287307739 0
1716896277627 0.7885417342185974 0
1716896281702 0.7923110723495483 0
1716896282186 0.7867172360420227 0
1716896282640 0.787566602230072 0
1716896283111 0.7858241200447083 0
1716896283590 0.7856535315513611 0
1716896284088 0.7851258516311646 0
1716896284545 0.7816907167434692 0
1716896285006 0.7793446779251099 0
1716896285467 0.7767947912216187 0
1716896285936 0.780971884727478 0
1716896290194 0.7792200446128845 0
1716896290653 0.7721360921859741 0
1716896291126 0.7760172486305237 0
1716896291592 0.7752727270126343 0
1716896292053 0.7718329429626465 0
1716896292537 0.7786452770233154 0
1716896292994 0.7757746577262878 0
1716896293453 0.7685706615447998 0
1716896293909 0.7737252712249756 0
1716896294364 0.7709288597106934 0
1716896298951 0.7759873270988464 0
1716896299438 0.7650092840194702 0
1716896299902 0.7759720683097839 0
1716896300372 0.7623137831687927 0
1716896300840 0.7650265097618103 0
1716896301292 0.77097487449646 0
1716896301753 0.7738712430000305 0
1716896302207 0.7752200365066528 0
1716896302657 0.7657008171081543 0
1716896303116 0.7716280221939087 0
1716896309125 0.782551646232605 0
1716896309610 0.7699925899505615 0
1716896310100 0.787450909614563 0
1716896310544 0.7926933169364929 0
1716896311019 0.76865553855896 0
1716896311496 0.7692651152610779 0
1716896311950 0.7908070087432861 0
1716896312399 0.9174694418907166 0
1716896312858 1.070989727973938 0
1716896313313 1.4019958972930908 0
1716896317367 1.2898271083831787 0
1716896317835 1.1392306089401245 0
1716896318295 1.3260327577590942 0
1716896318782 1.2063236236572266 0
1716896319236 1.3283740282058716 0
1716896319696 1.1152108907699585 0
1716896320153 1.175837755203247 0
1716896320627 1.0980491638183594 0
1716896321083 1.0478720664978027 0
1716896321540 1.007117748260498 0
1716896325575 1.0919512510299683 0
1716896326097 1.003015398979187 0
1716896326578 0.9695430397987366 0
1716896327040 0.9847694039344788 0
1716896327491 0.9605480432510376 0
1716896327945 0.9351323246955872 0
1716896328396 0.9740326404571533 0
1716896328868 0.9432776570320129 0
1716896329323 0.9116576313972473 0
1716896329783 0.8972387313842773 0
1716896333563 0.9093759059906006 0
1716896334075 0.895188570022583 0
1716896334540 0.874204158782959 0
1716896335012 0.8655364513397217 0
1716896335468 0.8661332726478577 0
1716896335918 0.8517518639564514 0
1716896336370 0.8397500514984131 0
1716896336825 0.8376109004020691 0
1716896337276 0.8351918458938599 0
1716896337746 0.8254029154777527 0
1716896341590 0.8245384693145752 0
1716896342058 0.8111526966094971 0
1716896342520 0.816927433013916 0
1716896343000 0.814987063407898 0
1716896343497 0.8079549074172974 0
1716896343969 0.8003748059272766 0
1716896344424 0.7917343378067017 0
1716896344880 0.7872408032417297 0
1716896345347 0.7839205265045166 0
1716896345815 0.7811758518218994 0
1716896350019 0.7746497988700867 0
1716896350504 0.7733547687530518 0
1716896350967 0.7729620337486267 0
1716896351426 0.7671669721603394 0
1716896351891 0.7668840885162354 0
1716896352353 0.7670074105262756 0
1716896352817 0.7621101140975952 0
1716896353282 0.7574793696403503 0
1716896353743 0.7520438432693481 0
1716896354201 0.7513666152954102 0
1716896358237 0.7514934539794922 0
1716896358705 0.7474841475486755 0
1716896359206 0.7471469640731812 0
1716896359685 0.7427597045898438 0
1716896360132 0.7403193712234497 0
1716896360628 0.7361234426498413 0
1716896361080 0.7430025935173035 0
1716896361541 0.7359981536865234 0
1716896361992 0.7312126159667969 0
1716896362451 0.7366803288459778 0
1716896366492 0.7346093058586121 0
1716896366955 0.7305899858474731 0
1716896367410 0.7342004179954529 0
1716896367879 0.7286959290504456 0
1716896368338 0.7287817597389221 0
1716896368816 0.7267961502075195 0
1716896369286 0.7255476713180542 0
1716896369759 0.7223755121231079 0
1716896370217 0.7179282903671265 0
1716896370686 0.72696453332901 0
1716896374685 0.715250551700592 0
1716896375162 0.7210368514060974 0
1716896375620 0.718035101890564 0
1716896376106 0.7139010429382324 0
1716896376562 0.714496910572052 0
1716896377019 0.7160542607307434 0
1716896377476 0.7150493860244751 0
1716896377942 0.7158540487289429 0
1716896378398 0.7162679433822632 0
1716896378862 0.7139304876327515 0
1716896382771 0.7064148783683777 0
1716896383257 0.7081807851791382 0
1716896383738 0.7164161205291748 0
1716896384200 0.7139520645141602 0
1716896384649 0.706713855266571 0
1716896385110 0.7085664868354797 0
1716896385567 0.7109067440032959 0
1716896386025 0.725432813167572 0
1716896386478 0.7325647473335266 0
1716896386933 0.7194534540176392 0
1716896390719 0.7156403064727783 0
1716896391233 0.7174569964408875 0
1716896391688 0.7247471213340759 0
1716896392163 0.7175164818763733 0
1716896392622 0.7066936492919922 0
1716896393080 0.7257398366928101 0
1716896393539 0.7253848910331726 0
1716896394007 0.7188436388969421 0
1716896394458 0.7127457857131958 0
1716896394912 0.7194402813911438 0
1716896398846 0.7168559432029724 0
1716896399384 0.7111988663673401 0
1716896399866 0.7077319025993347 0
1716896400342 0.715427041053772 0
1716896400796 0.7071680426597595 0
1716896401256 0.7004292011260986 0
1716896401712 0.702852725982666 0
1716896402167 0.6942495107650757 0
1716896402625 0.6991614699363708 0
1716896403089 0.698995053768158 0
1716896407580 0.6965702772140503 0
1716896408065 0.7049543261528015 0
1716896408553 0.7831485867500305 0
1716896409021 0.921918511390686 0
1716896409508 0.9118036031723022 0
1716896409956 0.8597316145896912 0
1716896410410 0.8351835012435913 0
1716896410874 0.7925593852996826 0
1716896411374 0.8178879022598267 0
1716896411831 0.8680447340011597 0
1716896416066 0.823326587677002 0
1716896416529 0.8341604471206665 0
1716896417022 0.8070959448814392 0
1716896417485 0.7811883091926575 0
1716896417941 0.7871655821800232 0
1716896418401 0.7645879983901978 0
1716896418874 0.765643835067749 0
1716896419332 0.7642115354537964 0
1716896419787 0.7556246519088745 0
1716896420250 0.73832106590271 0
1716896424447 0.7337191104888916 0
1716896424935 0.736702561378479 0
1716896425395 0.7304566502571106 0
1716896425855 0.7258815169334412 0
1716896426304 0.7233995199203491 0
1716896426762 0.7173766493797302 0
1716896427214 0.7148921489715576 0
1716896427689 0.7151731252670288 0
1716896428145 0.7065141201019287 0
1716896428621 0.7114285826683044 0
1716896432497 0.7074679732322693 0
1716896432977 0.6973696947097778 0
1716896433463 0.6991045475006104 0
1716896433937 0.7026498317718506 0
1716896434395 0.6956654787063599 0
1716896434845 0.6927294135093689 0
1716896435304 0.698783814907074 0
1716896435768 0.6930805444717407 0
1716896436233 0.6852486729621887 0
1716896436687 0.6889066696166992 0
1716896440842 0.6858612298965454 0
1716896441347 0.6840238571166992 0
1716896441804 0.6750510931015015 0
1716896442269 0.6852028369903564 0
1716896442716 0.6769636869430542 0
1716896443176 0.6771602630615234 0
1716896443636 0.673840343952179 0
1716896444091 0.6791362762451172 0
1716896444550 0.676116406917572 0
1716896445011 0.6713564395904541 0
1716896448852 0.6779541969299316 0
1716896449310 0.6801797151565552 0
1716896449786 0.6745538711547852 0
1716896450243 0.6712714433670044 0
1716896450701 0.6720796823501587 0
1716896451158 0.6692826747894287 0
1716896451609 0.665442168712616 0
1716896452065 0.671890139579773 0
1716896452520 0.6643195152282715 0
1716896452979 0.6648553609848022 0
1716896457024 0.662155032157898 0
1716896457518 0.6688949465751648 0
1716896457973 0.667281448841095 0
1716896458433 0.6606070399284363 0
1716896458903 0.6675325632095337 0
1716896459383 0.6641787886619568 0
1716896459834 0.6601844429969788 0
1716896460294 0.6552667021751404 0
1716896460778 0.6603683829307556 0
1716896461241 0.6618454456329346 0
1716896465423 0.6572445631027222 0
1716896465892 0.6570620536804199 0
1716896466361 0.6591010093688965 0
1716896466827 0.6612114906311035 0
1716896467298 0.6547226905822754 0
1716896467763 0.6608741879463196 0
1716896468216 0.6577943563461304 0
1716896468668 0.6680743098258972 0
1716896469124 0.6812748908996582 0
1716896469572 0.6902726292610168 0
1716896473559 0.7790356874465942 0
1716896474067 1.6057639122009277 0
1716896474550 2.533761739730835 0
1716896475042 2.061295509338379 0
1716896475506 1.861262559890747 0
1716896476001 1.9312620162963867 0
1716896476475 1.6437947750091553 0
1716896476943 1.5980130434036255 0
1716896477397 1.5972474813461304 0
1716896477852 1.5328352451324463 0
1716896482176 1.3904283046722412 0
1716896482674 1.4002059698104858 0
1716896483156 1.3948473930358887 0
1716896483641 1.2916436195373535 0
1716896484100 1.2282066345214844 0
1716896484561 1.205254316329956 0
1716896485016 1.1513748168945312 0
1716896485481 1.0978175401687622 0
1716896485969 1.0701954364776611 0
1716896486416 1.0669305324554443 0
1716896490693 1.06595778465271 0
1716896491174 1.0281236171722412 0
1716896491681 0.9936926364898682 0
1716896492145 0.9723033308982849 0
1716896492609 0.9527097940444946 0
1716896493079 0.9244697093963623 0
1716896493539 0.9081190824508667 0
1716896494004 0.9092190265655518 0
1716896494458 0.8971406817436218 0
1716896494920 0.8734050989151001 0
1716896501661 0.8612437844276428 0
1716896502175 0.8563535213470459 0
1716896502682 0.8460991978645325 0
1716896503146 0.8336894512176514 0
1716896503616 0.8196812868118286 0
1716896504133 0.8127497434616089 0
1716896504606 0.8051252365112305 0
1716896505072 0.7934538722038269 0
1716896505531 0.7890580892562866 0
1716896506002 0.7833544611930847 0
1716896513355 0.7790261507034302 0
1716896513839 0.7687667608261108 0
1716896514406 0.7579983472824097 0
1716896514870 0.7543114423751831 0
1716896515361 0.7541590332984924 0
1716896515839 0.7467877864837646 0
1716896516331 0.7395319938659668 0
1716896516819 0.7334557175636292 0
1716896517321 0.7256384491920471 0
1716896517832 0.7154406309127808 0
1716896523217 0.7191488742828369 0
1716896523749 0.7161712050437927 0
1716896524246 0.7086198329925537 0
1716896524777 0.7096555829048157 0
1716896525294 0.7045305967330933 0
1716896525933 0.7019770741462708 0
1716896526552 0.6976718902587891 0
1716896527143 0.6916850805282593 0
1716896527695 0.6904422640800476 0
1716896528331 0.6853304505348206 0
1716896533958 0.684769868850708 0
1716896534425 0.6826977133750916 0
1716896534936 0.6770218014717102 0
1716896535406 0.6772958636283875 0
1716896535869 0.6756013035774231 0
1716896536352 0.6840460896492004 0
1716896536844 0.6799765229225159 0
1716896537303 0.6729296445846558 0
1716896537800 0.6730332374572754 0
1716896538267 0.6726884841918945 0
1716896543434 0.6675092577934265 0
1716896543912 0.6668431758880615 0
1716896544396 0.6651264429092407 0
1716896544846 0.6647056937217712 0
1716896545295 0.6625863313674927 0
1716896545765 0.6595728397369385 0
1716896546217 0.6603708267211914 0
1716896546665 0.6562566757202148 0
1716896547125 0.6558319330215454 0
1716896547576 0.655125617980957 0
1716896552049 0.6529223322868347 0
1716896552521 0.6552745699882507 0
1716896552981 0.652150571346283 0
1716896553457 0.6515422463417053 0
1716896553901 0.6495190858840942 0
1716896554342 0.6450949907302856 0
1716896554791 0.6560105681419373 0
1716896555243 0.6463767290115356 0
1716896555708 0.647558331489563 0
1716896556167 0.6486778259277344 0
1716896560335 0.6425337791442871 0
1716896560802 0.6438584327697754 0
1716896561336 0.6387813091278076 0
1716896561839 0.6406993865966797 0
