1716895556294 2.9680449962615967 0
1716895556933 0.6080520153045654 0
1716895557567 0.6171481609344482 0
1716895558145 0.5700008869171143 0
1716895558771 0.593670129776001 0
1716895559384 0.5913150310516357 0
1716895559986 0.5950582027435303 0
1716895560577 0.5751900672912598 0
1716895561239 0.608508825302124 0
1716895561869 0.6249909400939941 0
1716895570735 2.5800418853759766 0
1716895571335 0.5921049118041992 0
1716895571952 0.6075541973114014 0
1716895572553 0.5898239612579346 0
1716895573158 0.596613883972168 0
1716895573824 0.6564230918884277 0
1716895574437 0.6038429737091064 0
1716895575043 0.5884401798248291 0
1716895575671 0.5968949794769287 0
1716895576242 0.5646767616271973 0
1716895582539 1.2362101078033447 0
1716895583038 0.4920649528503418 0
1716895583501 0.4541599750518799 0
1716895583953 0.44338512420654297 0
1716895584405 0.44307994842529297 0
1716895584881 0.44643592834472656 0
1716895585338 0.44640088081359863 0
1716895585824 0.4745180606842041 0
1716895586293 0.45317816734313965 0
1716895586765 0.461414098739624 0
1716895591360 1.0285890102386475 0
1716895591859 0.48846983909606934 0
1716895592341 0.47026777267456055 0
1716895592831 0.47679996490478516 0
1716895593313 0.47316598892211914 0
1716895593780 0.4526078701019287 0
1716895594230 0.43645596504211426 0
1716895594709 0.4658339023590088 0
1716895595174 0.45194482803344727 0
1716895595630 0.44248294830322266 0
1716895599932 0.9759931564331055 0
1716895600414 0.475754976272583 0
1716895600901 0.4750537872314453 0
1716895601380 0.45804905891418457 0
1716895601892 0.5051987171173096 0
1716895602484 0.5207738876342773 0
1716895602972 0.4809110164642334 0
1716895603446 0.45818591117858887 0
1716895603915 0.4577147960662842 0
1716895604360 0.4354720115661621 0
1716895608740 1.02738618850708 0
1716895609194 0.446760892868042 0
1716895609671 0.46759986877441406 0
1716895610140 0.4605748653411865 0
1716895610617 0.4602487087249756 0
1716895611079 0.45102405548095703 0
1716895611705 0.6160950660705566 0
1716895612178 0.4645261764526367 0
1716895612684 0.4970378875732422 0
1716895613179 0.48592400550842285 0
1716895617505 0.7322239875793457 0
1716895617972 0.46201395988464355 0
1716895618434 0.4554450511932373 0
1716895618936 0.49424004554748535 0
1716895619405 0.4621119499206543 0
1716895619863 0.44565558433532715 0
1716895620372 0.49959778785705566 0
1716895620859 0.4650900363922119 0
1716895621342 0.47578001022338867 0
1716895621822 0.46991801261901855 0
1716895627246 1.4518489837646484 0
1716895627724 0.46828198432922363 0
1716895628208 0.4699370861053467 0
1716895628751 0.5327692031860352 0
1716895629260 0.5006940364837646 0
1716895629738 0.46224403381347656 0
1716895630228 0.47702503204345703 0
1716895630735 0.496323823928833 0
1716895631256 0.5100831985473633 0
1716895631760 0.48835301399230957 0
1716895636999 1.2470929622650146 0
1716895637508 0.5041227340698242 0
1716895637983 0.46382999420166016 0
1716895638464 0.46423983573913574 0
1716895638915 0.4402313232421875 0
1716895639379 0.45503687858581543 0
1716895639849 0.45472121238708496 0
1716895640317 0.4541151523590088 0
1716895640780 0.4495811462402344 0
1716895641260 0.4666907787322998 0
1716895646251 1.1123261451721191 0
1716895646744 0.4826381206512451 0
1716895647219 0.46468687057495117 0
1716895647710 0.4767031669616699 0
1716895648200 0.4707040786743164 0
1716895648688 0.4768538475036621 0
1716895649161 0.4625883102416992 0
1716895649648 0.47189879417419434 0
1716895650132 0.47098493576049805 0
1716895650626 0.4758739471435547 0
1716895655931 1.1724457740783691 0
1716895656430 0.486173152923584 0
1716895656923 0.4801599979400635 0
1716895657395 0.4601442813873291 0
1716895657884 0.4761180877685547 0
1716895658350 0.45331811904907227 0
1716895658818 0.45706915855407715 0
1716895659273 0.4428400993347168 0
1716895659746 0.45911216735839844 0
1716895660231 0.47058677673339844 0
1716895664419 0.981964111328125 0
1716895664899 0.4754049777984619 0
1716895665366 0.45308494567871094 0
1716895665852 0.4749009609222412 0
1716895666309 0.44526171684265137 0
1716895666790 0.46232008934020996 0
1716895667254 0.44991278648376465 0
1716895667723 0.4570808410644531 0
1716895668190 0.4512519836425781 0
1716895668661 0.4584071636199951 0
1716895672882 0.9842617511749268 0
1716895673356 0.464231014251709 0
1716895673846 0.47634029388427734 0
1716895674331 0.47098708152770996 0
1716895674806 0.46160197257995605 0
1716895675269 0.4478929042816162 0
1716895675732 0.45172977447509766 0
1716895676196 0.4496610164642334 0
1716895676673 0.4621009826660156 0
1716895677147 0.4597659111022949 0
1716895680759 0.9456310272216797 0
1716895681218 0.4463071823120117 0
1716895681711 0.47482800483703613 0
1716895682170 0.44715428352355957 0
1716895682634 0.45008087158203125 0
1716895683115 0.46761012077331543 0
1716895683598 0.4668080806732178 0
1716895684068 0.4582369327545166 0
1716895684524 0.4483520984649658 0
1716895684999 0.4633598327636719 0
1716895689442 0.986638069152832 0
1716895689905 0.45649099349975586 0
1716895690374 0.4567842483520508 0
1716895690854 0.4683341979980469 0
1716895691325 0.45800089836120605 0
1716895691793 0.45606493949890137 0
1716895692270 0.46499085426330566 0
1716895692726 0.4430999755859375 0
1716895693203 0.46312713623046875 0
1716895693682 0.46637487411499023 0
1716895697741 1.0470080375671387 0
1716895698194 0.4488658905029297 0
1716895698657 0.4462430477142334 0
1716895699122 0.4515116214752197 0
1716895699582 0.44598817825317383 0
1716895700059 0.4580049514770508 0
1716895700511 0.4391210079193115 0
1716895700971 0.44785499572753906 0
1716895701426 0.4426107406616211 0
1716895701881 0.44057202339172363 0
1716895705513 0.9433350563049316 0
1716895706000 0.47574520111083984 0
1716895706467 0.45315098762512207 0
1716895706935 0.4544661045074463 0
1716895707407 0.4621555805206299 0
1716895707878 0.4594550132751465 0
1716895708342 0.44849514961242676 0
1716895708798 0.4442598819732666 0
1716895709264 0.45380496978759766 0
1716895709730 0.4509010314941406 0
1716895712858 0.5570938587188721 0
1716895713322 0.4571712017059326 0
1716895713782 0.44898200035095215 0
1716895714258 0.45955872535705566 0
1716895714732 0.4560739994049072 0
1716895715207 0.4605269432067871 0
1716895715661 0.4401719570159912 0
1716895716124 0.45089006423950195 0
1716895716598 0.45726609230041504 0
1716895717071 0.453171968460083 0
1716895720512 0.9270639419555664 0
1716895721005 0.46418118476867676 0
1716895721475 0.45703887939453125 0
1716895721933 0.446425199508667 0
1716895722407 0.45253777503967285 0
1716895722858 0.4379420280456543 0
1716895723325 0.4537529945373535 0
1716895723792 0.45458388328552246 0
1716895724252 0.4450819492340088 0
1716895724713 0.44636988639831543 0
1716895728568 0.9975309371948242 0
1716895729070 0.4804873466491699 0
1716895729525 0.44190478324890137 0
1716895729979 0.4407632350921631 0
1716895730433 0.440777063369751 0
1716895730887 0.4380347728729248 0
1716895731344 0.4426259994506836 0
1716895731806 0.4487471580505371 0
1716895732267 0.44623613357543945 0
1716895732728 0.4470210075378418 0
1716895735778 0.5585463047027588 0
1716895736256 0.47119903564453125 0
1716895736764 0.48329877853393555 0
1716895737248 0.46411705017089844 0
1716895737715 0.45363402366638184 0
1716895738198 0.4638681411743164 0
1716895738657 0.447070837020874 0
1716895739146 0.4701261520385742 0
1716895739609 0.44916200637817383 0
1716895740062 0.4393270015716553 0
1716895743286 0.6197059154510498 0
1716895743735 0.4446570873260498 0
1716895744196 0.45661497116088867 0
1716895744689 0.4805588722229004 0
1716895745158 0.4532918930053711 0
1716895745628 0.4568519592285156 0
1716895746104 0.46044230461120605 0
1716895746568 0.4503333568572998 0
1716895747027 0.44515204429626465 0
1716895747499 0.4565870761871338 0
1716895751133 0.9215250015258789 0
1716895751635 0.48816823959350586 0
1716895752106 0.4562568664550781 0
1716895752594 0.4739670753479004 0
1716895753066 0.45775818824768066 0
1716895753528 0.4478919506072998 0
1716895753990 0.44863009452819824 0
1716895754448 0.44431376457214355 0
1716895754907 0.4515380859375 0
1716895755391 0.4712672233581543 0
1716895759161 1.0809578895568848 0
1716895759652 0.4815077781677246 0
1716895760127 0.4602508544921875 0
1716895760599 0.4651179313659668 0
1716895761084 0.46967315673828125 0
1716895761556 0.45727992057800293 0
1716895762027 0.45960187911987305 0
1716895762511 0.4722261428833008 0
1716895762983 0.4596700668334961 0
1716895763459 0.46138906478881836 0
1716895766969 0.9175679683685303 0
1716895767488 0.48410916328430176 0
1716895767969 0.4661099910736084 0
1716895768463 0.4785919189453125 0
1716895768926 0.4470028877258301 0
1716895769375 0.43622398376464844 0
1716895769823 0.43753695487976074 0
1716895770297 0.4615459442138672 0
1716895770778 0.46417784690856934 0
1716895771242 0.44785618782043457 0
1716895775401 0.9967148303985596 0
1716895775886 0.4771089553833008 0
1716895776369 0.4647810459136963 0
1716895776839 0.45497608184814453 0
1716895777300 0.4481978416442871 0
1716895777764 0.44942212104797363 0
1716895778222 0.4442927837371826 0
1716895778712 0.4570751190185547 0
1716895779174 0.448962926864624 0
1716895779644 0.4546060562133789 0
1716895783181 0.9524950981140137 0
1716895783654 0.46506810188293457 0
1716895784127 0.4576401710510254 0
1716895784581 0.4400010108947754 0
1716895785059 0.46568799018859863 0
1716895785535 0.46021389961242676 0
1716895785999 0.44869518280029297 0
1716895786452 0.4402890205383301 0
1716895786915 0.4435558319091797 0
1716895787390 0.4599320888519287 0
1716895790488 0.6045079231262207 0
1716895790955 0.4595351219177246 0
1716895791420 0.4456472396850586 0
1716895791894 0.4603569507598877 0
1716895792366 0.4557979106903076 0
1716895792821 0.4423072338104248 0
1716895793291 0.456618070602417 0
1716895793749 0.4437990188598633 0
1716895794218 0.45442819595336914 0
1716895794674 0.4446980953216553 0
1716895798249 1.0034008026123047 0
1716895798761 0.49163079261779785 0
1716895799235 0.45775294303894043 0
1716895799702 0.45212578773498535 0
1716895800184 0.4622068405151367 0
1716895800645 0.4502100944519043 0
1716895801120 0.45996809005737305 0
1716895801587 0.45107507705688477 0
1716895802050 0.44794511795043945 0
1716895802504 0.4394838809967041 0
1716895806451 1.0154879093170166 0
1716895806939 0.4768519401550293 0
1716895807420 0.46944189071655273 0
1716895807917 0.4595780372619629 0
1716895808381 0.45096898078918457 0
1716895808832 0.4385967254638672 0
1716895809299 0.45525503158569336 0
1716895809758 0.4464690685272217 0
1716895810223 0.45133304595947266 0
1716895810701 0.46284008026123047 0
1716895814225 0.9465820789337158 0
1716895814717 0.4798460006713867 0
1716895815202 0.46691298484802246 0
1716895815674 0.4594302177429199 0
1716895816151 0.46089696884155273 0
1716895816611 0.4482080936431885 0
1716895817080 0.4567222595214844 0
1716895817539 0.44788694381713867 0
1716895818007 0.4547240734100342 0
1716895818483 0.460115909576416 0
1716895821535 0.5247809886932373 0
1716895822000 0.457597017288208 0
1716895822457 0.44487810134887695 0
1716895822941 0.4699740409851074 0
1716895823426 0.46922993659973145 0
1716895823909 0.46730804443359375 0
1716895824394 0.46933817863464355 0
1716895824859 0.45304298400878906 0
1716895825313 0.44004201889038086 0
1716895825775 0.449512243270874 0
1716895829299 0.9653282165527344 0
1716895829785 0.47492504119873047 0
1716895830258 0.4600529670715332 0
1716895830740 0.46884584426879883 0
1716895831211 0.45621705055236816 0
1716895831683 0.45572900772094727 0
1716895832155 0.4571049213409424 0
1716895832617 0.44719982147216797 0
1716895833081 0.4517228603363037 0
1716895833542 0.44397616386413574 0
1716895837168 0.6674730777740479 0
1716895837644 0.4554479122161865 0
1716895838120 0.4579901695251465 0
1716895838601 0.4664011001586914 0
1716895839079 0.46395206451416016 0
1716895839548 0.45510196685791016 0
1716895840019 0.45458197593688965 0
1716895840490 0.45750999450683594 0
1716895840960 0.4558751583099365 0
1716895841432 0.45559000968933105 0
1716895844540 0.5387911796569824 0
1716895845017 0.4708738327026367 0
1716895845493 0.46094703674316406 0
1716895845962 0.4564201831817627 0
1716895846437 0.45902419090270996 0
1716895846902 0.45249104499816895 0
1716895847368 0.4500081539154053 0
1716895847842 0.45963287353515625 0
1716895848308 0.4517800807952881 0
1716895848781 0.45622897148132324 0
1716895852299 0.954664945602417 0
1716895852795 0.485684871673584 0
1716895853274 0.46182990074157715 0
1716895853745 0.4571819305419922 0
1716895854222 0.4610598087310791 0
1716895854695 0.45569729804992676 0
1716895855155 0.44469690322875977 0
1716895855617 0.44866514205932617 0
1716895856082 0.4506208896636963 0
1716895856541 0.44642210006713867 0
1716895860046 0.9550611972808838 0
1716895860544 0.4891350269317627 0
1716895861013 0.45508694648742676 0
1716895861508 0.4791879653930664 0
1716895861970 0.4457578659057617 0
1716895862422 0.44051694869995117 0
1716895862881 0.4465787410736084 0
1716895863361 0.4669492244720459 0
1716895863820 0.4521059989929199 0
1716895864293 0.46470189094543457 0
1716895867966 0.9398519992828369 0
1716895868445 0.46024298667907715 0
1716895868913 0.4548180103302002 0
1716895869376 0.447969913482666 0
1716895869838 0.4458639621734619 0
1716895870311 0.45844507217407227 0
1716895870786 0.4574470520019531 0
1716895871252 0.45253825187683105 0
1716895871745 0.47313785552978516 0
1716895872194 0.43384695053100586 0
1716895875871 0.9690978527069092 0
1716895876344 0.45794105529785156 0
1716895876835 0.4755246639251709 0
1716895877325 0.4750990867614746 0
1716895877810 0.4713578224182129 0
1716895878295 0.4701089859008789 0
1716895878767 0.45638179779052734 0
1716895879226 0.4448859691619873 0
1716895879697 0.45738697052001953 0
1716895880196 0.4817230701446533 0
1716895883521 0.7521321773529053 0
1716895883998 0.46917104721069336 0
1716895884473 0.46130800247192383 0
1716895884946 0.46037912368774414 0
1716895885417 0.4581758975982666 0
1716895885878 0.44646382331848145 0
1716895886345 0.4541168212890625 0
1716895886821 0.4620530605316162 0
1716895887294 0.45553112030029297 0
1716895887748 0.43889808654785156 0
1716895891345 0.9587321281433105 0
1716895891822 0.4652669429779053 0
1716895892279 0.4453461170196533 0
1716895892733 0.443112850189209 0
1716895893180 0.4357450008392334 0
1716895893664 0.46776604652404785 0
1716895894134 0.4560561180114746 0
1716895894642 0.479809045791626 0
1716895895106 0.4513411521911621 0
1716895895575 0.4523429870605469 0
1716895899144 0.9700322151184082 0
1716895899650 0.4916880130767822 0
1716895900143 0.48046326637268066 0
1716895900625 0.46504878997802734 0
1716895901098 0.4567439556121826 0
1716895901569 0.4563720226287842 0
1716895902042 0.45882105827331543 0
1716895902525 0.4691457748413086 0
1716895902987 0.4445221424102783 0
1716895903458 0.4582209587097168 0
1716895907164 1.0018680095672607 0
1716895907651 0.4730560779571533 0
1716895908149 0.478499174118042 0
1716895908622 0.4608440399169922 0
1716895909088 0.45266103744506836 0
1716895909547 0.44591307640075684 0
1716895910015 0.45410704612731934 0
1716895910495 0.4651768207550049 0
1716895910952 0.44309401512145996 0
1716895911431 0.46432018280029297 0
1716895915812 1.0733559131622314 0
1716895916300 0.46747899055480957 0
1716895916761 0.44840312004089355 0
1716895917256 0.4732391834259033 0
1716895917728 0.44908595085144043 0
1716895918206 0.46376705169677734 0
1716895918667 0.44388604164123535 0
1716895919142 0.4601008892059326 0
1716895919613 0.45535826683044434 0
1716895920065 0.43799281120300293 0
1716895923340 0.6402642726898193 0
1716895923798 0.44971680641174316 0
1716895924270 0.46108293533325195 0
1716895924734 0.4510500431060791 0
1716895925200 0.4510231018066406 0
1716895925667 0.45355701446533203 0
1716895926149 0.46686697006225586 0
1716895926620 0.4577059745788574 0
1716895927094 0.45584607124328613 0
1716895927570 0.4613661766052246 0
1716895931089 0.9585490226745605 0
1716895931565 0.4648289680480957 0
1716895932085 0.49994492530822754 0
1716895932568 0.4635128974914551 0
1716895933038 0.45467400550842285 0
1716895933514 0.45807623863220215 0
1716895933979 0.4518249034881592 0
1716895934461 0.4665870666503906 0
1716895934929 0.45537495613098145 0
1716895935416 0.4755070209503174 0
1716895939598 1.0416078567504883 0
1716895940076 0.46905970573425293 0
1716895940556 0.4645838737487793 0
1716895941025 0.45662522315979004 0
1716895941526 0.4791891574859619 0
1716895942032 0.49013185501098633 0
1716895942524 0.4759538173675537 0
1716895942981 0.444918155670166 0
1716895943488 0.49677419662475586 0
1716895944002 0.49341726303100586 0
1716895949207 1.3852131366729736 0
1716895949699 0.463665246963501 0
1716895950218 0.5127630233764648 0
1716895950762 0.5331649780273438 0
1716895951237 0.46971988677978516 0
1716895951709 0.46239709854125977 0
1716895952208 0.4802062511444092 0
1716895952699 0.47314000129699707 0
1716895953185 0.47272706031799316 0
1716895953655 0.4548301696777344 0
1716895958726 1.1030559539794922 0
1716895959215 0.4751617908477783 0
1716895959692 0.46371006965637207 0
1716895960162 0.4561347961425781 0
1716895960643 0.4640641212463379 0
1716895961118 0.46207189559936523 0
1716895961582 0.4510362148284912 0
1716895962049 0.45319104194641113 0
1716895962523 0.45902419090270996 0
1716895962994 0.459399938583374 0
1716895967983 1.1556429862976074 0
1716895968498 0.5018491744995117 0
1716895968988 0.47702908515930176 0
1716895969477 0.47481203079223633 0
1716895969961 0.47309064865112305 0
1716895970479 0.5040502548217773 0
1716895970974 0.48355913162231445 0
1716895971474 0.48610687255859375 0
1716895971942 0.4534718990325928 0
1716895972494 0.5386507511138916 0
1716895977844 1.2247138023376465 0
1716895978323 0.4703481197357178 0
1716895978812 0.476550817489624 0
1716895979287 0.46204495429992676 0
1716895979768 0.4646430015563965 0
1716895980227 0.4481809139251709 0
1716895980728 0.4876720905303955 0
1716895981275 0.5346651077270508 0
1716895981752 0.46383190155029297 0
1716895982214 0.44967103004455566 0
1716895987480 1.2456409931182861 0
1716895987945 0.45749616622924805 0
1716895988425 0.4564990997314453 0
1716895988925 0.47234582901000977 0
1716895989388 0.4517507553100586 0
1716895989869 0.45856404304504395 0
1716895990356 0.4631657600402832 0
1716895990835 0.4651610851287842 0
1716895991317 0.4697551727294922 0
1716895991792 0.45528697967529297 0
1716895997084 1.2030508518218994 0
1716895997575 0.48247718811035156 0
1716895998044 0.4582700729370117 0
1716895998502 0.4450819492340088 0
1716895998965 0.45133113861083984 0
1716895999425 0.4467487335205078 0
1716895999890 0.4516270160675049 0
1716896000363 0.4601919651031494 0
1716896000832 0.4551839828491211 0
1716896001285 0.44069576263427734 0
1716896006215 1.206239938735962 0
1716896006689 0.46151304244995117 0
1716896007171 0.46842217445373535 0
1716896007637 0.4537639617919922 0
1716896008096 0.4461040496826172 0
1716896008565 0.45809102058410645 0
1716896009025 0.44894909858703613 0
1716896009489 0.45299196243286133 0
1716896009956 0.4568061828613281 0
1716896010430 0.45882272720336914 0
1716896014808 0.9559741020202637 0
1716896015294 0.47814416885375977 0
1716896015759 0.4528820514678955 0
1716896016216 0.44616007804870605 0
1716896016669 0.44284963607788086 0
1716896017134 0.4541361331939697 0
1716896017595 0.45160341262817383 0
1716896018057 0.4508991241455078 0
1716896018547 0.47667884826660156 0
1716896019002 0.44262099266052246 0
1716896025556 1.1988468170166016 0
1716896026019 0.4528629779815674 0
1716896026495 0.4566969871520996 0
1716896026974 0.4663889408111572 0
1716896027455 0.4689159393310547 0
1716896027923 0.45470118522644043 0
1716896028393 0.45850276947021484 0
1716896028853 0.4474961757659912 0
1716896029315 0.45020198822021484 0
1716896029773 0.4467132091522217 0
1716896034034 1.0295109748840332 0
1716896034507 0.46555113792419434 0
1716896034971 0.45024633407592773 0
1716896035434 0.44904398918151855 0
1716896035891 0.4431188106536865 0
1716896036352 0.44614291191101074 0
1716896036812 0.4452948570251465 0
1716896037278 0.45186400413513184 0
1716896037734 0.44202208518981934 0
1716896038193 0.4453849792480469 0
1716896042312 0.9741611480712891 0
1716896042798 0.4705228805541992 0
1716896043253 0.44179701805114746 0
1716896043704 0.44364190101623535 0
1716896044169 0.4580421447753906 0
1716896044633 0.45136117935180664 0
1716896045109 0.45876502990722656 0
1716896045561 0.4406130313873291 0
1716896046023 0.44982409477233887 0
1716896046481 0.4463028907775879 0
1716896051066 0.9941461086273193 0
1716896051529 0.45651984214782715 0
1716896051988 0.44483518600463867 0
1716896052454 0.4476289749145508 0
1716896052916 0.45067334175109863 0
1716896053379 0.4518589973449707 0
1716896053841 0.44962501525878906 0
1716896054305 0.45163702964782715 0
1716896054948 0.6299989223480225 0
1716896055432 0.45911669731140137 0
1716896060199 1.0033421516418457 0
1716896060691 0.4834017753601074 0
1716896061157 0.4575669765472412 0
1716896061647 0.4762880802154541 0
1716896062117 0.4550478458404541 0
1716896062583 0.4550919532775879 0
1716896063047 0.45101499557495117 0
1716896063513 0.453906774520874 0
1716896063974 0.44870495796203613 0
1716896064438 0.4500768184661865 0
1716896068589 0.9778549671173096 0
1716896069054 0.4575791358947754 0
1716896069523 0.4563930034637451 0
1716896069999 0.4589869976043701 0
1716896070466 0.45459508895874023 0
1716896070924 0.44508886337280273 0
1716896071384 0.44719386100769043 0
1716896071842 0.4444999694824219 0
1716896072297 0.4411039352416992 0
1716896072762 0.4496641159057617 0
1716896076902 0.9993190765380859 0
1716896077375 0.4525880813598633 0
1716896078119 0.7299692630767822 0
1716896078616 0.48394322395324707 0
1716896079094 0.46654200553894043 0
1716896079556 0.4497058391571045 0
1716896080025 0.4531729221343994 0
1716896080477 0.43979382514953613 0
1716896080936 0.44570183753967285 0
1716896081407 0.4580252170562744 0
1716896085675 1.0437772274017334 0
1716896086149 0.46356201171875 0
1716896086633 0.4653618335723877 0
1716896087094 0.44778966903686523 0
1716896087557 0.45130109786987305 0
1716896088036 0.46691107749938965 0
1716896088490 0.441586971282959 0
1716896088949 0.44503092765808105 0
1716896089402 0.4409770965576172 0
1716896089868 0.45340991020202637 0
1716896093834 0.9384310245513916 0
1716896094342 0.47876596450805664 0
1716896094823 0.4665851593017578 0
1716896095285 0.449390172958374 0
1716896095757 0.458737850189209 0
1716896096263 0.49095797538757324 0
1716896096759 0.4823579788208008 0
1716896097234 0.46254420280456543 0
1716896097696 0.448911190032959 0
1716896098159 0.44962096214294434 0
1716896102270 1.0027461051940918 0
1716896102739 0.45845723152160645 0
1716896103243 0.4917948246002197 0
1716896103708 0.45218729972839355 0
1716896104160 0.4422287940979004 0
1716896104610 0.44335007667541504 0
1716896105070 0.4524712562561035 0
1716896105534 0.45204615592956543 0
1716896106001 0.45560383796691895 0
1716896106475 0.4618659019470215 0
1716896111127 0.9960010051727295 0
1716896111605 0.4622201919555664 0
1716896112073 0.4555330276489258 0
1716896112560 0.4718918800354004 0
1716896113026 0.44977688789367676 0
1716896113481 0.4425790309906006 0
1716896113957 0.4646439552307129 0
1716896114412 0.4420292377471924 0
1716896114886 0.46181607246398926 0
1716896115360 0.46102285385131836 0
1716896120191 1.006516933441162 0
1716896120652 0.4525880813598633 0
1716896121112 0.44721174240112305 0
1716896121570 0.4456899166107178 0
1716896122030 0.4460170269012451 0
1716896122502 0.45990705490112305 0
1716896122960 0.4468233585357666 0
1716896123426 0.4531099796295166 0
1716896123904 0.46207714080810547 0
1716896124384 0.46346592903137207 0
1716896128759 0.9895658493041992 0
1716896129231 0.46301698684692383 0
1716896129705 0.46254897117614746 0
1716896130160 0.44199180603027344 0
1716896130633 0.46039509773254395 0
1716896131092 0.44776391983032227 0
1716896131570 0.46706509590148926 0
1716896132044 0.4617180824279785 0
1716896132503 0.44731998443603516 0
1716896132977 0.4648709297180176 0
1716896137864 1.0108721256256104 0
1716896138333 0.4549238681793213 0
1716896138825 0.47313594818115234 0
1716896139273 0.43651318550109863 0
1716896139722 0.43976807594299316 0
1716896140190 0.45531320571899414 0
1716896140657 0.4534311294555664 0
1716896141115 0.4455690383911133 0
1716896141574 0.44624805450439453 0
1716896142032 0.44855594635009766 0
1716896146683 0.9657979011535645 0
1716896147147 0.4551510810852051 0
1716896147618 0.45685791969299316 0
1716896148094 0.46182680130004883 0
1716896148558 0.4507629871368408 0
1716896149029 0.4581639766693115 0
1716896149482 0.4401540756225586 0
1716896149944 0.44965195655822754 0
1716896150396 0.4403870105743408 0
1716896150852 0.44370198249816895 0
1716896157085 1.166003942489624 0
1716896157571 0.46999597549438477 0
1716896158048 0.46312713623046875 0
1716896158528 0.4570150375366211 0
1716896158996 0.45188283920288086 0
1716896159494 0.4661099910736084 0
1716896159963 0.4561288356781006 0
1716896160405 0.4289219379425049 0
1716896160865 0.4503200054168701 0
1716896161344 0.4674379825592041 0
1716896166191 1.055332899093628 0
1716896166668 0.46710777282714844 0
1716896167139 0.45893216133117676 0
1716896167599 0.4489719867706299 0
1716896168068 0.45461082458496094 0
1716896168542 0.4622981548309326 0
1716896168995 0.4428069591522217 0
1716896169463 0.4548521041870117 0
1716896169920 0.4447472095489502 0
1716896170374 0.4408833980560303 0
1716896174767 0.9965460300445557 0
1716896175259 0.4841649532318115 0
1716896175725 0.45865702629089355 0
1716896176190 0.4523928165435791 0
1716896176666 0.45561718940734863 0
1716896177130 0.45203614234924316 0
1716896177583 0.44114208221435547 0
1716896178051 0.4542248249053955 0
1716896178508 0.4448890686035156 0
1716896178972 0.44924211502075195 0
1716896183223 0.9695479869842529 0
1716896183695 0.4574148654937744 0
1716896184158 0.44452905654907227 0
1716896184629 0.44968605041503906 0
1716896185089 0.44873905181884766 0
1716896185566 0.46520280838012695 0
1716896186040 0.4535849094390869 0
1716896186496 0.4433159828186035 0
1716896186955 0.44562506675720215 0
1716896187422 0.4521059989929199 0
1716896191348 1.000810146331787 0
1716896191831 0.4693617820739746 0
1716896192294 0.4501960277557373 0
1716896192752 0.4440171718597412 0
1716896193206 0.44194889068603516 0
1716896193660 0.443925142288208 0
1716896194133 0.46013379096984863 0
1716896194589 0.44139719009399414 0
1716896195042 0.4428551197052002 0
1716896195498 0.4444160461425781 0
1716896199372 0.9693281650543213 0
1716896199834 0.45273804664611816 0
1716896200310 0.45585203170776367 0
1716896200767 0.4427073001861572 0
1716896201223 0.4438040256500244 0
1716896201676 0.4396059513092041 0
1716896202136 0.4467620849609375 0
1716896202607 0.45799922943115234 0
1716896203074 0.454571008682251 0
1716896203531 0.443493127822876 0
1716896207517 0.974358081817627 0
1716896207995 0.4669821262359619 0
1716896208469 0.46228599548339844 0
1716896208933 0.45075201988220215 0
1716896209396 0.44939398765563965 0
1716896209855 0.44573497772216797 0
1716896210307 0.44019508361816406 0
1716896210764 0.4431121349334717 0
1716896211247 0.4679429531097412 0
1716896211713 0.45533299446105957 0
1716896215823 0.9440858364105225 0
1716896216305 0.46108531951904297 0
1716896216759 0.44608187675476074 0
1716896217225 0.4492380619049072 0
1716896217672 0.4352281093597412 0
1716896218122 0.43746280670166016 0
1716896218578 0.44236111640930176 0
1716896219047 0.45638012886047363 0
1716896219507 0.44729185104370117 0
1716896219959 0.4385101795196533 0
1716896223814 0.9722611904144287 0
1716896224271 0.45167016983032227 0
1716896224738 0.4596560001373291 0
1716896225197 0.4466259479522705 0
1716896225656 0.44672369956970215 0
1716896226104 0.4389231204986572 0
1716896226568 0.4453890323638916 0
1716896227026 0.443248987197876 0
1716896227483 0.4417688846588135 0
1716896227935 0.4382030963897705 0
1716896231792 0.9476289749145508 0
1716896232283 0.47147178649902344 0
1716896232761 0.4650239944458008 0
1716896233216 0.44193506240844727 0
1716896233686 0.4543740749359131 0
1716896234160 0.45685696601867676 0
1716896234615 0.442518949508667 0
1716896235123 0.4963352680206299 0
1716896235635 0.48994994163513184 0
1716896236130 0.4838829040527344 0
1716896240968 1.036041259765625 0
1716896241435 0.4540591239929199 0
1716896241900 0.4522261619567871 0
1716896242365 0.4533250331878662 0
1716896242814 0.4365057945251465 0
1716896243266 0.43831396102905273 0
1716896243725 0.44780874252319336 0
1716896244195 0.4569070339202881 0
1716896244648 0.4394059181213379 0
1716896245099 0.43854498863220215 0
1716896248888 0.9166500568389893 0
1716896249339 0.44370603561401367 0
1716896249793 0.4471580982208252 0
1716896250270 0.4644191265106201 0
1716896250743 0.45803165435791016 0
1716896251205 0.4491758346557617 0
1716896251669 0.45108699798583984 0
1716896252132 0.4514310359954834 0
1716896252596 0.4495580196380615 0
1716896253061 0.45328688621520996 0
1716896257202 1.0032801628112793 0
1716896257697 0.4844379425048828 0
1716896258170 0.4565582275390625 0
1716896258638 0.4508659839630127 0
1716896259134 0.4757680892944336 0
1716896259599 0.4518880844116211 0
1716896260061 0.44714784622192383 0
1716896260521 0.44527316093444824 0
1716896260973 0.43949222564697266 0
1716896261429 0.4393751621246338 0
1716896265451 1.0208182334899902 0
1716896265932 0.47015810012817383 0
1716896266400 0.4543590545654297 0
1716896266860 0.4482917785644531 0
1716896267314 0.435474157333374 0
1716896267768 0.4413330554962158 0
1716896268217 0.4369771480560303 0
1716896268681 0.45084714889526367 0
1716896269147 0.45419788360595703 0
1716896269608 0.44518280029296875 0
1716896273398 0.8496708869934082 0
1716896273904 0.4792289733886719 0
1716896274364 0.4479210376739502 0
1716896274829 0.4521138668060303 0
1716896275289 0.44878101348876953 0
1716896275768 0.4591240882873535 0
1716896276275 0.4877352714538574 0
1716896276726 0.43772411346435547 0
1716896277194 0.45465803146362305 0
1716896277651 0.44320225715637207 0
1716896281740 1.005687952041626 0
1716896282211 0.4595372676849365 0
1716896282669 0.44502806663513184 0
1716896283143 0.46085405349731445 0
1716896283621 0.46561622619628906 0
1716896284106 0.47302794456481934 0
1716896284569 0.45377087593078613 0
1716896285035 0.45521998405456543 0
1716896285486 0.4385061264038086 0
1716896285966 0.47067713737487793 0
1716896290216 0.9580502510070801 0
1716896290685 0.4602339267730713 0
1716896291154 0.45629096031188965 0
1716896291617 0.4499509334564209 0
1716896292088 0.45865488052368164 0
1716896292561 0.4609339237213135 0
1716896293016 0.4434518814086914 0
1716896293479 0.4503459930419922 0
1716896293932 0.4408872127532959 0
1716896294390 0.44405198097229004 0
1716896298994 1.0238618850708008 0
1716896299469 0.46379995346069336 0
1716896299930 0.4477403163909912 0
1716896300406 0.4640178680419922 0
1716896300864 0.4444589614868164 0
1716896301317 0.4401249885559082 0
1716896301778 0.44882917404174805 0
1716896302229 0.43825292587280273 0
1716896302681 0.43714189529418945 0
1716896303139 0.44588279724121094 0
1716896309175 1.223802089691162 0
1716896309654 0.46828174591064453 0
1716896310118 0.451063871383667 0
1716896310568 0.44077301025390625 0
1716896311056 0.4752497673034668 0
1716896311520 0.4511291980743408 0
1716896311973 0.43994808197021484 0
1716896312424 0.4382472038269043 0
1716896312886 0.4478778839111328 0
1716896313344 0.4444422721862793 0
1716896317405 0.9357507228851318 0
1716896317866 0.45377063751220703 0
1716896318332 0.45336294174194336 0
1716896318811 0.46642494201660156 0
1716896319261 0.43747520446777344 0
1716896319723 0.44948601722717285 0
1716896320177 0.441234827041626 0
1716896320652 0.46176886558532715 0
1716896321108 0.44388604164123535 0
1716896321565 0.44448089599609375 0
1716896325629 1.001938819885254 0
1716896326132 0.4725918769836426 0
1716896326602 0.45693182945251465 0
1716896327064 0.44409608840942383 0
1716896327515 0.4389331340789795 0
1716896327968 0.4391670227050781 0
1716896328420 0.4385998249053955 0
1716896328893 0.4579892158508301 0
1716896329350 0.4440000057220459 0
1716896329808 0.4449779987335205 0
1716896333608 0.9645140171051025 0
1716896334105 0.4688138961791992 0
1716896334574 0.4568920135498047 0
1716896335039 0.4499349594116211 0
1716896335493 0.44149279594421387 0
1716896335943 0.4365570545196533 0
1716896336394 0.43759703636169434 0
1716896336848 0.4405848979949951 0
1716896337303 0.4425380229949951 0
1716896337771 0.45550107955932617 0
1716896341621 0.9692997932434082 0
1716896342088 0.4564681053161621 0
1716896342553 0.45264196395874023 0
1716896343032 0.4629340171813965 0
1716896343519 0.47460293769836426 0
1716896343987 0.46002912521362305 0
1716896344439 0.44481325149536133 0
1716896344908 0.45928120613098145 0
1716896345374 0.4544980525970459 0
1716896345839 0.45003223419189453 0
1716896350058 0.9688301086425781 0
1716896350535 0.46401262283325195 0
1716896350995 0.4455890655517578 0
1716896351455 0.4465041160583496 0
1716896351920 0.4494798183441162 0
1716896352378 0.4450807571411133 0
1716896352841 0.449800968170166 0
1716896353308 0.4537379741668701 0
1716896353769 0.44727516174316406 0
1716896354225 0.4423670768737793 0
1716896358267 0.9862301349639893 0
1716896358734 0.4596290588378906 0
1716896359235 0.47504687309265137 0
1716896359708 0.4591948986053467 0
1716896360159 0.4390861988067627 0
1716896360652 0.471782922744751 0
1716896361106 0.44138598442077637 0
1716896361566 0.4439690113067627 0
1716896362017 0.43842506408691406 0
1716896362475 0.4460258483886719 0
1716896366521 0.9887890815734863 0
1716896366982 0.447782039642334 0
1716896367441 0.44585299491882324 0
1716896367904 0.4496738910675049 0
1716896368373 0.4571561813354492 0
1716896368841 0.45650792121887207 0
1716896369310 0.4546213150024414 0
1716896369783 0.46271705627441406 0
1716896370242 0.44723987579345703 0
1716896370720 0.4643130302429199 0
1716896374724 0.7706239223480225 0
1716896375187 0.4552590847015381 0
1716896375652 0.4492909908294678 0
1716896376131 0.46600770950317383 0
1716896376587 0.44280219078063965 0
1716896377050 0.44885897636413574 0
1716896377499 0.43619203567504883 0
1716896377966 0.45282769203186035 0
1716896378430 0.451275110244751 0
1716896378882 0.4391598701477051 0
1716896382807 0.9961671829223633 0
1716896383282 0.4625687599182129 0
1716896383769 0.4646010398864746 0
1716896384223 0.441694974899292 0
1716896384679 0.44319820404052734 0
1716896385132 0.4399452209472656 0
1716896385593 0.44825220108032227 0
1716896386048 0.44217610359191895 0
1716896386502 0.4430851936340332 0
1716896386957 0.4420750141143799 0
1716896390778 1.0011909008026123 0
1716896391255 0.46694111824035645 0
1716896391718 0.44971179962158203 0
1716896392194 0.46242809295654297 0
1716896392647 0.4403669834136963 0
1716896393105 0.44368720054626465 0
1716896393565 0.4482600688934326 0
1716896394032 0.45391178131103516 0
1716896394482 0.4370999336242676 0
1716896394936 0.4403243064880371 0
1716896398915 1.012770175933838 0
1716896399415 0.48669004440307617 0
1716896399891 0.46211671829223633 0
1716896400364 0.4596741199493408 0
1716896400826 0.45129823684692383 0
1716896401283 0.4439530372619629 0
1716896401736 0.4410562515258789 0
1716896402192 0.44213414192199707 0
1716896402651 0.4451308250427246 0
1716896403112 0.4481627941131592 0
1716896407627 1.029845952987671 0
1716896408094 0.45995211601257324 0
1716896408577 0.461230993270874 0
1716896409055 0.4626498222351074 0
1716896409530 0.456010103225708 0
1716896409982 0.43946194648742676 0
1716896410433 0.43944501876831055 0
1716896410906 0.45961689949035645 0
1716896411395 0.4723782539367676 0
1716896411868 0.4621920585632324 0
1716896416096 0.9879839420318604 0
1716896416561 0.4545440673828125 0
1716896417051 0.4706699848175049 0
1716896417508 0.44403791427612305 0
1716896417967 0.44589686393737793 0
1716896418436 0.4568819999694824 0
1716896418895 0.446026086807251 0
1716896419359 0.45014405250549316 0
1716896419814 0.4427492618560791 0
1716896420274 0.4457998275756836 0
1716896424492 0.9926233291625977 0
1716896424963 0.4610140323638916 0
1716896425421 0.4444160461425781 0
1716896425878 0.44384098052978516 0
1716896426328 0.4371531009674072 0
1716896426788 0.44753098487854004 0
1716896427239 0.43915820121765137 0
1716896427716 0.46356773376464844 0
1716896428172 0.44388604164123535 0
1716896428644 0.45943593978881836 0
1716896432531 0.9701619148254395 0
1716896433006 0.4652442932128906 0
1716896433492 0.47087621688842773 0
1716896433961 0.4573252201080322 0
1716896434418 0.4464428424835205 0
1716896434868 0.4391458034515381 0
1716896435337 0.4567742347717285 0
1716896435790 0.4409162998199463 0
1716896436254 0.45157885551452637 0
1716896436722 0.4578988552093506 0
1716896440891 1.011742115020752 0
1716896441373 0.465440034866333 0
1716896441834 0.44990015029907227 0
1716896442293 0.4439218044281006 0
1716896442741 0.4349849224090576 0
1716896443198 0.4445829391479492 0
1716896443661 0.4506559371948242 0
1716896444118 0.4437088966369629 0
1716896444574 0.44223999977111816 0
1716896445033 0.4461948871612549 0
1716896448879 0.9712703227996826 0
1716896449343 0.45436692237854004 0
1716896449814 0.45888376235961914 0
1716896450275 0.44873714447021484 0
1716896450726 0.43810367584228516 0
1716896451181 0.44147300720214844 0
1716896451632 0.43898606300354004 0
1716896452089 0.4450559616088867 0
1716896452548 0.4455909729003906 0
1716896453004 0.44443392753601074 0
1716896457072 0.9640388488769531 0
1716896457541 0.4582040309906006 0
1716896457995 0.4405028820037842 0
1716896458464 0.45291590690612793 0
1716896458937 0.4610919952392578 0
1716896459407 0.4561898708343506 0
1716896459864 0.44513583183288574 0
1716896460321 0.4432859420776367 0
1716896460804 0.47119998931884766 0
1716896461267 0.4498279094696045 0
1716896465464 1.0463688373565674 0
1716896465927 0.455031156539917 0
1716896466393 0.4550023078918457 0
1716896466851 0.4444758892059326 0
1716896467329 0.4571671485900879 0
1716896467789 0.44769787788391113 0
1716896468240 0.44059324264526367 0
1716896468693 0.43921518325805664 0
1716896469146 0.44141602516174316 0
1716896469603 0.44461798667907715 0
1716896473614 1.0251290798187256 0
1716896474103 0.4699690341949463 0
1716896474585 0.4645271301269531 0
1716896475076 0.4764871597290039 0
1716896475532 0.44213008880615234 0
1716896476036 0.49167323112487793 0
1716896476499 0.4491240978240967 0
1716896476965 0.44750189781188965 0
1716896477422 0.44495320320129395 0
1716896477875 0.4397621154785156 0
1716896482225 1.0090501308441162 0
1716896482711 0.4738311767578125 0
1716896483182 0.4570810794830322 0
1716896483664 0.45873212814331055 0
1716896484123 0.4456923007965088 0
1716896484583 0.44629502296447754 0
1716896485042 0.4476008415222168 0
1716896485513 0.45923423767089844 0
1716896485991 0.4652829170227051 0
1716896486435 0.4320840835571289 0
1716896490728 0.9667050838470459 0
1716896491210 0.4734001159667969 0
1716896491706 0.4767189025878906 0
1716896492179 0.4599289894104004 0
1716896492637 0.4451169967651367 0
1716896493103 0.45358991622924805 0
1716896493566 0.4513101577758789 0
1716896494031 0.45151495933532715 0
1716896494484 0.43962597846984863 0
1716896494944 0.44774699211120605 0
1716896501737 1.2111520767211914 0
1716896502227 0.47196006774902344 0
1716896502704 0.4646580219268799 0
1716896503172 0.4551248550415039 0
1716896503669 0.4831540584564209 0
1716896504165 0.48297786712646484 0
1716896504632 0.4555940628051758 0
1716896505095 0.4510538578033447 0
1716896505561 0.4533958435058594 0
1716896506025 0.4512138366699219 0
1716896513392 1.2425460815429688 0
1716896513890 0.4726839065551758 0
1716896514428 0.46193814277648926 0
1716896514904 0.4665989875793457 0
1716896515389 0.46424007415771484 0
1716896515866 0.46504902839660645 0
1716896516355 0.48229289054870605 0
1716896516857 0.49173784255981445 0
1716896517375 0.49965620040893555 0
1716896517857 0.46942710876464844 0
1716896523279 1.6989290714263916 0
1716896523778 0.49466705322265625 0
1716896524283 0.49880194664001465 0
1716896524793 0.4987978935241699 0
1716896525327 0.5250339508056641 0
1716896525975 0.6387877464294434 0
1716896526590 0.5678660869598389 0
1716896527177 0.5809991359710693 0
1716896527787 0.5970668792724609 0
1716896528376 0.5779109001159668 0
1716896533984 1.2019901275634766 0
1716896534467 0.4742088317871094 0
1716896534979 0.489591121673584 0
1716896535433 0.44647717475891113 0
1716896535901 0.4604520797729492 0
1716896536399 0.486644983291626 0
1716896536865 0.456467866897583 0
1716896537334 0.4598729610443115 0
1716896537835 0.47731900215148926 0
1716896538299 0.45151400566101074 0
1716896543470 1.2425198554992676 0
1716896543950 0.471790075302124 0
1716896544417 0.45604395866394043 0
1716896544864 0.43715882301330566 0
1716896545333 0.46005702018737793 0
1716896545791 0.44631505012512207 0
1716896546237 0.43563294410705566 0
1716896546693 0.4459989070892334 0
1716896547146 0.4405181407928467 0
1716896547597 0.44199180603027344 0
1716896552083 1.021812915802002 0
1716896552552 0.45757603645324707 0
1716896553020 0.45839619636535645 0
1716896553476 0.4435131549835205 0
1716896553916 0.4292168617248535 0
1716896554368 0.44522809982299805 0
1716896554810 0.4285750389099121 0
1716896555269 0.4467740058898926 0
1716896555726 0.4465339183807373 0
1716896556193 0.45189404487609863 0
1716896560363 0.9974997043609619 0
1716896560828 0.45574021339416504 0
1716896561375 0.528400182723999 0
1716896561860 0.48116302490234375 0
