1716274756399 1.0 0
1716274761049 2.0 0
1716274764914 3.0 0
1716274769189 4.0 0
1716274773816 5.0 0
1716274777360 6.0 0
1716274780601 7.0 0
1716274785135 8.0 0
1716274789343 9.0 0
1716274793086 10.0 0
1716274800134 11.0 0
1716274804197 12.0 0
1716274808178 13.0 0
1716274813071 14.0 0
1716274816449 15.0 0
1716274819383 16.0 0
1716274822238 17.0 0
1716274824642 18.0 0
1716274826986 19.0 0
1716274830867 20.0 0
1716274837518 21.0 0
1716274841341 22.0 0
1716274845328 23.0 0
1716274849929 24.0 0
1716274853426 25.0 0
1716274856985 26.0 0
1716274859850 27.0 0
1716274862624 28.0 0
1716274865881 29.0 0
1716274868342 30.0 0
1716274874893 31.0 0
1716274877780 32.0 0
1716274881081 33.0 0
1716274884004 34.0 0
1716274886804 35.0 0
1716274889720 36.0 0
1716274892114 37.0 0
1716274894617 38.0 0
1716274896936 39.0 0
1716274899377 40.0 0
1716274906269 41.0 0
1716274909343 42.0 0
1716274912716 43.0 0
1716274918260 44.0 0
1716274922455 45.0 0
1716274927226 46.0 0
1716274931438 47.0 0
1716274935493 48.0 0
1716274939266 49.0 0
1716274943120 50.0 0
1716274949864 51.0 0
1716274954694 52.0 0
1716274959142 53.0 0
1716274962964 54.0 0
1716274966002 55.0 0
1716274969702 56.0 0
1716274972921 57.0 0
1716274976782 58.0 0
1716274979840 59.0 0
1716274983800 60.0 0
1716274989864 61.0 0
1716274993004 62.0 0
1716274995772 63.0 0
1716274999042 64.0 0
1716275001939 65.0 0
1716275005326 66.0 0
1716275008275 67.0 0
1716275011725 68.0 0
1716275014825 69.0 0
1716275017520 70.0 0
1716275022840 71.0 0
1716275026240 72.0 0
1716275030292 73.0 0
1716275033732 74.0 0
1716275036672 75.0 0
1716275039784 76.0 0
1716275042875 77.0 0
1716275046082 78.0 0
1716275049227 79.0 0
1716275052402 80.0 0
1716275058491 81.0 0
1716275063211 82.0 0
1716275066824 83.0 0
1716275070019 84.0 0
1716275073698 85.0 0
1716275077007 86.0 0
1716275080090 87.0 0
1716275082909 88.0 0
1716275085926 89.0 0
1716275088499 90.0 0
1716275094263 91.0 0
1716275097068 92.0 0
1716275099824 93.0 0
1716275102107 94.0 0
1716275104690 95.0 0
1716275106834 96.0 0
1716275108992 97.0 0
1716275111331 98.0 0
1716275114036 99.0 0
1716275116239 100.0 0
1716275121135 101.0 0
1716275124071 102.0 0
1716275127744 103.0 0
1716275131033 104.0 0
1716275134745 105.0 0
1716275137882 106.0 0
1716275140981 107.0 0
1716275145308 108.0 0
1716275149885 109.0 0
1716275153196 110.0 0
1716275159748 111.0 0
1716275162935 112.0 0
1716275166653 113.0 0
1716275170605 114.0 0
1716275174227 115.0 0
1716275177405 116.0 0
1716275180547 117.0 0
1716275183206 118.0 0
1716275186828 119.0 0
1716275190536 120.0 0
