1716274756365 7.267693042755127 0
1716274761007 7.256692409515381 0
1716274764885 7.2461748123168945 0
1716274769076 7.236072540283203 0
1716274773786 7.226329803466797 0
1716274777333 7.216907978057861 0
1716274780582 7.207754135131836 0
1716274785096 7.198836803436279 0
1716274789312 7.190120697021484 0
1716274793057 7.181577205657959 0
1716274800098 7.173196315765381 0
1716274803993 7.164967060089111 0
1716274808152 7.156883239746094 0
1716274813037 7.148952484130859 0
1716274816426 7.141183853149414 0
1716274819342 7.133569240570068 0
1716274822215 7.126095771789551 0
1716274824600 7.1187543869018555 0
1716274826957 7.111527919769287 0
1716274830811 7.104397296905518 0
1716274837485 7.097348690032959 0
1716274841323 7.090370178222656 0
1716274845301 7.083453178405762 0
1716274849894 7.076589584350586 0
1716274853407 7.0697712898254395 0
1716274856959 7.062979698181152 0
1716274859828 7.056212425231934 0
1716274862601 7.049459934234619 0
1716274865863 7.0427117347717285 0
1716274868320 7.035961151123047 0
1716274874855 7.029191493988037 0
1716274877752 7.022380352020264 0
1716274881060 7.015525817871094 0
1716274883978 7.008602142333984 0
1716274886765 7.001585483551025 0
1716274889682 6.994448184967041 0
1716274892093 6.98715877532959 0
1716274894592 6.979668617248535 0
1716274896894 6.971935272216797 0
1716274899347 6.963879585266113 0
1716274906246 6.9554219245910645 0
1716274909317 6.946442604064941 0
1716274912690 6.936801910400391 0
1716274918238 6.9262847900390625 0
1716274922427 6.91461706161499 0
1716274927203 6.9014058113098145 0
1716274931401 6.886140823364258 0
1716274935458 6.868168354034424 0
1716274939246 6.846796035766602 0
1716274943079 6.821722984313965 0
1716274949845 6.793956279754639 0
1716274954557 6.766315937042236 0
1716274959111 6.74166202545166 0
1716274962930 6.720964431762695 0
1716274965981 6.703817367553711 0
1716274969663 6.689348220825195 0
1716274972902 6.676945209503174 0
1716274976746 6.6663289070129395 0
1716274979821 6.657256603240967 0
1716274983753 6.649388313293457 0
1716274989847 6.642378330230713 0
1716274992966 6.635985374450684 0
1716274995752 6.6300883293151855 0
1716274999005 6.62463903427124 0
1716275001918 6.619626045227051 0
1716275005300 6.615004062652588 0
1716275008251 6.610696315765381 0
1716275011678 6.6066365242004395 0
1716275014799 6.6027631759643555 0
1716275017494 6.599027633666992 0
1716275022817 6.595408916473389 0
1716275026195 6.591861724853516 0
1716275030269 6.588398456573486 0
1716275033706 6.584986209869385 0
1716275036655 6.581617832183838 0
1716275039751 6.578295707702637 0
1716275042847 6.575000762939453 0
1716275046058 6.571734428405762 0
1716275049206 6.568492412567139 0
1716275052365 6.565266132354736 0
1716275058452 6.5620574951171875 0
1716275063181 6.5588579177856445 0
1716275066799 6.555668354034424 0
1716275069987 6.552489280700684 0
1716275073668 6.549307823181152 0
1716275076976 6.546139717102051 0
1716275080069 6.542961597442627 0
1716275082866 6.539789199829102 0
1716275085900 6.5366129875183105 0
1716275088479 6.533431529998779 0
1716275094237 6.5302510261535645 0
1716275097047 6.527059555053711 0
1716275099792 6.523867607116699 0
1716275102092 6.520662307739258 0
1716275104662 6.5174560546875 0
1716275106807 6.514235019683838 0
1716275108976 6.51101016998291 0
1716275111315 6.5077738761901855 0
1716275114013 6.5045294761657715 0
1716275116211 6.5012736320495605 0
1716275121119 6.498011112213135 0
1716275124042 6.494735240936279 0
1716275127715 6.491456508636475 0
1716275131009 6.488169193267822 0
1716275134713 6.484870433807373 0
1716275137846 6.481560707092285 0
1716275140960 6.478244304656982 0
1716275145286 6.474918365478516 0
1716275149845 6.471586227416992 0
1716275153163 6.468247413635254 0
1716275159714 6.464897632598877 0
1716275162891 6.461549282073975 0
1716275166629 6.458188533782959 0
1716275170570 6.454826831817627 0
1716275174196 6.451460361480713 0
1716275177377 6.448086261749268 0
1716275180528 6.444718837738037 0
1716275183182 6.441338062286377 0
1716275186798 6.437962532043457 0
1716275190500 6.434577465057373 0
