1716274756407 1.7666480541229248 0
1716274761057 1.3429770469665527 0
1716274764939 1.4449129104614258 0
1716274769192 1.5501859188079834 0
1716274773829 1.3417179584503174 0
1716274777392 1.1206190586090088 0
1716274780607 1.0532081127166748 0
1716274785142 1.6703159809112549 0
1716274789351 1.3195161819458008 0
1716274793101 1.2812461853027344 0
1716274800143 1.6229517459869385 0
1716274804216 1.6811292171478271 0
1716274808197 1.4502389430999756 0
1716274813078 1.294316053390503 0
1716274816456 0.9676809310913086 0
1716274819395 1.0763988494873047 0
1716274822249 0.9176709651947021 0
1716274824659 0.7982070446014404 0
1716274826995 0.6515042781829834 0
1716274830882 1.5312788486480713 0
1716274837531 1.344283103942871 0
1716274841359 1.1567528247833252 0
1716274845356 1.273810863494873 0
1716274849947 1.3261399269104004 0
1716274853433 0.9780120849609375 0
1716274856993 1.267359972000122 0
1716274859858 0.9193458557128906 0
1716274862646 0.9087588787078857 0
1716274865888 1.028979778289795 0
1716274868348 0.6504061222076416 0
1716274874898 1.2479908466339111 0
1716274877800 1.0704622268676758 0
1716274881089 0.9239852428436279 0
1716274884024 1.075434923171997 0
1716274886812 0.9466381072998047 0
1716274889727 1.1628520488739014 0
1716274892122 0.6838619709014893 0
1716274894649 0.8207747936248779 0
1716274896954 0.7042078971862793 0
1716274899390 0.7440967559814453 0
1716274906277 1.2077209949493408 0
1716274909377 1.0504703521728516 0
1716274912739 1.0715200901031494 0
1716274918276 1.4525871276855469 0
1716274922463 1.2969040870666504 0
1716274927245 1.3214669227600098 0
1716274931459 1.346531867980957 0
1716274935499 1.3454601764678955 0
1716274939272 1.3958888053894043 0
1716274943141 1.3969929218292236 0
1716274949869 1.291820764541626 0
1716274954698 1.8839540481567383 0
1716274959152 1.293459177017212 0
1716274962974 1.3190913200378418 0
1716274966008 1.0056250095367432 0
1716274969721 1.321864366531372 0
1716274972928 1.2109827995300293 0
1716274976800 1.4031801223754883 0
1716274979847 1.0490550994873047 0
1716274983809 1.4736049175262451 0
1716274989875 1.2222309112548828 0
1716274993014 1.2030308246612549 0
1716274995796 0.8201899528503418 0
1716274999063 1.1493191719055176 0
1716275001946 0.9391872882843018 0
1716275005340 1.18855881690979 0
1716275008282 0.9702060222625732 0
1716275011730 1.23225998878479 0
1716275014832 1.0274860858917236 0
1716275017549 0.9298608303070068 0
1716275022846 1.3351900577545166 0
1716275026245 1.5135679244995117 0
1716275030303 1.297252893447876 0
1716275033741 1.1700820922851562 0
1716275036694 1.0265648365020752 0
1716275039792 1.152571201324463 0
1716275042889 1.123039960861206 0
1716275046090 1.1011860370635986 0
1716275049249 1.0431318283081055 0
1716275052425 1.1341369152069092 0
1716275058496 1.5463502407073975 0
1716275063219 1.4300589561462402 0
1716275066831 1.0458199977874756 0
1716275070048 1.1713800430297852 0
1716275073705 1.2717349529266357 0
1716275077022 1.355252981185913 0
1716275080098 0.9416508674621582 0
1716275082922 0.9817218780517578 0
1716275085936 1.0599348545074463 0
1716275088517 0.7452001571655273 0
1716275094269 1.2174837589263916 0
1716275097097 1.114123821258545 0
1716275099832 1.0037050247192383 0
1716275102113 0.6009521484375 0
1716275104699 1.0220940113067627 0
1716275106841 0.5782482624053955 0
1716275108998 0.6061549186706543 0
1716275111352 0.7259712219238281 0
1716275114045 0.9638938903808594 0
1716275116246 0.6117823123931885 0
1716275121143 0.9678666591644287 0
1716275124075 1.0529310703277588 0
1716275127755 1.0216472148895264 0
1716275131046 0.8803262710571289 0
1716275134750 1.260331630706787 0
1716275137902 1.1594879627227783 0
1716275140999 1.0128507614135742 0
1716275145321 1.341141939163208 0
1716275149892 1.2518529891967773 0
1716275153201 1.1222732067108154 0
1716275159755 1.2852611541748047 0
1716275162963 1.1804418563842773 0
1716275166660 1.5561800003051758 0
1716275170614 1.395780086517334 0
1716275174233 1.2522990703582764 0
1716275177430 1.1075770854949951 0
1716275180553 0.9883918762207031 0
1716275183213 0.783729076385498 0
1716275186833 1.6958041191101074 0
1716275190548 1.3061392307281494 0
