1715612884691 7.44571590423584 0
1715612885317 7.0728983879089355 0
1715612885855 6.7560906410217285 0
1715612886375 6.488503932952881 0
1715612886862 6.345115661621094 0
1715612887348 6.211260795593262 0
1715612887825 6.077359676361084 0
1715612888321 5.942010402679443 0
1715612888796 5.799293518066406 0
1715612889278 5.624174118041992 0
1715612895994 5.4305033683776855 0
1715612896492 5.21151065826416 0
1715612896976 4.949103355407715 0
1715612897452 4.6557536125183105 0
1715612897918 4.332218647003174 0
1715612898392 4.087732315063477 0
1715612898864 3.9034643173217773 0
1715612899344 3.732449531555176 0
1715612899842 3.5517373085021973 0
1715612900342 3.4008753299713135 0
1715612906300 3.286367177963257 0
1715612906906 3.19537353515625 0
1715612907581 3.123800754547119 0
1715612908122 3.066699981689453 0
1715612908631 3.016526222229004 0
1715612909146 2.966111183166504 0
1715612909671 2.9106085300445557 0
1715612910227 2.8539512157440186 0
1715612910788 2.803889036178589 0
1715612911413 2.7599785327911377 0
1715612917429 2.718926429748535 0
1715612917967 2.6808383464813232 0
1715612918460 2.6462948322296143 0
1715612918962 2.6140575408935547 0
1715612919452 2.583331823348999 0
1715612919999 2.5535919666290283 0
1715612920502 2.52314829826355 0
1715612920999 2.4923980236053467 0
1715612921530 2.4624099731445312 0
1715612922048 2.4327433109283447 0
1715612927906 2.404670000076294 0
1715612928386 2.3810012340545654 0
1715612928870 2.350285530090332 0
1715612929374 2.324375629425049 0
1715612929865 2.3002049922943115 0
1715612930359 2.276796340942383 0
1715612930855 2.2535557746887207 0
1715612931360 2.2300941944122314 0
1715612931912 2.2066922187805176 0
1715612932512 2.183443307876587 0
1715612939791 2.161101818084717 0
1715612940298 2.139246940612793 0
1715612940777 2.116682767868042 0
1715612941286 2.0957486629486084 0
1715612941836 2.074897289276123 0
1715612942337 2.0534234046936035 0
1715612942876 2.0317633152008057 0
1715612943466 2.0106279850006104 0
1715612944057 1.9884636402130127 0
1715612944702 1.9661904573440552 0
1715612953163 1.944221019744873 0
1715612953648 1.9214324951171875 0
1715612954142 1.8977973461151123 0
1715612954644 1.8745816946029663 0
1715612955147 1.8519761562347412 0
1715612955675 1.8296492099761963 0
1715612956194 1.808223009109497 0
1715612956728 1.7869923114776611 0
1715612957274 1.7658156156539917 0
1715612957853 1.7442957162857056 0
1715612964309 1.721103310585022 0
1715612964872 1.7024345397949219 0
1715612965360 1.679898977279663 0
1715612965859 1.657619833946228 0
1715612966372 1.6390700340270996 0
1715612966900 1.6200352907180786 0
1715612967444 1.600710391998291 0
1715612967983 1.582497239112854 0
1715612968544 1.564980149269104 0
1715612969129 1.5473147630691528 0
1715612975144 1.5274920463562012 0
1715612975628 1.5098519325256348 0
1715612976110 1.4914871454238892 0
1715612976617 1.4717456102371216 0
1715612977138 1.4529329538345337 0
1715612977667 1.4366215467453003 0
1715612978224 1.4228029251098633 0
1715612978784 1.4223724603652954 0
1715612979372 1.4311491250991821 0
1715612979974 1.4502763748168945 0
1715612986190 1.3780885934829712 0
1715612986722 1.3935785293579102 0
1715612987236 1.3737393617630005 0
1715612987760 1.3557080030441284 0
1715612988283 1.3361531496047974 0
1715612988840 1.3242616653442383 0
1715612989426 1.313099980354309 0
1715612990059 1.2965198755264282 0
1715612990743 1.2802492380142212 0
1715612991506 1.272773265838623 0
1715612999343 1.255428671836853 0
1715612999905 1.2430394887924194 0
1715613000457 1.2343682050704956 0
1715613001015 1.2260156869888306 0
1715613001583 1.2135798931121826 0
1715613002147 1.1988590955734253 0
1715613002739 1.1924512386322021 0
1715613003440 1.1856021881103516 0
1715613004137 1.19722580909729 0
1715613004954 1.1924229860305786 0
1715613012264 1.1805325746536255 0
1715613012815 1.1733578443527222 0
1715613013366 1.163543939590454 0
1715613013911 1.162034511566162 0
1715613014479 1.1733269691467285 0
1715613015058 1.1453914642333984 0
1715613015659 1.148851752281189 0
1715613016283 1.137993335723877 0
1715613016965 1.118774175643921 0
1715613017695 1.1064821481704712 0
1715613024649 1.0985727310180664 0
1715613025199 1.0770230293273926 0
1715613025740 1.073913812637329 0
1715613026290 1.0573724508285522 0
1715613026831 1.0487401485443115 0
1715613027379 1.0454164743423462 0
1715613027932 1.0508288145065308 0
1715613028486 1.0196479558944702 0
1715613029058 1.0236287117004395 0
1715613029676 1.0098130702972412 0
1715613036413 0.9951602816581726 0
1715613036919 0.9898272156715393 0
1715613037427 0.9751565456390381 0
1715613037969 0.9703986644744873 0
1715613038496 0.9559713006019592 0
1715613039034 0.9553359746932983 0
1715613039583 0.9446166157722473 0
1715613040152 0.9340360760688782 0
1715613040732 0.9230261445045471 0
1715613041377 0.9165872931480408 0
1715613047575 0.9112997651100159 0
1715613048086 0.904426097869873 0
1715613048587 0.894615650177002 0
1715613049091 0.8960386514663696 0
1715613049607 1.001330852508545 0
1715613050154 1.0119423866271973 0
1715613050689 0.9690474271774292 0
1715613051240 1.011217713356018 0
1715613051813 0.9442331790924072 0
1715613052390 0.9931816458702087 0
1715613058625 0.9836434125900269 0
1715613059105 0.9605590105056763 0
1715613059590 0.963036835193634 0
1715613060098 1.0827631950378418 0
1715613060607 1.1381019353866577 0
1715613061134 1.1837506294250488 0
1715613061669 1.2779731750488281 0
1715613062222 1.265504240989685 0
1715613062788 1.2995835542678833 0
1715613063363 1.3016821146011353 0
1715613068986 1.2899658679962158 0
1715613069481 1.2961522340774536 0
1715613069964 1.2567905187606812 0
1715613070473 1.242581844329834 0
1715613071007 1.2278162240982056 0
1715613071538 1.1998262405395508 0
1715613072074 1.2113852500915527 0
1715613072632 1.177925944328308 0
1715613073200 1.159940481185913 0
1715613073770 1.1505601406097412 0
1715613079000 1.1230021715164185 0
1715613079490 1.110352635383606 0
1715613079982 1.0919761657714844 0
1715613080478 1.0794973373413086 0
1715613080989 1.0644994974136353 0
1715613081512 1.046502709388733 0
1715613082055 1.034692406654358 0
1715613082601 1.015187382698059 0
1715613083145 1.0035028457641602 0
1715613083702 0.9899424910545349 0
1715613089051 0.977217435836792 0
1715613089544 0.9591463804244995 0
1715613090024 0.9450247287750244 0
1715613090536 0.9364173412322998 0
1715613091045 0.9239821434020996 0
1715613091558 0.9135552048683167 0
1715613092089 0.9023803472518921 0
1715613092632 0.892790675163269 0
1715613093166 0.8835446238517761 0
1715613093729 0.8742749094963074 0
1715613100307 0.8646072149276733 0
1715613100783 0.8555935025215149 0
1715613101265 0.8474788069725037 0
1715613101736 0.840869128704071 0
1715613102222 0.8320064544677734 0
1715613102723 0.8244214057922363 0
1715613103231 0.8168107867240906 0
1715613103754 0.8096553087234497 0
1715613104300 0.8032604455947876 0
1715613104854 0.7960611581802368 0
1715613110053 0.7903423309326172 0
1715613110543 0.7840503454208374 0
1715613111030 0.7779368758201599 0
1715613111503 0.772669792175293 0
1715613111995 0.7671515345573425 0
1715613112514 0.7630130648612976 0
1715613113024 0.7574911713600159 0
1715613113564 0.7520127892494202 0
1715613114126 0.7462794184684753 0
1715613114707 0.7413868308067322 0
1715613120166 0.7372705936431885 0
1715613120660 0.7321954965591431 0
1715613121140 0.7275868654251099 0
1715613121620 0.7233254909515381 0
1715613122111 0.7185957431793213 0
1715613122622 0.7143474817276001 0
1715613123138 0.7102468013763428 0
1715613123665 0.7061932682991028 0
1715613124206 0.7029491066932678 0
1715613124761 0.6990482211112976 0
1715613130099 0.6949551105499268 0
1715613130591 0.6908857226371765 0
1715613131078 0.6874361634254456 0
1715613131558 0.6839176416397095 0
1715613132049 0.6799562573432922 0
1715613132552 0.6770236492156982 0
1715613133070 0.6734630465507507 0
1715613133601 0.6699424982070923 0
1715613134145 0.6661388874053955 0
1715613134836 0.6631739139556885 0
1715613140003 0.6595292687416077 0
1715613140489 0.6561881303787231 0
1715613140960 0.6530985832214355 0
1715613141448 0.6499015092849731 0
1715613141931 0.6465426087379456 0
1715613142428 0.6434237957000732 0
1715613142923 0.6404846906661987 0
1715613143430 0.6373503804206848 0
1715613143962 0.6342707276344299 0
1715613144487 0.6312848925590515 0
1715613149400 0.6282767057418823 0
1715613149891 0.6252739429473877 0
1715613150373 0.6224401593208313 0
1715613150854 0.6193872690200806 0
1715613151339 0.6167022585868835 0
1715613151837 0.6137993931770325 0
1715613152341 0.6107932329177856 0
1715613153217 0.608087420463562 0
1715613153735 0.6052859425544739 0
1715613154255 0.6024320721626282 0
1715613158907 0.5996460914611816 0
1715613159416 0.5969222784042358 0
1715613159886 0.5941916704177856 0
1715613160345 0.5915380716323853 0
1715613160828 0.5889554023742676 0
1715613161320 0.5863969922065735 0
1715613161829 0.5840027928352356 0
1715613162351 0.5820504426956177 0
1715613162891 0.5833771824836731 0
1715613163430 0.6402154564857483 0
1715613168304 0.6857344508171082 0
1715613168796 0.6849956512451172 0
1715613169293 0.6523690223693848 0
1715613169767 0.6468291282653809 0
1715613170255 0.636766791343689 0
1715613170763 0.6248332858085632 0
1715613171262 0.63298499584198 0
1715613171775 0.608839213848114 0
1715613172296 0.6175797581672668 0
1715613172806 0.5950974822044373 0
1715613178178 0.6055775284767151 0
1715613178655 0.5882014632225037 0
1715613179142 0.5925105214118958 0
1715613179621 0.5768039226531982 0
1715613180113 0.5837730765342712 0
1715613180602 0.5729185342788696 0
1715613181118 0.5709623694419861 0
1715613181647 0.5681387782096863 0
1715613182196 0.5640405416488647 0
1715613182753 0.5585318803787231 0
1715613188961 0.5577048063278198 0
1715613189461 0.552302896976471 0
1715613189956 0.5505832433700562 0
1715613190461 0.5463643670082092 0
1715613191004 0.5442034006118774 0
1715613191523 0.5413879156112671 0
1715613192049 0.5368653535842896 0
1715613192576 0.5354992747306824 0
1715613193161 0.5331903696060181 0
1715613193736 0.5314924716949463 0
1715613199998 0.5300244688987732 0
1715613200483 0.5277065634727478 0
1715613200975 0.5242476463317871 0
1715613201471 0.5221713781356812 0
1715613201951 0.5194156169891357 0
1715613202432 0.5161463022232056 0
1715613202937 0.5146228671073914 0
1715613203444 0.5116820335388184 0
1715613203958 0.5095528364181519 0
1715613204501 0.5066484212875366 0
1715613210517 0.5051425695419312 0
1715613211073 0.5027024149894714 0
1715613211575 0.5002569556236267 0
1715613212096 0.49820035696029663 0
1715613212610 0.4964740574359894 0
1715613213145 0.4937300682067871 0
1715613213747 0.4919879734516144 0
1715613214306 0.4896399974822998 0
1715613214918 0.48772627115249634 0
1715613215574 0.48554903268814087 0
1715613222540 0.4837578237056732 0
1715613223026 0.4815301299095154 0
1715613223508 0.4795762896537781 0
1715613224012 0.47768688201904297 0
1715613224498 0.47562113404273987 0
1715613224987 0.47359636425971985 0
1715613225501 0.47150787711143494 0
1715613226039 0.4697546660900116 0
1715613226595 0.46762537956237793 0
1715613227145 0.4656713902950287 0
1715613233672 0.46365731954574585 0
1715613234249 0.46167615056037903 0
1715613234846 0.4596876800060272 0
1715613235363 0.4577485918998718 0
1715613235870 0.4557846188545227 0
1715613236428 0.4537109434604645 0
1715613237015 0.4518345892429352 0
1715613237644 0.44982075691223145 0
1715613238342 0.4478388726711273 0
1715613239092 0.44589683413505554 0
1715613246279 0.4439554214477539 0
1715613246783 0.4419742822647095 0
1715613247263 0.4400002956390381 0
1715613247742 0.4380055069923401 0
1715613248242 0.4359608292579651 0
1715613248738 0.4339173138141632 0
1715613249252 0.43176376819610596 0
1715613249778 0.42965617775917053 0
1715613250323 0.42768868803977966 0
1715613250934 0.42554357647895813 0
1715613257388 0.42319658398628235 0
1715613257876 0.42084556818008423 0
1715613258364 0.4205237925052643 0
1715613258863 0.4181042015552521 0
1715613259339 0.415755957365036 0
1715613259833 0.41551828384399414 0
1715613260361 0.41783344745635986 0
1715613260898 0.44484710693359375 0
1715613261448 0.5396939516067505 0
1715613261989 0.5536566972732544 0
1715613268927 0.5258955359458923 0
1715613269433 0.4998459219932556 0
1715613269920 0.4768578112125397 0
1715613270405 0.4947632849216461 0
1715613270917 0.4537006616592407 0
1715613271436 0.47482964396476746 0
1715613271959 0.4660012722015381 0
1715613272511 0.44333934783935547 0
1715613273083 0.43944263458251953 0
1715613273664 0.4359489381313324 0
1715613280359 0.42540812492370605 0
1715613280834 0.41869229078292847 0
1715613281308 0.41586223244667053 0
1715613281786 0.40785786509513855 0
1715613282268 0.39729195833206177 0
1715613282772 0.398345947265625 0
1715613283287 0.3943590819835663 0
1715613283821 0.384066641330719 0
1715613284373 0.38296499848365784 0
1715613284927 0.3799920380115509 0
1715613290675 0.37691357731819153 0
1715613291166 0.3712201714515686 0
1715613291678 0.3697945475578308 0
1715613292174 0.36543139815330505 0
1715613292673 0.3628953695297241 0
1715613293194 0.36063969135284424 0
1715613293752 0.35746943950653076 0
1715613294325 0.35523277521133423 0
1715613294946 0.3539755344390869 0
1715613295616 0.35134339332580566 0
1715613302986 0.34843164682388306 0
1715613303488 0.3471623659133911 0
1715613303998 0.34517449140548706 0
1715613304512 0.3422144651412964 0
1715613305029 0.34058502316474915 0
1715613305556 0.33933863043785095 0
1715613306090 0.3377619683742523 0
1715613306641 0.33569031953811646 0
1715613307194 0.3345766067504883 0
1715613307767 0.33297765254974365 0
1715613313658 0.3317357301712036 0
1715613314137 0.3301042914390564 0
1715613314631 0.3285231590270996 0
1715613315128 0.3271348774433136 0
1715613315643 0.3258500397205353 0
1715613316167 0.3245231807231903 0
1715613316713 0.32327479124069214 0
1715613317327 0.3219814896583557 0
1715613317989 0.32074177265167236 0
1715613318635 0.31955358386039734 0
1715613327033 0.31838443875312805 0
1715613327542 0.3171924352645874 0
1715613328051 0.3161182701587677 0
1715613328549 0.31490856409072876 0
1715613329072 0.31375086307525635 0
1715613329615 0.3127627372741699 0
1715613330181 0.31170496344566345 0
1715613330790 0.3106127679347992 0
1715613331431 0.30960342288017273 0
1715613332174 0.30854329466819763 0
1715613339561 0.307533323764801 0
1715613340047 0.3065475821495056 0
1715613340540 0.3055706322193146 0
1715613341036 0.3046025335788727 0
1715613341566 0.3036741316318512 0
1715613342111 0.30270224809646606 0
1715613342655 0.30175840854644775 0
1715613343230 0.3008194863796234 0
1715613343837 0.29990673065185547 0
1715613344479 0.29901909828186035 0
1715613351398 0.29810211062431335 0
1715613351926 0.2972094416618347 0
1715613352442 0.29633578658103943 0
1715613352952 0.295463502407074 0
1715613353484 0.29459503293037415 0
1715613354025 0.29374271631240845 0
1715613354581 0.29289475083351135 0
1715613355165 0.2920490801334381 0
1715613355782 0.2912222445011139 0
1715613356443 0.2904016077518463 0
1715613363462 0.2895776331424713 0
1715613363984 0.2887616753578186 0
1715613364510 0.287957102060318 0
1715613365027 0.28715547919273376 0
1715613365559 0.2863587737083435 0
1715613366109 0.2855769097805023 0
1715613366655 0.28479501605033875 0
1715613367212 0.28402233123779297 0
1715613367790 0.28325387835502625 0
1715613368376 0.2824910879135132 0
1715613374040 0.28173625469207764 0
1715613374554 0.28098562359809875 0
1715613375074 0.280242919921875 0
1715613375594 0.27950426936149597 0
1715613376119 0.278769850730896 0
1715613376668 0.27804386615753174 0
1715613377226 0.27732139825820923 0
1715613377791 0.2766059339046478 0
1715613378386 0.2758959233760834 0
1715613379017 0.2751908302307129 0
1715613384676 0.2744905650615692 0
1715613385203 0.273796409368515 0
1715613385719 0.2731054425239563 0
1715613386245 0.2724210023880005 0
1715613386778 0.2717408239841461 0
1715613387332 0.2710650563240051 0
1715613387889 0.2703932821750641 0
1715613388475 0.26972657442092896 0
1715613389057 0.26906517148017883 0
1715613389675 0.26840829849243164 0
1715613395473 0.26775601506233215 0
1715613395997 0.267107218503952 0
1715613396531 0.266462504863739 0
1715613397041 0.2658229470252991 0
1715613397559 0.26518771052360535 0
1715613398106 0.264555424451828 0
1715613398675 0.2639269530773163 0
1715613399238 0.2633051574230194 0
1715613399849 0.2626856565475464 0
1715613400509 0.26207032799720764 0
1715613407546 0.2614588439464569 0
1715613408065 0.2608508765697479 0
1715613408593 0.2602474093437195 0
1715613409108 0.2596478760242462 0
1715613409635 0.259052574634552 0
1715613410176 0.25845831632614136 0
1715613410725 0.25787031650543213 0
1715613411299 0.2572844922542572 0
1715613411886 0.25670239329338074 0
1715613412490 0.2561245560646057 0
1715613421796 0.2555505931377411 0
1715613422432 0.2549789547920227 0
1715613422943 0.25441163778305054 0
1715613423465 0.25384727120399475 0
1715613424018 0.253286212682724 0
1715613424585 0.2527281641960144 0
1715613425176 0.25217366218566895 0
1715613425814 0.25162339210510254 0
1715613426616 0.2510744035243988 0
1715613427873 0.2505299746990204 0
1715613435398 0.24998816847801208 0
1715613435945 0.2494494765996933 0
1715613436478 0.24891343712806702 0
1715613437009 0.24838149547576904 0
1715613437548 0.24785175919532776 0
1715613438131 0.247324600815773 0
1715613438815 0.24680112302303314 0
1715613439616 0.2462780922651291 0
1715613440323 0.24576079845428467 0
1715613441230 0.24524518847465515 0
1715613448985 0.24473226070404053 0
1715613449546 0.24422189593315125 0
1715613450135 0.24371448159217834 0
1715613450660 0.24320898950099945 0
1715613451299 0.24270613491535187 0
1715613452099 0.2422063946723938 0
1715613452955 0.24170836806297302 0
1715613453877 0.2412131428718567 0
1715613454875 0.2407197207212448 0
1715613456041 0.24022804200649261 0
1715613464127 0.23974011838436127 0
1715613464703 0.2392536848783493 0
1715613465212 0.23876969516277313 0
1715613465763 0.23828786611557007 0
1715613466356 0.237807035446167 0
1715613467049 0.23732951283454895 0
1715613468138 0.2368534803390503 0
1715613469121 0.23637987673282623 0
1715613470213 0.23590855300426483 0
1715613471381 0.2354375571012497 0
1715613480034 0.23496921360492706 0
1715613480532 0.23450380563735962 0
1715613481031 0.23403890430927277 0
1715613481542 0.23357662558555603 0
1715613482065 0.23311658203601837 0
1715613482618 0.23266012966632843 0
1715613483207 0.23220564424991608 0
1715613483828 0.23175771534442902 0
1715613484496 0.23132067918777466 0
1715613485263 0.23090003430843353 0
1715613494478 0.23053483664989471 0
1715613494977 0.23023930191993713 0
1715613495467 0.23030683398246765 0
1715613495982 0.23075999319553375 0
1715613496510 0.23597224056720734 0
1715613497061 0.2750629186630249 0
1715613497624 0.6833772659301758 0
1715613498225 0.8493059873580933 0
1715613498856 0.8326235413551331 0
1715613499598 0.7757611274719238 0
1715613508066 0.8013522624969482 0
1715613508605 0.7341890931129456 0
1715613509126 0.7036691308021545 0
1715613509656 0.674452006816864 0
1715613510206 0.6774940490722656 0
1715613510765 0.6202099323272705 0
1715613511365 0.5978367328643799 0
1715613512004 0.5438019633293152 0
1715613512683 0.5139662027359009 0
1715613513442 0.4891525208950043 0
1715613521967 0.4712185263633728 0
1715613522647 0.4412823021411896 0
1715613523201 0.424590528011322 0
1715613523768 0.4120519161224365 0
1715613524387 0.3975205719470978 0
1715613525136 0.3927045464515686 0
1715613525854 0.38158613443374634 0
1715613526716 0.3601171374320984 0
1715613527924 0.3499557673931122 0
1715613529690 0.3467775583267212 0
1715613537116 0.33590298891067505 0
1715613537652 0.32569167017936707 0
1715613538190 0.3203098475933075 0
1715613538739 0.3115488290786743 0
1715613539287 0.3066156208515167 0
1715613539846 0.30056485533714294 0
1715613540424 0.2951061427593231 0
1715613541025 0.29051026701927185 0
1715613541656 0.2861469089984894 0
1715613542336 0.282980740070343 0
1715613549590 0.2787643074989319 0
1715613550081 0.2755047380924225 0
1715613550608 0.2721867263317108 0
1715613551137 0.2687304615974426 0
1715613551697 0.2660779058933258 0
1715613552274 0.2627411484718323 0
1715613552880 0.25989609956741333 0
1715613553583 0.25815069675445557 0
1715613554295 0.2562498152256012 0
1715613555140 0.2537716329097748 0
1715613561889 0.25157174468040466 0
1715613562461 0.24956905841827393 0
1715613563030 0.24758578836917877 0
1715613563590 0.24609419703483582 0
1715613564150 0.2445574551820755 0
1715613564729 0.24290479719638824 0
1715613565300 0.2414996474981308 0
1715613565884 0.2397940307855606 0
1715613566487 0.23835524916648865 0
1715613567111 0.23725402355194092 0
1715613572939 0.23620480298995972 0
1715613573460 0.23498743772506714 0
1715613573979 0.2336997091770172 0
1715613574498 0.2325967699289322 0
1715613575050 0.23146717250347137 0
1715613575607 0.23042930662631989 0
1715613576212 0.2294260412454605 0
1715613576807 0.22839833796024323 0
1715613577435 0.22743800282478333 0
1715613578100 0.2265048325061798 0
1715613584940 0.22556035220623016 0
1715613585467 0.2246333360671997 0
1715613586020 0.22383351624011993 0
1715613586550 0.2230501025915146 0
1715613587108 0.22222083806991577 0
1715613587685 0.2213997095823288 0
1715613588269 0.2206118404865265 0
1715613588886 0.21984398365020752 0
1715613589536 0.21907976269721985 0
1715613590224 0.21834133565425873 0
1715613596473 0.21760129928588867 0
1715613597030 0.21692612767219543 0
1715613597571 0.21626025438308716 0
1715613598111 0.21558567881584167 0
1715613598667 0.21492905914783478 0
1715613599234 0.2142598032951355 0
1715613599810 0.21361085772514343 0
1715613600411 0.21296772360801697 0
1715613601036 0.21235163509845734 0
1715613601694 0.21175090968608856 0
1715613608304 0.2111620008945465 0
1715613608827 0.21057173609733582 0
1715613609364 0.20998124778270721 0
1715613609890 0.20940987765789032 0
1715613610446 0.20885051786899567 0
1715613611013 0.20830084383487701 0
1715613611581 0.2077580839395523 0
1715613612177 0.20722144842147827 0
1715613612794 0.20668980479240417 0
1715613613451 0.20616896450519562 0
1715613619147 0.2056572437286377 0
1715613619689 0.20515303313732147 0
1715613620216 0.20465482771396637 0
1715613620748 0.2041640728712082 0
1715613621300 0.20367534458637238 0
1715613621866 0.2031935304403305 0
1715613622440 0.20271918177604675 0
1715613623041 0.20224815607070923 0
1715613623672 0.2017848938703537 0
1715613624316 0.20132644474506378 0
1715613631999 0.2008724957704544 0
1715613632582 0.20042309165000916 0
1715613633113 0.19997930526733398 0
1715613633643 0.1995382457971573 0
1715613634191 0.19910301268100739 0
1715613634744 0.19867351651191711 0
1715613635312 0.19824738800525665 0
1715613635921 0.19782492518424988 0
1715613636561 0.19740618765354156 0
1715613637303 0.1969919502735138 0
1715613644478 0.1965811550617218 0
1715613645044 0.19617386162281036 0
1715613645572 0.19577035307884216 0
1715613646126 0.19537043571472168 0
1715613646684 0.1949736624956131 0
1715613647269 0.19457954168319702 0
1715613647940 0.19418813288211823 0
1715613648812 0.193800687789917 0
1715613649760 0.1934169977903366 0
1715613650964 0.1930353045463562 0
1715613658053 0.19265733659267426 0
1715613658583 0.19228079915046692 0
1715613659116 0.191908061504364 0
1715613659636 0.19153816998004913 0
1715613660173 0.19117076694965363 0
1715613660711 0.19080586731433868 0
1715613661279 0.19044342637062073 0
1715613661858 0.19008362293243408 0
1715613662483 0.1897260844707489 0
1715613663129 0.18937094509601593 0
1715613670088 0.18901780247688293 0
1715613670606 0.18866805732250214 0
1715613671135 0.18831993639469147 0
1715613671685 0.18797411024570465 0
1715613672203 0.18762986361980438 0
1715613672724 0.18728943169116974 0
1715613673311 0.18694956600666046 0
1715613673898 0.1866111308336258 0
1715613674489 0.1862766444683075 0
1715613675200 0.18594373762607574 0
1715613685079 0.1856125295162201 0
1715613685575 0.18528300523757935 0
1715613686189 0.18495553731918335 0
1715613686815 0.18463018536567688 0
1715613687399 0.18430669605731964 0
1715613688150 0.1839839667081833 0
1715613689520 0.1836644858121872 0
1715613690394 0.18334636092185974 0
1715613691765 0.18302947282791138 0
1715613692772 0.18271444737911224 0
1715613701502 0.18240125477313995 0
1715613702004 0.18209020793437958 0
1715613702504 0.18178004026412964 0
1715613703004 0.18147216737270355 0
1715613703559 0.18116499483585358 0
1715613704420 0.1808597445487976 0
1715613705461 0.18055672943592072 0
1715613706415 0.1802554875612259 0
1715613707200 0.17995485663414001 0
1715613708373 0.17965546250343323 0
1715613716103 0.17935846745967865 0
1715613716585 0.17906223237514496 0
1715613717087 0.17876827716827393 0
1715613717566 0.17847514152526855 0
1715613718080 0.1781838983297348 0
1715613718634 0.17789360880851746 0
1715613719199 0.17760483920574188 0
1715613719785 0.17731769382953644 0
1715613720432 0.17703169584274292 0
1715613721136 0.17674797773361206 0
1715613728447 0.17646391689777374 0
1715613728964 0.17618229985237122 0
1715613729500 0.1759013831615448 0
1715613730029 0.17562226951122284 0
1715613730546 0.17534402012825012 0
1715613731080 0.17506803572177887 0
1715613731632 0.17479197680950165 0
1715613732197 0.1745181828737259 0
1715613732773 0.17424441874027252 0
1715613733366 0.1739731878042221 0
1715613739621 0.17370212078094482 0
1715613740139 0.17343178391456604 0
1715613740649 0.17316307127475739 0
1715613741170 0.17289675772190094 0
1715613741694 0.17263057827949524 0
1715613742237 0.17236541211605072 0
1715613742782 0.1721028983592987 0
1715613743359 0.1718381941318512 0
1715613743943 0.1715773195028305 0
1715613744566 0.17131635546684265 0
1715613750840 0.17105670273303986 0
1715613751328 0.17079852521419525 0
1715613751838 0.17054064571857452 0
1715613752356 0.17028366029262543 0
1715613752950 0.1700287163257599 0
1715613753824 0.16977326571941376 0
1715613754628 0.16951970756053925 0
1715613755389 0.1692660003900528 0
1715613756516 0.16901417076587677 0
1715613757389 0.16876354813575745 0
1715613765665 0.16851307451725006 0
1715613766205 0.16826391220092773 0
1715613766780 0.1680152714252472 0
1715613767278 0.16776713728904724 0
1715613767807 0.16752034425735474 0
1715613768375 0.16727422177791595 0
1715613768958 0.1670287400484085 0
1715613769568 0.16678419709205627 0
1715613770263 0.1665404886007309 0
1715613771050 0.1662967950105667 0
1715613778190 0.16605477035045624 0
1715613778729 0.16581344604492188 0
1715613779279 0.16557219624519348 0
1715613779813 0.16533249616622925 0
1715613780374 0.1650933176279068 0
1715613780928 0.1648537963628769 0
1715613781493 0.16461583971977234 0
1715613782066 0.16437873244285583 0
1715613782653 0.1641424298286438 0
1715613783267 0.16390582919120789 0
1715613789978 0.1636718213558197 0
1715613790474 0.1634371280670166 0
1715613790957 0.16320407390594482 0
1715613791470 0.16297020018100739 0
1715613792011 0.16273793578147888 0
1715613792571 0.16250663995742798 0
1715613793201 0.16227662563323975 0
1715613794069 0.16204574704170227 0
1715613795260 0.16181714832782745 0
1715613796635 0.16158832609653473 0
1715613803715 0.16136063635349274 0
1715613804268 0.16113360226154327 0
1715613804763 0.16090638935565948 0
1715613805281 0.16068151593208313 0
1715613805868 0.1604566127061844 0
1715613806431 0.1602318435907364 0
1715613807044 0.1600087285041809 0
1715613807749 0.15978533029556274 0
1715613808785 0.1595628559589386 0
1715613810505 0.15934158861637115 0
1715613817304 0.1591203808784485 0
1715613817842 0.1589004248380661 0
1715613818349 0.15868119895458221 0
1715613818881 0.15846210718154907 0
1715613819463 0.15824326872825623 0
1715613820156 0.15802577137947083 0
1715613821296 0.15780843794345856 0
1715613822163 0.15759161114692688 0
1715613823288 0.15737594664096832 0
1715613824602 0.15716058015823364 0
1715613833050 0.15694540739059448 0
1715613833638 0.15673106908798218 0
1715613834158 0.15651746094226837 0
1715613834665 0.1563040167093277 0
1715613835230 0.15609200298786163 0
1715613836034 0.1558796614408493 0
1715613837261 0.1556677222251892 0
1715613837994 0.15545654296875 0
1715613838763 0.15524543821811676 0
1715613839666 0.15503567457199097 0
1715613848075 0.1548260748386383 0
1715613848572 0.1546163260936737 0
1715613849079 0.15440742671489716 0
1715613849682 0.1541992574930191 0
1715613850220 0.1539909392595291 0
1715613850797 0.153783917427063 0
1715613851383 0.15357688069343567 0
1715613852090 0.15336951613426208 0
1715613853110 0.153163343667984 0
1715613854367 0.15295715630054474 0
1715613862522 0.1527513563632965 0
1715613863037 0.1525464504957199 0
1715613863529 0.15234149992465973 0
1715613864043 0.15213727951049805 0
1715613864579 0.15193279087543488 0
1715613865131 0.151729017496109 0
1715613865708 0.15152575075626373 0
1715613866304 0.15132184326648712 0
1715613866950 0.15111906826496124 0
1715613867692 0.1509162038564682 0
1715613875151 0.1507139652967453 0
1715613875667 0.15051217377185822 0
1715613876196 0.15031026303768158 0
1715613876745 0.15010865032672882 0
1715613877271 0.14990748465061188 0
1715613877810 0.14970703423023224 0
1715613878365 0.1495058834552765 0
1715613878937 0.14930564165115356 0
1715613879534 0.1491049975156784 0
1715613880257 0.1489049196243286 0
1715613888996 0.14870527386665344 0
1715613889497 0.14850592613220215 0
1715613889979 0.14830714464187622 0
1715613890490 0.1481078714132309 0
1715613891022 0.14790871739387512 0
1715613891657 0.1477098912000656 0
1715613892511 0.14751137793064117 0
1715613895069 0.14731359481811523 0
1715613897505 0.1471152901649475 0
1715613899228 0.14691764116287231 0
1715613907371 0.1467200219631195 0
1715613907960 0.14652299880981445 0
1715613908483 0.14632543921470642 0
1715613909004 0.14612789452075958 0
1715613909551 0.1459314078092575 0
1715613910321 0.14573504030704498 0
1715613911215 0.1455385833978653 0
1715613912045 0.14534203708171844 0
1715613912995 0.14514634013175964 0
1715613914337 0.14494968950748444 0
1715613922399 0.14475427567958832 0
1715613922906 0.14455896615982056 0
1715613923399 0.1443634033203125 0
1715613923904 0.1441682130098343 0
1715613924428 0.14397311210632324 0
1715613924967 0.1437787413597107 0
1715613925545 0.14358355104923248 0
1715613926170 0.14338938891887665 0
1715613926874 0.1431950479745865 0
1715613927782 0.1430010199546814 0
1715613938911 0.1428072601556778 0
1715613939484 0.14261402189731598 0
1715613940047 0.14242003858089447 0
1715613940577 0.1422269642353058 0
1715613941112 0.14203473925590515 0
1715613941696 0.1418410986661911 0
1715613942376 0.14164882898330688 0
1715613943154 0.14145641028881073 0
1715613944235 0.14126379787921906 0
1715613945711 0.14107243716716766 0
1715613953086 0.1408805251121521 0
1715613953599 0.1406886875629425 0
1715613954129 0.1404973715543747 0
1715613954761 0.1403057873249054 0
1715613955358 0.14011497795581818 0
1715613956157 0.1399240344762802 0
1715613957025 0.13973410427570343 0
1715613957795 0.13954365253448486 0
1715613958800 0.13935358822345734 0
1715613959993 0.13916410505771637 0
1715613970610 0.13897407054901123 0
1715613971164 0.13878485560417175 0
1715613971739 0.1385953277349472 0
1715613972329 0.13840647041797638 0
1715613972919 0.1382179856300354 0
1715613973684 0.1380290985107422 0
1715613976225 0.13784103095531464 0
1715613977298 0.13765260577201843 0
1715613978337 0.13746510446071625 0
1715613979280 0.13727767765522003 0
1715613988011 0.13709093630313873 0
1715613988624 0.13690319657325745 0
1715613989211 0.1367170363664627 0
1715613989845 0.13653065264225006 0
1715613990524 0.13634465634822845 0
1715613991311 0.13615936040878296 0
1715613992047 0.13597439229488373 0
1715613992797 0.13578937947750092 0
1715613993757 0.13560493290424347 0
1715613995282 0.13542117178440094 0
1715614005693 0.13523727655410767 0
1715614006304 0.13505397737026215 0
1715614006834 0.13487157225608826 0
1715614007362 0.13468845188617706 0
1715614007969 0.13450655341148376 0
1715614008669 0.1343245655298233 0
1715614009439 0.13414375483989716 0
1715614010321 0.13396281003952026 0
1715614011437 0.13378232717514038 0
1715614013045 0.13360275328159332 0
1715614022756 0.13342368602752686 0
1715614023289 0.13324441015720367 0
1715614023798 0.1330662965774536 0
1715614024357 0.1328880935907364 0
1715614025057 0.1327107846736908 0
1715614025792 0.13253381848335266 0
1715614026571 0.1323567032814026 0
1715614027427 0.13218072056770325 0
1715614029475 0.13200516998767853 0
1715614030542 0.1318298578262329 0
1715614040692 0.13165494799613953 0
1715614041237 0.1314806491136551 0
1715614041753 0.13130685687065125 0
1715614042301 0.13113421201705933 0
1715614042843 0.13096125423908234 0
1715614043416 0.13078905642032623 0
1715614044055 0.1306166648864746 0
1715614044739 0.13044624030590057 0
1715614046504 0.13027480244636536 0
1715614047900 0.1301046758890152 0
1715614057240 0.12993460893630981 0
1715614057733 0.12976545095443726 0
1715614058219 0.12959690392017365 0
1715614058728 0.12942859530448914 0
1715614059263 0.12926046550273895 0
1715614059828 0.12909305095672607 0
1715614060444 0.12892615795135498 0
1715614061322 0.12875956296920776 0
1715614062613 0.12859369814395905 0
1715614063767 0.12842778861522675 0
1715614072482 0.12826263904571533 0
1715614073121 0.12809810042381287 0
1715614073783 0.12793394923210144 0
1715614074443 0.1277703046798706 0
1715614075070 0.12760767340660095 0
1715614075857 0.1274442970752716 0
1715614076871 0.12728233635425568 0
1715614077715 0.1271204948425293 0
1715614078562 0.12695898115634918 0
1715614079541 0.12679842114448547 0
1715614090691 0.1266377717256546 0
1715614091343 0.1264779418706894 0
1715614091841 0.1263185739517212 0
1715614092389 0.1261594146490097 0
1715614092968 0.12600074708461761 0
1715614093604 0.12584304809570312 0
1715614094358 0.12568478286266327 0
1715614095248 0.1255277544260025 0
1715614096322 0.12537045776844025 0
1715614097560 0.12521444261074066 0
1715614106177 0.12505850195884705 0
1715614106688 0.12490283697843552 0
1715614107196 0.12474742531776428 0
1715614107718 0.12459299713373184 0
1715614108273 0.12443888187408447 0
1715614108987 0.12428519129753113 0
1715614109792 0.12413144111633301 0
1715614110740 0.12397854775190353 0
1715614111670 0.12382610887289047 0
1715614112923 0.1236736997961998 0
1715614121916 0.12352202832698822 0
1715614122493 0.12337061762809753 0
1715614123172 0.12321984767913818 0
1715614123845 0.12307007610797882 0
1715614124552 0.12292112410068512 0
1715614125375 0.12277323752641678 0
1715614126196 0.12263137847185135 0
1715614127149 0.1225019246339798 0
1715614127953 0.12244020402431488 0
1715614129734 0.122625932097435 0
1715614140114 0.1261901557445526 0
1715614140694 0.187360018491745 0
1715614141191 0.4701223075389862 0
1715614141708 0.40914085507392883 0
1715614142247 0.4313930869102478 0
1715614142871 0.4262465536594391 0
1715614143698 0.5970650911331177 0
1715614145022 0.5607166290283203 0
1715614145857 0.857879102230072 0
1715614146703 0.9400769472122192 0
1715614155161 0.9684169888496399 0
1715614155761 1.0056310892105103 0
1715614156293 0.9656887054443359 0
1715614156801 0.89742511510849 0
1715614157422 0.8922029137611389 0
1715614158141 0.8587673306465149 0
1715614158982 0.8194199800491333 0
1715614160056 0.7801439166069031 0
1715614161425 0.7702111005783081 0
1715614162535 0.7484838962554932 0
1715614171664 0.7237810492515564 0
1715614172313 0.6860463619232178 0
1715614172836 0.6571642756462097 0
1715614173368 0.6201796531677246 0
1715614173965 0.5971053838729858 0
1715614174548 0.5764188170433044 0
1715614175310 0.5558938384056091 0
1715614176088 0.5393581390380859 0
1715614176981 0.5219431519508362 0
1715614177897 0.5043473243713379 0
1715614188176 0.4866790771484375 0
1715614188740 0.46854284405708313 0
1715614189261 0.45182549953460693 0
1715614189829 0.4389677047729492 0
1715614190376 0.4272232949733734 0
1715614190999 0.41774633526802063 0
1715614191641 0.4067433476448059 0
1715614192270 0.39591076970100403 0
1715614192984 0.38351118564605713 0
1715614193836 0.37974458932876587 0
1715614201889 0.36180129647254944 0
1715614202397 0.35537421703338623 0
1715614202905 0.3480033278465271 0
1715614203425 0.3384193181991577 0
1715614203958 0.332506388425827 0
1715614204484 0.3265634775161743 0
1715614205038 0.31913089752197266 0
1715614205595 0.3138672411441803 0
1715614206192 0.3079316318035126 0
1715614206844 0.3023264408111572 0
1715614214237 0.29673269391059875 0
1715614214712 0.2919931709766388 0
1715614215185 0.28809887170791626 0
1715614215668 0.282749205827713 0
1715614216180 0.2779833972454071 0
1715614216699 0.27439454197883606 0
1715614217238 0.2703205347061157 0
1715614217791 0.2661152184009552 0
1715614218353 0.26267918944358826 0
1715614218929 0.2594504654407501 0
1715614224806 0.25614237785339355 0
1715614225302 0.2528621554374695 0
1715614225800 0.24985352158546448 0
1715614226357 0.24713373184204102 0
1715614226903 0.24421007931232452 0
1715614227451 0.24141010642051697 0
1715614228052 0.23902812600135803 0
1715614228638 0.23671242594718933 0
1715614229232 0.23429831862449646 0
1715614229883 0.2320604920387268 0
1715614237285 0.23005999624729156 0
1715614237896 0.2280525267124176 0
1715614238461 0.22598545253276825 0
1715614238992 0.22409990429878235 0
1715614240137 0.22234205901622772 0
1715614241035 0.22048546373844147 0
1715614241770 0.21870750188827515 0
1715614242401 0.2170976996421814 0
1715614243070 0.21546851098537445 0
1715614243914 0.2138736993074417 0
1715614252871 0.2123745232820511 0
1715614253486 0.21088933944702148 0
1715614254139 0.20944169163703918 0
1715614254801 0.2080543488264084 0
1715614255711 0.2066936194896698 0
1715614256570 0.20538541674613953 0
1715614257406 0.20413340628147125 0
1715614258777 0.20288896560668945 0
1715614259996 0.20167334377765656 0
1715614261057 0.20050904154777527 0
1715614269401 0.19935812056064606 0
1715614269933 0.1982218623161316 0
1715614270459 0.19712573289871216 0
1715614271037 0.19605648517608643 0
1715614271556 0.1950095295906067 0
1715614272227 0.1939941644668579 0
1715614276764 0.19300007820129395 0
1715614277783 0.19202351570129395 0
1715614278582 0.19106653332710266 0
1715614279241 0.1901288479566574 0
1715614302152 0.18921221792697906 0
1715614302758 0.18831253051757812 0
1715614303279 0.18742735683918 0
1715614303958 0.18655893206596375 0
1715614304701 0.18570590019226074 0
1715614305435 0.18486811220645905 0
1715614306010 0.18404531478881836 0
1715614306668 0.18323597311973572 0
1715614307599 0.18243949115276337 0
1715614308652 0.18165645003318787 0
1715614319134 0.1808866411447525 0
1715614319816 0.18012793362140656 0
1715614320399 0.17937977612018585 0
1715614320941 0.17864374816417694 0
1715614321488 0.1779179573059082 0
1715614322098 0.17720265686511993 0
1715614322741 0.17649801075458527 0
1715614323430 0.1758030205965042 0
1715614324298 0.17511671781539917 0
1715614325234 0.1744377315044403 0
1715614333950 0.1737700253725052 0
1715614334507 0.17310914397239685 0
1715614335000 0.17245572805404663 0
1715614335506 0.17180953919887543 0
1715614336089 0.1711723506450653 0
1715614336822 0.17054052650928497 0
1715614337643 0.16991713643074036 0
1715614338976 0.16929996013641357 0
1715614340349 0.16868866980075836 0
1715614341114 0.16808323562145233 0
1715614350575 0.16748464107513428 0
1715614351173 0.16689208149909973 0
1715614351861 0.1663053184747696 0
1715614352676 0.1657245010137558 0
1715614354046 0.16514839231967926 0
1715614354963 0.1645791083574295 0
1715614355892 0.16401425004005432 0
1715614356785 0.16345517337322235 0
1715614357511 0.16290169954299927 0
1715614358310 0.16235359013080597 0
1715614367153 0.16181133687496185 0
1715614367628 0.16127368807792664 0
1715614368113 0.160741925239563 0
1715614368617 0.1602155566215515 0
1715614369151 0.15969441831111908 0
1715614369709 0.1591789871454239 0
1715614370296 0.15866896510124207 0
1715614370943 0.15816473960876465 0
1715614371647 0.15766602754592896 0
1715614372726 0.15717250108718872 0
1715614381935 0.15668562054634094 0
1715614382513 0.15620379149913788 0
1715614383037 0.15572765469551086 0
1715614383565 0.1552567183971405 0
1715614384103 0.15479230880737305 0
1715614384725 0.15433280169963837 0
1715614385490 0.1538790464401245 0
1715614386588 0.15343120694160461 0
1715614387905 0.1529885083436966 0
1715614388662 0.15255127847194672 0
1715614398408 0.1521194726228714 0
1715614399050 0.15169352293014526 0
1715614399648 0.15127168595790863 0
1715614400399 0.15085601806640625 0
1715614401171 0.15044483542442322 0
1715614401805 0.15003931522369385 0
1715614402853 0.14963769912719727 0
1715614403966 0.14924241602420807 0
1715614404904 0.1488511860370636 0
1715614405856 0.14846444129943848 0
1715614414822 0.1480824202299118 0
1715614415406 0.1477048248052597 0
1715614415893 0.14733220636844635 0
1715614416410 0.14696399867534637 0
1715614416959 0.14659976959228516 0
1715614417623 0.14623990654945374 0
1715614418276 0.14588403701782227 0
1715614418947 0.1455327868461609 0
1715614420053 0.14518512785434723 0
1715614421250 0.14484122395515442 0
1715614430545 0.14450150728225708 0
1715614431037 0.14416567981243134 0
1715614431525 0.14383383095264435 0
1715614432029 0.14350439608097076 0
1715614432577 0.1431792974472046 0
1715614433157 0.1428583413362503 0
1715614433736 0.1425395905971527 0
1715614434336 0.14222513139247894 0
1715614434987 0.14191357791423798 0
1715614435694 0.14160598814487457 0
1715614442953 0.14130094647407532 0
1715614443488 0.14099840819835663 0
1715614444011 0.140700101852417 0
1715614444526 0.1404038667678833 0
1715614445066 0.14011119306087494 0
1715614445601 0.139820396900177 0
1715614446132 0.1395334154367447 0
1715614446674 0.13924825191497803 0
1715614447255 0.1389666646718979 0
1715614447836 0.13868765532970428 0
1715614455251 0.1384107768535614 0
1715614455844 0.1381370574235916 0
1715614456372 0.1378655582666397 0
1715614457020 0.13759605586528778 0
1715614457831 0.13732971251010895 0
1715614458494 0.1370650678873062 0
1715614459169 0.136803537607193 0
1715614459921 0.13654358685016632 0
1715614460863 0.13628600537776947 0
1715614461827 0.1360304057598114 0
1715614470177 0.13577742874622345 0
1715614470712 0.13552618026733398 0
1715614471206 0.13527704775333405 0
1715614471717 0.1350293755531311 0
1715614472262 0.13478468358516693 0
1715614472833 0.13454170525074005 0
1715614473404 0.13430018723011017 0
1715614474069 0.13406066596508026 0
1715614474883 0.1338234692811966 0
1715614475932 0.13358771800994873 0
1715614484955 0.13335365056991577 0
1715614485502 0.1331212818622589 0
1715614486067 0.13289104402065277 0
1715614486627 0.13266243040561676 0
1715614487173 0.13243572413921356 0
1715614487760 0.13220928609371185 0
1715614488439 0.13198556005954742 0
1715614489362 0.13176332414150238 0
1715614490572 0.13154247403144836 0
1715614491562 0.13132339715957642 0
1715614500044 0.13110539317131042 0
1715614501148 0.13088908791542053 0
1715614502088 0.13067369163036346 0
1715614502663 0.13046029210090637 0
1715614503296 0.1302477866411209 0
1715614503991 0.13003726303577423 0
1715614504641 0.12982846796512604 0
1715614505384 0.12962079048156738 0
1715614506104 0.12941290438175201 0
1715614506954 0.1292075514793396 0
1715614517567 0.12900379300117493 0
1715614518118 0.12880034744739532 0
1715614518645 0.1285983771085739 0
1715614519178 0.1283978819847107 0
1715614519726 0.12819905579090118 0
1715614520315 0.12799987196922302 0
1715614520878 0.12780341506004333 0
1715614521487 0.1276073157787323 0
1715614522189 0.1274125874042511 0
1715614522971 0.1272190362215042 0
1715614531648 0.1270257830619812 0
1715614532145 0.1268342137336731 0
1715614532631 0.1266433745622635 0
1715614533122 0.1264544129371643 0
1715614533603 0.12626583874225616 0
1715614534099 0.12607835233211517 0
1715614534625 0.12589170038700104 0
1715614535206 0.12570598721504211 0
1715614536841 0.12552061676979065 0
1715614538294 0.12533734738826752 0
1715614546265 0.12515471875667572 0
1715614546771 0.12497249245643616 0
1715614547269 0.12479222565889359 0
1715614547753 0.12461250275373459 0
1715614548254 0.12443264573812485 0
1715614548777 0.1242537871003151 0
1715614549314 0.12407693266868591 0
1715614549838 0.12390024214982986 0
1715614550410 0.12372373789548874 0
1715614550992 0.1235489770770073 0
1715614558056 0.12337519973516464 0
1715614558547 0.12320143729448318 0
1715614559023 0.12302838265895844 0
1715614559514 0.12285663187503815 0
1715614560023 0.12268521636724472 0
1715614560536 0.12251435220241547 0
1715614561065 0.12234468013048172 0
1715614561601 0.1221751943230629 0
1715614562153 0.12200714647769928 0
1715614562731 0.1218390092253685 0
1715614568724 0.12167245894670486 0
1715614569193 0.12150569260120392 0
1715614569673 0.12133951485157013 0
1715614570153 0.12117509543895721 0
1715614570638 0.12101005017757416 0
1715614571151 0.12084601074457169 0
1715614571674 0.12068293243646622 0
1715614572206 0.12051992863416672 0
1715614572747 0.1203581839799881 0
1715614573303 0.12019567936658859 0
1715614579078 0.12003523856401443 0
1715614579558 0.11987526714801788 0
1715614580036 0.11971484869718552 0
1715614580521 0.11955521255731583 0
1715614581006 0.11939726769924164 0
1715614581513 0.11923843622207642 0
1715614582036 0.11908125132322311 0
1715614582571 0.11892442405223846 0
1715614583112 0.11876749992370605 0
1715614583673 0.11861204355955124 0
1715614589086 0.11845708638429642 0
1715614589575 0.11830256134271622 0
1715614590052 0.11814840137958527 0
1715614590530 0.11799522489309311 0
1715614591011 0.11784225702285767 0
1715614591521 0.11769044399261475 0
1715614592027 0.11753883212804794 0
1715614592546 0.11738748103380203 0
1715614593073 0.11723721772432327 0
1715614593611 0.11708755791187286 0
1715614598892 0.11693768203258514 0
1715614599381 0.11678873747587204 0
1715614599877 0.11664148420095444 0
1715614600339 0.1164933368563652 0
1715614600828 0.1163458451628685 0
1715614601324 0.11619920283555984 0
1715614601826 0.11605347692966461 0
1715614602336 0.11590822786092758 0
1715614602849 0.115763358771801 0
1715614603391 0.11561892181634903 0
1715614608897 0.11547496914863586 0
1715614609384 0.11533187329769135 0
1715614609858 0.11518877744674683 0
1715614610395 0.11504676192998886 0
1715614610883 0.11490485072135925 0
1715614611371 0.11476343870162964 0
1715614611873 0.1146225854754448 0
1715614612417 0.11448188871145248 0
1715614612920 0.11434226483106613 0
1715614613444 0.11420339345932007 0
1715614619384 0.11406463384628296 0
1715614619857 0.11392588913440704 0
1715614620336 0.11378782242536545 0
1715614620810 0.11365079134702682 0
1715614621285 0.11351347714662552 0
1715614621787 0.11337650567293167 0
1715614622267 0.11324083805084229 0
1715614622770 0.11310473829507828 0
1715614623276 0.11296989023685455 0
1715614623797 0.11283519119024277 0
1715614628969 0.11270065605640411 0
1715614629472 0.11256714165210724 0
1715614629959 0.11243380606174469 0
1715614630445 0.1123003363609314 0
1715614630928 0.11216823011636734 0
1715614631408 0.11203542351722717 0
1715614631909 0.11190405488014221 0
1715614632408 0.11177320778369904 0
1715614632923 0.11164163798093796 0
1715614633450 0.11151158809661865 0
1715614638639 0.11138070374727249 0
1715614639115 0.11125124990940094 0
1715614639625 0.11112186312675476 0
1715614640189 0.11099287867546082 0
1715614640784 0.11086506396532059 0
1715614641353 0.11073656380176544 0
1715614641952 0.11060838401317596 0
1715614642741 0.11048168689012527 0
1715614643882 0.11035384237766266 0
1715614644836 0.11022758483886719 0
1715614653557 0.11010158807039261 0
1715614654111 0.10997562110424042 0
1715614654618 0.10985059291124344 0
1715614655132 0.10972489416599274 0
1715614655657 0.10960042476654053 0
1715614656377 0.10947642475366592 0
1715614657890 0.10935264080762863 0
1715614658805 0.1092289388179779 0
1715614659493 0.10910509526729584 0
1715614660239 0.10898255556821823 0
1715614669010 0.1088603064417839 0
1715614669529 0.10873805731534958 0
1715614670036 0.1086164265871048 0
1715614670531 0.10849498212337494 0
1715614671024 0.10837419331073761 0
1715614671527 0.1082528755068779 0
1715614672254 0.10813198983669281 0
1715614672797 0.10801241546869278 0
1715614673336 0.10789263248443604 0
1715614673894 0.1077737808227539 0
1715614692748 0.10765469819307327 0
1715614693285 0.10753609985113144 0
1715614693795 0.10741718858480453 0
1715614694274 0.10729962587356567 0
1715614694744 0.10718212276697159 0
1715614695225 0.10706453025341034 0
1715614695720 0.10694759339094162 0
1715614696211 0.10683123767375946 0
1715614696693 0.1067151352763176 0
1715614697188 0.10659878700971603 0
1715614702706 0.10648258775472641 0
1715614703223 0.10636744648218155 0
1715614703718 0.10625234246253967 0
1715614704212 0.1061379611492157 0
1715614704695 0.10602394491434097 0
1715614705223 0.10590952634811401 0
1715614705714 0.10579575598239899 0
1715614706241 0.10568255186080933 0
1715614706738 0.10556919127702713 0
1715614707228 0.10545631498098373 0
1715614713282 0.10534421354532242 0
1715614713795 0.10523232817649841 0
1715614714300 0.10512037575244904 0
1715614714807 0.10500840842723846 0
1715614715369 0.10489761084318161 0
1715614715903 0.10478658229112625 0
1715614716451 0.10467605292797089 0
1715614716987 0.10456515848636627 0
1715614717607 0.10445507615804672 0
1715614718703 0.10434610396623611 0
1715614726247 0.10423637926578522 0
1715614726754 0.10412775725126266 0
1715614727248 0.10401860624551773 0
1715614727740 0.10391008853912354 0
1715614728227 0.1038016825914383 0
1715614728732 0.10369370132684708 0
1715614729238 0.10358661413192749 0
1715614729787 0.10347958654165268 0
1715614730306 0.10337222367525101 0
1715614730848 0.10326629132032394 0
1715614737165 0.10315928608179092 0
1715614737657 0.10305292159318924 0
1715614738179 0.10294710844755173 0
1715614738702 0.1028413400053978 0
1715614739201 0.10273653268814087 0
1715614739697 0.1026308536529541 0
1715614740189 0.10252662748098373 0
1715614740682 0.1024220734834671 0
1715614741198 0.10231785476207733 0
1715614741726 0.1022135317325592 0
1715614747693 0.1021101325750351 0
1715614748187 0.10200642794370651 0
1715614748679 0.10190292447805405 0
1715614749158 0.10180038213729858 0
1715614749662 0.10169759392738342 0
1715614750153 0.10159481316804886 0
1715614750656 0.10149252414703369 0
1715614751146 0.10139064490795135 0
1715614751661 0.10128892958164215 0
1715614752156 0.10118649154901505 0
1715614759425 0.10108481347560883 0
1715614759928 0.10098368674516678 0
1715614760466 0.10088235884904861 0
1715614760970 0.10078103840351105 0
1715614761487 0.10068001598119736 0
1715614761994 0.10057884454727173 0
1715614762500 0.10047818720340729 0
1715614763009 0.10037681460380554 0
1715614763553 0.10027667880058289 0
1715614764111 0.10017593950033188 0
1715614771626 0.10007601231336594 0
1715614772143 0.09997638314962387 0
1715614772654 0.09987635910511017 0
1715614773168 0.09977726638317108 0
1715614773670 0.09967801719903946 0
1715614774207 0.0995795875787735 0
1715614774717 0.09948156774044037 0
1715614775243 0.0993834137916565 0
1715614775842 0.09928654134273529 0
1715614776399 0.09918928891420364 0
1715614783341 0.09909272193908691 0
1715614783834 0.09899651259183884 0
1715614784351 0.09890083223581314 0
1715614784851 0.09880507737398148 0
1715614785347 0.0987100601196289 0
1715614785974 0.09861542284488678 0
1715614786486 0.09852060675621033 0
1715614787001 0.09842701256275177 0
1715614787544 0.09833289682865143 0
1715614788125 0.09824007749557495 0
1715614795506 0.09814675152301788 0
1715614796017 0.09805463999509811 0
1715614796523 0.09796220809221268 0
1715614797010 0.09786985069513321 0
1715614797517 0.09777838736772537 0
1715614798022 0.09768678992986679 0
1715614798500 0.09759627282619476 0
1715614798981 0.09750518947839737 0
1715614799488 0.09741486608982086 0
1715614800012 0.09732478857040405 0
1715614806628 0.09723532199859619 0
1715614807135 0.0971456840634346 0
1715614807637 0.09705709666013718 0
1715614808133 0.0969683825969696 0
1715614808627 0.09687913209199905 0
1715614809141 0.09679150581359863 0
1715614809652 0.09670358896255493 0
1715614810183 0.09661568701267242 0
1715614810764 0.09652823209762573 0
1715614811328 0.09644153714179993 0
1715614818068 0.09635519236326218 0
1715614818552 0.09626783430576324 0
1715614819055 0.09618202596902847 0
1715614819532 0.09609588235616684 0
1715614820010 0.0960104763507843 0
1715614820492 0.09592493623495102 0
1715614820975 0.0958399847149849 0
1715614821495 0.09575473517179489 0
1715614822017 0.09567027539014816 0
1715614822528 0.09558659791946411 0
1715614828287 0.09550227969884872 0
1715614828787 0.09541825950145721 0
1715614829293 0.09533464908599854 0
1715614829807 0.09525154531002045 0
1715614830293 0.09516828507184982 0
1715614830815 0.0950852781534195 0
1715614831486 0.09500345587730408 0
1715614832359 0.09492095559835434 0
1715614833069 0.0948389396071434 0
1715614833677 0.09475714713335037 0
1715614842300 0.09467575699090958 0
1715614842939 0.09459446370601654 0
1715614843550 0.09451328963041306 0
1715614844151 0.09443265199661255 0
1715614844736 0.09435183554887772 0
1715614845383 0.09427185356616974 0
1715614846253 0.09419164061546326 0
1715614847199 0.09411153197288513 0
1715614847979 0.0940321832895279 0
1715614848829 0.09395269304513931 0
1715614857231 0.09387330710887909 0
1715614857757 0.09379450976848602 0
1715614858342 0.09371533989906311 0
1715614858915 0.0936371460556984 0
1715614859448 0.0935586616396904 0
1715614860086 0.09348070621490479 0
1715614860901 0.0934029296040535 0
1715614861515 0.09332539886236191 0
1715614862216 0.09324749559164047 0
1715614862922 0.0931706354022026 0
