1715612884730 1.0639140605926514 0
1715612885335 0.5963120460510254 0
1715612885863 0.5217909812927246 0
1715612886392 0.5260529518127441 0
1715612886871 0.475614070892334 0
1715612887355 0.47919201850891113 0
1715612887855 0.49531984329223633 0
1715612888328 0.4681730270385742 0
1715612888803 0.47054171562194824 0
1715612889282 0.4743499755859375 0
1715612896009 1.263489007949829 0
1715612896504 0.4896261692047119 0
1715612896983 0.47489404678344727 0
1715612897457 0.4698801040649414 0
1715612897922 0.45775890350341797 0
1715612898397 0.4692821502685547 0
1715612898874 0.47234106063842773 0
1715612899350 0.47078895568847656 0
1715612899854 0.49963903427124023 0
1715612900347 0.4876387119293213 0
1715612906326 1.303359031677246 0
1715612906941 0.6039962768554688 0
1715612907610 0.6458806991577148 0
1715612908147 0.5251080989837646 0
1715612908647 0.4958150386810303 0
1715612909155 0.5035231113433838 0
1715612909682 0.5228061676025391 0
1715612910243 0.5553462505340576 0
1715612910822 0.5719559192657471 0
1715612911442 0.6141338348388672 0
1715612917436 1.0923140048980713 0
1715612917993 0.5537450313568115 0
1715612918473 0.47171998023986816 0
1715612918980 0.48772287368774414 0
1715612919465 0.4753990173339844 0
1715612920021 0.5469670295715332 0
1715612920513 0.487257719039917 0
1715612921012 0.4910719394683838 0
1715612921554 0.5334780216217041 0
1715612922061 0.49989986419677734 0
1715612927916 1.0998249053955078 0
1715612928413 0.4929850101470947 0
1715612928880 0.46050405502319336 0
1715612929395 0.49805521965026855 0
1715612929878 0.47582578659057617 0
1715612930378 0.4887659549713135 0
1715612930867 0.48032689094543457 0
1715612931377 0.4991879463195801 0
1715612931936 0.5500609874725342 0
1715612932535 0.586611270904541 0
1715612939802 1.1688380241394043 0
1715612940310 0.5029220581054688 0
1715612940788 0.471405029296875 0
1715612941332 0.5390839576721191 0
1715612941847 0.5102179050445557 0
1715612942342 0.4858529567718506 0
1715612942897 0.5512137413024902 0
1715612943498 0.5971419811248779 0
1715612944080 0.5757181644439697 0
1715612944729 0.6120429039001465 0
1715612953171 1.1370837688446045 0
1715612953670 0.4948389530181885 0
1715612954156 0.4769783020019531 0
1715612954657 0.4815349578857422 0
1715612955166 0.49980616569519043 0
1715612955686 0.5095160007476807 0
1715612956208 0.5103778839111328 0
1715612956742 0.5218980312347412 0
1715612957295 0.544497013092041 0
1715612957864 0.5595510005950928 0
1715612964315 1.0967092514038086 0
1715612964896 0.57619309425354 0
1715612965371 0.4685628414154053 0
1715612965884 0.5016069412231445 0
1715612966394 0.5003981590270996 0
1715612966915 0.5105700492858887 0
1715612967457 0.5232031345367432 0
1715612967997 0.5295171737670898 0
1715612968558 0.5483529567718506 0
1715612969137 0.5667340755462646 0
1715612975149 1.0202922821044922 0
1715612975644 0.4884819984436035 0
1715612976136 0.4819488525390625 0
1715612976634 0.48946523666381836 0
1715612977153 0.5090761184692383 0
1715612977690 0.5271332263946533 0
1715612978240 0.5398011207580566 0
1715612978798 0.5464210510253906 0
1715612979388 0.5753867626190186 0
1715612979989 0.5919640064239502 0
1715612986205 1.1417179107666016 0
1715612986727 0.5180881023406982 0
1715612987253 0.5219278335571289 0
1715612987767 0.5103957653045654 0
1715612988305 0.5337321758270264 0
1715612988870 0.5562748908996582 0
1715612989438 0.559981107711792 0
1715612990083 0.6337118148803711 0
1715612990758 0.6666193008422852 0
1715612991528 0.7605249881744385 0
1715612999362 1.3715131282806396 0
1715612999917 0.551048994064331 0
1715613000477 0.5551459789276123 0
1715613001040 0.5578718185424805 0
1715613001593 0.5405881404876709 0
1715613002164 0.5587961673736572 0
1715613002754 0.5789971351623535 0
1715613003453 0.6860129833221436 0
1715613004158 0.6923871040344238 0
1715613004969 0.7944252490997314 0
1715613012284 1.098742961883545 0
1715613012827 0.5385921001434326 0
1715613013380 0.5315539836883545 0
1715613013932 0.5427281856536865 0
1715613014494 0.5528497695922852 0
1715613015077 0.5717480182647705 0
1715613015672 0.5866949558258057 0
1715613016296 0.6155672073364258 0
1715613017009 0.686708927154541 0
1715613017714 0.696181058883667 0
1715613024668 1.1748449802398682 0
1715613025224 0.5514450073242188 0
1715613025754 0.5213489532470703 0
1715613026301 0.5185770988464355 0
1715613026848 0.5361940860748291 0
1715613027396 0.5312528610229492 0
1715613027943 0.5348641872406006 0
1715613028498 0.5454671382904053 0
1715613029076 0.5657341480255127 0
1715613029698 0.6083269119262695 0
1715613036426 1.1088218688964844 0
1715613036934 0.5031681060791016 0
1715613037464 0.5193417072296143 0
1715613037985 0.5111792087554932 0
1715613038513 0.5176517963409424 0
1715613039053 0.5283851623535156 0
1715613039596 0.5327117443084717 0
1715613040168 0.5571768283843994 0
1715613040746 0.5675041675567627 0
1715613041392 0.6092219352722168 0
1715613047589 1.0093896389007568 0
1715613048099 0.5058550834655762 0
1715613048601 0.49118590354919434 0
1715613049102 0.49051904678344727 0
1715613049632 0.5186750888824463 0
1715613050167 0.5237910747528076 0
1715613050707 0.5299370288848877 0
1715613051262 0.545518159866333 0
1715613051829 0.55037522315979 0
1715613052406 0.5616538524627686 0
1715613058634 1.0027859210968018 0
1715613059118 0.4798588752746582 0
1715613059613 0.48421382904052734 0
1715613060113 0.4824509620666504 0
1715613060624 0.5009849071502686 0
1715613061152 0.5185799598693848 0
1715613061682 0.5179100036621094 0
1715613062240 0.5406248569488525 0
1715613062801 0.5501511096954346 0
1715613063378 0.5650780200958252 0
1715613068997 0.9869561195373535 0
1715613069493 0.49185895919799805 0
1715613069992 0.4863300323486328 0
1715613070503 0.5018970966339111 0
1715613071022 0.510080099105835 0
1715613071558 0.5246820449829102 0
1715613072093 0.5264906883239746 0
1715613072649 0.5463728904724121 0
1715613073216 0.549919843673706 0
1715613073786 0.5586631298065186 0
1715613079009 0.9591178894042969 0
1715613079515 0.5013539791107178 0
1715613079996 0.47219204902648926 0
1715613080495 0.48253512382507324 0
1715613081004 0.49751710891723633 0
1715613081548 0.5331282615661621 0
1715613082077 0.5215590000152588 0
1715613082618 0.5302631855010986 0
1715613083157 0.5256140232086182 0
1715613083717 0.5479381084442139 0
1715613089061 1.0857720375061035 0
1715613089559 0.49400806427001953 0
1715613090046 0.4775080680847168 0
1715613090555 0.503054141998291 0
1715613091058 0.48757505416870117 0
1715613091574 0.5044829845428467 0
1715613092102 0.5096168518066406 0
1715613092644 0.531278133392334 0
1715613093178 0.5261130332946777 0
1715613093737 0.5543200969696045 0
1715613100320 1.01118803024292 0
1715613100801 0.47696375846862793 0
1715613101278 0.46784305572509766 0
1715613101753 0.46418213844299316 0
1715613102240 0.47666287422180176 0
1715613102737 0.48805785179138184 0
1715613103240 0.49062514305114746 0
1715613103764 0.515146017074585 0
1715613104316 0.5358371734619141 0
1715613104870 0.5398728847503662 0
1715613110070 0.9823141098022461 0
1715613110559 0.4836251735687256 0
1715613111047 0.4779350757598877 0
1715613111521 0.46990418434143066 0
1715613112011 0.4789578914642334 0
1715613112526 0.49570798873901367 0
1715613113037 0.505608081817627 0
1715613113584 0.5376250743865967 0
1715613114139 0.5425319671630859 0
1715613114722 0.5696423053741455 0
1715613120181 0.9438982009887695 0
1715613120675 0.48885297775268555 0
1715613121149 0.4631340503692627 0
1715613121643 0.4852018356323242 0
1715613122129 0.4768209457397461 0
1715613122636 0.4838991165161133 0
1715613123153 0.506040096282959 0
1715613123681 0.5184481143951416 0
1715613124222 0.5287270545959473 0
1715613124777 0.544069766998291 0
1715613130108 1.0197138786315918 0
1715613130611 0.49793100357055664 0
1715613131089 0.46959519386291504 0
1715613131573 0.4730391502380371 0
1715613132062 0.47200512886047363 0
1715613132568 0.49680519104003906 0
1715613133085 0.5036029815673828 0
1715613133612 0.5105059146881104 0
1715613134163 0.5371918678283691 0
1715613134854 0.54109787940979 0
1715613140009 0.9485490322113037 0
1715613140502 0.4889872074127197 0
1715613140982 0.4698920249938965 0
1715613141460 0.46885108947753906 0
1715613141944 0.46625208854675293 0
1715613142441 0.48456501960754395 0
1715613142929 0.4789249897003174 0
1715613143451 0.5169730186462402 0
1715613143975 0.5147340297698975 0
1715613144498 0.5131258964538574 0
1715613149406 0.9648139476776123 0
1715613149911 0.4883158206939697 0
1715613150391 0.46947574615478516 0
1715613150865 0.46376919746398926 0
1715613151353 0.4752011299133301 0
1715613151852 0.48863911628723145 0
1715613152353 0.4915299415588379 0
1715613153241 0.8766088485717773 0
1715613153753 0.5034492015838623 0
1715613154274 0.510789155960083 0
1715613158932 0.9698078632354736 0
1715613159429 0.49306583404541016 0
1715613159890 0.4520900249481201 0
1715613160365 0.47116708755493164 0
1715613160840 0.46752095222473145 0
1715613161333 0.4812469482421875 0
1715613161848 0.49712300300598145 0
1715613162375 0.5193328857421875 0
1715613162908 0.524885892868042 0
1715613163444 0.5237030982971191 0
1715613168323 0.960360050201416 0
1715613168813 0.48575615882873535 0
1715613169304 0.4598422050476074 0
1715613169784 0.4684898853302002 0
1715613170271 0.4748420715332031 0
1715613170777 0.4948432445526123 0
1715613171277 0.48824191093444824 0
1715613171790 0.5016913414001465 0
1715613172308 0.5053439140319824 0
1715613172815 0.49941301345825195 0
1715613178183 0.964806079864502 0
1715613178677 0.490128755569458 0
1715613179156 0.4697270393371582 0
1715613179633 0.46466779708862305 0
1715613180123 0.4788358211517334 0
1715613180616 0.48552703857421875 0
1715613181134 0.5021271705627441 0
1715613181662 0.5191900730133057 0
1715613182214 0.5329270362854004 0
1715613182772 0.5473730564117432 0
1715613188973 1.1682989597320557 0
1715613189481 0.5003340244293213 0
1715613189975 0.4838991165161133 0
1715613190475 0.4914538860321045 0
1715613191024 0.5397319793701172 0
1715613191535 0.503629207611084 0
1715613192058 0.5052909851074219 0
1715613192592 0.5259051322937012 0
1715613193181 0.5782301425933838 0
1715613193751 0.5499908924102783 0
1715613200008 1.1308448314666748 0
1715613200504 0.49252820014953613 0
1715613200987 0.4727358818054199 0
1715613201487 0.46921610832214355 0
1715613201966 0.46694397926330566 0
1715613202452 0.4765281677246094 0
1715613202950 0.4862861633300781 0
1715613203460 0.4982278347015381 0
1715613203974 0.5025978088378906 0
1715613204517 0.5276250839233398 0
1715613210524 1.1728761196136475 0
1715613211087 0.5480523109436035 0
1715613211589 0.4904751777648926 0
1715613212109 0.4891090393066406 0
1715613212624 0.505314826965332 0
1715613213161 0.5266261100769043 0
1715613213773 0.6038730144500732 0
1715613214337 0.5545990467071533 0
1715613214961 0.6158030033111572 0
1715613215617 0.6466178894042969 0
1715613222548 1.096099615097046 0
1715613223039 0.4867229461669922 0
1715613223523 0.4740169048309326 0
1715613224032 0.4785120487213135 0
1715613224509 0.46800994873046875 0
1715613224997 0.4824409484863281 0
1715613225524 0.5168919563293457 0
1715613226071 0.5374600887298584 0
1715613226610 0.530735969543457 0
1715613227159 0.5315439701080322 0
1715613233686 1.1988599300384521 0
1715613234277 0.5742919445037842 0
1715613234872 0.574317216873169 0
1715613235372 0.4938359260559082 0
1715613235877 0.500572919845581 0
1715613236440 0.5494532585144043 0
1715613237039 0.5849471092224121 0
1715613237657 0.6090788841247559 0
1715613238401 0.7199630737304688 0
1715613239121 0.7085082530975342 0
1715613246291 1.2054920196533203 0
1715613246793 0.4968559741973877 0
1715613247271 0.47019100189208984 0
1715613247765 0.4873201847076416 0
1715613248250 0.4778718948364258 0
1715613248747 0.490955114364624 0
1715613249262 0.5068120956420898 0
1715613249792 0.5219049453735352 0
1715613250337 0.5373561382293701 0
1715613250975 0.6313009262084961 0
1715613257406 0.9727890491485596 0
1715613257898 0.48720526695251465 0
1715613258382 0.47223687171936035 0
1715613258870 0.47820401191711426 0
1715613259354 0.47698402404785156 0
1715613259851 0.4928607940673828 0
1715613260377 0.5169510841369629 0
1715613260920 0.5245189666748047 0
1715613261464 0.5346379280090332 0
1715613262000 0.5292768478393555 0
1715613268945 1.1160998344421387 0
1715613269445 0.4961659908294678 0
1715613269932 0.46723389625549316 0
1715613270421 0.4788858890533447 0
1715613270935 0.49547529220581055 0
1715613271445 0.5000431537628174 0
1715613271980 0.5256810188293457 0
1715613272526 0.537757158279419 0
1715613273103 0.5683438777923584 0
1715613273697 0.5852739810943604 0
1715613280369 0.9833071231842041 0
1715613280851 0.4775071144104004 0
1715613281322 0.46318483352661133 0
1715613281798 0.46468091011047363 0
1715613282279 0.4719836711883545 0
1715613282787 0.49600696563720703 0
1715613283301 0.5027501583099365 0
1715613283837 0.5158290863037109 0
1715613284386 0.5363709926605225 0
1715613284940 0.542680025100708 0
1715613290693 0.9971380233764648 0
1715613291194 0.4956538677215576 0
1715613291691 0.48564887046813965 0
1715613292186 0.4767463207244873 0
1715613292690 0.49995970726013184 0
1715613293204 0.5098099708557129 0
1715613293761 0.54693603515625 0
1715613294343 0.5713000297546387 0
1715613294965 0.6142120361328125 0
1715613295637 0.658923864364624 0
1715613302993 1.1363980770111084 0
1715613303512 0.515233039855957 0
1715613304022 0.5021917819976807 0
1715613304526 0.4951131343841553 0
1715613305043 0.5054452419281006 0
1715613305570 0.5117790699005127 0
1715613306107 0.5247747898101807 0
1715613306654 0.5351982116699219 0
1715613307212 0.548691987991333 0
1715613307779 0.5579719543457031 0
1715613313669 0.9889490604400635 0
1715613314155 0.48152995109558105 0
1715613314645 0.4727749824523926 0
1715613315143 0.4841170310974121 0
1715613315656 0.5011909008026123 0
1715613316185 0.5183041095733643 0
1715613316724 0.5281698703765869 0
1715613317358 0.6274030208587646 0
1715613318019 0.654728889465332 0
1715613318664 0.6328051090240479 0
1715613327043 1.122154951095581 0
1715613327552 0.5001132488250732 0
1715613328057 0.48671817779541016 0
1715613328561 0.4990720748901367 0
1715613329081 0.5144329071044922 0
1715613329627 0.5338358879089355 0
1715613330198 0.5645661354064941 0
1715613330800 0.593754768371582 0
1715613331458 0.6511681079864502 0
1715613332191 0.7250370979309082 0
1715613339567 1.0896129608154297 0
1715613340074 0.5036301612854004 0
1715613340553 0.46990275382995605 0
1715613341050 0.4860107898712158 0
1715613341587 0.5198440551757812 0
1715613342126 0.5292689800262451 0
1715613342667 0.5317528247833252 0
1715613343245 0.5673542022705078 0
1715613343853 0.5983638763427734 0
1715613344495 0.6298387050628662 0
1715613351414 1.1112639904022217 0
1715613351940 0.5217678546905518 0
1715613352451 0.4886791706085205 0
1715613352964 0.49874401092529297 0
1715613353500 0.5169808864593506 0
1715613354039 0.528491735458374 0
1715613354595 0.5408730506896973 0
1715613355183 0.5755519866943359 0
1715613355811 0.6149282455444336 0
1715613356460 0.6396160125732422 0
1715613363474 1.1095240116119385 0
1715613364002 0.5227289199829102 0
1715613364527 0.5081930160522461 0
1715613365041 0.5022017955780029 0
1715613365588 0.53507399559021 0
1715613366121 0.519514799118042 0
1715613366672 0.5331211090087891 0
1715613367224 0.5403242111206055 0
1715613367805 0.5689499378204346 0
1715613368390 0.5740389823913574 0
1715613374052 0.9870538711547852 0
1715613374567 0.5086498260498047 0
1715613375092 0.49988770484924316 0
1715613375607 0.505824089050293 0
1715613376140 0.5229361057281494 0
1715613376682 0.5328719615936279 0
1715613377241 0.5455999374389648 0
1715613377803 0.5529348850250244 0
1715613378401 0.5856270790100098 0
1715613379031 0.6186950206756592 0
1715613384686 1.0076861381530762 0
1715613385216 0.5234479904174805 0
1715613385735 0.5059010982513428 0
1715613386261 0.5164649486541748 0
1715613386806 0.5354423522949219 0
1715613387344 0.530982255935669 0
1715613387906 0.5525000095367432 0
1715613388486 0.5701990127563477 0
1715613389071 0.5710327625274658 0
1715613389687 0.6025087833404541 0
1715613395480 0.9399268627166748 0
1715613396014 0.5284688472747803 0
1715613396541 0.5176687240600586 0
1715613397050 0.5001180171966553 0
1715613397574 0.515125036239624 0
1715613398131 0.5463008880615234 0
1715613398685 0.5451211929321289 0
1715613399255 0.5627100467681885 0
1715613399867 0.6073219776153564 0
1715613400520 0.6399319171905518 0
1715613407555 1.1335289478302002 0
1715613408090 0.5273659229278564 0
1715613408606 0.505922794342041 0
1715613409122 0.5046758651733398 0
1715613409650 0.5186350345611572 0
1715613410193 0.5326278209686279 0
1715613410744 0.5412743091583252 0
1715613411319 0.5670871734619141 0
1715613411909 0.5806498527526855 0
1715613412503 0.5844621658325195 0
1715613421850 1.3927030563354492 0
1715613422464 0.5716500282287598 0
1715613422961 0.4909698963165283 0
1715613423482 0.5154929161071777 0
1715613424036 0.5442249774932861 0
1715613424595 0.5515878200531006 0
1715613425184 0.5816891193389893 0
1715613425843 0.6531541347503662 0
1715613426655 0.807063102722168 0
1715613427882 1.2146828174591064 0
1715613435409 1.1852972507476807 0
1715613435954 0.5406680107116699 0
1715613436492 0.5268130302429199 0
1715613437023 0.5239508152008057 0
1715613437557 0.5267090797424316 0
1715613438165 0.6002418994903564 0
1715613438859 0.6850509643554688 0
1715613439642 0.7566051483154297 0
1715613440343 0.6868059635162354 0
1715613441260 0.9020233154296875 0
1715613448995 1.1203210353851318 0
1715613449588 0.5839910507202148 0
1715613450148 0.5393962860107422 0
1715613450670 0.5131111145019531 0
1715613451340 0.6587948799133301 0
1715613452154 0.7781381607055664 0
1715613452989 0.819450855255127 0
1715613453925 0.9021880626678467 0
1715613454902 0.9364180564880371 0
1715613456076 1.1452579498291016 0
1715613464158 1.3109831809997559 0
1715613464716 0.5449111461639404 0
1715613465232 0.5107669830322266 0
1715613465778 0.5420699119567871 0
1715613466396 0.6114239692687988 0
1715613467073 0.6647958755493164 0
1715613468209 1.0842790603637695 0
1715613469215 0.9808058738708496 0
1715613470259 1.0149240493774414 0
1715613471431 1.1325819492340088 0
1715613480045 1.2430360317230225 0
1715613480564 0.5123281478881836 0
1715613481051 0.4790811538696289 0
1715613481557 0.496690034866333 0
1715613482079 0.5109503269195557 0
1715613482634 0.5430879592895508 0
1715613483218 0.5657110214233398 0
1715613483843 0.6162607669830322 0
1715613484532 0.67482590675354 0
1715613485278 0.7283060550689697 0
1715613494498 1.1596291065216064 0
1715613494984 0.4825630187988281 0
1715613495479 0.4827868938446045 0
1715613496005 0.5157229900360107 0
1715613496522 0.508864164352417 0
1715613497072 0.5372922420501709 0
1715613497633 0.5498418807983398 0
1715613498240 0.5921480655670166 0
1715613498870 0.6225709915161133 0
1715613499637 0.7556333541870117 0
1715613508092 1.2866907119750977 0
1715613508625 0.52919602394104 0
1715613509138 0.5056500434875488 0
1715613509669 0.5181910991668701 0
1715613510223 0.5436789989471436 0
1715613510777 0.549083948135376 0
1715613511385 0.597841739654541 0
1715613512015 0.624237060546875 0
1715613512704 0.679581880569458 0
1715613513454 0.7426853179931641 0
1715613522048 1.2564020156860352 0
1715613522665 0.6106770038604736 0
1715613523222 0.5509200096130371 0
1715613523785 0.5529799461364746 0
1715613524406 0.6057388782501221 0
1715613525156 0.6789970397949219 0
1715613525881 0.6750450134277344 0
1715613526743 0.8357322216033936 0
1715613527963 1.1951580047607422 0
1715613529711 1.735133171081543 0
1715613537125 1.1912031173706055 0
1715613537671 0.5423529148101807 0
1715613538210 0.5303561687469482 0
1715613538750 0.5257689952850342 0
1715613539300 0.5413849353790283 0
1715613539860 0.5503420829772949 0
1715613540440 0.5699448585510254 0
1715613541039 0.5890161991119385 0
1715613541665 0.615502119064331 0
1715613542352 0.6776180267333984 0
1715613549597 1.110948085784912 0
1715613550104 0.5024938583374023 0
1715613550624 0.5026710033416748 0
1715613551151 0.5174851417541504 0
1715613551721 0.5600986480712891 0
1715613552292 0.5634949207305908 0
1715613552895 0.5942161083221436 0
1715613553598 0.6930930614471436 0
1715613554312 0.6958680152893066 0
1715613555162 0.841296911239624 0
1715613561901 1.0732591152191162 0
1715613562484 0.5777847766876221 0
1715613563046 0.5483682155609131 0
1715613563604 0.5459880828857422 0
1715613564165 0.5511150360107422 0
1715613564745 0.5583069324493408 0
1715613565318 0.5606899261474609 0
1715613565901 0.5764720439910889 0
1715613566504 0.5928220748901367 0
1715613567127 0.6124098300933838 0
1715613572947 1.0114021301269531 0
1715613573480 0.5293328762054443 0
1715613573984 0.49469685554504395 0
1715613574515 0.5270628929138184 0
1715613575066 0.5395991802215576 0
1715613575636 0.5599772930145264 0
1715613576227 0.5729472637176514 0
1715613576820 0.5844297409057617 0
1715613577450 0.6250109672546387 0
1715613578114 0.6539618968963623 0
1715613584946 1.1866610050201416 0
1715613585484 0.5340831279754639 0
1715613586027 0.5248079299926758 0
1715613586570 0.53993821144104 0
1715613587131 0.5517618656158447 0
1715613587697 0.5552101135253906 0
1715613588282 0.5735349655151367 0
1715613588901 0.6075079441070557 0
1715613589549 0.6368870735168457 0
1715613590242 0.6822731494903564 0
1715613596484 1.033728837966919 0
1715613597054 0.5653347969055176 0
1715613597585 0.5217328071594238 0
1715613598132 0.5349786281585693 0
1715613598683 0.5405759811401367 0
1715613599249 0.5529000759124756 0
1715613599824 0.5649960041046143 0
1715613600431 0.6013200283050537 0
1715613601051 0.6111469268798828 0
1715613601710 0.6469061374664307 0
1715613608311 1.1829731464385986 0
1715613608850 0.5353269577026367 0
1715613609378 0.5182468891143799 0
1715613609909 0.5214228630065918 0
1715613610462 0.5440759658813477 0
1715613611029 0.5499680042266846 0
1715613611593 0.5536439418792725 0
1715613612193 0.5879817008972168 0
1715613612805 0.6012730598449707 0
1715613613469 0.6467130184173584 0
1715613619159 1.0577409267425537 0
1715613619701 0.5365219116210938 0
1715613620229 0.5156011581420898 0
1715613620766 0.5251178741455078 0
1715613621320 0.5448570251464844 0
1715613621881 0.552901029586792 0
1715613622456 0.5657038688659668 0
1715613623056 0.594498872756958 0
1715613623685 0.6041338443756104 0
1715613624325 0.6288740634918213 0
1715613632028 1.2616209983825684 0
1715613632600 0.5683720111846924 0
1715613633127 0.5193941593170166 0
1715613633671 0.5327973365783691 0
1715613634204 0.5248870849609375 0
1715613634757 0.5404510498046875 0
1715613635331 0.5626711845397949 0
1715613635932 0.5932741165161133 0
1715613636588 0.6497981548309326 0
1715613637320 0.7207977771759033 0
1715613644490 1.3214168548583984 0
1715613645055 0.5604691505432129 0
1715613645589 0.526231050491333 0
1715613646135 0.5385363101959229 0
1715613646701 0.5619468688964844 0
1715613647304 0.5960230827331543 0
1715613647977 0.657386064529419 0
1715613648888 0.8897757530212402 0
1715613649781 0.874985933303833 0
1715613650984 1.1818339824676514 0
1715613658062 1.1278138160705566 0
1715613658601 0.5337080955505371 0
1715613659132 0.5211217403411865 0
1715613659654 0.5116899013519287 0
1715613660186 0.5202798843383789 0
1715613660726 0.5344321727752686 0
1715613661291 0.553502082824707 0
1715613661876 0.5746657848358154 0
1715613662499 0.6102871894836426 0
1715613663139 0.6308591365814209 0
1715613670096 1.1190049648284912 0
1715613670625 0.5236749649047852 0
1715613671169 0.5329298973083496 0
1715613671700 0.5196051597595215 0
1715613672212 0.5019378662109375 0
1715613672739 0.5183990001678467 0
1715613673328 0.5764172077178955 0
1715613673915 0.5578770637512207 0
1715613674518 0.5982158184051514 0
1715613675294 0.7706089019775391 0
1715613685093 1.1207139492034912 0
1715613685604 0.5062582492828369 0
1715613686222 0.6081268787384033 0
1715613686852 0.6136348247528076 0
1715613687430 0.5597391128540039 0
1715613688216 0.7727169990539551 0
1715613689579 1.3148910999298096 0
1715613690501 0.9056680202484131 0
1715613691879 1.1350312232971191 0
1715613692872 0.9616079330444336 0
1715613701515 1.2127740383148193 0
1715613702019 0.49884629249572754 0
1715613702517 0.49118494987487793 0
1715613703010 0.4887399673461914 0
1715613703584 0.561363935470581 0
1715613704582 0.9548718929290771 0
1715613705555 0.9184510707855225 0
1715613706450 0.8630630970001221 0
1715613707254 0.7733492851257324 0
1715613708548 1.2773420810699463 0
1715613716111 1.0719339847564697 0
1715613716607 0.4918851852416992 0
1715613717093 0.4705791473388672 0
1715613717582 0.4837307929992676 0
1715613718094 0.5015029907226562 0
1715613718646 0.5431978702545166 0
1715613719214 0.5562758445739746 0
1715613719801 0.5765101909637451 0
1715613720453 0.6426799297332764 0
1715613721152 0.690925121307373 0
1715613728457 1.131558895111084 0
1715613728985 0.5237481594085693 0
1715613729518 0.5083048343658447 0
1715613730044 0.5086851119995117 0
1715613730558 0.5011191368103027 0
1715613731095 0.5255470275878906 0
1715613731647 0.5413320064544678 0
1715613732215 0.5579719543457031 0
1715613732787 0.5624258518218994 0
1715613733372 0.576819896697998 0
1715613739633 1.012066125869751 0
1715613740162 0.5253839492797852 0
1715613740664 0.49132394790649414 0
1715613741186 0.5043439865112305 0
1715613741714 0.5176310539245605 0
1715613742249 0.5259521007537842 0
1715613742798 0.5403130054473877 0
1715613743373 0.5603780746459961 0
1715613743955 0.5721352100372314 0
1715613744578 0.6105871200561523 0
1715613750853 1.2221028804779053 0
1715613751338 0.48054981231689453 0
1715613751846 0.495837926864624 0
1715613752380 0.5302939414978027 0
1715613752985 0.5990152359008789 0
1715613753851 0.8150749206542969 0
1715613754664 0.7938289642333984 0
1715613755540 0.8372399806976318 0
1715613756562 0.9425780773162842 0
1715613757426 0.8472199440002441 0
1715613765684 1.1432089805603027 0
1715613766282 0.59232497215271 0
1715613766785 0.4747457504272461 0
1715613767297 0.50319504737854 0
1715613767821 0.5139710903167725 0
1715613768396 0.5441229343414307 0
1715613768973 0.568493127822876 0
1715613769594 0.6103098392486572 0
1715613770279 0.6744899749755859 0
1715613771064 0.7760698795318604 0
1715613778198 1.0502779483795166 0
1715613778754 0.5491800308227539 0
1715613779297 0.5343160629272461 0
1715613779825 0.51938796043396 0
1715613780393 0.5533311367034912 0
1715613780942 0.5420079231262207 0
1715613781505 0.5525829792022705 0
1715613782081 0.5695607662200928 0
1715613782665 0.5738167762756348 0
1715613783282 0.6077108383178711 0
1715613789988 1.282378911972046 0
1715613790487 0.4946308135986328 0
1715613790961 0.46764278411865234 0
1715613791486 0.5203070640563965 0
1715613792016 0.5234570503234863 0
1715613792588 0.5636529922485352 0
1715613793215 0.6191318035125732 0
1715613794124 0.893164873123169 0
1715613795327 1.1618797779083252 0
1715613796666 1.3228180408477783 0
1715613803734 1.1164531707763672 0
1715613804276 0.535416841506958 0
1715613804772 0.4901559352874756 0
1715613805319 0.5424900054931641 0
1715613805881 0.5551128387451172 0
1715613806451 0.5616238117218018 0
1715613807061 0.6017999649047852 0
1715613807760 0.6887421607971191 0
1715613808876 1.1053540706634521 0
1715613810526 1.6064651012420654 0
1715613817327 1.2369801998138428 0
1715613817857 0.519301176071167 0
1715613818367 0.5045440196990967 0
1715613818903 0.5311288833618164 0
1715613819497 0.5862898826599121 0
1715613820210 0.7057759761810303 0
1715613821341 1.1060571670532227 0
1715613822200 0.8323450088500977 0
1715613823607 1.3584678173065186 0
1715613824659 0.9617626667022705 0
1715613833086 1.444394826889038 0
1715613833662 0.5689620971679688 0
1715613834167 0.499614953994751 0
1715613834679 0.5070021152496338 0
1715613835257 0.5708270072937012 0
1715613836430 1.1601011753082275 0
1715613837306 0.8394620418548584 0
1715613838018 0.6965210437774658 0
1715613838778 0.7449281215667725 0
1715613839707 0.9144198894500732 0
1715613848085 1.1458461284637451 0
1715613848583 0.4939281940460205 0
1715613849123 0.5204498767852783 0
1715613849701 0.5674099922180176 0
1715613850240 0.5251340866088867 0
1715613850811 0.5613229274749756 0
1715613851405 0.5854990482330322 0
1715613852136 0.7167999744415283 0
1715613853174 1.0169310569763184 0
1715613854398 0.9107279777526855 0
1715613862538 1.2600040435791016 0
1715613863049 0.5068278312683105 0
1715613863545 0.4898109436035156 0
1715613864059 0.5042293071746826 0
1715613864598 0.5196962356567383 0
1715613865153 0.5511701107025146 0
1715613865722 0.560467004776001 0
1715613866315 0.5874261856079102 0
1715613866971 0.6475210189819336 0
1715613867707 0.7265720367431641 0
1715613875161 1.1671380996704102 0
1715613875688 0.5224058628082275 0
1715613876235 0.5378398895263672 0
1715613876760 0.5181570053100586 0
1715613877284 0.5089089870452881 0
1715613877823 0.5293099880218506 0
1715613878381 0.5458149909973145 0
1715613878950 0.5584721565246582 0
1715613879567 0.6100678443908691 0
1715613880335 0.759350061416626 0
1715613889011 1.2055630683898926 0
1715613889501 0.48621106147766113 0
1715613890003 0.4991941452026367 0
1715613890505 0.49788379669189453 0
1715613891035 0.5244848728179932 0
1715613891699 0.6568970680236816 0
1715613892543 0.8311879634857178 0
1715613895145 2.550765037536621 0
1715613897609 2.4493439197540283 0
1715613899270 1.6220998764038086 0
1715613907402 1.3318967819213867 0
1715613907988 0.5802872180938721 0
1715613908497 0.5008180141448975 0
1715613909013 0.5053467750549316 0
1715613909566 0.5465209484100342 0
1715613910405 0.811974048614502 0
1715613911238 0.806074857711792 0
1715613912068 0.7820188999176025 0
1715613913027 0.927393913269043 0
1715613914395 1.3499672412872314 0
1715613922411 1.1701321601867676 0
1715613922920 0.5033957958221436 0
1715613923406 0.47412919998168945 0
1715613923913 0.49610114097595215 0
1715613924434 0.5126221179962158 0
1715613924976 0.5373129844665527 0
1715613925554 0.5727458000183105 0
1715613926176 0.6170079708099365 0
1715613926883 0.7013888359069824 0
1715613927799 0.9032490253448486 0
1715613938937 1.270063877105713 0
1715613939511 0.5634498596191406 0
1715613940082 0.5625197887420654 0
1715613940590 0.5010538101196289 0
1715613941119 0.5174121856689453 0
1715613941722 0.5970659255981445 0
1715613942393 0.6189901828765869 0
1715613943188 0.74951171875 0
1715613944289 1.0614988803863525 0
1715613945738 1.4276649951934814 0
1715613953108 1.2559080123901367 0
1715613953608 0.4944310188293457 0
1715613954177 0.5625438690185547 0
1715613954782 0.5955257415771484 0
1715613955443 0.6472680568695068 0
1715613956227 0.7557778358459473 0
1715613957072 0.8279309272766113 0
1715613957827 0.7237899303436279 0
1715613958856 1.0082170963287354 0
1715613960075 1.1684439182281494 0
1715613970627 1.5861387252807617 0
1715613971182 0.5379178524017334 0
1715613971768 0.5680718421936035 0
1715613972352 0.5691220760345459 0
1715613972931 0.5682940483093262 0
1715613974682 1.7131547927856445 0
1715613976389 1.6719560623168945 0
1715613977381 0.9734880924224854 0
1715613978436 0.9757611751556396 0
1715613979339 0.8447878360748291 0
1715613988060 1.2873997688293457 0
1715613988647 0.5764420032501221 0
1715613989248 0.5872519016265869 0
1715613989892 0.6339111328125 0
1715613990557 0.6418960094451904 0
1715613991370 0.7341108322143555 0
1715613992076 0.6905102729797363 0
1715613992842 0.7495260238647461 0
1715613993901 1.0333490371704102 0
1715613995530 1.6078920364379883 0
1715614005746 1.5155351161956787 0
1715614006329 0.5667998790740967 0
1715614006850 0.5126879215240479 0
1715614007377 0.5207221508026123 0
1715614008007 0.6232953071594238 0
1715614008687 0.6580300331115723 0
1715614009483 0.7674310207366943 0
1715614010342 0.8321137428283691 0
1715614011453 1.0919520854949951 0
1715614013088 1.6116561889648438 0
1715614022796 1.4563870429992676 0
1715614023296 0.48619604110717773 0
1715614023832 0.5296368598937988 0
1715614024415 0.5750741958618164 0
1715614025079 0.6510488986968994 0
1715614025841 0.7291309833526611 0
1715614026588 0.7295489311218262 0
1715614027530 0.9139399528503418 0
1715614029546 1.9295780658721924 0
1715614030614 1.0194830894470215 0
1715614040722 1.542088270187378 0
1715614041256 0.5274193286895752 0
1715614041770 0.5048480033874512 0
1715614042311 0.5315418243408203 0
1715614042859 0.539680004119873 0
1715614043438 0.5731630325317383 0
1715614044075 0.6285049915313721 0
1715614044753 0.6675570011138916 0
1715614046567 1.7833690643310547 0
1715614047984 1.3841052055358887 0
1715614057252 1.1982340812683105 0
1715614057745 0.4874868392944336 0
1715614058223 0.471743106842041 0
1715614058737 0.5000200271606445 0
1715614059270 0.5265789031982422 0
1715614059839 0.5591888427734375 0
1715614060467 0.6215720176696777 0
1715614061357 0.8501191139221191 0
1715614062770 1.2752110958099365 0
1715614063871 0.9877638816833496 0
1715614072522 1.352870225906372 0
1715614073180 0.6502041816711426 0
1715614073817 0.6087281703948975 0
1715614074464 0.6348021030426025 0
1715614075086 0.6034259796142578 0
1715614075944 0.8342859745025635 0
1715614076908 0.9464409351348877 0
1715614077732 0.773097038269043 0
1715614078593 0.8248231410980225 0
1715614079592 0.9819152355194092 0
1715614090774 1.5757288932800293 0
1715614091351 0.5441908836364746 0
1715614091853 0.48509812355041504 0
1715614092412 0.5506279468536377 0
1715614092998 0.5736379623413086 0
1715614093622 0.599207878112793 0
1715614094407 0.768352746963501 0
1715614095266 0.8434748649597168 0
1715614096361 1.0822110176086426 0
1715614097631 1.2492260932922363 0
1715614106195 1.352684736251831 0
1715614106692 0.493182897567749 0
1715614107209 0.5118141174316406 0
1715614107723 0.5101110935211182 0
1715614108308 0.5763959884643555 0
1715614109046 0.7303528785705566 0
1715614109830 0.7281739711761475 0
1715614110770 0.9188640117645264 0
1715614111696 0.8841280937194824 0
1715614113129 1.419100046157837 0
1715614121938 1.2424321174621582 0
1715614122533 0.5910420417785645 0
1715614123234 0.6694128513336182 0
1715614123917 0.66007399559021 0
1715614124610 0.6477298736572266 0
1715614125398 0.7650039196014404 0
1715614126248 0.7947797775268555 0
1715614127165 0.8682527542114258 0
1715614128038 0.8516881465911865 0
1715614129829 1.7571098804473877 0
1715614140154 1.595736026763916 0
1715614140700 0.5398609638214111 0
1715614141207 0.4989440441131592 0
1715614141723 0.5068478584289551 0
1715614142267 0.5337588787078857 0
1715614142887 0.6101319789886475 0
1715614143912 0.9897539615631104 0
1715614145044 1.0220112800598145 0
1715614145892 0.8312408924102783 0
1715614146795 0.8852007389068604 0
1715614155211 1.4578871726989746 0
1715614155801 0.5823471546173096 0
1715614156305 0.4991631507873535 0
1715614156838 0.527742862701416 0
1715614157483 0.6392769813537598 0
1715614158200 0.6984939575195312 0
1715614159051 0.8305869102478027 0
1715614160141 1.0366201400756836 0
1715614161529 1.3619320392608643 0
1715614162638 1.04616379737854 0
1715614171706 1.4043970108032227 0
1715614172332 0.5961132049560547 0
1715614172857 0.5185110569000244 0
1715614173397 0.529897928237915 0
1715614173982 0.5616562366485596 0
1715614174577 0.5834300518035889 0
1715614175324 0.69374680519104 0
1715614176108 0.7654252052307129 0
1715614176997 0.8542490005493164 0
1715614177942 0.931542158126831 0
1715614188189 1.4634690284729004 0
1715614188770 0.577157735824585 0
1715614189288 0.5057289600372314 0
1715614189844 0.5375528335571289 0
1715614190391 0.5407688617706299 0
1715614191030 0.628154993057251 0
1715614191655 0.6153790950775146 0
1715614192299 0.635002851486206 0
1715614193009 0.6941671371459961 0
1715614193863 0.8399190902709961 0
1715614201906 1.2506239414215088 0
1715614202410 0.49712514877319336 0
1715614202918 0.4881298542022705 0
1715614203446 0.517462968826294 0
1715614203971 0.5165061950683594 0
1715614204504 0.524601936340332 0
1715614205047 0.5355169773101807 0
1715614205605 0.5502359867095947 0
1715614206205 0.5903890132904053 0
1715614206878 0.6543936729431152 0
1715614214245 1.0839948654174805 0
1715614214727 0.4777228832244873 0
1715614215199 0.46218109130859375 0
1715614215687 0.475933313369751 0
1715614216196 0.4904019832611084 0
1715614216715 0.5093302726745605 0
1715614217253 0.5285689830780029 0
1715614217804 0.5410952568054199 0
1715614218369 0.5532212257385254 0
1715614218943 0.5624477863311768 0
1715614224817 0.9838709831237793 0
1715614225322 0.4968709945678711 0
1715614225816 0.482938289642334 0
1715614226395 0.5703599452972412 0
1715614226920 0.5180070400238037 0
1715614227468 0.5370171070098877 0
1715614228065 0.5872929096221924 0
1715614228650 0.5735459327697754 0
1715614229248 0.5872278213500977 0
1715614229909 0.645413875579834 0
1715614237306 1.4850821495056152 0
1715614237937 0.6241281032562256 0
1715614238470 0.5190689563751221 0
1715614239063 0.5846841335296631 0
1715614240229 1.1526405811309814 0
1715614241099 0.8475100994110107 0
1715614241787 0.6677961349487305 0
1715614242418 0.6188898086547852 0
1715614243076 0.6501419544219971 0
1715614244039 0.9525301456451416 0
1715614252895 1.3371829986572266 0
1715614253536 0.6358509063720703 0
1715614254190 0.6203551292419434 0
1715614254900 0.6914348602294922 0
1715614255790 0.8402681350708008 0
1715614256632 0.787604808807373 0
1715614257500 0.8359971046447754 0
1715614258927 1.3637382984161377 0
1715614260179 1.1417810916900635 0
1715614261177 0.9699740409851074 0
1715614269418 1.2244081497192383 0
1715614269967 0.5451745986938477 0
1715614270500 0.527864933013916 0
1715614271047 0.537865400314331 0
1715614271561 0.5053808689117432 0
1715614273592 1.9974339008331299 0
1715614276846 2.918809175491333 0
1715614277919 1.0520670413970947 0
1715614278640 0.6441290378570557 0
1715614279296 0.6290769577026367 0
1715614302225 5.896464824676514 0
1715614302772 0.5432147979736328 0
1715614303306 0.5095598697662354 0
1715614304078 0.7629590034484863 0
1715614304808 0.6991689205169678 0
1715614305466 0.6469850540161133 0
1715614306049 0.5675101280212402 0
1715614306715 0.6399080753326416 0
1715614307640 0.9012458324432373 0
1715614308944 1.2881028652191162 0
1715614319189 1.635908842086792 0
1715614319865 0.6483991146087646 0
1715614320422 0.5500240325927734 0
1715614320954 0.5246670246124268 0
1715614321522 0.559049129486084 0
1715614322117 0.5859560966491699 0
1715614322759 0.6329751014709473 0
1715614323495 0.7285828590393066 0
1715614324345 0.8018369674682617 0
1715614325247 0.8876638412475586 0
1715614333968 1.222332239151001 0
1715614334528 0.5473499298095703 0
1715614335005 0.4732799530029297 0
1715614335518 0.5067927837371826 0
1715614336109 0.5823659896850586 0
1715614336879 0.7424759864807129 0
1715614337678 0.7681102752685547 0
1715614339069 1.2745568752288818 0
1715614340428 1.3009910583496094 0
1715614341163 0.7142562866210938 0
1715614350603 1.573848009109497 0
1715614351212 0.5976390838623047 0
1715614351922 0.6962299346923828 0
1715614352729 0.7926599979400635 0
1715614354215 1.4721169471740723 0
1715614355046 0.7944240570068359 0
1715614356007 0.9389417171478271 0
1715614356827 0.7507109642028809 0
1715614357562 0.7039930820465088 0
1715614358327 0.7462358474731445 0
1715614367162 1.1222689151763916 0
1715614367642 0.47600603103637695 0
1715614368126 0.47634315490722656 0
1715614368635 0.4994220733642578 0
1715614369172 0.528479814529419 0
1715614369724 0.5433199405670166 0
1715614370314 0.5772290229797363 0
1715614370960 0.6145708560943604 0
1715614371687 0.714608907699585 0
1715614372876 1.1763041019439697 0
1715614381970 1.3919329643249512 0
1715614382551 0.5618517398834229 0
1715614383071 0.5159778594970703 0
1715614383570 0.4939248561859131 0
1715614384119 0.5449607372283936 0
1715614384789 0.6620538234710693 0
1715614385583 0.7797720432281494 0
1715614387099 1.4592368602752686 0
1715614387928 0.7714288234710693 0
1715614388769 0.8262588977813721 0
1715614398446 1.374197006225586 0
1715614399083 0.6231601238250732 0
1715614399762 0.6653299331665039 0
1715614400487 0.6906230449676514 0
1715614401188 0.6739637851715088 0
1715614401864 0.6596379280090332 0
1715614402886 0.9411029815673828 0
1715614404057 1.1442389488220215 0
1715614405018 0.9372329711914062 0
1715614405957 0.9228470325469971 0
1715614414873 1.388437032699585 0
1715614415415 0.5287148952484131 0
1715614415900 0.47867417335510254 0
1715614416418 0.504302978515625 0
1715614417009 0.581838846206665 0
1715614417646 0.6229469776153564 0
1715614418292 0.6152651309967041 0
1715614418972 0.6661760807037354 0
1715614420194 1.208855152130127 0
1715614421308 1.0897598266601562 0
1715614430554 1.2373340129852295 0
1715614431054 0.49569272994995117 0
1715614431536 0.4767270088195801 0
1715614432044 0.4974040985107422 0
1715614432596 0.5291018486022949 0
1715614433180 0.5725247859954834 0
1715614433748 0.5541479587554932 0
1715614434352 0.5936911106109619 0
1715614435004 0.6338348388671875 0
1715614435711 0.6947309970855713 0
1715614442969 1.1900599002838135 0
1715614443506 0.5320730209350586 0
1715614444028 0.5105900764465332 0
1715614444547 0.5088376998901367 0
1715614445082 0.5253708362579346 0
1715614445616 0.5239360332489014 0
1715614446144 0.5182709693908691 0
1715614446710 0.5556910037994385 0
1715614447276 0.5578980445861816 0
1715614447851 0.5651431083679199 0
1715614455283 1.3516871929168701 0
1715614455884 0.5811090469360352 0
1715614456380 0.49052000045776367 0
1715614457110 0.7094030380249023 0
1715614457845 0.6924228668212891 0
1715614458519 0.6511330604553223 0
1715614459215 0.6717939376831055 0
1715614459936 0.6727368831634521 0
1715614460901 0.9429728984832764 0
1715614461926 0.9985380172729492 0
1715614470192 1.1879441738128662 0
1715614470721 0.5229032039642334 0
1715614471217 0.48420000076293945 0
1715614471730 0.5023641586303711 0
1715614472290 0.5533349514007568 0
1715614472847 0.5508561134338379 0
1715614473416 0.5612609386444092 0
1715614474100 0.6576321125030518 0
1715614474940 0.8210921287536621 0
1715614476035 1.0696699619293213 0
1715614484970 1.1750388145446777 0
1715614485539 0.5629281997680664 0
1715614486096 0.5361509323120117 0
1715614486643 0.5422191619873047 0
1715614487185 0.5358672142028809 0
1715614487774 0.5758788585662842 0
1715614488474 0.6920509338378906 0
1715614489390 0.8948037624359131 0
1715614490610 1.171335220336914 0
1715614491610 0.9771640300750732 0
1715614500091 1.3249070644378662 0
1715614501415 1.2867870330810547 0
1715614502100 0.5902340412139893 0
1715614502685 0.5705070495605469 0
1715614503335 0.6243360042572021 0
1715614504034 0.6772480010986328 0
1715614504668 0.6173582077026367 0
1715614505406 0.7244439125061035 0
1715614506138 0.7172260284423828 0
1715614506970 0.8182480335235596 0
1715614517595 1.4725329875946045 0
1715614518132 0.528587818145752 0
1715614518656 0.5184268951416016 0
1715614519197 0.5358729362487793 0
1715614519759 0.5538430213928223 0
1715614520334 0.5506339073181152 0
1715614520888 0.5457789897918701 0
1715614521503 0.6106781959533691 0
1715614522239 0.70013427734375 0
1715614522997 0.7472689151763916 0
1715614531658 1.1553890705108643 0
1715614532159 0.49075794219970703 0
1715614532644 0.46500205993652344 0
1715614533133 0.4680800437927246 0
1715614533616 0.47295689582824707 0
1715614534114 0.48789191246032715 0
1715614534643 0.5169699192047119 0
1715614535235 0.5790591239929199 0
1715614537004 1.7429239749908447 0
1715614538383 1.347832202911377 0
1715614546284 1.208631992340088 0
1715614546798 0.5088791847229004 0
1715614547284 0.4761836528778076 0
1715614547770 0.4762909412384033 0
1715614548274 0.4952719211578369 0
1715614548800 0.5177640914916992 0
1715614549328 0.5208699703216553 0
1715614549854 0.5209300518035889 0
1715614550425 0.5537540912628174 0
1715614551013 0.5759658813476562 0
1715614558064 1.1215639114379883 0
1715614558567 0.4981539249420166 0
1715614559048 0.47266411781311035 0
1715614559532 0.47539281845092773 0
1715614560033 0.48149919509887695 0
1715614560552 0.5095090866088867 0
1715614561078 0.5161349773406982 0
1715614561616 0.527536153793335 0
1715614562172 0.5461897850036621 0
1715614562751 0.5654549598693848 0
1715614568734 1.0692059993743896 0
1715614569206 0.4662201404571533 0
1715614569691 0.4665539264678955 0
1715614570162 0.461245059967041 0
1715614570653 0.4834170341491699 0
1715614571168 0.5035452842712402 0
1715614571688 0.5088996887207031 0
1715614572223 0.5247838497161865 0
1715614572761 0.5277283191680908 0
1715614573327 0.5559039115905762 0
1715614579094 1.15130615234375 0
1715614579578 0.4790689945220947 0
1715614580056 0.4698648452758789 0
1715614580534 0.4685671329498291 0
1715614581014 0.47090578079223633 0
1715614581526 0.5024139881134033 0
1715614582050 0.5135650634765625 0
1715614582587 0.5283410549163818 0
1715614583128 0.5304479598999023 0
1715614583685 0.5459170341491699 0
1715614589105 0.9814767837524414 0
1715614589590 0.4801459312438965 0
1715614590064 0.463043212890625 0
1715614590550 0.4683420658111572 0
1715614591040 0.48127317428588867 0
1715614591535 0.4848320484161377 0
1715614592040 0.493955135345459 0
1715614592558 0.5048329830169678 0
1715614593089 0.5191819667816162 0
1715614593624 0.5222499370574951 0
1715614598904 0.981414794921875 0
1715614599397 0.4878530502319336 0
1715614599887 0.4691777229309082 0
1715614600368 0.4775261878967285 0
1715614600840 0.46224498748779297 0
1715614601339 0.4808998107910156 0
1715614601838 0.48487091064453125 0
1715614602350 0.49991512298583984 0
1715614602865 0.5059640407562256 0
1715614603409 0.5344059467315674 0
1715614608915 0.9941291809082031 0
1715614609398 0.4784510135650635 0
1715614609883 0.47500085830688477 0
1715614610419 0.5267879962921143 0
1715614610900 0.47266268730163574 0
1715614611385 0.4712040424346924 0
1715614611889 0.492297887802124 0
1715614612428 0.5042338371276855 0
1715614612934 0.49697113037109375 0
1715614613462 0.5244779586791992 0
1715614619390 1.0907690525054932 0
1715614619878 0.4842379093170166 0
1715614620345 0.457287073135376 0
1715614620827 0.47344517707824707 0
1715614621297 0.46454405784606934 0
1715614621798 0.4771130084991455 0
1715614622283 0.475553035736084 0
1715614622784 0.492067813873291 0
1715614623289 0.4944729804992676 0
1715614623830 0.5304920673370361 0
1715614628990 1.0205349922180176 0
1715614629490 0.49434804916381836 0
1715614629971 0.4686610698699951 0
1715614630461 0.47801995277404785 0
1715614630942 0.469282865524292 0
1715614631420 0.46882009506225586 0
1715614631924 0.4886300563812256 0
1715614632423 0.4879581928253174 0
1715614632943 0.5107226371765137 0
1715614633468 0.5144979953765869 0
1715614638648 1.045828104019165 0
1715614639149 0.49642300605773926 0
1715614639637 0.48020005226135254 0
1715614640210 0.5615098476409912 0
1715614640807 0.5913529396057129 0
1715614641393 0.5807952880859375 0
1715614641982 0.5800330638885498 0
1715614642859 0.8473799228668213 0
1715614643967 1.0146031379699707 0
1715614644911 0.8932540416717529 0
1715614653582 1.2580959796905518 0
1715614654121 0.5346639156341553 0
1715614654640 0.5119009017944336 0
1715614655144 0.49924802780151367 0
1715614655669 0.5111989974975586 0
1715614656487 0.8021860122680664 0
1715614658116 1.5731232166290283 0
1715614658872 0.7294881343841553 0
1715614659504 0.5997860431671143 0
1715614660298 0.7788510322570801 0
1715614669034 1.6435871124267578 0
1715614669551 0.5128371715545654 0
1715614670054 0.4958381652832031 0
1715614670546 0.48466014862060547 0
1715614671036 0.48032402992248535 0
1715614671753 0.7051928043365479 0
1715614672290 0.5324690341949463 0
1715614672819 0.5161662101745605 0
1715614673353 0.5231380462646484 0
1715614673916 0.5530650615692139 0
1715614692788 4.929208040237427 0
1715614693309 0.513526201248169 0
1715614693809 0.4908759593963623 0
1715614694292 0.47620391845703125 0
1715614694748 0.4519960880279541 0
1715614695236 0.4829750061035156 0
1715614695732 0.4896101951599121 0
1715614696224 0.47553205490112305 0
1715614696707 0.47029900550842285 0
1715614697205 0.47201108932495117 0
1715614702720 1.1589603424072266 0
1715614703240 0.5137879848480225 0
1715614703742 0.49271392822265625 0
1715614704226 0.47576093673706055 0
1715614704718 0.481860876083374 0
1715614705237 0.49497294425964355 0
1715614705727 0.4806337356567383 0
1715614706258 0.5239348411560059 0
1715614706751 0.4835348129272461 0
1715614707241 0.48041820526123047 0
1715614713294 1.2222468852996826 0
1715614713809 0.5096940994262695 0
1715614714317 0.49928808212280273 0
1715614714846 0.5195329189300537 0
1715614715391 0.5370221138000488 0
1715614715921 0.515254020690918 0
1715614716464 0.5363597869873047 0
1715614717032 0.5530166625976562 0
1715614717732 0.6757309436798096 0
1715614718847 0.9550321102142334 0
1715614726264 1.2315549850463867 0
1715614726767 0.4961049556732178 0
1715614727264 0.48532986640930176 0
1715614727750 0.4763603210449219 0
1715614728245 0.48094797134399414 0
1715614728748 0.48376893997192383 0
1715614729275 0.5151469707489014 0
1715614729810 0.5241949558258057 0
1715614730327 0.5078568458557129 0
1715614730862 0.5240540504455566 0
1715614737175 1.1624250411987305 0
1715614737670 0.4843578338623047 0
1715614738206 0.5239658355712891 0
1715614738717 0.4880359172821045 0
1715614739222 0.47954726219177246 0
1715614739712 0.47700023651123047 0
1715614740210 0.48636913299560547 0
1715614740707 0.49218034744262695 0
1715614741215 0.4977700710296631 0
1715614741742 0.49955105781555176 0
1715614747707 1.1283130645751953 0
1715614748210 0.49646878242492676 0
1715614748692 0.47307491302490234 0
1715614749174 0.4733600616455078 0
1715614749680 0.47928595542907715 0
1715614750167 0.479733943939209 0
1715614750676 0.4971170425415039 0
1715614751163 0.4791529178619385 0
1715614751670 0.5024819374084473 0
1715614752172 0.49358201026916504 0
1715614759434 1.1462759971618652 0
1715614759944 0.49599266052246094 0
1715614760484 0.5193190574645996 0
1715614760992 0.49953365325927734 0
1715614761508 0.5085649490356445 0
1715614762014 0.49076294898986816 0
1715614762515 0.49037790298461914 0
1715614763021 0.49454402923583984 0
1715614763586 0.5457427501678467 0
1715614764130 0.5377490520477295 0
1715614771645 1.1865720748901367 0
1715614772162 0.5123538970947266 0
1715614772673 0.5039780139923096 0
1715614773181 0.4824230670928955 0
1715614773707 0.5131139755249023 0
1715614774225 0.5104782581329346 0
1715614774755 0.5248119831085205 0
1715614775254 0.4898519515991211 0
1715614775882 0.6195342540740967 0
1715614776420 0.5324180126190186 0
1715614783346 1.1065480709075928 0
1715614783856 0.5059797763824463 0
1715614784367 0.5042500495910645 0
1715614784866 0.4882619380950928 0
1715614785370 0.49523186683654785 0
1715614786005 0.6287119388580322 0
1715614786500 0.48822522163391113 0
1715614787015 0.506417989730835 0
1715614787553 0.5297720432281494 0
1715614788162 0.6045498847961426 0
1715614795518 1.0984528064727783 0
1715614796039 0.5172340869903564 0
1715614796538 0.48813891410827637 0
1715614797042 0.4948899745941162 0
1715614797551 0.49991393089294434 0
1715614798037 0.47743821144104004 0
1715614798507 0.4601929187774658 0
1715614798999 0.48713207244873047 0
1715614799500 0.49033284187316895 0
1715614800041 0.5312869548797607 0
1715614806638 1.177403211593628 0
1715614807146 0.50307297706604 0
1715614807650 0.48922300338745117 0
1715614808147 0.4879491329193115 0
1715614808650 0.49179601669311523 0
1715614809154 0.49619102478027344 0
1715614809663 0.4997429847717285 0
1715614810196 0.5155429840087891 0
1715614810786 0.5771429538726807 0
1715614811346 0.549191951751709 0
1715614818074 1.0834717750549316 0
1715614818574 0.487774133682251 0
1715614819072 0.47435426712036133 0
1715614819545 0.461824893951416 0
1715614820026 0.4685249328613281 0
1715614820504 0.4696681499481201 0
1715614820988 0.47362589836120605 0
1715614821503 0.49779820442199707 0
1715614822028 0.5215678215026855 0
1715614822545 0.5078117847442627 0
1715614828304 1.0680503845214844 0
1715614828801 0.49196290969848633 0
1715614829321 0.5101640224456787 0
1715614829815 0.4840118885040283 0
1715614830301 0.4810459613800049 0
1715614830846 0.541888952255249 0
1715614831553 0.7015430927276611 0
1715614832411 0.7800538539886475 0
1715614833094 0.6538910865783691 0
1715614833690 0.5854530334472656 0
1715614842334 1.336932897567749 0
1715614842975 0.6346731185913086 0
1715614843592 0.6104171276092529 0
1715614844186 0.585137128829956 0
1715614844773 0.5774719715118408 0
1715614845422 0.6371641159057617 0
1715614846398 0.9229810237884521 0
1715614847261 0.8418388366699219 0
1715614847998 0.7198851108551025 0
1715614848863 0.8136060237884521 0
