1715610969206 4.07279109954834 0
1715610969807 4.2119927406311035 0
1715610970608 4.211034774780273 0
1715610971155 4.038048267364502 0
1715610971706 3.9268221855163574 0
1715610972297 3.7945141792297363 0
1715610972994 3.6447834968566895 0
1715610973525 3.464510917663574 0
1715610974036 3.278846263885498 0
1715610974600 3.080705165863037 0
1715610980263 2.890446424484253 0
1715610980921 2.744657278060913 0
1715610981447 2.613119125366211 0
1715610981968 2.4864139556884766 0
1715610982482 2.392906904220581 0
1715610983015 2.284539222717285 0
1715610983739 2.176454544067383 0
1715610984252 2.0660760402679443 0
1715610984766 1.9765630960464478 0
1715610985407 1.8898401260375977 0
1715610988995 1.7950185537338257 0
1715610989601 1.6986289024353027 0
1715610990110 1.5990219116210938 0
1715610990851 1.5038975477218628 0
1715610991354 1.4096211194992065 0
1715610991893 1.3129560947418213 0
1715610992438 1.2022216320037842 0
1715610992948 1.1055728197097778 0
1715610993484 1.0192266702651978 0
1715610994004 0.9415706396102905 0
1715610997475 0.8353505730628967 0
1715610998127 0.7317975163459778 0
1715610998630 0.6764174699783325 0
1715610999460 0.6047369837760925 0
1715610999980 0.5406991839408875 0
1715611000500 0.473039448261261 0
1715611001017 0.3983246982097626 0
1715611001525 0.3373700976371765 0
1715611002035 0.2973391115665436 0
1715611002549 0.2576824426651001 0
1715611006785 0.22179238498210907 0
1715611007417 0.19550397992134094 0
1715611007948 0.17930155992507935 0
1715611008474 0.1635887771844864 0
1715611008983 0.14489467442035675 0
1715611009859 0.12654727697372437 0
1715611010373 0.11247672140598297 0
1715611010873 0.10129620134830475 0
1715611011379 0.09065316617488861 0
1715611011895 0.08138463646173477 0
1715611015619 0.07440422475337982 0
1715611016250 0.06926053762435913 0
1715611016753 0.06510843336582184 0
1715611017282 0.06127772852778435 0
1715611017796 0.057396046817302704 0
1715611018318 0.05346422642469406 0
1715611018833 0.04975754767656326 0
1715611019336 0.046567413955926895 0
1715611019840 0.04397867992520332 0
1715611020762 0.04186340048909187 0
1715611024556 0.04002850502729416 0
1715611025206 0.03834044933319092 0
1715611025738 0.036751888692379 0
1715611026260 0.03526601195335388 0
1715611026769 0.03389277309179306 0
1715611027287 0.03262566402554512 0
1715611027811 0.03144202381372452 0
1715611028369 0.030319809913635254 0
1715611028952 0.02925141155719757 0
1715611029483 0.02824477292597294 0
1715611033158 0.027317211031913757 0
1715611033775 0.026479080319404602 0
1715611034287 0.025728752836585045 0
1715611034798 0.025052782148122787 0
1715611035303 0.0244315043091774 0
1715611035807 0.023847684264183044 0
1715611036312 0.023288622498512268 0
1715611037379 0.02274955064058304 0
1715611037891 0.02223021723330021 0
1715611038403 0.021734680980443954 0
1715611042587 0.02126656286418438 0
1715611043300 0.02082679606974125 0
1715611043937 0.020413001999258995 0
1715611044534 0.020020445808768272 0
1715611045110 0.01964399218559265 0
1715611045660 0.019280988723039627 0
1715611046183 0.01892993226647377 0
1715611046718 0.018591981381177902 0
1715611048344 0.018268678337335587 0
1715611048848 0.017959795892238617 0
1715611053519 0.017665401101112366 0
1715611054205 0.017382865771651268 0
1715611054726 0.01711026020348072 0
1715611055237 0.01684640347957611 0
1715611055749 0.016590604558587074 0
1715611056266 0.01634261943399906 0
1715611056780 0.0161031112074852 0
1715611057299 0.015873005613684654 0
1715611057828 0.01565183512866497 0
1715611058331 0.01543914433568716 0
1715611064721 0.015233655460178852 0
1715611065533 0.01503438875079155 0
1715611066092 0.01484069973230362 0
1715611066631 0.014652385376393795 0
1715611067175 0.014468906447291374 0
1715611067798 0.01429105643182993 0
1715611068349 0.014117834158241749 0
1715611068885 0.013949740678071976 0
1715611069409 0.013785638846457005 0
1715611069928 0.013625900261104107 0
1715611074587 0.0134699372574687 0
1715611075237 0.01331789419054985 0
1715611075783 0.013169177807867527 0
1715611076371 0.013023864477872849 0
1715611076872 0.01288207620382309 0
1715611077484 0.01274339109659195 0
1715611077988 0.012607645243406296 0
1715611078498 0.012474981136620045 0
1715611079001 0.012345186434686184 0
1715611079507 0.01221822015941143 0
1715611083636 0.012093950062990189 0
1715611084254 0.011971945874392986 0
1715611084931 0.011852451600134373 0
1715611085484 0.011735208332538605 0
1715611086110 0.011620353907346725 0
1715611086618 0.011507566086947918 0
1715611087135 0.01139676384627819 0
1715611087704 0.011287803761661053 0
1715611089780 0.011181049048900604 0
1715611090330 0.011076061055064201 0
1715611094494 0.010972810909152031 0
1715611095133 0.010871607810258865 0
1715611095641 0.010771872475743294 0
1715611096150 0.01067408174276352 0
1715611096672 0.010577691718935966 0
1715611097174 0.010483061894774437 0
1715611097688 0.010389907285571098 0
1715611098224 0.010298235341906548 0
1715611098727 0.010208106599748135 0
1715611099235 0.010119329206645489 0
1715611103011 0.01003197580575943 0
1715611103625 0.009945841506123543 0
1715611104133 0.009861212223768234 0
1715611104643 0.009777816012501717 0
1715611105169 0.009695522487163544 0
1715611105678 0.009614511393010616 0
1715611106223 0.009534851647913456 0
1715611106778 0.00945623591542244 0
1715611107297 0.009378964081406593 0
1715611107816 0.009302591904997826 0
1715611112188 0.009227532893419266 0
1715611112869 0.009153296239674091 0
1715611113494 0.00908020231872797 0
1715611114061 0.00900820828974247 0
1715611114618 0.008937244303524494 0
1715611115177 0.008867141790688038 0
1715611115766 0.008798073045909405 0
1715611116296 0.008730001747608185 0
1715611116814 0.008662792854011059 0
1715611117430 0.008596574887633324 0
1715611122301 0.008531215600669384 0
1715611122944 0.008466707542538643 0
1715611125487 0.00840302836149931 0
1715611126036 0.008340300992131233 0
1715611126546 0.008278395049273968 0
1715611127137 0.008217144757509232 0
1715611127667 0.00815678108483553 0
1715611128211 0.008097290992736816 0
1715611128732 0.008038402535021305 0
1715611129252 0.007980392314493656 0
1715611132904 0.007923015393316746 0
1715611133530 0.007866480387747288 0
1715611134039 0.007810578681528568 0
1715611134549 0.0077553740702569485 0
1715611135059 0.007700773887336254 0
1715611135568 0.007647083606570959 0
1715611136079 0.007593794260174036 0
1715611136600 0.007541354279965162 0
1715611137140 0.0074894241988658905 0
1715611137695 0.007438155356794596 0
1715611141975 0.007387551013380289 0
1715611142675 0.007337408605962992 0
1715611143229 0.00728798471391201 0
1715611144019 0.007239076308906078 0
1715611144817 0.007190852425992489 0
1715611145572 0.007143112365156412 0
1715611146125 0.00709595438092947 0
1715611146801 0.007049293722957373 0
1715611147375 0.007003284525126219 0
1715611147921 0.0069576771929860115 0
1715611152958 0.006912640295922756 0
1715611153601 0.006868104916065931 0
1715611154140 0.006824115291237831 0
1715611154671 0.00678060669451952 0
1715611155200 0.006737553048878908 0
1715611155750 0.006694996729493141 0
1715611156273 0.006652879063040018 0
1715611156776 0.006611334625631571 0
1715611157288 0.006570105906575918 0
1715611157807 0.006529363803565502 0
1715611161604 0.006489150691777468 0
1715611162229 0.006449277978390455 0
1715611162762 0.00640984158962965 0
1715611163299 0.006370861548930407 0
1715611166123 0.006332285236567259 0
1715611166650 0.006294118706136942 0
1715611167156 0.006256392225623131 0
1715611167652 0.006219006609171629 0
1715611168164 0.006182082928717136 0
1715611168654 0.006145503371953964 0
1715611172184 0.006109287496656179 0
1715611172766 0.006073488388210535 0
1715611173271 0.0060379719361662865 0
1715611173776 0.006002898793667555 0
1715611174280 0.005968182347714901 0
1715611174784 0.0059336707927286625 0
1715611175283 0.005899716634303331 0
1715611175781 0.005866014398634434 0
1715611176299 0.005832652095705271 0
1715611176798 0.005799629259854555 0
1715611180228 0.005766982678323984 0
1715611180864 0.005734545644372702 0
1715611181379 0.005702468100935221 0
1715611181889 0.00567073468118906 0
1715611182391 0.00563930394127965 0
1715611182897 0.0056082881055772305 0
1715611183453 0.0055774059146642685 0
1715611184113 0.005546854343265295 0
1715611184649 0.005516611505299807 0
1715611185343 0.005486760288476944 0
1715611189123 0.005457041785120964 0
1715611189791 0.005427656229585409 0
1715611190304 0.005398567765951157 0
1715611190800 0.00536968931555748 0
1715611191311 0.005341212265193462 0
1715611191812 0.005312813445925713 0
1715611192325 0.005284860730171204 0
1715611192872 0.005257042590528727 0
1715611193465 0.005229576490819454 0
1715611193991 0.005202282685786486 0
