1715610969226 0.8367919921875 0
1715610969811 0.18708491325378418 0
1715610970615 0.18247389793395996 0
1715610971162 0.17676496505737305 0
1715610971710 0.17331600189208984 0
1715610972314 0.2012159824371338 0
1715610972998 0.17198705673217773 0
1715610973533 0.17745471000671387 0
1715610974040 0.1614089012145996 0
1715610974604 0.1620190143585205 0
1715610980271 0.5743279457092285 0
1715610980925 0.17832612991333008 0
1715610981451 0.1882009506225586 0
1715610981977 0.1657726764678955 0
1715610982487 0.16269612312316895 0
1715610983020 0.16550302505493164 0
1715610983743 0.1678152084350586 0
1715610984258 0.16495013236999512 0
1715610984772 0.17221975326538086 0
1715610985419 0.27803802490234375 0
1715610989005 0.3687021732330322 0
1715610989610 0.1688082218170166 0
1715610990119 0.17265725135803223 0
1715610990860 0.17306303977966309 0
1715610991359 0.16246914863586426 0
1715610991900 0.19428586959838867 0
1715610992443 0.16333603858947754 0
1715610992956 0.16956686973571777 0
1715610993492 0.17304182052612305 0
1715610994008 0.16459894180297852 0
1715610997482 0.3429100513458252 0
1715610998135 0.16737675666809082 0
1715610998636 0.16493892669677734 0
1715610999468 0.18582701683044434 0
1715610999992 0.17249202728271484 0
1715611000508 0.1745619773864746 0
1715611001026 0.16698694229125977 0
1715611001530 0.16487693786621094 0
1715611002040 0.16373515129089355 0
1715611002556 0.1726219654083252 0
1715611006791 0.4975612163543701 0
1715611007421 0.1808011531829834 0
1715611007953 0.1884758472442627 0
1715611008478 0.17655086517333984 0
1715611008989 0.16803288459777832 0
1715611009867 0.16964197158813477 0
1715611010377 0.16682696342468262 0
1715611010878 0.16628813743591309 0
1715611011385 0.16504597663879395 0
1715611011899 0.16502690315246582 0
1715611015625 0.40470194816589355 0
1715611016254 0.1722581386566162 0
1715611016759 0.16667604446411133 0
1715611017286 0.18211698532104492 0
1715611017804 0.1686568260192871 0
1715611018322 0.16768288612365723 0
1715611018839 0.16911101341247559 0
1715611019340 0.1622622013092041 0
1715611019844 0.16401290893554688 0
1715611020771 0.5801138877868652 0
1715611024567 0.3857588768005371 0
1715611025213 0.17477726936340332 0
1715611025742 0.16425085067749023 0
1715611026264 0.16782593727111816 0
1715611026774 0.16674399375915527 0
1715611027291 0.16315579414367676 0
1715611027815 0.1692800521850586 0
1715611028386 0.22303104400634766 0
1715611028957 0.17487502098083496 0
1715611029488 0.16912388801574707 0
1715611033164 0.4132211208343506 0
1715611033782 0.17876911163330078 0
1715611034295 0.1685779094696045 0
1715611034802 0.162247896194458 0
1715611035309 0.16388797760009766 0
1715611035813 0.16550922393798828 0
1715611036316 0.1624448299407959 0
1715611037384 0.20322680473327637 0
1715611037895 0.16301178932189941 0
1715611038410 0.16818833351135254 0
1715611042594 0.625878095626831 0
1715611043305 0.1844651699066162 0
1715611043942 0.20721793174743652 0
1715611044543 0.1915597915649414 0
1715611045120 0.1776561737060547 0
1715611045667 0.1935288906097412 0
1715611046189 0.18314790725708008 0
1715611046722 0.1817929744720459 0
1715611048349 0.2098407745361328 0
1715611048864 0.17323613166809082 0
1715611053523 0.5841538906097412 0
1715611054223 0.18265295028686523 0
1715611054732 0.17371582984924316 0
1715611055242 0.16849184036254883 0
1715611055758 0.17284083366394043 0
1715611056280 0.17818498611450195 0
1715611056794 0.17688703536987305 0
1715611057313 0.17671704292297363 0
1715611057835 0.16973114013671875 0
1715611058336 0.16186809539794922 0
1715611064732 0.6972453594207764 0
1715611065538 0.19777202606201172 0
1715611066100 0.17308592796325684 0
1715611066638 0.18426179885864258 0
1715611067185 0.18086814880371094 0
1715611067806 0.19840097427368164 0
1715611068357 0.1715080738067627 0
1715611068889 0.1810147762298584 0
1715611069414 0.16816115379333496 0
1715611069937 0.18029093742370605 0
1715611074593 0.5670828819274902 0
1715611075248 0.1810750961303711 0
1715611075791 0.1960279941558838 0
1715611076376 0.17490410804748535 0
1715611076991 0.2784435749053955 0
1715611077490 0.16389894485473633 0
1715611077993 0.16128110885620117 0
1715611078503 0.16769814491271973 0
1715611079005 0.16335272789001465 0
1715611079512 0.16527700424194336 0
1715611083642 0.5850138664245605 0
1715611084263 0.1762409210205078 0
1715611084935 0.18044495582580566 0
1715611085503 0.1998741626739502 0
1715611086114 0.16902685165405273 0
1715611086623 0.16233611106872559 0
1715611087139 0.1715383529663086 0
1715611087710 0.1826024055480957 0
1715611089788 0.48630714416503906 0
1715611090339 0.17104887962341309 0
1715611094501 0.6197109222412109 0
1715611095141 0.17110395431518555 0
1715611095644 0.16042518615722656 0
1715611096155 0.16275715827941895 0
1715611096675 0.16150331497192383 0
1715611097178 0.1636967658996582 0
1715611097694 0.17368388175964355 0
1715611098229 0.1647641658782959 0
1715611098732 0.1617448329925537 0
1715611099240 0.16389894485473633 0
1715611103019 0.33991312980651855 0
1715611103630 0.1629619598388672 0
1715611104137 0.16183996200561523 0
1715611104649 0.16411900520324707 0
1715611105174 0.1686091423034668 0
1715611105684 0.1630408763885498 0
1715611106228 0.1761629581451416 0
1715611106785 0.17603588104248047 0
1715611107304 0.16226720809936523 0
1715611107820 0.16590595245361328 0
1715611112194 0.6132450103759766 0
1715611112875 0.1704092025756836 0
1715611113502 0.18713927268981934 0
1715611114066 0.16401386260986328 0
1715611114622 0.18924212455749512 0
1715611115181 0.18039870262145996 0
1715611115775 0.17100286483764648 0
1715611116302 0.16560983657836914 0
1715611116820 0.16778898239135742 0
1715611117440 0.22443008422851562 0
1715611122310 0.603477954864502 0
1715611122952 0.16357922554016113 0
1715611125503 0.7291646003723145 0
1715611126040 0.17324495315551758 0
1715611126556 0.16986703872680664 0
1715611127141 0.16457915306091309 0
1715611127682 0.17617201805114746 0
1715611128216 0.16646194458007812 0
1715611128740 0.1675410270690918 0
1715611129256 0.16420483589172363 0
1715611132910 0.3376476764678955 0
1715611133536 0.1687159538269043 0
1715611134043 0.16113591194152832 0
1715611134554 0.1635432243347168 0
1715611135063 0.16422510147094727 0
1715611135575 0.16478514671325684 0
1715611136084 0.16410422325134277 0
1715611136606 0.17049121856689453 0
1715611137144 0.17177891731262207 0
1715611137701 0.17443394660949707 0
1715611141981 0.6093571186065674 0
1715611142690 0.18698406219482422 0
1715611143234 0.1746068000793457 0
1715611144025 0.23678374290466309 0
1715611144833 0.27005696296691895 0
1715611145576 0.1827080249786377 0
1715611146133 0.17773008346557617 0
1715611146805 0.1931931972503662 0
1715611147380 0.17735695838928223 0
1715611147925 0.18082976341247559 0
1715611152978 0.5822467803955078 0
1715611153606 0.16997909545898438 0
1715611154149 0.17205309867858887 0
1715611154676 0.17320966720581055 0
1715611155205 0.167266845703125 0
1715611155756 0.18122506141662598 0
1715611156278 0.16535305976867676 0
1715611156781 0.16454505920410156 0
1715611157293 0.16280317306518555 0
1715611157812 0.1641099452972412 0
1715611161614 0.4656951427459717 0
1715611162238 0.17160701751708984 0
1715611162768 0.16727995872497559 0
1715611163304 0.1656789779663086 0
1715611166134 0.7459478378295898 0
1715611166656 0.16559100151062012 0
1715611167162 0.16190505027770996 0
1715611167674 0.17989683151245117 0
1715611168168 0.16255688667297363 0
1715611168659 0.16319584846496582 0
1715611172190 0.354327917098999 0
1715611172775 0.168687105178833 0
1715611173279 0.16888213157653809 0
1715611173781 0.16602587699890137 0
1715611174287 0.17012596130371094 0
1715611174789 0.1638331413269043 0
1715611175289 0.1643681526184082 0
1715611175788 0.16782903671264648 0
1715611176304 0.16294503211975098 0
1715611176803 0.16721701622009277 0
1715611180235 0.2732269763946533 0
1715611180873 0.1976158618927002 0
1715611181384 0.1643378734588623 0
1715611181894 0.16832590103149414 0
1715611182396 0.1716301441192627 0
1715611182907 0.17734289169311523 0
1715611183458 0.19246196746826172 0
1715611184119 0.23177886009216309 0
1715611184653 0.16425704956054688 0
1715611185350 0.19601202011108398 0
1715611189129 0.3846919536590576 0
1715611189798 0.17335200309753418 0
1715611190310 0.16364121437072754 0
1715611190805 0.16304588317871094 0
1715611191316 0.1656339168548584 0
1715611191816 0.16790509223937988 0
1715611192329 0.16581392288208008 0
1715611192881 0.1666402816772461 0
1715611193470 0.1791517734527588 0
1715611193998 0.17426800727844238 0
