1716305242576 1.0 0
1716305243374 2.0 0
1716305244017 3.0 0
1716305244667 4.0 0
1716305245507 5.0 0
1716305246111 6.0 0
1716305246694 7.0 0
1716305247355 8.0 0
1716305247960 9.0 0
1716305248534 10.0 0
1716305255522 11.0 0
1716305256140 12.0 0
1716305256695 13.0 0
1716305257264 14.0 0
1716305257834 15.0 0
1716305258393 16.0 0
1716305259005 17.0 0
1716305259531 18.0 0
1716305260091 19.0 0
1716305260646 20.0 0
1716305265970 21.0 0
1716305266470 22.0 0
1716305266986 23.0 0
1716305267538 24.0 0
1716305268040 25.0 0
1716305268568 26.0 0
1716305269112 27.0 0
1716305269647 28.0 0
1716305270179 29.0 0
1716305270711 30.0 0
1716305275231 31.0 0
1716305275768 32.0 0
1716305276283 33.0 0
1716305276798 34.0 0
1716305277319 35.0 0
1716305277858 36.0 0
1716305278383 37.0 0
1716305278935 38.0 0
1716305279454 39.0 0
1716305279971 40.0 0
1716305285512 41.0 0
1716305286120 42.0 0
1716305286674 43.0 0
1716305287226 44.0 0
1716305287793 45.0 0
1716305288316 46.0 0
1716305288898 47.0 0
1716305289502 48.0 0
1716305290104 49.0 0
1716305290731 50.0 0
1716305295837 51.0 0
1716305296380 52.0 0
1716305296912 53.0 0
1716305297425 54.0 0
1716305297961 55.0 0
1716305298488 56.0 0
1716305299009 57.0 0
1716305299566 58.0 0
1716305300099 59.0 0
1716305300626 60.0 0
1716305305282 61.0 0
1716305305816 62.0 0
1716305306348 63.0 0
1716305306858 64.0 0
1716305307380 65.0 0
1716305307907 66.0 0
1716305308436 67.0 0
1716305308945 68.0 0
1716305309461 69.0 0
1716305310033 70.0 0
1716305315699 71.0 0
1716305316212 72.0 0
1716305316754 73.0 0
1716305317295 74.0 0
1716305317854 75.0 0
1716305318387 76.0 0
1716305318901 77.0 0
1716305319470 78.0 0
1716305320015 79.0 0
1716305320536 80.0 0
1716305325185 81.0 0
1716305325720 82.0 0
1716305326247 83.0 0
1716305326781 84.0 0
1716305327357 85.0 0
1716305327899 86.0 0
1716305328434 87.0 0
1716305328963 88.0 0
1716305329589 89.0 0
1716305330158 90.0 0
1716305335074 91.0 0
1716305335610 92.0 0
1716305336139 93.0 0
1716305336744 94.0 0
1716305337309 95.0 0
1716305337905 96.0 0
1716305338481 97.0 0
1716305339100 98.0 0
1716305339714 99.0 0
1716305340301 100.0 0
1716305346491 101.0 0
1716305347106 102.0 0
1716305347663 103.0 0
1716305348211 104.0 0
1716305348783 105.0 0
1716305349337 106.0 0
1716305349918 107.0 0
1716305350453 108.0 0
1716305351032 109.0 0
1716305351573 110.0 0
1716305357294 111.0 0
1716305357797 112.0 0
1716305358342 113.0 0
1716305358866 114.0 0
1716305359444 115.0 0
1716305359998 116.0 0
1716305360553 117.0 0
1716305361125 118.0 0
1716305361686 119.0 0
1716305362239 120.0 0
1716305367027 121.0 0
1716305367559 122.0 0
1716305368103 123.0 0
1716305368620 124.0 0
1716305369145 125.0 0
1716305369694 126.0 0
1716305370216 127.0 0
1716305370753 128.0 0
1716305371283 129.0 0
1716305371816 130.0 0
1716305376392 131.0 0
1716305376929 132.0 0
1716305377483 133.0 0
1716305377999 134.0 0
1716305378505 135.0 0
1716305379040 136.0 0
1716305379589 137.0 0
1716305380135 138.0 0
1716305380706 139.0 0
1716305381270 140.0 0
1716305385898 141.0 0
1716305386443 142.0 0
1716305387017 143.0 0
1716305387573 144.0 0
1716305388097 145.0 0
1716305388683 146.0 0
1716305389228 147.0 0
1716305389789 148.0 0
1716305390331 149.0 0
1716305390889 150.0 0
1716305395577 151.0 0
1716305396110 152.0 0
1716305396622 153.0 0
1716305397150 154.0 0
1716305397669 155.0 0
1716305398238 156.0 0
1716305398769 157.0 0
1716305399299 158.0 0
1716305399819 159.0 0
1716305400383 160.0 0
1716305406113 161.0 0
1716305406654 162.0 0
1716305407249 163.0 0
1716305407812 164.0 0
1716305408350 165.0 0
1716305408958 166.0 0
1716305409518 167.0 0
1716305410094 168.0 0
1716305410642 169.0 0
1716305411246 170.0 0
1716305416425 171.0 0
1716305416963 172.0 0
1716305417519 173.0 0
1716305418047 174.0 0
1716305418566 175.0 0
1716305419167 176.0 0
1716305419718 177.0 0
1716305420264 178.0 0
1716305420824 179.0 0
1716305421391 180.0 0
1716305426571 181.0 0
1716305427099 182.0 0
1716305427680 183.0 0
1716305428235 184.0 0
1716305428776 185.0 0
1716305429286 186.0 0
1716305429882 187.0 0
1716305430433 188.0 0
1716305431063 189.0 0
1716305431771 190.0 0
1716305437619 191.0 0
1716305438158 192.0 0
1716305438742 193.0 0
1716305439334 194.0 0
1716305439969 195.0 0
1716305440564 196.0 0
1716305441168 197.0 0
1716305441760 198.0 0
1716305442337 199.0 0
1716305442924 200.0 0
1716305447737 201.0 0
1716305448249 202.0 0
1716305448774 203.0 0
1716305449312 204.0 0
1716305449829 205.0 0
1716305450407 206.0 0
1716305450979 207.0 0
1716305451502 208.0 0
1716305452049 209.0 0
1716305452582 210.0 0
1716305457370 211.0 0
1716305457929 212.0 0
1716305458470 213.0 0
1716305459005 214.0 0
1716305459520 215.0 0
1716305460083 216.0 0
1716305460641 217.0 0
1716305461257 218.0 0
1716305461825 219.0 0
1716305462407 220.0 0
1716305468196 221.0 0
1716305468732 222.0 0
1716305469309 223.0 0
1716305469857 224.0 0
1716305470414 225.0 0
1716305470964 226.0 0
1716305471561 227.0 0
1716305472150 228.0 0
1716305472711 229.0 0
1716305473237 230.0 0
1716305478072 231.0 0
1716305478602 232.0 0
1716305479162 233.0 0
1716305479702 234.0 0
1716305480243 235.0 0
1716305480783 236.0 0
1716305481321 237.0 0
1716305481899 238.0 0
1716305482439 239.0 0
1716305482980 240.0 0
1716305487903 241.0 0
1716305488443 242.0 0
1716305488978 243.0 0
1716305489503 244.0 0
1716305490012 245.0 0
1716305490541 246.0 0
1716305491096 247.0 0
1716305491631 248.0 0
1716305492164 249.0 0
1716305492689 250.0 0
1716305497491 251.0 0
1716305497990 252.0 0
1716305498556 253.0 0
1716305499113 254.0 0
1716305499661 255.0 0
1716305500226 256.0 0
1716305500773 257.0 0
1716305501340 258.0 0
1716305501917 259.0 0
1716305502479 260.0 0
1716305507353 261.0 0
1716305507868 262.0 0
1716305508404 263.0 0
1716305508978 264.0 0
1716305509566 265.0 0
1716305510140 266.0 0
1716305510754 267.0 0
1716305511304 268.0 0
1716305511915 269.0 0
1716305512667 270.0 0
1716305518165 271.0 0
1716305518695 272.0 0
1716305519219 273.0 0
1716305519772 274.0 0
1716305520300 275.0 0
1716305520834 276.0 0
1716305521414 277.0 0
1716305521973 278.0 0
1716305522495 279.0 0
1716305523032 280.0 0
1716305527985 281.0 0
1716305528507 282.0 0
1716305529042 283.0 0
1716305529551 284.0 0
1716305530064 285.0 0
1716305530591 286.0 0
1716305531142 287.0 0
1716305531667 288.0 0
1716305532172 289.0 0
1716305532703 290.0 0
1716305537115 291.0 0
1716305537659 292.0 0
1716305538197 293.0 0
1716305538708 294.0 0
1716305539214 295.0 0
1716305539744 296.0 0
1716305540283 297.0 0
1716305540811 298.0 0
1716305541336 299.0 0
1716305541904 300.0 0
1716305547927 301.0 0
1716305548450 302.0 0
1716305548958 303.0 0
1716305549481 304.0 0
1716305550053 305.0 0
1716305550580 306.0 0
1716305551112 307.0 0
1716305551625 308.0 0
1716305552140 309.0 0
1716305552654 310.0 0
1716305557219 311.0 0
1716305557787 312.0 0
1716305558296 313.0 0
1716305558811 314.0 0
1716305559316 315.0 0
1716305559850 316.0 0
1716305560412 317.0 0
1716305560945 318.0 0
1716305561480 319.0 0
1716305561999 320.0 0
1716305566627 321.0 0
1716305567183 322.0 0
1716305567704 323.0 0
1716305568223 324.0 0
1716305568748 325.0 0
1716305569279 326.0 0
1716305569827 327.0 0
1716305570391 328.0 0
1716305570942 329.0 0
1716305571496 330.0 0
1716305576202 331.0 0
1716305576739 332.0 0
1716305577274 333.0 0
1716305577777 334.0 0
1716305578293 335.0 0
1716305578819 336.0 0
1716305579346 337.0 0
1716305579875 338.0 0
1716305580412 339.0 0
1716305580979 340.0 0
1716305585670 341.0 0
1716305586176 342.0 0
1716305586703 343.0 0
1716305587261 344.0 0
1716305587800 345.0 0
1716305588337 346.0 0
1716305588852 347.0 0
1716305589366 348.0 0
1716305589868 349.0 0
1716305590385 350.0 0
1716305595014 351.0 0
1716305595558 352.0 0
1716305596098 353.0 0
1716305596634 354.0 0
1716305597142 355.0 0
1716305597643 356.0 0
1716305598183 357.0 0
1716305598709 358.0 0
1716305599221 359.0 0
1716305599743 360.0 0
1716305604276 361.0 0
1716305604813 362.0 0
1716305605366 363.0 0
1716305605891 364.0 0
1716305606492 365.0 0
1716305607026 366.0 0
1716305607553 367.0 0
1716305608111 368.0 0
1716305608661 369.0 0
1716305609190 370.0 0
1716305613883 371.0 0
1716305614422 372.0 0
1716305614950 373.0 0
1716305615473 374.0 0
1716305616024 375.0 0
1716305616546 376.0 0
1716305617061 377.0 0
1716305617597 378.0 0
1716305618103 379.0 0
1716305618634 380.0 0
1716305623093 381.0 0
1716305623662 382.0 0
1716305624180 383.0 0
1716305624731 384.0 0
1716305625263 385.0 0
1716305625782 386.0 0
1716305626309 387.0 0
1716305626817 388.0 0
1716305627327 389.0 0
1716305627864 390.0 0
1716305634023 391.0 0
1716305634550 392.0 0
1716305635075 393.0 0
1716305635647 394.0 0
1716305636202 395.0 0
1716305636728 396.0 0
1716305637237 397.0 0
1716305637761 398.0 0
1716305638273 399.0 0
1716305638810 400.0 0
1716305643433 401.0 0
1716305643974 402.0 0
1716305644519 403.0 0
1716305645069 404.0 0
1716305645617 405.0 0
1716305646190 406.0 0
1716305646727 407.0 0
1716305647290 408.0 0
1716305647836 409.0 0
1716305648394 410.0 0
1716305653451 411.0 0
1716305653973 412.0 0
1716305654513 413.0 0
1716305655026 414.0 0
1716305655569 415.0 0
1716305656115 416.0 0
1716305656645 417.0 0
1716305657181 418.0 0
1716305657748 419.0 0
1716305658279 420.0 0
1716305665486 421.0 0
1716305666019 422.0 0
1716305666566 423.0 0
1716305667106 424.0 0
1716305667639 425.0 0
1716305668186 426.0 0
1716305668737 427.0 0
1716305669313 428.0 0
1716305669869 429.0 0
1716305670471 430.0 0
1716305675917 431.0 0
1716305676460 432.0 0
1716305677030 433.0 0
1716305677633 434.0 0
1716305678191 435.0 0
1716305678803 436.0 0
1716305679371 437.0 0
1716305679930 438.0 0
1716305680494 439.0 0
1716305681032 440.0 0
1716305685982 441.0 0
1716305686500 442.0 0
1716305687051 443.0 0
1716305687593 444.0 0
1716305688120 445.0 0
1716305688672 446.0 0
1716305689281 447.0 0
1716305689843 448.0 0
1716305690402 449.0 0
1716305690966 450.0 0
1716305695957 451.0 0
1716305696493 452.0 0
1716305697039 453.0 0
1716305697569 454.0 0
1716305698126 455.0 0
1716305698681 456.0 0
1716305699209 457.0 0
1716305699779 458.0 0
1716305700301 459.0 0
1716305700833 460.0 0
1716305705601 461.0 0
1716305706142 462.0 0
1716305706671 463.0 0
1716305707211 464.0 0
1716305707751 465.0 0
1716305708301 466.0 0
1716305708836 467.0 0
1716305709358 468.0 0
1716305709867 469.0 0
1716305710375 470.0 0
1716305715168 471.0 0
1716305715712 472.0 0
1716305716246 473.0 0
1716305716775 474.0 0
1716305717303 475.0 0
1716305717823 476.0 0
1716305718356 477.0 0
1716305718872 478.0 0
1716305719387 479.0 0
1716305719911 480.0 0
1716305724534 481.0 0
1716305725095 482.0 0
1716305725642 483.0 0
1716305726193 484.0 0
1716305726709 485.0 0
1716305727229 486.0 0
1716305727750 487.0 0
1716305728288 488.0 0
1716305728842 489.0 0
1716305729390 490.0 0
1716305734533 491.0 0
1716305735032 492.0 0
1716305735572 493.0 0
1716305736086 494.0 0
1716305736618 495.0 0
1716305737138 496.0 0
1716305737649 497.0 0
1716305738190 498.0 0
1716305738722 499.0 0
1716305739230 500.0 0
1716305745656 501.0 0
1716305746179 502.0 0
1716305746694 503.0 0
1716305747204 504.0 0
1716305747721 505.0 0
1716305748252 506.0 0
1716305748822 507.0 0
1716305749355 508.0 0
1716305749907 509.0 0
1716305750479 510.0 0
1716305755457 511.0 0
1716305755989 512.0 0
1716305756518 513.0 0
1716305757027 514.0 0
1716305757556 515.0 0
1716305758077 516.0 0
1716305758583 517.0 0
1716305759093 518.0 0
1716305759614 519.0 0
1716305760148 520.0 0
1716305764683 521.0 0
1716305765226 522.0 0
1716305765764 523.0 0
1716305766292 524.0 0
1716305766825 525.0 0
1716305767332 526.0 0
1716305767840 527.0 0
1716305768372 528.0 0
1716305768914 529.0 0
1716305769426 530.0 0
1716305773733 531.0 0
1716305774252 532.0 0
1716305774792 533.0 0
1716305775299 534.0 0
1716305775828 535.0 0
1716305776350 536.0 0
1716305776894 537.0 0
1716305777416 538.0 0
1716305777927 539.0 0
1716305778457 540.0 0
1716305782756 541.0 0
1716305783295 542.0 0
1716305783840 543.0 0
1716305784378 544.0 0
1716305784926 545.0 0
1716305785467 546.0 0
1716305786021 547.0 0
1716305786544 548.0 0
1716305787089 549.0 0
1716305787626 550.0 0
1716305792319 551.0 0
1716305792847 552.0 0
1716305793379 553.0 0
1716305793912 554.0 0
1716305794426 555.0 0
1716305794947 556.0 0
1716305795478 557.0 0
1716305796009 558.0 0
1716305796577 559.0 0
1716305797135 560.0 0
1716305801887 561.0 0
1716305802443 562.0 0
1716305802956 563.0 0
1716305803465 564.0 0
1716305803973 565.0 0
1716305804492 566.0 0
1716305805019 567.0 0
1716305805529 568.0 0
1716305806046 569.0 0
1716305806590 570.0 0
1716305811029 571.0 0
1716305811583 572.0 0
1716305812111 573.0 0
1716305812691 574.0 0
1716305813263 575.0 0
1716305813860 576.0 0
1716305814451 577.0 0
1716305815142 578.0 0
1716305815792 579.0 0
1716305816333 580.0 0
1716305822060 581.0 0
1716305822615 582.0 0
1716305823178 583.0 0
1716305823705 584.0 0
1716305824297 585.0 0
1716305824874 586.0 0
1716305825451 587.0 0
1716305826025 588.0 0
1716305826599 589.0 0
1716305827192 590.0 0
