1716305242504 8.143366813659668 0
1716305243353 7.840019702911377 0
1716305243978 7.537267684936523 0
1716305244606 7.529502868652344 0
1716305245409 7.426102638244629 0
1716305246079 7.177379131317139 0
1716305246666 7.087230205535889 0
1716305247332 6.951239109039307 0
1716305247921 6.856109142303467 0
1716305248498 6.734245777130127 0
1716305255487 6.651616096496582 0
1716305256090 6.580712795257568 0
1716305256665 6.501594066619873 0
1716305257243 6.416014194488525 0
1716305257810 6.335085868835449 0
1716305258370 6.255148410797119 0
1716305258954 6.188362121582031 0
1716305259519 6.113230228424072 0
1716305260063 6.047025203704834 0
1716305260621 5.968332767486572 0
1716305265946 5.901617527008057 0
1716305266460 5.8363142013549805 0
1716305266974 5.767137050628662 0
1716305267517 5.695467472076416 0
1716305268031 5.618677616119385 0
1716305268547 5.5319108963012695 0
1716305269100 5.434397220611572 0
1716305269634 5.319019794464111 0
1716305270146 5.189359664916992 0
1716305270693 5.052107810974121 0
1716305275203 4.944067001342773 0
1716305275744 4.844427108764648 0
1716305276269 4.718076229095459 0
1716305276779 4.581515312194824 0
1716305277311 4.448126316070557 0
1716305277839 4.326141357421875 0
1716305278369 4.205982685089111 0
1716305278917 4.086546421051025 0
1716305279437 3.980832576751709 0
1716305279960 3.884476900100708 0
1716305285489 3.7868282794952393 0
1716305286089 3.6829569339752197 0
1716305286643 3.5856709480285645 0
1716305287209 3.4961750507354736 0
1716305287762 3.4095089435577393 0
1716305288304 3.323042631149292 0
1716305288862 3.2369871139526367 0
1716305289479 3.1571781635284424 0
1716305290072 3.087644100189209 0
1716305290689 3.0257411003112793 0
1716305295812 2.9666552543640137 0
1716305296355 2.909393787384033 0
1716305296898 2.855560302734375 0
1716305297413 2.8057594299316406 0
1716305297947 2.759944200515747 0
1716305298476 2.7164556980133057 0
1716305298995 2.673257827758789 0
1716305299549 2.630075693130493 0
1716305300077 2.588210105895996 0
1716305300612 2.548065423965454 0
1716305305253 2.508671522140503 0
1716305305796 2.4706132411956787 0
1716305306336 2.43579363822937 0
1716305306846 2.4016730785369873 0
1716305307364 2.368885040283203 0
1716305307896 2.338332176208496 0
1716305308424 2.3074209690093994 0
1716305308936 2.2763891220092773 0
1716305309443 2.2467501163482666 0
1716305310020 2.2176506519317627 0
1716305315676 2.1894333362579346 0
1716305316200 2.1623027324676514 0
1716305316744 2.133892059326172 0
1716305317283 2.104585886001587 0
1716305317827 2.075331449508667 0
1716305318372 2.044327974319458 0
1716305318889 2.0151169300079346 0
1716305319424 1.9852089881896973 0
1716305319996 1.9576029777526855 0
1716305320521 1.9304049015045166 0
1716305325148 1.9039186239242554 0
1716305325699 1.878161907196045 0
1716305326234 1.8509248495101929 0
1716305326770 1.825872778892517 0
1716305327335 1.8098467588424683 0
1716305327879 1.9801732301712036 0
1716305328422 1.809627652168274 0
1716305328950 1.7834393978118896 0
1716305329577 1.751191258430481 0
1716305330125 1.741137981414795 0
1716305335052 1.7247943878173828 0
1716305335587 1.6955403089523315 0
1716305336127 1.679778814315796 0
1716305336706 1.6619796752929688 0
1716305337285 1.6357501745224 0
1716305337866 1.6144423484802246 0
1716305338442 1.5966249704360962 0
1716305339074 1.5747648477554321 0
1716305339664 1.5532339811325073 0
1716305340281 1.5421534776687622 0
1716305346021 1.524490475654602 0
1716305347075 1.5102216005325317 0
1716305347651 1.4922808408737183 0
1716305348193 1.473606824874878 0
1716305348768 1.46355402469635 0
1716305349318 1.4467376470565796 0
1716305349896 1.4320894479751587 0
1716305350437 1.419390320777893 0
1716305351017 1.4069401025772095 0
1716305351557 1.3947651386260986 0
1716305357270 1.3814888000488281 0
1716305357779 1.3687198162078857 0
1716305358322 1.356820821762085 0
1716305358853 1.3425878286361694 0
1716305359430 1.3355369567871094 0
1716305359976 1.3459300994873047 0
1716305360537 1.3193633556365967 0
1716305361093 1.3071128129959106 0
1716305361669 1.2951819896697998 0
1716305362217 1.2877373695373535 0
1716305366998 1.2722889184951782 0
1716305367549 1.2611522674560547 0
1716305368089 1.2493387460708618 0
1716305368601 1.239428162574768 0
1716305369130 1.2273578643798828 0
1716305369682 1.2250347137451172 0
1716305370204 1.2201067209243774 0
1716305370734 1.3253437280654907 0
1716305371266 1.2708568572998047 0
1716305371804 1.2423031330108643 0
1716305376369 1.2119399309158325 0
1716305376910 1.2416307926177979 0
1716305377450 1.1888840198516846 0
1716305377985 1.1964696645736694 0
1716305378493 1.1881167888641357 0
1716305379021 1.163065791130066 0
1716305379576 1.1660734415054321 0
1716305380113 1.1459685564041138 0
1716305380669 1.1381850242614746 0
1716305381254 1.1284786462783813 0
1716305385872 1.1164411306381226 0
1716305386427 1.1113287210464478 0
1716305386979 1.1014924049377441 0
1716305387562 1.0906389951705933 0
1716305388082 1.0861830711364746 0
1716305388662 1.074803113937378 0
1716305389211 1.0689728260040283 0
1716305389750 1.060455083847046 0
1716305390320 1.0538277626037598 0
1716305390871 1.0441064834594727 0
1716305395557 1.040099024772644 0
1716305396098 1.0345109701156616 0
1716305396612 1.0246272087097168 0
1716305397126 1.0164614915847778 0
1716305397658 1.0134024620056152 0
1716305398216 1.0046840906143188 0
1716305398758 0.997394859790802 0
1716305399278 0.9948316812515259 0
1716305399807 0.982896089553833 0
1716305400343 0.9770843982696533 0
1716305406093 0.9739369750022888 0
1716305406638 0.96484375 0
1716305407213 0.9657258987426758 0
1716305407802 0.9639275670051575 0
1716305408332 1.0417572259902954 0
1716305408912 1.0950291156768799 0
1716305409496 1.060706615447998 0
1716305410084 1.0590806007385254 0
1716305410611 1.0939159393310547 0
1716305411238 1.0803375244140625 0
1716305416403 1.0500922203063965 0
1716305416937 1.056995153427124 0
1716305417499 1.02570641040802 0
1716305418035 1.0237737894058228 0
1716305418552 1.0053075551986694 0
1716305419115 0.988741397857666 0
1716305419698 0.9940155148506165 0
1716305420250 0.9612257480621338 0
1716305420798 0.9612332582473755 0
1716305421373 0.9557173252105713 0
1716305426546 0.9529919624328613 0
1716305427085 0.9535146951675415 0
1716305427645 0.9965206384658813 0
1716305428205 0.9899654984474182 0
1716305428757 0.940015971660614 0
1716305429275 0.9563817381858826 0
1716305429862 0.9223870038986206 0
1716305430403 0.9221199154853821 0
1716305431042 0.9130607843399048 0
1716305431746 0.8947102427482605 0
1716305437584 0.8976914882659912 0
1716305438142 0.8794993162155151 0
1716305438705 0.8841544389724731 0
1716305439285 0.8685340285301208 0
1716305439942 0.867137610912323 0
1716305440540 0.8572889566421509 0
1716305441148 0.8496549725532532 0
1716305441716 0.8458300232887268 0
1716305442313 0.8405085206031799 0
1716305442896 0.8340102434158325 0
1716305447714 0.8265042901039124 0
1716305448235 0.8217788338661194 0
1716305448764 0.8189330101013184 0
1716305449289 0.8136411309242249 0
1716305449818 0.8100716471672058 0
1716305450387 0.8049319386482239 0
1716305450971 0.8019919991493225 0
1716305451487 0.795734167098999 0
1716305452038 0.7932034730911255 0
1716305452570 0.7898057103157043 0
1716305457344 0.7842241525650024 0
1716305457898 0.7817580699920654 0
1716305458457 0.7793581485748291 0
1716305458984 0.7749654054641724 0
1716305459501 0.7730082273483276 0
1716305460074 0.7705585956573486 0
1716305460630 0.7661067843437195 0
1716305461218 0.761039137840271 0
1716305461808 0.757800817489624 0
1716305462374 0.7544407248497009 0
1716305468175 0.7510629892349243 0
1716305468697 0.7489341497421265 0
1716305469265 0.7459816932678223 0
1716305469837 0.7432051301002502 0
1716305470404 0.7402932643890381 0
1716305470931 0.7379969358444214 0
1716305471535 0.7360500693321228 0
1716305472115 0.7391867637634277 0
1716305472682 0.783722460269928 0
1716305473225 0.8641953468322754 0
1716305478054 1.2041195631027222 0
1716305478592 0.8516726493835449 0
1716305479143 1.0525102615356445 0
1716305479684 0.8956920504570007 0
1716305480234 0.9291967153549194 0
1716305480765 0.9401792883872986 0
1716305481302 0.886497974395752 0
1716305481863 0.8645739555358887 0
1716305482423 0.8748786449432373 0
1716305482965 0.8403453230857849 0
1716305487878 0.8460049033164978 0
1716305488427 0.8404970765113831 0
1716305488954 0.8088250160217285 0
1716305489485 0.809516429901123 0
1716305490002 0.800967276096344 0
1716305490529 0.7802799940109253 0
1716305491075 0.782636284828186 0
1716305491619 0.7743374109268188 0
1716305492143 0.7644978761672974 0
1716305492682 0.7618813514709473 0
1716305497468 0.7504585981369019 0
1716305497978 0.7421290278434753 0
1716305498538 0.7433510422706604 0
1716305499086 0.7327307462692261 0
1716305499637 0.7284607887268066 0
1716305500204 0.7284981608390808 0
1716305500752 0.7200864553451538 0
1716305501319 0.714373767375946 0
1716305501902 0.71502286195755 0
1716305502458 0.7089494466781616 0
1716305507329 0.7058708071708679 0
1716305507850 0.7031130790710449 0
1716305508393 0.6987842321395874 0
1716305508968 0.6964371204376221 0
1716305509532 0.6934335231781006 0
1716305510106 0.6900714635848999 0
1716305510713 0.6882368326187134 0
1716305511281 0.6860128045082092 0
1716305511872 0.6827358603477478 0
1716305512645 0.68146151304245 0
1716305518136 0.6790347099304199 0
1716305518677 0.6766660213470459 0
1716305519205 0.6744216084480286 0
1716305519747 0.6721055507659912 0
1716305520289 0.6700454950332642 0
1716305520821 0.667780339717865 0
1716305521392 0.6659970879554749 0
1716305521953 0.664276659488678 0
1716305522479 0.6620429754257202 0
1716305523010 0.660374641418457 0
1716305527960 0.6585730314254761 0
1716305528496 0.6567118167877197 0
1716305529025 0.655067503452301 0
1716305529534 0.6532570123672485 0
1716305530054 0.6515334844589233 0
1716305530578 0.6499884724617004 0
1716305531129 0.6481553316116333 0
1716305531651 0.6465355157852173 0
1716305532162 0.6449016332626343 0
1716305532689 0.6432482600212097 0
1716305537095 0.6414942145347595 0
1716305537645 0.6398783922195435 0
1716305538183 0.6382393836975098 0
1716305538692 0.6364020109176636 0
1716305539208 0.6346748471260071 0
1716305539728 0.6330518126487732 0
1716305540269 0.6313254237174988 0
1716305540797 0.6298217177391052 0
1716305541318 0.6283150911331177 0
1716305541884 0.6266961097717285 0
1716305547903 0.6248627305030823 0
1716305548439 0.6228445172309875 0
1716305548948 0.6210223436355591 0
1716305549469 0.6193325519561768 0
1716305550033 0.6179390549659729 0
1716305550562 0.6166824698448181 0
1716305551099 0.6158595681190491 0
1716305551614 0.6149309277534485 0
1716305552124 0.6140677332878113 0
1716305552633 0.6117715835571289 0
1716305557190 0.609320342540741 0
1716305557762 0.6073465347290039 0
1716305558286 0.606307327747345 0
1716305558793 0.6060507297515869 0
1716305559302 0.6055205464363098 0
1716305559839 0.6067674160003662 0
1716305560376 0.6052019596099854 0
1716305560928 0.6025586724281311 0
1716305561469 0.5989771485328674 0
1716305561983 0.5983016490936279 0
1716305566606 0.597333550453186 0
1716305567171 0.5958765149116516 0
1716305567687 0.5963112711906433 0
1716305568203 0.5951683521270752 0
1716305568742 0.5963343381881714 0
1716305569266 0.598706841468811 0
1716305569815 0.5933737754821777 0
1716305570339 0.587605357170105 0
1716305570930 0.5872726440429688 0
1716305571471 0.5864617824554443 0
1716305576178 0.5832619667053223 0
1716305576726 0.5828536152839661 0
1716305577263 0.5832492113113403 0
1716305577766 0.5856102108955383 0
1716305578277 0.5840184688568115 0
1716305578800 0.5915597081184387 0
1716305579336 0.5999448299407959 0
1716305579835 0.6127386093139648 0
1716305580399 0.6264057159423828 0
1716305580961 0.6366963386535645 0
1716305585647 0.6095550656318665 0
1716305586158 0.6519713997840881 0
1716305586693 0.7064512372016907 0
1716305587229 0.7397863268852234 0
1716305587781 0.679429292678833 0
1716305588325 0.6899975538253784 0
1716305588841 0.6695277690887451 0
1716305589353 0.6622092127799988 0
1716305589855 0.6581994295120239 0
1716305590377 0.6651391386985779 0
1716305594995 0.6373199820518494 0
1716305595541 0.6392970085144043 0
1716305596084 0.6277981400489807 0
1716305596609 0.6207890510559082 0
1716305597132 0.6127169728279114 0
1716305597632 0.6140385866165161 0
1716305598162 0.5988268256187439 0
1716305598696 0.5962121486663818 0
1716305599207 0.5908575654029846 0
1716305599726 0.5905764102935791 0
1716305604252 0.584953248500824 0
1716305604798 0.5830166339874268 0
1716305605347 0.5757542252540588 0
1716305605885 0.5724788904190063 0
1716305606434 0.5693337917327881 0
1716305607004 0.5689042210578918 0
1716305607540 0.5645437240600586 0
1716305608098 0.5636630654335022 0
1716305608641 0.5596835017204285 0
1716305609178 0.556788980960846 0
1716305613856 0.5551444888114929 0
1716305614406 0.5530605316162109 0
1716305614930 0.5516763925552368 0
1716305615455 0.5498539209365845 0
1716305616011 0.5471386909484863 0
1716305616532 0.545936107635498 0
1716305617042 0.5448247194290161 0
1716305617588 0.543083131313324 0
1716305618089 0.5415124297142029 0
1716305618622 0.5400955080986023 0
1716305623065 0.5384246706962585 0
1716305623646 0.537358283996582 0
1716305624164 0.5358113050460815 0
1716305624694 0.5348514318466187 0
1716305625249 0.5332255959510803 0
1716305625762 0.5321930050849915 0
1716305626293 0.5310585498809814 0
1716305626806 0.530267059803009 0
1716305627315 0.5288629531860352 0
1716305627850 0.5278564691543579 0
1716305634001 0.5268323421478271 0
1716305634530 0.5258225202560425 0
1716305635055 0.5248429179191589 0
1716305635628 0.5238155126571655 0
1716305636190 0.5229021310806274 0
1716305636704 0.5219916105270386 0
1716305637225 0.5210222005844116 0
1716305637741 0.5200906991958618 0
1716305638260 0.5192959904670715 0
1716305638799 0.5183628797531128 0
1716305643407 0.5175144672393799 0
1716305643954 0.5166201591491699 0
1716305644500 0.5158308148384094 0
1716305645035 0.5149886608123779 0
1716305645601 0.5142690539360046 0
1716305646173 0.5135830640792847 0
1716305646707 0.513130247592926 0
1716305647279 0.5132455825805664 0
1716305647813 0.5152018070220947 0
1716305648365 0.5228665471076965 0
1716305653429 0.5681533813476562 0
1716305653962 1.289397954940796 0
1716305654493 2.3092448711395264 0
1716305655010 2.6447739601135254 0
1716305655556 3.1491105556488037 0
1716305656094 2.818302869796753 0
1716305656638 2.5366246700286865 0
1716305657158 2.31003999710083 0
1716305657735 2.110722541809082 0
1716305658261 2.0981974601745605 0
1716305665462 2.0821638107299805 0
1716305666000 2.0035085678100586 0
1716305666543 1.9431285858154297 0
1716305667096 1.8911457061767578 0
1716305667624 1.8455629348754883 0
1716305668171 1.8077069520950317 0
1716305668716 1.7680439949035645 0
1716305669287 1.7313164472579956 0
1716305669855 1.6932063102722168 0
1716305670440 1.6526175737380981 0
1716305675876 1.6176331043243408 0
1716305676442 1.580121397972107 0
1716305677017 1.542722463607788 0
1716305677579 1.5144871473312378 0
1716305678171 1.4882067441940308 0
1716305678741 1.4603886604309082 0
1716305679336 1.430415153503418 0
1716305679910 1.4012023210525513 0
1716305680478 1.3737354278564453 0
1716305681018 1.346055269241333 0
1716305685960 1.3190152645111084 0
1716305686485 1.2941515445709229 0
1716305687016 1.2699192762374878 0
1716305687579 1.2473807334899902 0
1716305688109 1.225974440574646 0
1716305688648 1.2050995826721191 0
1716305689226 1.1860196590423584 0
1716305689825 1.1681663990020752 0
1716305690381 1.1499619483947754 0
1716305690949 1.1320955753326416 0
1716305695939 1.115662693977356 0
1716305696470 1.099091649055481 0
1716305697023 1.0821406841278076 0
1716305697550 1.0655254125595093 0
1716305698113 1.0492899417877197 0
1716305698661 1.0342695713043213 0
1716305699194 1.0204801559448242 0
1716305699766 1.0072071552276611 0
1716305700289 0.9939615726470947 0
1716305700822 0.9811493158340454 0
1716305705566 0.9691057801246643 0
1716305706129 0.9576399326324463 0
1716305706654 0.9465415477752686 0
1716305707196 0.9354835152626038 0
1716305707740 0.9242740273475647 0
1716305708279 0.9132267832756042 0
1716305708818 0.9027673006057739 0
1716305709346 0.8925922513008118 0
1716305709855 0.8825452327728271 0
1716305710365 0.8725852370262146 0
1716305715147 0.862954318523407 0
1716305715699 0.8537932634353638 0
1716305716205 0.8453614711761475 0
1716305716757 0.8371468782424927 0
1716305717292 0.8291877508163452 0
1716305717812 0.82142573595047 0
1716305718342 0.813815176486969 0
1716305718855 0.8065078854560852 0
1716305719372 0.7995359301567078 0
1716305719898 0.793080747127533 0
1716305724502 0.786851167678833 0
1716305725083 0.7809035181999207 0
1716305725630 0.7750977277755737 0
1716305726177 0.7696042656898499 0
1716305726693 0.7643668055534363 0
1716305727223 0.759228527545929 0
1716305727739 0.7542737126350403 0
1716305728272 0.7494668960571289 0
1716305728817 0.744873046875 0
1716305729378 0.7404502630233765 0
1716305734510 0.7360624074935913 0
1716305735021 0.7317824363708496 0
1716305735550 0.7276007533073425 0
1716305736073 0.7235028743743896 0
1716305736603 0.7195651531219482 0
1716305737117 0.7156795263290405 0
1716305737631 0.7119287848472595 0
1716305738162 0.708245038986206 0
1716305738709 0.7046415209770203 0
1716305739217 0.7011176347732544 0
1716305745636 0.6977299451828003 0
1716305746166 0.6943084001541138 0
1716305746681 0.6910433769226074 0
1716305747191 0.6877411007881165 0
1716305747709 0.6845880150794983 0
1716305748240 0.6813621520996094 0
1716305748792 0.6782826781272888 0
1716305749328 0.6751828789710999 0
1716305749884 0.6720942854881287 0
1716305750450 0.669102668762207 0
1716305755426 0.6660747528076172 0
1716305755960 0.6631345748901367 0
1716305756508 0.6601738929748535 0
1716305757012 0.6572304368019104 0
1716305757537 0.6543506383895874 0
1716305758065 0.651418149471283 0
1716305758572 0.6485739350318909 0
1716305759073 0.6456687450408936 0
1716305759597 0.6428101658821106 0
1716305760129 0.6399415135383606 0
1716305764660 0.6370859742164612 0
1716305765204 0.6342105865478516 0
1716305765747 0.6313954591751099 0
1716305766268 0.628498375415802 0
1716305766814 0.6256569027900696 0
1716305767321 0.6228688955307007 0
1716305767828 0.6200588941574097 0
1716305768359 0.6173758506774902 0
1716305768902 0.6147418022155762 0
1716305769413 0.6121874451637268 0
1716305773712 0.6097113490104675 0
1716305774242 0.6073530912399292 0
1716305774770 0.6049789190292358 0
1716305775287 0.6027536392211914 0
1716305775815 0.6005229949951172 0
1716305776332 0.5983582139015198 0
1716305776876 0.5962427258491516 0
1716305777404 0.5941829681396484 0
1716305777909 0.5921322107315063 0
1716305778444 0.5901460647583008 0
1716305782718 0.5882121324539185 0
1716305783277 0.5862560272216797 0
1716305783813 0.5844168663024902 0
1716305784356 0.5825477838516235 0
1716305784885 0.5807556509971619 0
1716305785452 0.578970193862915 0
1716305786001 0.5772340297698975 0
1716305786515 0.5755095481872559 0
1716305787075 0.5738272666931152 0
1716305787613 0.5721632838249207 0
1716305792293 0.5705352425575256 0
1716305792835 0.5689091682434082 0
1716305793367 0.5673583149909973 0
1716305793900 0.5657479166984558 0
1716305794413 0.5642804503440857 0
1716305794924 0.5627183318138123 0
1716305795466 0.5612713098526001 0
1716305795994 0.5597975254058838 0
1716305796542 0.5583407878875732 0
1716305797124 0.556957483291626 0
1716305801860 0.5554969310760498 0
1716305802426 0.554215133190155 0
1716305802937 0.5528160333633423 0
1716305803452 0.5514758825302124 0
1716305803963 0.5501576662063599 0
1716305804480 0.5488268136978149 0
1716305805006 0.5475268959999084 0
1716305805515 0.5462814569473267 0
1716305806033 0.5449820756912231 0
1716305806561 0.5437740683555603 0
1716305811002 0.5425423383712769 0
1716305811563 0.541299045085907 0
1716305812091 0.5401325225830078 0
1716305812665 0.5389232635498047 0
1716305813230 0.5377585291862488 0
1716305813832 0.5366000533103943 0
1716305814439 0.535440981388092 0
1716305815106 0.5343228578567505 0
1716305815770 0.5331950187683105 0
1716305816321 0.5320745706558228 0
1716305822030 0.5310121774673462 0
1716305822596 0.5298687219619751 0
1716305823153 0.5288395285606384 0
1716305823694 0.5277329683303833 0
1716305824261 0.526679277420044 0
1716305824858 0.5256041288375854 0
1716305825428 0.5245813131332397 0
1716305826013 0.5235010385513306 0
1716305826573 0.5224875211715698 0
1716305827172 0.5214282274246216 0
