1716305242584 2.019228219985962 0
1716305243383 0.7533819675445557 0
1716305244020 0.6300680637359619 0
1716305244671 0.643928050994873 0
1716305245513 0.8219118118286133 0
1716305246117 0.599398136138916 0
1716305246721 0.5952508449554443 0
1716305247359 0.6211981773376465 0
1716305247964 0.6015667915344238 0
1716305248549 0.576890230178833 0
1716305255535 2.051781177520752 0
1716305256147 0.6063950061798096 0
1716305256719 0.5643570423126221 0
1716305257286 0.5547587871551514 0
1716305257844 0.5496950149536133 0
1716305258406 0.5472888946533203 0
1716305259013 0.5936229228973389 0
1716305259549 0.528165340423584 0
1716305260101 0.5348858833312988 0
1716305260649 0.5326669216156006 0
1716305265983 1.5247061252593994 0
1716305266480 0.49097228050231934 0
1716305266998 0.509580135345459 0
1716305267548 0.526770830154419 0
1716305268050 0.49175500869750977 0
1716305268577 0.5169610977172852 0
1716305269133 0.5394189357757568 0
1716305269658 0.5139310359954834 0
1716305270185 0.515448808670044 0
1716305270723 0.5296399593353271 0
1716305275238 1.321565866470337 0
1716305275778 0.5313451290130615 0
1716305276293 0.5023038387298584 0
1716305276807 0.501194953918457 0
1716305277329 0.5115809440612793 0
1716305277870 0.5278642177581787 0
1716305278413 0.5312321186065674 0
1716305278945 0.5211489200592041 0
1716305279465 0.5079538822174072 0
1716305279978 0.5020060539245605 0
1716305285556 1.686579942703247 0
1716305286125 0.562067985534668 0
1716305286687 0.5559558868408203 0
1716305287236 0.5399417877197266 0
1716305287804 0.5413730144500732 0
1716305288336 0.52217698097229 0
1716305288908 0.5601930618286133 0
1716305289518 0.5987799167633057 0
1716305290128 0.601064920425415 0
1716305290747 0.6071979999542236 0
1716305295844 1.3212840557098389 0
1716305296391 0.538405179977417 0
1716305296923 0.5135109424591064 0
1716305297436 0.4995720386505127 0
1716305297972 0.5254101753234863 0
1716305298506 0.5233559608459473 0
1716305299029 0.5115668773651123 0
1716305299574 0.5336267948150635 0
1716305300108 0.5249238014221191 0
1716305300638 0.5172939300537109 0
1716305305289 1.300915241241455 0
1716305305828 0.5315089225769043 0
1716305306360 0.5138869285583496 0
1716305306875 0.5024991035461426 0
1716305307392 0.503371000289917 0
1716305307919 0.5128309726715088 0
1716305308448 0.5180771350860596 0
1716305308954 0.4955759048461914 0
1716305309472 0.5085549354553223 0
1716305310064 0.5683071613311768 0
1716305315706 1.4657480716705322 0
1716305316241 0.5272808074951172 0
1716305316774 0.5207459926605225 0
1716305317307 0.5213990211486816 0
1716305317874 0.5538089275360107 0
1716305318398 0.5129909515380859 0
1716305318911 0.5023801326751709 0
1716305319487 0.5633862018585205 0
1716305320025 0.5283980369567871 0
1716305320549 0.5129079818725586 0
1716305325192 1.314162015914917 0
1716305325735 0.5363729000091553 0
1716305326256 0.5096437931060791 0
1716305326793 0.5220129489898682 0
1716305327372 0.5701801776885986 0
1716305327911 0.5299301147460938 0
1716305328445 0.5198509693145752 0
1716305328975 0.5162889957427979 0
1716305329595 0.6083300113677979 0
1716305330166 0.5628159046173096 0
1716305335090 1.3679242134094238 0
1716305335622 0.524979829788208 0
1716305336146 0.5075516700744629 0
1716305336748 0.5883100032806396 0
1716305337314 0.5627639293670654 0
1716305337909 0.5875248908996582 0
1716305338491 0.5787777900695801 0
1716305339123 0.6249351501464844 0
1716305339723 0.5900349617004395 0
1716305340339 0.5989818572998047 0
1716305346501 2.0735490322113037 0
1716305347115 0.5970001220703125 0
1716305347671 0.5499668121337891 0
1716305348222 0.5426721572875977 0
1716305348794 0.5491547584533691 0
1716305349360 0.5456390380859375 0
1716305349925 0.5425839424133301 0
1716305350464 0.5312089920043945 0
1716305351045 0.5639688968658447 0
1716305351586 0.5318570137023926 0
1716305357300 1.482301950454712 0
1716305357820 0.5122559070587158 0
1716305358355 0.5234799385070801 0
1716305358879 0.50577712059021 0
1716305359455 0.5647280216217041 0
1716305360015 0.5486528873443604 0
1716305360577 0.5511889457702637 0
1716305361138 0.5499839782714844 0
1716305361700 0.5509700775146484 0
1716305362251 0.5233438014984131 0
1716305367044 1.287358045578003 0
1716305367589 0.5387520790100098 0
1716305368115 0.5130372047424316 0
1716305368631 0.5051760673522949 0
1716305369177 0.5372521877288818 0
1716305369706 0.5174388885498047 0
1716305370228 0.5115261077880859 0
1716305370762 0.522935152053833 0
1716305371294 0.519014835357666 0
1716305371828 0.5164380073547363 0
1716305376398 1.3010151386260986 0
1716305376938 0.5319809913635254 0
1716305377492 0.5343260765075684 0
1716305378010 0.5068013668060303 0
1716305378515 0.49413394927978516 0
1716305379057 0.5248630046844482 0
1716305379600 0.5281693935394287 0
1716305380148 0.5364432334899902 0
1716305380724 0.547827959060669 0
1716305381279 0.5437898635864258 0
1716305385917 1.3925261497497559 0
1716305386457 0.5332973003387451 0
1716305387035 0.5677950382232666 0
1716305387585 0.5399229526519775 0
1716305388115 0.5180158615112305 0
1716305388701 0.5760302543640137 0
1716305389238 0.526292085647583 0
1716305389801 0.5516300201416016 0
1716305390340 0.5237598419189453 0
1716305390927 0.5709121227264404 0
1716305395595 1.2905521392822266 0
1716305396119 0.5158228874206543 0
1716305396631 0.5002827644348145 0
1716305397162 0.5215559005737305 0
1716305397682 0.5023438930511475 0
1716305398250 0.5333700180053711 0
1716305398785 0.5174338817596436 0
1716305399308 0.5133049488067627 0
1716305399833 0.5157449245452881 0
1716305400393 0.5495560169219971 0
1716305406120 1.488861322402954 0
1716305406667 0.540053129196167 0
1716305407267 0.5816090106964111 0
1716305407820 0.5363998413085938 0
1716305408365 0.5362880229949951 0
1716305408965 0.5830771923065186 0
1716305409527 0.5439591407775879 0
1716305410102 0.5368831157684326 0
1716305410653 0.5415799617767334 0
1716305411250 0.5875260829925537 0
1716305416430 1.4365761280059814 0
1716305416982 0.5381476879119873 0
1716305417529 0.5367460250854492 0
1716305418057 0.5188801288604736 0
1716305418578 0.5080780982971191 0
1716305419175 0.5857760906219482 0
1716305419727 0.5357410907745361 0
1716305420275 0.5376532077789307 0
1716305420830 0.5433180332183838 0
1716305421399 0.5622169971466064 0
1716305426588 1.4752497673034668 0
1716305427114 0.5203540325164795 0
1716305427693 0.5648472309112549 0
1716305428243 0.542830228805542 0
1716305428786 0.5333540439605713 0
1716305429297 0.49901318550109863 0
1716305429887 0.5799920558929443 0
1716305430445 0.5512771606445312 0
1716305431093 0.6332519054412842 0
1716305431792 0.6905777454376221 0
1716305437624 1.6880347728729248 0
1716305438167 0.5361440181732178 0
1716305438754 0.577768087387085 0
1716305439376 0.6051292419433594 0
1716305439975 0.5900170803070068 0
1716305440590 0.6073851585388184 0
1716305441182 0.5828101634979248 0
1716305441770 0.58036208152771 0
1716305442359 0.5686960220336914 0
1716305442947 0.5651800632476807 0
1716305447744 1.3205509185791016 0
1716305448266 0.5138459205627441 0
1716305448780 0.5045228004455566 0
1716305449323 0.5363621711730957 0
1716305449840 0.5057981014251709 0
1716305450421 0.571753978729248 0
1716305450989 0.5346689224243164 0
1716305451516 0.5169339179992676 0
1716305452059 0.5246660709381104 0
1716305452601 0.529918909072876 0
1716305457379 1.313797950744629 0
1716305457941 0.5526371002197266 0
1716305458483 0.5233292579650879 0
1716305459017 0.5229849815368652 0
1716305459528 0.49961018562316895 0
1716305460092 0.5328691005706787 0
1716305460676 0.5523450374603271 0
1716305461270 0.5773918628692627 0
1716305461839 0.5570259094238281 0
1716305462419 0.5690999031066895 0
1716305468203 1.495182991027832 0
1716305468742 0.5349550247192383 0
1716305469319 0.5658328533172607 0
1716305469870 0.5402560234069824 0
1716305470424 0.5384588241577148 0
1716305470975 0.5438017845153809 0
1716305471569 0.5828280448913574 0
1716305472167 0.5743880271911621 0
1716305472723 0.5467641353607178 0
1716305473249 0.5142600536346436 0
1716305478079 1.3477630615234375 0
1716305478619 0.5264911651611328 0
1716305479178 0.5408260822296143 0
1716305479712 0.529547929763794 0
1716305480253 0.5093779563903809 0
1716305480793 0.5283920764923096 0
1716305481345 0.5414912700653076 0
1716305481910 0.5535078048706055 0
1716305482450 0.5297079086303711 0
1716305482989 0.5257248878479004 0
1716305487910 1.3490979671478271 0
1716305488452 0.5335209369659424 0
1716305488988 0.5197930335998535 0
1716305489514 0.5133118629455566 0
1716305490021 0.49524688720703125 0
1716305490563 0.5279099941253662 0
1716305491121 0.5389890670776367 0
1716305491640 0.5083839893341064 0
1716305492174 0.524320125579834 0
1716305492697 0.5075280666351318 0
1716305497497 1.3457310199737549 0
1716305498003 0.49918603897094727 0
1716305498580 0.5669448375701904 0
1716305499125 0.534977912902832 0
1716305499671 0.5345122814178467 0
1716305500232 0.5518872737884521 0
1716305500785 0.5310990810394287 0
1716305501372 0.5764279365539551 0
1716305501947 0.5552420616149902 0
1716305502491 0.5337650775909424 0
1716305507359 1.3439910411834717 0
1716305507884 0.5174381732940674 0
1716305508420 0.5240252017974854 0
1716305508984 0.5536210536956787 0
1716305509571 0.5793271064758301 0
1716305510171 0.5908846855163574 0
1716305510778 0.5975549221038818 0
1716305511316 0.5275719165802002 0
1716305511930 0.6051521301269531 0
1716305512688 0.7349419593811035 0
1716305518172 1.5417320728302002 0
1716305518707 0.5310847759246826 0
1716305519236 0.514167070388794 0
1716305519780 0.5329780578613281 0
1716305520312 0.5199270248413086 0
1716305520857 0.5269949436187744 0
1716305521423 0.5535428524017334 0
1716305521983 0.5498518943786621 0
1716305522506 0.509788990020752 0
1716305523041 0.5250568389892578 0
1716305527994 1.300692081451416 0
1716305528527 0.5224089622497559 0
1716305529052 0.5138311386108398 0
1716305529562 0.4985661506652832 0
1716305530074 0.500206708908081 0
1716305530604 0.5174331665039062 0
1716305531153 0.5291438102722168 0
1716305531678 0.5089428424835205 0
1716305532182 0.4848799705505371 0
1716305532715 0.5235381126403809 0
1716305537136 1.3046081066131592 0
1716305537677 0.5269548892974854 0
1716305538209 0.518517255783081 0
1716305538720 0.49888014793395996 0
1716305539221 0.489077091217041 0
1716305539761 0.5276148319244385 0
1716305540296 0.5221009254455566 0
1716305540822 0.5145890712738037 0
1716305541347 0.514772891998291 0
1716305541916 0.5555520057678223 0
1716305547932 1.4765331745147705 0
1716305548461 0.5164098739624023 0
1716305548967 0.496351957321167 0
1716305549495 0.5109131336212158 0
1716305550064 0.5517261028289795 0
1716305550592 0.5166049003601074 0
1716305551129 0.5253050327301025 0
1716305551636 0.49664998054504395 0
1716305552149 0.501039981842041 0
1716305552666 0.5059449672698975 0
1716305557228 1.2927391529083252 0
1716305557797 0.5524101257324219 0
1716305558305 0.4882681369781494 0
1716305558822 0.5059599876403809 0
1716305559328 0.4954376220703125 0
1716305559862 0.5165400505065918 0
1716305560421 0.5472400188446045 0
1716305560954 0.5242269039154053 0
1716305561492 0.5271809101104736 0
1716305562013 0.5020160675048828 0
1716305566639 1.2837491035461426 0
1716305567193 0.5363740921020508 0
1716305567718 0.5125930309295654 0
1716305568240 0.5101537704467773 0
1716305568755 0.5025930404663086 0
1716305569294 0.530642032623291 0
1716305569837 0.5353479385375977 0
1716305570398 0.5504798889160156 0
1716305570954 0.5426228046417236 0
1716305571506 0.540626049041748 0
1716305576215 1.3295307159423828 0
1716305576749 0.5164718627929688 0
1716305577285 0.5148606300354004 0
1716305577789 0.49301576614379883 0
1716305578308 0.5078389644622803 0
1716305578833 0.5116400718688965 0
1716305579354 0.5122702121734619 0
1716305579886 0.5229487419128418 0
1716305580429 0.5333161354064941 0
1716305580990 0.5337491035461426 0
1716305585675 1.3241839408874512 0
1716305586186 0.5029628276824951 0
1716305586713 0.5094578266143799 0
1716305587270 0.5455498695373535 0
1716305587812 0.5222680568695068 0
1716305588347 0.5216116905212402 0
1716305588865 0.5039041042327881 0
1716305589376 0.49921393394470215 0
1716305589879 0.4941987991333008 0
1716305590393 0.503464937210083 0
1716305595035 1.3295609951019287 0
1716305595570 0.5272209644317627 0
1716305596111 0.5285320281982422 0
1716305596644 0.5129811763763428 0
1716305597151 0.49362683296203613 0
1716305597665 0.5054581165313721 0
1716305598194 0.520003080368042 0
1716305598718 0.5123291015625 0
1716305599232 0.503741979598999 0
1716305599752 0.5068769454956055 0
1716305604282 1.250891923904419 0
1716305604824 0.5346927642822266 0
1716305605371 0.5360918045043945 0
1716305605897 0.5014760494232178 0
1716305606506 0.6031708717346191 0
1716305607035 0.5231249332427979 0
1716305607564 0.5187177658081055 0
1716305608123 0.540086030960083 0
1716305608678 0.5357670783996582 0
1716305609207 0.5136837959289551 0
1716305613890 1.264805793762207 0
1716305614434 0.5351870059967041 0
1716305614962 0.5165431499481201 0
1716305615509 0.5338499546051025 0
1716305616037 0.5178840160369873 0
1716305616557 0.5075981616973877 0
1716305617080 0.5095770359039307 0
1716305617610 0.5112369060516357 0
1716305618119 0.5002169609069824 0
1716305618644 0.5126631259918213 0
1716305623107 1.3059539794921875 0
1716305623673 0.5573928356170654 0
1716305624192 0.508397102355957 0
1716305624742 0.5382609367370605 0
1716305625275 0.5185751914978027 0
1716305625795 0.5084371566772461 0
1716305626321 0.5131089687347412 0
1716305626829 0.4970729351043701 0
1716305627345 0.5050301551818848 0
1716305627878 0.5194780826568604 0
1716305634030 1.442188024520874 0
1716305634560 0.5220673084259033 0
1716305635095 0.5241899490356445 0
1716305635681 0.5667300224304199 0
1716305636209 0.517686128616333 0
1716305636739 0.5206232070922852 0
1716305637252 0.5000460147857666 0
1716305637773 0.5097770690917969 0
1716305638287 0.5026161670684814 0
1716305638822 0.5235147476196289 0
1716305643444 1.3114559650421143 0
1716305643988 0.5350091457366943 0
1716305644528 0.524245023727417 0
1716305645076 0.5389289855957031 0
1716305645626 0.5397682189941406 0
1716305646200 0.5410807132720947 0
1716305646737 0.5289897918701172 0
1716305647298 0.5249700546264648 0
1716305647842 0.5326330661773682 0
1716305648420 0.5694057941436768 0
1716305653457 1.3342680931091309 0
1716305653983 0.5198278427124023 0
1716305654521 0.518463134765625 0
1716305655051 0.5208942890167236 0
1716305655587 0.5238437652587891 0
1716305656132 0.5322921276092529 0
1716305656652 0.510188102722168 0
1716305657224 0.565148115158081 0
1716305657758 0.5191996097564697 0
1716305658292 0.5193939208984375 0
1716305665493 1.198498010635376 0
1716305666030 0.5220069885253906 0
1716305666577 0.5340821743011475 0
1716305667112 0.5211820602416992 0
1716305667655 0.537261962890625 0
1716305668197 0.5315446853637695 0
1716305668749 0.5406360626220703 0
1716305669319 0.5582218170166016 0
1716305669887 0.5605061054229736 0
1716305670484 0.5873079299926758 0
1716305675922 1.6026420593261719 0
1716305676473 0.5458269119262695 0
1716305677039 0.5552897453308105 0
1716305677642 0.5842881202697754 0
1716305678202 0.5506899356842041 0
1716305678812 0.5942010879516602 0
1716305679381 0.5583338737487793 0
1716305679942 0.5505261421203613 0
1716305680505 0.5437088012695312 0
1716305681041 0.5240540504455566 0
1716305685989 1.3625679016113281 0
1716305686509 0.5068268775939941 0
1716305687069 0.5462000370025635 0
1716305687605 0.5241470336914062 0
1716305688130 0.5131769180297852 0
1716305688704 0.5567622184753418 0
1716305689293 0.5776152610778809 0
1716305689852 0.5488529205322266 0
1716305690408 0.5310547351837158 0
1716305690976 0.5356779098510742 0
1716305695963 1.3321809768676758 0
1716305696524 0.5515260696411133 0
1716305697051 0.5150537490844727 0
1716305697589 0.5246882438659668 0
1716305698136 0.5337579250335693 0
1716305698688 0.5376918315887451 0
1716305699243 0.5492589473724365 0
1716305699789 0.5331838130950928 0
1716305700311 0.5102150440216064 0
1716305700841 0.5199260711669922 0
1716305705618 1.310243844985962 0
1716305706153 0.5252532958984375 0
1716305706683 0.5179648399353027 0
1716305707224 0.5212960243225098 0
1716305707767 0.5248360633850098 0
1716305708313 0.5342729091644287 0
1716305708846 0.5158188343048096 0
1716305709369 0.5127902030944824 0
1716305709877 0.4984321594238281 0
1716305710387 0.4966087341308594 0
1716305715182 1.3029050827026367 0
1716305715720 0.5301213264465332 0
1716305716256 0.5248210430145264 0
1716305716793 0.5275750160217285 0
1716305717320 0.5174283981323242 0
1716305717835 0.5037040710449219 0
1716305718369 0.5201830863952637 0
1716305718884 0.5031201839447021 0
1716305719399 0.5021069049835205 0
1716305719923 0.5102307796478271 0
1716305724544 1.3572208881378174 0
1716305725105 0.5459520816802979 0
1716305725656 0.5200257301330566 0
1716305726206 0.5238752365112305 0
1716305726721 0.5046398639678955 0
1716305727236 0.5027530193328857 0
1716305727758 0.5150289535522461 0
1716305728297 0.5288350582122803 0
1716305728861 0.5527830123901367 0
1716305729402 0.5297918319702148 0
1716305734541 1.3483479022979736 0
1716305735044 0.4955930709838867 0
1716305735583 0.5284538269042969 0
1716305736099 0.5027210712432861 0
1716305736627 0.5158483982086182 0
1716305737146 0.5093450546264648 0
1716305737668 0.5123710632324219 0
1716305738200 0.5241572856903076 0
1716305738734 0.5243957042694092 0
1716305739240 0.49433231353759766 0
1716305745668 1.471801996231079 0
1716305746189 0.5169510841369629 0
1716305746706 0.49796009063720703 0
1716305747216 0.4974699020385742 0
1716305747731 0.5027368068695068 0
1716305748261 0.5199799537658691 0
1716305748831 0.5576920509338379 0
1716305749369 0.5320751667022705 0
1716305749918 0.540743350982666 0
1716305750497 0.5525479316711426 0
1716305755463 1.3326470851898193 0
1716305755999 0.52947998046875 0
1716305756528 0.5102279186248779 0
1716305757038 0.5000331401824951 0
1716305757567 0.5181879997253418 0
1716305758088 0.5105130672454834 0
1716305758595 0.49720096588134766 0
1716305759103 0.498676061630249 0
1716305759625 0.5114669799804688 0
1716305760177 0.5418188571929932 0
1716305764707 1.3049561977386475 0
1716305765237 0.5221898555755615 0
1716305765777 0.5295307636260986 0
1716305766304 0.5155200958251953 0
1716305766836 0.5199878215789795 0
1716305767342 0.49650001525878906 0
1716305767855 0.5021357536315918 0
1716305768385 0.5193800926208496 0
1716305768926 0.5275139808654785 0
1716305769437 0.49949002265930176 0
1716305773741 1.2485229969024658 0
1716305774270 0.5218408107757568 0
1716305774801 0.5175991058349609 0
1716305775310 0.4982268810272217 0
1716305775842 0.5127909183502197 0
1716305776368 0.5155398845672607 0
1716305776903 0.523226261138916 0
1716305777425 0.5120198726654053 0
1716305777937 0.5015830993652344 0
1716305778469 0.5205769538879395 0
1716305782768 1.2880961894989014 0
1716305783306 0.5327870845794678 0
1716305783851 0.5339210033416748 0
1716305784391 0.5290849208831787 0
1716305784939 0.5355210304260254 0
1716305785500 0.5475800037384033 0
1716305786034 0.523345947265625 0
1716305786562 0.5165309906005859 0
1716305787100 0.5262541770935059 0
1716305787636 0.5250580310821533 0
1716305792334 1.361786127090454 0
1716305792859 0.5175433158874512 0
1716305793405 0.5345468521118164 0
1716305793923 0.5066170692443848 0
1716305794438 0.4966731071472168 0
1716305794964 0.5135869979858398 0
1716305795490 0.5146896839141846 0
1716305796021 0.520754337310791 0
1716305796599 0.56463623046875 0
1716305797146 0.5363621711730957 0
1716305801898 1.3505001068115234 0
1716305802454 0.5385348796844482 0
1716305802967 0.502979040145874 0
1716305803479 0.5013129711151123 0
1716305803982 0.49221301078796387 0
1716305804504 0.5081570148468018 0
1716305805031 0.5159497261047363 0
1716305805546 0.5058128833770752 0
1716305806054 0.49788975715637207 0
1716305806608 0.5451188087463379 0
1716305811038 1.3646762371063232 0
1716305811590 0.533592939376831 0
1716305812130 0.5323691368103027 0
1716305812707 0.5581851005554199 0
1716305813276 0.5531411170959473 0
1716305813869 0.5820469856262207 0
1716305814455 0.579535722732544 0
1716305815156 0.6965539455413818 0
1716305815806 0.6247313022613525 0
1716305816343 0.5293309688568115 0
1716305822067 1.5043118000030518 0
1716305822649 0.5757570266723633 0
1716305823195 0.5355770587921143 0
1716305823716 0.5103669166564941 0
1716305824312 0.5736377239227295 0
1716305824893 0.5630340576171875 0
1716305825470 0.5605530738830566 0
1716305826044 0.5370721817016602 0
1716305826622 0.5662150382995605 0
1716305827202 0.5642030239105225 0
