1716802423635 1.0 0
1716802429065 2.0 0
1716802433633 3.0 0
1716802437729 4.0 0
1716802441678 5.0 0
1716802446525 6.0 0
1716802451174 7.0 0
1716802455057 8.0 0
1716802458908 9.0 0
1716802462395 10.0 0
1716802470014 11.0 0
1716802473530 12.0 0
1716802477655 13.0 0
1716802481265 14.0 0
1716802484619 15.0 0
1716802488208 16.0 0
1716802492107 17.0 0
1716802494948 18.0 0
1716802497528 19.0 0
1716802499706 20.0 0
1716802505313 21.0 0
1716802508687 22.0 0
1716802511926 23.0 0
1716802515515 24.0 0
1716802519660 25.0 0
1716802522523 26.0 0
1716802525180 27.0 0
1716802527918 28.0 0
1716802530478 29.0 0
1716802533696 30.0 0
1716802540479 31.0 0
1716802544864 32.0 0
1716802550594 33.0 0
1716802554484 34.0 0
1716802558270 35.0 0
1716802561006 36.0 0
1716802564087 37.0 0
1716802567052 38.0 0
1716802569707 39.0 0
1716802572033 40.0 0
1716802577449 41.0 0
1716802580097 42.0 0
1716802582569 43.0 0
1716802585321 44.0 0
1716802587923 45.0 0
1716802591306 46.0 0
1716802595391 47.0 0
1716802600945 48.0 0
1716802605407 49.0 0
1716802609787 50.0 0
1716802616252 51.0 0
1716802619843 52.0 0
1716802623954 53.0 0
1716802627649 54.0 0
1716802631406 55.0 0
1716802634265 56.0 0
1716802636996 57.0 0
1716802640157 58.0 0
1716802642645 59.0 0
1716802645436 60.0 0
1716802651235 61.0 0
1716802653890 62.0 0
1716802657086 63.0 0
1716802660299 64.0 0
1716802663040 65.0 0
1716802666013 66.0 0
1716802669343 67.0 0
1716802672275 68.0 0
1716802674917 69.0 0
1716802677644 70.0 0
1716802683005 71.0 0
1716802685564 72.0 0
1716802688169 73.0 0
1716802691849 74.0 0
1716802694654 75.0 0
1716802698016 76.0 0
1716802701118 77.0 0
1716802703897 78.0 0
1716802706454 79.0 0
1716802708880 80.0 0
1716802713668 81.0 0
1716802718753 82.0 0
1716802722467 83.0 0
1716802725948 84.0 0
1716802730502 85.0 0
1716802735371 86.0 0
1716802740569 87.0 0
1716802745781 88.0 0
1716802750348 89.0 0
1716802754611 90.0 0
1716802762622 91.0 0
1716802766623 92.0 0
1716802771910 93.0 0
1716802778164 94.0 0
1716802783030 95.0 0
1716802787695 96.0 0
1716802792002 97.0 0
1716802796027 98.0 0
1716802799851 99.0 0
1716802803711 100.0 0
1716802809866 101.0 0
1716802813114 102.0 0
1716802816861 103.0 0
1716802820821 104.0 0
1716802825208 105.0 0
1716802831139 106.0 0
1716802839455 107.0 0
1716802843786 108.0 0
1716802848322 109.0 0
1716802852707 110.0 0
1716802858998 111.0 0
1716802862572 112.0 0
1716802867257 113.0 0
1716802871473 114.0 0
1716802875742 115.0 0
1716802879614 116.0 0
1716802883593 117.0 0
1716802887962 118.0 0
1716802891935 119.0 0
1716802895575 120.0 0
1716802901908 121.0 0
1716802905520 122.0 0
1716802908532 123.0 0
1716802911324 124.0 0
1716802913740 125.0 0
1716802916227 126.0 0
1716802918930 127.0 0
1716802922327 128.0 0
1716802925255 129.0 0
1716802929213 130.0 0
1716802936521 131.0 0
1716802940354 132.0 0
1716802944990 133.0 0
1716802949168 134.0 0
1716802953086 135.0 0
1716802957261 136.0 0
1716802961497 137.0 0
1716802965541 138.0 0
1716802971682 139.0 0
1716802976678 140.0 0
1716802984031 141.0 0
1716802989020 142.0 0
1716802993397 143.0 0
1716802996907 144.0 0
1716803000446 145.0 0
1716803003443 146.0 0
1716803007218 147.0 0
1716803010827 148.0 0
1716803014859 149.0 0
1716803022163 150.0 0
1716803029773 151.0 0
1716803034011 152.0 0
1716803037712 153.0 0
1716803042824 154.0 0
1716803047144 155.0 0
1716803051961 156.0 0
1716803056194 157.0 0
1716803060495 158.0 0
1716803065173 159.0 0
1716803069593 160.0 0
1716803076620 161.0 0
1716803080206 162.0 0
1716803084760 163.0 0
1716803088951 164.0 0
1716803092320 165.0 0
1716803096875 166.0 0
1716803100321 167.0 0
1716803103415 168.0 0
1716803106759 169.0 0
1716803111063 170.0 0
1716803118007 171.0 0
1716803122310 172.0 0
1716803127385 173.0 0
1716803131525 174.0 0
1716803136110 175.0 0
1716803140455 176.0 0
1716803143962 177.0 0
1716803147837 178.0 0
1716803151477 179.0 0
1716803154441 180.0 0
1716803161909 181.0 0
1716803168169 182.0 0
1716803172247 183.0 0
1716803177038 184.0 0
1716803181553 185.0 0
1716803185335 186.0 0
1716803188770 187.0 0
1716803192942 188.0 0
1716803196878 189.0 0
1716803200897 190.0 0
1716803207026 191.0 0
1716803212345 192.0 0
1716803216915 193.0 0
1716803222245 194.0 0
1716803226814 195.0 0
1716803232593 196.0 0
1716803237181 197.0 0
1716803241316 198.0 0
1716803246662 199.0 0
1716803250995 200.0 0
1716803257385 201.0 0
1716803260983 202.0 0
1716803265134 203.0 0
