1716802423581 7.44571590423584 0
1716802429016 7.072897434234619 0
1716802433605 6.7560906410217285 0
1716802437692 6.488504409790039 0
1716802441646 6.345115661621094 0
1716802446499 6.211259841918945 0
1716802451147 6.077359676361084 0
1716802455033 5.942010402679443 0
1716802458883 5.799293041229248 0
1716802462377 5.624174118041992 0
1716802469988 5.430502891540527 0
1716802473500 5.211511135101318 0
1716802477626 4.949103355407715 0
1716802481236 4.655752658843994 0
1716802484589 4.332218170166016 0
1716802488186 4.087730407714844 0
1716802492078 3.9034645557403564 0
1716802494928 3.7324490547180176 0
1716802497508 3.551736354827881 0
1716802499676 3.4008731842041016 0
1716802505295 3.286369800567627 0
1716802508660 3.195350170135498 0
1716802511905 3.123802900314331 0
1716802515471 3.0667307376861572 0
1716802519642 3.016554832458496 0
1716802522498 2.9661076068878174 0
1716802525160 2.9105756282806396 0
1716802527893 2.8539235591888428 0
1716802530439 2.8038856983184814 0
1716802533671 2.75996994972229 0
1716802540457 2.7189104557037354 0
1716802544781 2.6808571815490723 0
1716802550558 2.6463451385498047 0
1716802554435 2.614102602005005 0
1716802558235 2.5833632946014404 0
1716802560979 2.5536153316497803 0
1716802564058 2.523179769515991 0
1716802567018 2.492438316345215 0
1716802569692 2.4624416828155518 0
1716802572007 2.432778835296631 0
1716802577433 2.4047021865844727 0
1716802580074 2.381023406982422 0
1716802582542 2.350325345993042 0
1716802585294 2.3244376182556152 0
1716802587904 2.3002657890319824 0
1716802591281 2.2768611907958984 0
1716802595365 2.253618001937866 0
1716802600918 2.2301647663116455 0
1716802605375 2.2067699432373047 0
1716802609753 2.1835293769836426 0
1716802616225 2.161182403564453 0
1716802619812 2.139314889907837 0
1716802623926 2.1167526245117188 0
1716802627612 2.095818519592285 0
1716802631377 2.0749683380126953 0
1716802634244 2.0534894466400146 0
1716802636973 2.031820774078369 0
1716802640124 2.0106945037841797 0
1716802642624 1.9885185956954956 0
1716802645418 1.966235876083374 0
1716802651215 1.9442899227142334 0
1716802653857 1.9215037822723389 0
1716802657068 1.8978633880615234 0
1716802660267 1.8746618032455444 0
1716802663022 1.8520705699920654 0
1716802665984 1.829732894897461 0
1716802669318 1.808311939239502 0
1716802672236 1.7870815992355347 0
1716802674898 1.765913486480713 0
1716802677622 1.744437575340271 0
1716802682992 1.7213926315307617 0
1716802685544 1.7024365663528442 0
1716802688144 1.6799097061157227 0
1716802691807 1.6575472354888916 0
1716802694602 1.6390374898910522 0
1716802697986 1.6199188232421875 0
1716802701101 1.6006345748901367 0
1716802703875 1.582432508468628 0
1716802706441 1.5647884607315063 0
1716802708858 1.547024130821228 0
1716802713646 1.5273243188858032 0
1716802718722 1.5095325708389282 0
1716802722440 1.4911625385284424 0
1716802725917 1.471625804901123 0
1716802730475 1.4527323246002197 0
1716802735303 1.4356008768081665 0
1716802740540 1.419230341911316 0
1716802745752 1.4103598594665527 0
1716802750306 1.4202083349227905 0
1716802754576 1.5004457235336304 0
1716802762592 1.405277132987976 0
1716802766580 1.4417572021484375 0
1716802771864 1.370386004447937 0
1716802778131 1.408138394355774 0
1716802782993 1.3449110984802246 0
1716802787626 1.3544940948486328 0
1716802791970 1.3408184051513672 0
1716802795989 1.3048609495162964 0
1716802799822 1.3209211826324463 0
1716802803681 1.280106544494629 0
1716802809839 1.3168059587478638 0
1716802813088 1.328413724899292 0
1716802816833 1.3158109188079834 0
1716802820765 1.3005245923995972 0
1716802825173 1.3148634433746338 0
1716802831106 1.2821797132492065 0
1716802839424 1.2919936180114746 0
1716802843741 1.2501046657562256 0
1716802848282 1.244565725326538 0
1716802852666 1.2440913915634155 0
1716802858950 1.225629448890686 0
1716802862515 1.2089126110076904 0
1716802867230 1.1967730522155762 0
1716802871439 1.1905162334442139 0
1716802875714 1.1731712818145752 0
1716802879576 1.1586041450500488 0
1716802883562 1.1537340879440308 0
1716802887901 1.1448243856430054 0
1716802891905 1.1305986642837524 0
1716802895534 1.122016429901123 0
1716802901889 1.1141233444213867 0
1716802905485 1.1054115295410156 0
1716802908514 1.0976656675338745 0
1716802911297 1.106276035308838 0
1716802913724 1.0962649583816528 0
1716802916204 1.080611228942871 0
1716802918910 1.0847413539886475 0
1716802922285 1.0642527341842651 0
1716802925226 1.0592576265335083 0
1716802929194 1.0539816617965698 0
1716802936490 1.0449045896530151 0
1716802940298 1.0356743335723877 0
1716802944966 1.022011399269104 0
1716802949143 1.0207065343856812 0
1716802953056 1.0092723369598389 0
1716802957187 0.9982821941375732 0
1716802961464 0.9911774396896362 0
1716802965504 0.9846343994140625 0
1716802971620 0.9731585383415222 0
1716802976597 0.9628863334655762 0
1716802983996 0.9551096558570862 0
1716802988984 0.9477778673171997 0
1716802993355 0.9377175569534302 0
1716802996874 0.930620014667511 0
1716803000423 0.926305890083313 0
1716803003414 0.9135833978652954 0
1716803007184 0.9087953567504883 0
1716803010797 0.9000020027160645 0
1716803014817 0.8899548649787903 0
1716803022131 0.8840757608413696 0
1716803029739 0.8768237233161926 0
1716803033980 0.8676465153694153 0
1716803037668 0.8613417744636536 0
1716803042782 0.8537870645523071 0
1716803047085 0.8462303876876831 0
1716803051910 0.8393391370773315 0
1716803056164 0.8329471349716187 0
1716803060457 0.824708104133606 0
1716803065130 0.8184390664100647 0
1716803069565 0.8117702603340149 0
1716803076594 0.8056247234344482 0
1716803080169 0.7994526624679565 0
1716803084733 0.7995036244392395 0
1716803088914 0.8389589190483093 0
1716803092289 1.0270086526870728 0
1716803096843 1.4227309226989746 0
1716803100295 1.2375987768173218 0
1716803103383 1.2860381603240967 0
1716803106740 1.2662794589996338 0
1716803111023 1.2670930624008179 0
1716803117986 1.250665545463562 0
1716803122263 1.2305223941802979 0
1716803127340 1.1958013772964478 0
1716803131448 1.1789308786392212 0
1716803136078 1.1520214080810547 0
1716803140368 1.12270987033844 0
1716803143908 1.1187751293182373 0
1716803147798 1.1012473106384277 0
1716803151443 1.0785471200942993 0
1716803154408 1.049458622932434 0
1716803161873 1.0315377712249756 0
1716803168128 1.0177992582321167 0
1716803172224 1.0031362771987915 0
1716803177002 0.9824522733688354 0
1716803181520 0.9611421227455139 0
1716803185295 0.9578683972358704 0
1716803188740 0.9431535005569458 0
1716803192915 0.9250344038009644 0
1716803196846 0.908248245716095 0
1716803200852 0.8969790935516357 0
1716803206984 0.8873379230499268 0
1716803212312 0.87141352891922 0
1716803216883 0.8618304133415222 0
1716803222179 0.8500059247016907 0
1716803226777 0.8417900800704956 0
1716803232528 0.8297542929649353 0
1716803237157 0.8179536461830139 0
1716803241263 0.8074002265930176 0
1716803246632 0.7959072589874268 0
1716803250972 0.7876084446907043 0
1716803257359 0.7748466730117798 0
1716803260941 0.7669467926025391 0
1716803265084 0.7596983313560486 0
