1716802423646 1.9378929138183594 0
1716802429091 1.555077314376831 0
1716802433651 1.5266461372375488 0
1716802437740 1.2552688121795654 0
1716802441684 1.0835320949554443 0
1716802446549 1.4747262001037598 0
1716802451181 1.4378077983856201 0
1716802455069 1.1255970001220703 0
1716802458915 1.6196627616882324 0
1716802462432 1.2223930358886719 0
1716802470022 1.5859956741333008 0
1716802473553 1.3570702075958252 0
1716802477665 1.3998088836669922 0
1716802481287 1.3351631164550781 0
1716802484634 1.0021429061889648 0
1716802488216 1.334226131439209 0
1716802492118 1.4643609523773193 0
1716802494969 0.9572219848632812 0
1716802497552 0.7444069385528564 0
1716802499714 0.6047542095184326 0
1716802505320 1.1901779174804688 0
1716802508709 1.3454461097717285 0
1716802511952 1.230889081954956 0
1716802515522 1.3021271228790283 0
1716802519666 1.268205165863037 0
1716802522539 0.9065420627593994 0
1716802525187 0.7220711708068848 0
1716802527934 0.8836102485656738 0
1716802530484 0.6642758846282959 0
1716802533705 1.0925140380859375 0
1716802540486 1.2543697357177734 0
1716802544878 1.6271770000457764 0
1716802550605 1.275151252746582 0
1716802554493 1.2629480361938477 0
1716802558285 1.356564998626709 0
1716802561019 0.8485260009765625 0
1716802564094 0.9629769325256348 0
1716802567081 1.0350620746612549 0
1716802569713 0.6241230964660645 0
1716802572042 0.6334550380706787 0
1716802577469 1.2112889289855957 0
1716802580108 0.7573990821838379 0
1716802582585 0.6902320384979248 0
1716802585331 1.0171329975128174 0
1716802587937 0.7368068695068359 0
1716802591315 1.2239899635314941 0
1716802595398 1.5997166633605957 0
1716802600952 1.515110969543457 0
1716802605416 1.3043360710144043 0
1716802609803 1.5078818798065186 0
1716802616264 1.2111549377441406 0
1716802619864 1.2799828052520752 0
1716802623971 1.51409912109375 0
1716802627667 1.2467999458312988 0
1716802631413 1.1840460300445557 0
1716802634274 0.7196621894836426 0
1716802637002 0.7830810546875 0
1716802640178 1.1671509742736816 0
1716802642651 0.58396315574646 0
1716802645444 0.8604748249053955 0
1716802651248 1.2656986713409424 0
1716802653915 0.7948863506317139 0
1716802657093 0.8872201442718506 0
1716802660312 1.1368210315704346 0
1716802663061 0.801429033279419 0
1716802666025 0.9382812976837158 0
1716802669356 1.1552870273590088 0
1716802672294 0.927973747253418 0
1716802674923 0.652728796005249 0
1716802677654 0.7360877990722656 0
1716802683014 1.1763372421264648 0
1716802685571 0.8127858638763428 0
1716802688176 0.768294095993042 0
1716802691864 1.3795299530029297 0
1716802694661 0.7577388286590576 0
1716802698036 1.1818079948425293 0
1716802701141 0.799098014831543 0
1716802703906 0.8447771072387695 0
1716802706462 0.5829761028289795 0
1716802708888 0.5879220962524414 0
1716802713704 0.8059871196746826 0
1716802718761 1.4892523288726807 0
1716802722474 1.3611550331115723 0
1716802725971 1.257235050201416 0
1716802730516 1.4196269512176514 0
1716802735383 1.77610182762146 0
1716802740580 1.4972670078277588 0
1716802745809 1.530837059020996 0
1716802750372 1.4357433319091797 0
1716802754619 1.2734510898590088 0
1716802762628 1.2496979236602783 0
1716802766649 1.7600948810577393 0
1716802771933 1.637718915939331 0
1716802778233 1.683716058731079 0
1716802783036 1.4939610958099365 0
1716802787706 1.4235968589782715 0
1716802792007 1.3342700004577637 0
1716802796035 1.6184842586517334 0
1716802799858 0.9437761306762695 0
1716802803717 1.183232069015503 0
1716802809873 1.2538318634033203 0
1716802813121 1.0345430374145508 0
1716802816873 1.333700180053711 0
1716802820845 1.5599920749664307 0
1716802825214 1.3537940979003906 0
1716802833029 3.3813319206237793 0
1716802839458 1.389021873474121 0
1716802843795 1.2604012489318848 0
1716802848327 1.388592004776001 0
1716802852716 1.4738469123840332 0
1716802859003 1.3079438209533691 0
1716802862582 1.4533360004425049 0
1716802867264 1.3048639297485352 0
1716802871483 1.3504161834716797 0
1716802875746 1.2498188018798828 0
1716802879635 1.6301970481872559 0
1716802883599 1.2013909816741943 0
1716802887972 1.4648480415344238 0
1716802891944 1.2881548404693604 0
1716802895578 1.2155630588531494 0
1716802901916 1.2363929748535156 0
1716802905526 1.4997859001159668 0
1716802908546 0.8444740772247314 0
1716802911332 0.7607040405273438 0
1716802913751 0.575376033782959 0
1716802916238 0.6730430126190186 0
1716802918936 0.7559537887573242 0
1716802922359 1.4540629386901855 0
1716802925265 0.9008421897888184 0
1716802929228 1.3643357753753662 0
1716802936527 1.2154080867767334 0
1716802940359 1.2330811023712158 0
1716802944997 1.512159824371338 0
1716802949176 1.5418550968170166 0
1716802953092 1.0465221405029297 0
1716802957282 1.3386812210083008 0
1716802961513 1.3049530982971191 0
1716802965545 1.3295931816101074 0
1716802971687 1.7133338451385498 0
1716802976683 1.7722177505493164 0
1716802984056 1.2903449535369873 0
1716802989024 1.647674322128296 0
1716802993402 1.3476459980010986 0
1716802996915 0.9365110397338867 0
1716803000453 1.1561601161956787 0
1716803003451 0.9287149906158447 0
1716803007240 1.001697063446045 0
1716803010840 1.1875393390655518 0
1716803014865 1.4903109073638916 0
1716803022168 1.605626106262207 0
1716803029805 1.6931750774383545 0
1716803034022 1.4700250625610352 0
1716803037718 1.1081769466400146 0
1716803042829 1.5304529666900635 0
1716803047159 1.642746925354004 0
1716803051967 1.454219102859497 0
1716803056201 1.4213941097259521 0
1716803060503 1.6264519691467285 0
1716803065180 1.4312677383422852 0
1716803069611 1.4804682731628418 0
1716803076628 1.1740429401397705 0
1716803080215 1.204010009765625 0
1716803084770 1.4058139324188232 0
1716803088965 1.421299934387207 0
1716803092339 1.0303349494934082 0
1716803096897 1.4376966953277588 0
1716803100328 1.282850980758667 0
1716803103422 0.9613492488861084 0
1716803106771 1.0259568691253662 0
1716803111069 2.203336000442505 0
1716803118014 1.2087280750274658 0
1716803122329 1.6494410037994385 0
1716803127394 1.489562749862671 0
1716803131537 1.6620981693267822 0
1716803136116 1.4607818126678467 0
1716803140722 1.9008917808532715 0
1716803143977 1.0022590160369873 0
1716803147845 1.2660269737243652 0
1716803151484 1.3199338912963867 0
1716803154450 0.9161660671234131 0
1716803161925 1.3422856330871582 0
1716803168209 1.5465121269226074 0
1716803172253 1.1166529655456543 0
1716803177043 1.7206149101257324 0
1716803181594 1.4737639427185059 0
1716803185355 1.1385116577148438 0
1716803188778 1.1485650539398193 0
1716803192951 1.7670137882232666 0
1716803196886 1.2577180862426758 0
1716803200906 1.6498279571533203 0
1716803207032 1.3448820114135742 0
1716803212351 1.77138090133667 0
1716803216922 1.5036969184875488 0
1716803222288 1.6519889831542969 0
1716803226848 1.5686941146850586 0
1716803232599 1.8309180736541748 0
1716803237192 1.316870927810669 0
1716803241337 1.3452608585357666 0
1716803246676 1.5000760555267334 0
1716803251013 1.4552781581878662 0
1716803257392 1.2040281295776367 0
1716803260991 1.468048334121704 0
1716803265146 1.9357330799102783 0
