1716961630302 1.0 0
1716961632103 2.0 0
1716961632709 3.0 0
1716961633571 4.0 0
1716961635381 5.0 0
1716961636689 6.0 0
1716961638634 7.0 0
1716961640105 8.0 0
1716961641530 9.0 0
1716961643548 10.0 0
1716961670474 11.0 0
1716961671858 12.0 0
1716961673185 13.0 0
1716961675000 14.0 0
1716961676122 15.0 0
1716961677145 16.0 0
1716961678245 17.0 0
1716961679582 18.0 0
1716961681900 19.0 0
1716961683969 20.0 0
1716961703691 21.0 0
1716961704219 22.0 0
1716961705091 23.0 0
1716961706883 24.0 0
1716961707980 25.0 0
1716961708994 26.0 0
1716961710444 27.0 0
1716961712539 28.0 0
1716961715187 29.0 0
1716961717325 30.0 0
1716961734849 31.0 0
1716961735620 32.0 0
1716961737693 33.0 0
1716961739762 34.0 0
1716961741293 35.0 0
1716961742825 36.0 0
1716961743844 37.0 0
1716961745226 38.0 0
1716961746612 39.0 0
1716961748740 40.0 0
1716961761293 41.0 0
1716961761876 42.0 0
1716961762560 43.0 0
1716961763790 44.0 0
1716961765465 45.0 0
1716961766940 46.0 0
1716961768205 47.0 0
1716961769593 48.0 0
1716961771790 49.0 0
1716961773997 50.0 0
1716961788827 51.0 0
1716961789487 52.0 0
1716961790861 53.0 0
1716961793159 54.0 0
1716961794256 55.0 0
1716961795057 56.0 0
1716961796467 57.0 0
1716961797552 58.0 0
1716961799863 59.0 0
1716961802369 60.0 0
1716961815973 61.0 0
1716961819149 62.0 0
1716961820027 63.0 0
1716961821128 64.0 0
1716961823016 65.0 0
1716961824214 66.0 0
1716961826818 67.0 0
1716961827730 68.0 0
1716961829127 69.0 0
1716961831108 70.0 0
1716961850497 71.0 0
1716961851228 72.0 0
1716961852030 73.0 0
1716961853382 74.0 0
1716961854738 75.0 0
1716961856124 76.0 0
1716961857530 77.0 0
1716961859103 78.0 0
1716961861365 79.0 0
1716961863334 80.0 0
1716961875855 81.0 0
1716961876373 82.0 0
1716961877073 83.0 0
1716961878339 84.0 0
1716961880091 85.0 0
1716961881496 86.0 0
1716961882591 87.0 0
1716961883926 88.0 0
1716961886134 89.0 0
1716961888355 90.0 0
1716961902181 91.0 0
1716961902778 92.0 0
1716961903593 93.0 0
1716961904799 94.0 0
1716961906306 95.0 0
1716961908031 96.0 0
1716961909151 97.0 0
1716961910444 98.0 0
1716961912564 99.0 0
1716961914775 100.0 0
1716961927943 101.0 0
1716961928654 102.0 0
1716961929446 103.0 0
1716961931050 104.0 0
1716961932275 105.0 0
1716961933594 106.0 0
1716961934872 107.0 0
1716961936575 108.0 0
1716961939044 109.0 0
1716961940944 110.0 0
1716961957023 111.0 0
1716961958200 112.0 0
1716961959977 113.0 0
1716961961530 114.0 0
1716961962646 115.0 0
1716961963594 116.0 0
1716961965175 117.0 0
1716961966722 118.0 0
1716961968310 119.0 0
1716961970443 120.0 0
1716962004683 121.0 0
1716962005966 122.0 0
1716962007846 123.0 0
1716962009639 124.0 0
1716962011111 125.0 0
1716962011866 126.0 0
1716962012721 127.0 0
1716962013908 128.0 0
1716962015201 129.0 0
1716962016892 130.0 0
1716962038542 131.0 0
1716962040657 132.0 0
1716962041304 133.0 0
1716962041895 134.0 0
1716962042731 135.0 0
1716962044170 136.0 0
1716962045149 137.0 0
1716962046909 138.0 0
1716962049814 139.0 0
1716962051586 140.0 0
1716962063703 141.0 0
1716962064349 142.0 0
1716962065092 143.0 0
1716962065840 144.0 0
1716962066725 145.0 0
1716962067993 146.0 0
1716962070358 147.0 0
1716962072611 148.0 0
1716962074202 149.0 0
1716962075776 150.0 0
1716962086898 151.0 0
1716962087801 152.0 0
1716962088845 153.0 0
1716962089930 154.0 0
1716962090905 155.0 0
1716962091977 156.0 0
1716962093756 157.0 0
1716962096283 158.0 0
1716962097961 159.0 0
1716962099426 160.0 0
1716962110816 161.0 0
1716962111520 162.0 0
1716962112183 163.0 0
1716962112945 164.0 0
1716962113785 165.0 0
1716962115170 166.0 0
1716962117340 167.0 0
1716962119636 168.0 0
1716962121226 169.0 0
1716962122561 170.0 0
1716962133603 171.0 0
1716962134236 172.0 0
1716962134948 173.0 0
1716962135685 174.0 0
1716962136549 175.0 0
1716962137877 176.0 0
1716962139963 177.0 0
1716962142274 178.0 0
1716962143871 179.0 0
1716962145216 180.0 0
1716962158832 181.0 0
1716962160467 182.0 0
1716962161643 183.0 0
1716962162572 184.0 0
1716962163932 185.0 0
1716962165966 186.0 0
1716962166809 187.0 0
1716962167901 188.0 0
1716962169631 189.0 0
1716962171904 190.0 0
1716962183937 191.0 0
1716962184835 192.0 0
1716962186320 193.0 0
1716962187887 194.0 0
1716962188830 195.0 0
1716962189731 196.0 0
1716962191321 197.0 0
1716962193481 198.0 0
1716962195502 199.0 0
1716962197131 200.0 0
1716962207830 201.0 0
1716962208961 202.0 0
1716962210156 203.0 0
1716962211362 204.0 0
1716962212251 205.0 0
1716962213592 206.0 0
1716962214829 207.0 0
1716962217016 208.0 0
1716962219186 209.0 0
1716962220781 210.0 0
1716962232392 211.0 0
1716962233113 212.0 0
1716962233829 213.0 0
1716962234655 214.0 0
1716962235836 215.0 0
1716962236992 216.0 0
1716962238660 217.0 0
1716962241012 218.0 0
1716962242739 219.0 0
1716962244106 220.0 0
1716962255226 221.0 0
1716962255896 222.0 0
1716962256525 223.0 0
1716962257236 224.0 0
1716962258125 225.0 0
1716962259464 226.0 0
1716962261724 227.0 0
1716962263968 228.0 0
1716962265575 229.0 0
1716962267014 230.0 0
1716962277454 231.0 0
1716962278719 232.0 0
1716962280275 233.0 0
1716962281610 234.0 0
1716962282827 235.0 0
1716962284215 236.0 0
1716962285735 237.0 0
1716962287189 238.0 0
1716962288658 239.0 0
1716962290494 240.0 0
1716962303221 241.0 0
1716962304026 242.0 0
1716962304674 243.0 0
1716962305542 244.0 0
1716962306882 245.0 0
1716962308549 246.0 0
1716962310126 247.0 0
1716962312227 248.0 0
1716962313983 249.0 0
1716962315663 250.0 0
1716962334492 251.0 0
1716962335294 252.0 0
1716962335967 253.0 0
1716962336709 254.0 0
1716962337645 255.0 0
1716962339685 256.0 0
1716962341102 257.0 0
1716962342991 258.0 0
1716962344764 259.0 0
1716962346446 260.0 0
1716962357694 261.0 0
1716962358447 262.0 0
1716962359106 263.0 0
1716962359919 264.0 0
1716962361103 265.0 0
1716962362454 266.0 0
1716962364524 267.0 0
1716962366675 268.0 0
1716962368253 269.0 0
1716962369630 270.0 0
1716962381633 271.0 0
1716962382311 272.0 0
1716962382960 273.0 0
1716962383690 274.0 0
1716962384651 275.0 0
1716962386209 276.0 0
1716962388430 277.0 0
1716962390578 278.0 0
1716962392167 279.0 0
1716962393483 280.0 0
1716962403620 281.0 0
1716962404404 282.0 0
1716962405607 283.0 0
1716962406355 284.0 0
1716962407215 285.0 0
1716962408513 286.0 0
1716962410187 287.0 0
1716962412573 288.0 0
1716962414233 289.0 0
1716962415591 290.0 0
1716962424878 291.0 0
1716962425578 292.0 0
1716962426328 293.0 0
1716962427835 294.0 0
1716962429309 295.0 0
1716962430664 296.0 0
1716962431780 297.0 0
1716962433381 298.0 0
1716962435514 299.0 0
1716962437355 300.0 0
1716962447469 301.0 0
1716962448164 302.0 0
1716962448860 303.0 0
1716962449595 304.0 0
1716962451029 305.0 0
1716962452967 306.0 0
1716962454575 307.0 0
1716962455951 308.0 0
1716962457467 309.0 0
1716962459145 310.0 0
1716962469393 311.0 0
1716962470045 312.0 0
1716962470753 313.0 0
1716962471493 314.0 0
1716962472332 315.0 0
1716962474178 316.0 0
1716962476205 317.0 0
1716962477928 318.0 0
1716962479583 319.0 0
1716962481163 320.0 0
1716962493385 321.0 0
1716962494066 322.0 0
1716962494731 323.0 0
1716962495463 324.0 0
1716962496773 325.0 0
1716962498528 326.0 0
1716962500125 327.0 0
1716962501789 328.0 0
1716962503558 329.0 0
1716962505187 330.0 0
1716962514556 331.0 0
1716962515248 332.0 0
1716962515990 333.0 0
1716962516682 334.0 0
1716962517564 335.0 0
1716962519013 336.0 0
1716962520956 337.0 0
1716962523187 338.0 0
1716962524887 339.0 0
1716962526305 340.0 0
1716962537186 341.0 0
1716962537826 342.0 0
1716962538498 343.0 0
1716962539181 344.0 0
1716962540224 345.0 0
1716962541427 346.0 0
1716962543383 347.0 0
1716962545675 348.0 0
1716962547269 349.0 0
1716962548606 350.0 0
1716962558923 351.0 0
1716962559593 352.0 0
1716962560330 353.0 0
1716962561079 354.0 0
1716962561873 355.0 0
1716962563149 356.0 0
1716962565216 357.0 0
1716962567517 358.0 0
1716962569133 359.0 0
1716962570436 360.0 0
1716962580930 361.0 0
1716962581576 362.0 0
1716962582254 363.0 0
1716962583000 364.0 0
1716962583833 365.0 0
1716962585079 366.0 0
1716962587504 367.0 0
1716962589710 368.0 0
1716962591201 369.0 0
1716962592468 370.0 0
1716962602292 371.0 0
1716962603331 372.0 0
1716962604377 373.0 0
1716962605101 374.0 0
1716962606066 375.0 0
1716962607194 376.0 0
1716962609316 377.0 0
1716962611860 378.0 0
1716962613504 379.0 0
1716962615032 380.0 0
1716962628235 381.0 0
1716962628993 382.0 0
1716962629677 383.0 0
1716962630506 384.0 0
1716962631415 385.0 0
1716962632839 386.0 0
1716962635157 387.0 0
1716962637347 388.0 0
1716962638930 389.0 0
1716962640352 390.0 0
1716962651185 391.0 0
1716962651840 392.0 0
1716962652556 393.0 0
1716962653263 394.0 0
1716962654412 395.0 0
1716962655596 396.0 0
1716962657288 397.0 0
1716962659680 398.0 0
1716962661330 399.0 0
1716962662967 400.0 0
1716962672643 401.0 0
1716962673358 402.0 0
1716962674056 403.0 0
1716962674775 404.0 0
1716962675699 405.0 0
1716962677048 406.0 0
1716962679131 407.0 0
1716962681281 408.0 0
1716962682882 409.0 0
1716962684232 410.0 0
1716962700359 411.0 0
1716962701331 412.0 0
1716962702886 413.0 0
1716962704327 414.0 0
1716962705330 415.0 0
1716962706338 416.0 0
1716962707685 417.0 0
1716962709637 418.0 0
1716962711911 419.0 0
1716962713663 420.0 0
1716962727315 421.0 0
1716962727989 422.0 0
1716962728679 423.0 0
1716962729397 424.0 0
1716962730568 425.0 0
1716962732682 426.0 0
1716962734278 427.0 0
1716962736098 428.0 0
1716962737873 429.0 0
1716962739500 430.0 0
1716962750283 431.0 0
1716962750973 432.0 0
1716962751683 433.0 0
1716962752472 434.0 0
1716962753358 435.0 0
1716962754973 436.0 0
1716962757037 437.0 0
1716962759213 438.0 0
1716962760851 439.0 0
1716962762242 440.0 0
1716962772861 441.0 0
1716962773599 442.0 0
1716962774280 443.0 0
1716962774994 444.0 0
1716962775877 445.0 0
1716962777183 446.0 0
1716962779764 447.0 0
1716962782069 448.0 0
1716962783524 449.0 0
1716962784792 450.0 0
1716962795417 451.0 0
1716962796111 452.0 0
1716962796758 453.0 0
1716962797575 454.0 0
1716962798764 455.0 0
1716962800031 456.0 0
1716962801971 457.0 0
1716962804214 458.0 0
1716962805819 459.0 0
1716962807137 460.0 0
1716962817023 461.0 0
1716962817670 462.0 0
1716962818318 463.0 0
1716962819040 464.0 0
1716962819921 465.0 0
1716962821450 466.0 0
1716962823357 467.0 0
1716962825597 468.0 0
1716962827274 469.0 0
1716962828568 470.0 0
1716962839234 471.0 0
1716962839872 472.0 0
1716962840612 473.0 0
1716962841636 474.0 0
1716962842450 475.0 0
1716962843794 476.0 0
1716962845756 477.0 0
1716962847706 478.0 0
1716962849433 479.0 0
1716962850959 480.0 0
1716962861166 481.0 0
1716962861862 482.0 0
1716962862521 483.0 0
1716962863239 484.0 0
1716962864079 485.0 0
1716962865334 486.0 0
1716962867625 487.0 0
1716962869729 488.0 0
1716962871202 489.0 0
1716962872506 490.0 0
1716962882963 491.0 0
1716962883603 492.0 0
1716962884245 493.0 0
1716962884966 494.0 0
1716962885878 495.0 0
1716962887214 496.0 0
1716962889311 497.0 0
1716962891451 498.0 0
1716962892931 499.0 0
1716962894222 500.0 0
1716962904776 501.0 0
1716962905432 502.0 0
1716962906067 503.0 0
1716962906826 504.0 0
1716962908110 505.0 0
1716962909189 506.0 0
1716962910939 507.0 0
1716962913245 508.0 0
1716962914988 509.0 0
1716962916419 510.0 0
1716962927398 511.0 0
1716962928043 512.0 0
1716962928813 513.0 0
1716962929539 514.0 0
1716962930466 515.0 0
1716962931746 516.0 0
1716962933715 517.0 0
1716962935912 518.0 0
1716962937489 519.0 0
1716962938826 520.0 0
1716962949508 521.0 0
1716962950271 522.0 0
1716962950984 523.0 0
1716962951710 524.0 0
1716962952543 525.0 0
1716962953763 526.0 0
1716962956270 527.0 0
1716962958526 528.0 0
1716962960098 529.0 0
1716962961381 530.0 0
1716962974660 531.0 0
1716962975283 532.0 0
1716962975904 533.0 0
1716962976650 534.0 0
1716962977733 535.0 0
1716962978994 536.0 0
1716962980905 537.0 0
1716962983164 538.0 0
1716962984766 539.0 0
1716962986127 540.0 0
1716962996219 541.0 0
1716962996897 542.0 0
1716962997577 543.0 0
1716962998316 544.0 0
1716962999352 545.0 0
1716963000789 546.0 0
1716963002914 547.0 0
1716963004909 548.0 0
1716963006478 549.0 0
1716963007786 550.0 0
1716963018313 551.0 0
1716963019007 552.0 0
1716963019669 553.0 0
1716963020441 554.0 0
1716963021318 555.0 0
1716963022667 556.0 0
1716963024769 557.0 0
1716963026943 558.0 0
1716963028610 559.0 0
1716963029822 560.0 0
1716963041536 561.0 0
1716963042272 562.0 0
1716963042914 563.0 0
1716963043658 564.0 0
1716963044509 565.0 0
1716963046081 566.0 0
1716963048238 567.0 0
1716963050380 568.0 0
1716963051871 569.0 0
1716963053178 570.0 0
1716963064430 571.0 0
1716963065117 572.0 0
1716963065779 573.0 0
1716963066519 574.0 0
1716963067445 575.0 0
1716963068822 576.0 0
1716963070832 577.0 0
1716963073003 578.0 0
1716963074548 579.0 0
1716963075848 580.0 0
1716963086101 581.0 0
1716963086849 582.0 0
1716963087547 583.0 0
1716963088266 584.0 0
1716963089101 585.0 0
1716963090454 586.0 0
1716963092715 587.0 0
1716963094977 588.0 0
1716963096518 589.0 0
1716963097834 590.0 0
1716963108374 591.0 0
1716963109053 592.0 0
1716963109745 593.0 0
1716963110505 594.0 0
1716963111371 595.0 0
1716963112658 596.0 0
1716963114893 597.0 0
1716963117141 598.0 0
1716963118655 599.0 0
1716963120043 600.0 0
1716963130483 601.0 0
1716963131154 602.0 0
1716963131832 603.0 0
1716963132538 604.0 0
1716963133342 605.0 0
1716963134784 606.0 0
1716963137118 607.0 0
1716963139206 608.0 0
1716963140731 609.0 0
1716963142064 610.0 0
1716963152254 611.0 0
1716963152940 612.0 0
1716963153604 613.0 0
1716963154324 614.0 0
1716963155208 615.0 0
1716963156446 616.0 0
1716963158764 617.0 0
1716963160903 618.0 0
1716963162459 619.0 0
1716963163823 620.0 0
1716963174184 621.0 0
1716963174849 622.0 0
1716963175515 623.0 0
1716963176236 624.0 0
1716963177066 625.0 0
1716963178363 626.0 0
1716963180789 627.0 0
1716963182966 628.0 0
1716963184509 629.0 0
1716963185781 630.0 0
1716963196967 631.0 0
1716963197606 632.0 0
1716963198297 633.0 0
1716963198987 634.0 0
1716963199805 635.0 0
1716963200988 636.0 0
1716963203317 637.0 0
1716963205643 638.0 0
1716963207089 639.0 0
1716963208340 640.0 0
1716963218089 641.0 0
1716963218757 642.0 0
1716963219428 643.0 0
1716963220141 644.0 0
1716963221064 645.0 0
1716963222432 646.0 0
1716963224605 647.0 0
1716963226667 648.0 0
1716963228145 649.0 0
1716963229483 650.0 0
1716963239661 651.0 0
1716963240434 652.0 0
1716963241118 653.0 0
1716963241846 654.0 0
1716963242683 655.0 0
1716963244065 656.0 0
1716963246584 657.0 0
1716963248605 658.0 0
1716963250094 659.0 0
1716963251332 660.0 0
1716963261445 661.0 0
1716963262140 662.0 0
1716963262805 663.0 0
1716963263509 664.0 0
1716963264312 665.0 0
1716963265727 666.0 0
1716963268006 667.0 0
1716963270084 668.0 0
1716963271595 669.0 0
1716963272841 670.0 0
1716963283236 671.0 0
1716963283929 672.0 0
1716963284586 673.0 0
1716963285313 674.0 0
1716963286374 675.0 0
1716963287634 676.0 0
1716963289731 677.0 0
1716963291895 678.0 0
1716963293468 679.0 0
1716963294748 680.0 0
1716963308792 681.0 0
1716963309438 682.0 0
1716963310073 683.0 0
1716963310776 684.0 0
1716963311599 685.0 0
1716963312976 686.0 0
1716963315106 687.0 0
1716963317348 688.0 0
1716963318826 689.0 0
1716963320163 690.0 0
1716963330667 691.0 0
1716963331336 692.0 0
1716963331973 693.0 0
1716963332665 694.0 0
1716963333509 695.0 0
1716963334951 696.0 0
1716963337096 697.0 0
1716963339187 698.0 0
1716963340699 699.0 0
1716963342111 700.0 0
1716963352461 701.0 0
1716963353312 702.0 0
1716963353984 703.0 0
1716963354746 704.0 0
1716963355640 705.0 0
1716963357204 706.0 0
1716963358959 707.0 0
1716963361119 708.0 0
1716963362832 709.0 0
1716963364251 710.0 0
1716963375516 711.0 0
1716963376276 712.0 0
1716963377082 713.0 0
1716963377815 714.0 0
1716963378668 715.0 0
1716963379944 716.0 0
1716963382364 717.0 0
1716963384558 718.0 0
1716963385965 719.0 0
1716963387234 720.0 0
1716963397212 721.0 0
1716963397882 722.0 0
1716963398586 723.0 0
1716963399401 724.0 0
1716963400257 725.0 0
1716963401715 726.0 0
1716963403677 727.0 0
1716963405815 728.0 0
1716963407394 729.0 0
1716963408747 730.0 0
1716963418818 731.0 0
1716963419481 732.0 0
1716963420196 733.0 0
1716963420918 734.0 0
1716963421790 735.0 0
1716963423321 736.0 0
1716963425368 737.0 0
1716963427514 738.0 0
1716963429158 739.0 0
1716963430615 740.0 0
1716963441347 741.0 0
1716963441985 742.0 0
1716963442648 743.0 0
1716963443432 744.0 0
1716963444395 745.0 0
1716963446037 746.0 0
1716963448147 747.0 0
1716963449874 748.0 0
1716963451442 749.0 0
1716963452931 750.0 0
1716963463461 751.0 0
1716963464201 752.0 0
1716963464851 753.0 0
1716963465579 754.0 0
1716963466414 755.0 0
1716963467787 756.0 0
1716963469892 757.0 0
1716963472112 758.0 0
1716963473720 759.0 0
1716963475095 760.0 0
1716963485259 761.0 0
1716963485925 762.0 0
1716963486617 763.0 0
1716963487340 764.0 0
1716963488176 765.0 0
1716963489625 766.0 0
1716963491664 767.0 0
1716963493782 768.0 0
1716963495336 769.0 0
1716963496698 770.0 0
1716963506948 771.0 0
1716963507665 772.0 0
1716963508355 773.0 0
1716963509104 774.0 0
1716963509996 775.0 0
1716963511410 776.0 0
1716963513344 777.0 0
1716963515501 778.0 0
1716963517064 779.0 0
1716963518399 780.0 0
1716963528754 781.0 0
1716963529433 782.0 0
1716963530230 783.0 0
1716963530954 784.0 0
1716963531757 785.0 0
1716963533144 786.0 0
1716963535155 787.0 0
1716963537412 788.0 0
1716963538968 789.0 0
1716963540309 790.0 0
1716963550824 791.0 0
1716963551590 792.0 0
1716963552282 793.0 0
1716963552993 794.0 0
1716963553796 795.0 0
1716963555126 796.0 0
1716963557298 797.0 0
1716963559603 798.0 0
1716963561209 799.0 0
1716963562605 800.0 0
1716963572944 801.0 0
1716963573658 802.0 0
1716963574363 803.0 0
1716963575097 804.0 0
1716963575997 805.0 0
1716963577362 806.0 0
1716963579427 807.0 0
1716963581566 808.0 0
1716963583163 809.0 0
1716963584510 810.0 0
1716963594572 811.0 0
1716963595231 812.0 0
1716963595916 813.0 0
1716963596635 814.0 0
1716963597503 815.0 0
1716963598965 816.0 0
1716963601087 817.0 0
1716963603225 818.0 0
1716963604769 819.0 0
1716963606115 820.0 0
1716963616984 821.0 0
1716963617641 822.0 0
1716963618284 823.0 0
1716963618979 824.0 0
1716963619847 825.0 0
1716963621135 826.0 0
1716963623299 827.0 0
1716963625511 828.0 0
1716963627017 829.0 0
1716963628334 830.0 0
1716963638612 831.0 0
1716963639282 832.0 0
1716963639979 833.0 0
1716963640688 834.0 0
1716963641647 835.0 0
1716963643769 836.0 0
1716963645043 837.0 0
1716963646780 838.0 0
1716963648630 839.0 0
1716963650295 840.0 0
1716963662493 841.0 0
1716963663168 842.0 0
1716963663841 843.0 0
1716963664548 844.0 0
1716963665395 845.0 0
1716963666830 846.0 0
1716963668918 847.0 0
1716963671007 848.0 0
1716963672597 849.0 0
1716963673906 850.0 0
1716963684690 851.0 0
1716963685600 852.0 0
1716963686297 853.0 0
1716963687933 854.0 0
1716963689273 855.0 0
1716963690750 856.0 0
1716963692350 857.0 0
1716963694569 858.0 0
1716963696615 859.0 0
1716963698296 860.0 0
1716963721353 861.0 0
1716963722085 862.0 0
1716963722714 863.0 0
1716963723403 864.0 0
1716963724364 865.0 0
1716963725519 866.0 0
1716963727141 867.0 0
1716963728632 868.0 0
1716963730305 869.0 0
1716963732152 870.0 0
1716963745657 871.0 0
1716963746539 872.0 0
1716963747214 873.0 0
1716963747949 874.0 0
1716963748852 875.0 0
1716963750176 876.0 0
1716963752581 877.0 0
1716963755037 878.0 0
1716963756588 879.0 0
1716963757822 880.0 0
1716963769160 881.0 0
1716963770054 882.0 0
1716963770828 883.0 0
1716963771546 884.0 0
1716963772638 885.0 0
1716963773896 886.0 0
1716963775725 887.0 0
1716963778117 888.0 0
1716963779845 889.0 0
1716963781195 890.0 0
1716963792034 891.0 0
1716963792720 892.0 0
1716963793427 893.0 0
1716963794211 894.0 0
1716963795188 895.0 0
1716963796498 896.0 0
1716963798672 897.0 0
1716963800836 898.0 0
1716963802345 899.0 0
1716963803652 900.0 0
1716963813890 901.0 0
1716963814650 902.0 0
1716963815589 903.0 0
1716963816339 904.0 0
1716963817154 905.0 0
1716963818306 906.0 0
1716963820877 907.0 0
1716963823245 908.0 0
1716963824758 909.0 0
1716963826044 910.0 0
1716963836003 911.0 0
1716963836701 912.0 0
1716963837350 913.0 0
1716963838076 914.0 0
1716963839016 915.0 0
1716963840616 916.0 0
1716963842435 917.0 0
1716963844614 918.0 0
1716963846283 919.0 0
1716963847642 920.0 0
1716963857763 921.0 0
1716963858426 922.0 0
1716963859117 923.0 0
1716963859841 924.0 0
1716963860732 925.0 0
1716963861960 926.0 0
1716963864167 927.0 0
1716963866409 928.0 0
1716963868019 929.0 0
1716963869430 930.0 0
1716963879188 931.0 0
1716963879862 932.0 0
1716963880878 933.0 0
1716963881607 934.0 0
1716963882490 935.0 0
1716963883614 936.0 0
1716963885578 937.0 0
1716963888163 938.0 0
1716963889773 939.0 0
1716963891039 940.0 0
1716963901736 941.0 0
1716963902403 942.0 0
1716963903034 943.0 0
1716963903912 944.0 0
1716963904993 945.0 0
1716963906136 946.0 0
1716963907794 947.0 0
1716963910138 948.0 0
1716963911871 949.0 0
1716963913321 950.0 0
1716963923720 951.0 0
1716963924767 952.0 0
1716963925430 953.0 0
1716963926127 954.0 0
1716963926943 955.0 0
1716963928274 956.0 0
1716963930403 957.0 0
1716963932655 958.0 0
1716963934247 959.0 0
1716963935504 960.0 0
1716963945696 961.0 0
1716963946396 962.0 0
1716963947064 963.0 0
1716963947823 964.0 0
1716963948683 965.0 0
1716963949912 966.0 0
1716963952298 967.0 0
1716963954566 968.0 0
1716963955999 969.0 0
1716963957320 970.0 0
1716963968530 971.0 0
1716963969185 972.0 0
1716963969842 973.0 0
1716963970571 974.0 0
1716963971388 975.0 0
1716963972585 976.0 0
1716963974962 977.0 0
1716963977204 978.0 0
1716963978797 979.0 0
1716963980116 980.0 0
1716963989631 981.0 0
1716963990365 982.0 0
1716963991043 983.0 0
1716963991783 984.0 0
1716963992639 985.0 0
1716963993968 986.0 0
1716963996182 987.0 0
1716963998465 988.0 0
1716964000065 989.0 0
1716964001356 990.0 0
1716964012109 991.0 0
1716964012784 992.0 0
1716964013433 993.0 0
1716964014132 994.0 0
1716964014952 995.0 0
1716964016324 996.0 0
1716964018487 997.0 0
1716964020712 998.0 0
1716964022313 999.0 0
1716964023721 1000.0 0
1716964033986 1001.0 0
1716964034633 1002.0 0
1716964035332 1003.0 0
1716964036055 1004.0 0
1716964037331 1005.0 0
1716964038814 1006.0 0
1716964040240 1007.0 0
1716964042207 1008.0 0
1716964044119 1009.0 0
1716964045687 1010.0 0
1716964054920 1011.0 0
1716964055590 1012.0 0
1716964056365 1013.0 0
1716964057443 1014.0 0
1716964058271 1015.0 0
1716964059450 1016.0 0
1716964061516 1017.0 0
1716964063826 1018.0 0
1716964065497 1019.0 0
1716964066834 1020.0 0
1716964077087 1021.0 0
1716964078038 1022.0 0
1716964078737 1023.0 0
1716964079496 1024.0 0
1716964080352 1025.0 0
1716964081774 1026.0 0
1716964083945 1027.0 0
1716964086181 1028.0 0
1716964087892 1029.0 0
1716964089237 1030.0 0
1716964099935 1031.0 0
1716964100611 1032.0 0
1716964101270 1033.0 0
1716964101971 1034.0 0
1716964102844 1035.0 0
1716964104163 1036.0 0
1716964106285 1037.0 0
1716964108503 1038.0 0
1716964110124 1039.0 0
1716964111458 1040.0 0
1716964121666 1041.0 0
1716964122311 1042.0 0
1716964122958 1043.0 0
1716964123663 1044.0 0
1716964124454 1045.0 0
1716964125749 1046.0 0
1716964128060 1047.0 0
1716964130251 1048.0 0
1716964131808 1049.0 0
1716964133123 1050.0 0
1716964143265 1051.0 0
1716964143925 1052.0 0
1716964144703 1053.0 0
1716964145588 1054.0 0
1716964146494 1055.0 0
1716964147686 1056.0 0
1716964149705 1057.0 0
1716964151942 1058.0 0
1716964153545 1059.0 0
1716964154885 1060.0 0
1716964164024 1061.0 0
1716964164714 1062.0 0
1716964165385 1063.0 0
1716964166137 1064.0 0
1716964166992 1065.0 0
1716964168768 1066.0 0
1716964170662 1067.0 0
1716964172600 1068.0 0
1716964174253 1069.0 0
1716964175660 1070.0 0
1716964185216 1071.0 0
1716964186016 1072.0 0
1716964187075 1073.0 0
1716964187772 1074.0 0
1716964188658 1075.0 0
1716964189873 1076.0 0
1716964191793 1077.0 0
1716964194190 1078.0 0
1716964195747 1079.0 0
1716964197032 1080.0 0
1716964207722 1081.0 0
1716964208361 1082.0 0
1716964209009 1083.0 0
1716964209716 1084.0 0
1716964210523 1085.0 0
1716964211737 1086.0 0
1716964214165 1087.0 0
1716964216422 1088.0 0
1716964217892 1089.0 0
1716964219086 1090.0 0
1716964238624 1091.0 0
1716964239432 1092.0 0
1716964240087 1093.0 0
1716964240754 1094.0 0
1716964241730 1095.0 0
1716964242900 1096.0 0
1716964244995 1097.0 0
1716964247567 1098.0 0
1716964249123 1099.0 0
1716964250390 1100.0 0
1716964261989 1101.0 0
1716964262655 1102.0 0
1716964263349 1103.0 0
1716964264084 1104.0 0
1716964264936 1105.0 0
1716964266354 1106.0 0
1716964268538 1107.0 0
1716964270577 1108.0 0
1716964272126 1109.0 0
1716964273512 1110.0 0
1716964284121 1111.0 0
1716964284881 1112.0 0
1716964285545 1113.0 0
1716964286272 1114.0 0
1716964287125 1115.0 0
1716964288602 1116.0 0
1716964290969 1117.0 0
1716964293105 1118.0 0
1716964294528 1119.0 0
1716964295786 1120.0 0
1716964306225 1121.0 0
1716964306905 1122.0 0
1716964307571 1123.0 0
1716964308284 1124.0 0
1716964309120 1125.0 0
1716964310615 1126.0 0
1716964312791 1127.0 0
1716964314892 1128.0 0
1716964316384 1129.0 0
1716964317699 1130.0 0
1716964329345 1131.0 0
1716964330007 1132.0 0
1716964330650 1133.0 0
1716964331351 1134.0 0
1716964332147 1135.0 0
1716964333356 1136.0 0
1716964335896 1137.0 0
1716964338075 1138.0 0
1716964339478 1139.0 0
1716964340697 1140.0 0
1716964351142 1141.0 0
1716964351841 1142.0 0
1716964352511 1143.0 0
1716964353223 1144.0 0
1716964354106 1145.0 0
1716964355434 1146.0 0
1716964357833 1147.0 0
1716964359921 1148.0 0
1716964361380 1149.0 0
1716964362691 1150.0 0
1716964373172 1151.0 0
1716964373823 1152.0 0
1716964374506 1153.0 0
1716964375349 1154.0 0
1716964376258 1155.0 0
1716964377496 1156.0 0
1716964379709 1157.0 0
1716964381965 1158.0 0
1716964383662 1159.0 0
1716964385023 1160.0 0
1716964395435 1161.0 0
1716964396102 1162.0 0
1716964396736 1163.0 0
1716964397468 1164.0 0
1716964398755 1165.0 0
1716964400461 1166.0 0
1716964401723 1167.0 0
1716964403519 1168.0 0
1716964405450 1169.0 0
1716964407073 1170.0 0
1716964417383 1171.0 0
1716964418084 1172.0 0
1716964418768 1173.0 0
1716964419497 1174.0 0
1716964420347 1175.0 0
1716964421789 1176.0 0
1716964423977 1177.0 0
1716964426082 1178.0 0
1716964427586 1179.0 0
1716964428958 1180.0 0
1716964439963 1181.0 0
1716964440666 1182.0 0
1716964441344 1183.0 0
1716964442064 1184.0 0
1716964442948 1185.0 0
1716964444277 1186.0 0
1716964446666 1187.0 0
1716964448893 1188.0 0
1716964450367 1189.0 0
1716964451684 1190.0 0
1716964462111 1191.0 0
1716964462776 1192.0 0
1716964463432 1193.0 0
1716964464122 1194.0 0
1716964464942 1195.0 0
1716964466930 1196.0 0
1716964468761 1197.0 0
1716964470673 1198.0 0
1716964472353 1199.0 0
1716964473864 1200.0 0
1716964483647 1201.0 0
1716964484353 1202.0 0
1716964485013 1203.0 0
1716964485784 1204.0 0
1716964486648 1205.0 0
1716964488223 1206.0 0
1716964490078 1207.0 0
1716964492147 1208.0 0
1716964493759 1209.0 0
1716964495113 1210.0 0
1716964505793 1211.0 0
1716964506437 1212.0 0
1716964507121 1213.0 0
1716964507846 1214.0 0
1716964508678 1215.0 0
1716964510181 1216.0 0
1716964512295 1217.0 0
1716964514477 1218.0 0
1716964515980 1219.0 0
1716964517278 1220.0 0
1716964527864 1221.0 0
1716964528536 1222.0 0
1716964529209 1223.0 0
1716964529950 1224.0 0
1716964530798 1225.0 0
1716964532251 1226.0 0
1716964534207 1227.0 0
1716964536331 1228.0 0
1716964537892 1229.0 0
1716964539178 1230.0 0
1716964549605 1231.0 0
1716964550323 1232.0 0
1716964550995 1233.0 0
1716964551765 1234.0 0
1716964552740 1235.0 0
1716964554027 1236.0 0
1716964556389 1237.0 0
1716964558521 1238.0 0
1716964560081 1239.0 0
1716964561386 1240.0 0
1716964571627 1241.0 0
1716964572316 1242.0 0
1716964572984 1243.0 0
1716964573701 1244.0 0
1716964574603 1245.0 0
1716964575920 1246.0 0
1716964578252 1247.0 0
1716964580410 1248.0 0
1716964581894 1249.0 0
1716964583239 1250.0 0
1716964594103 1251.0 0
1716964594752 1252.0 0
1716964595457 1253.0 0
1716964596171 1254.0 0
1716964597008 1255.0 0
1716964598285 1256.0 0
1716964600582 1257.0 0
1716964602798 1258.0 0
1716964604259 1259.0 0
1716964605587 1260.0 0
1716964616270 1261.0 0
1716964616960 1262.0 0
1716964617640 1263.0 0
1716964618426 1264.0 0
1716964619393 1265.0 0
1716964620999 1266.0 0
1716964622842 1267.0 0
1716964624894 1268.0 0
1716964626614 1269.0 0
1716964627933 1270.0 0
1716964639466 1271.0 0
1716964640121 1272.0 0
1716964640759 1273.0 0
1716964641461 1274.0 0
1716964642254 1275.0 0
1716964643524 1276.0 0
1716964645835 1277.0 0
1716964648153 1278.0 0
1716964649667 1279.0 0
1716964651043 1280.0 0
1716964660656 1281.0 0
1716964661322 1282.0 0
1716964661975 1283.0 0
1716964662672 1284.0 0
1716964663514 1285.0 0
1716964664719 1286.0 0
1716964667028 1287.0 0
1716964669422 1288.0 0
1716964670970 1289.0 0
1716964672290 1290.0 0
1716964684999 1291.0 0
1716964685711 1292.0 0
1716964686385 1293.0 0
1716964687076 1294.0 0
1716964687894 1295.0 0
1716964689461 1296.0 0
1716964691570 1297.0 0
1716964693705 1298.0 0
1716964695425 1299.0 0
1716964696848 1300.0 0
1716964707933 1301.0 0
1716964708608 1302.0 0
1716964709321 1303.0 0
1716964710048 1304.0 0
1716964710854 1305.0 0
1716964712281 1306.0 0
1716964714732 1307.0 0
1716964716574 1308.0 0
1716964718183 1309.0 0
1716964719595 1310.0 0
1716964729970 1311.0 0
1716964730723 1312.0 0
1716964731399 1313.0 0
1716964732131 1314.0 0
1716964732951 1315.0 0
1716964734143 1316.0 0
1716964736632 1317.0 0
1716964738745 1318.0 0
1716964740323 1319.0 0
1716964741717 1320.0 0
1716964752448 1321.0 0
1716964753088 1322.0 0
1716964753759 1323.0 0
1716964754451 1324.0 0
1716964755308 1325.0 0
1716964756648 1326.0 0
1716964758822 1327.0 0
1716964761071 1328.0 0
1716964762709 1329.0 0
1716964764148 1330.0 0
1716964774650 1331.0 0
1716964775317 1332.0 0
1716964775979 1333.0 0
1716964776677 1334.0 0
1716964777535 1335.0 0
1716964778771 1336.0 0
1716964781118 1337.0 0
1716964783312 1338.0 0
1716964784837 1339.0 0
1716964786155 1340.0 0
1716964796597 1341.0 0
1716964797265 1342.0 0
1716964797938 1343.0 0
1716964798674 1344.0 0
1716964799664 1345.0 0
1716964801116 1346.0 0
1716964803174 1347.0 0
1716964805299 1348.0 0
1716964806868 1349.0 0
1716964808241 1350.0 0
1716964819001 1351.0 0
1716964819654 1352.0 0
1716964820297 1353.0 0
1716964821024 1354.0 0
1716964821886 1355.0 0
1716964823055 1356.0 0
1716964825444 1357.0 0
1716964827728 1358.0 0
1716964829280 1359.0 0
1716964830609 1360.0 0
1716964841017 1361.0 0
1716964841685 1362.0 0
1716964842362 1363.0 0
1716964843085 1364.0 0
1716964843914 1365.0 0
1716964845318 1366.0 0
1716964847755 1367.0 0
1716964849794 1368.0 0
1716964851304 1369.0 0
1716964852679 1370.0 0
1716964881197 1371.0 0
1716964881988 1372.0 0
1716964882566 1373.0 0
1716964883275 1374.0 0
1716964884204 1375.0 0
1716964885176 1376.0 0
1716964886781 1377.0 0
1716964889866 1378.0 0
1716964891671 1379.0 0
1716964892976 1380.0 0
1716964904467 1381.0 0
1716964905118 1382.0 0
1716964905807 1383.0 0
1716964906525 1384.0 0
1716964907408 1385.0 0
1716964908656 1386.0 0
1716964910926 1387.0 0
1716964913179 1388.0 0
1716964914748 1389.0 0
1716964916130 1390.0 0
1716964926933 1391.0 0
1716964927609 1392.0 0
1716964928277 1393.0 0
1716964928990 1394.0 0
1716964929798 1395.0 0
1716964931022 1396.0 0
1716964933411 1397.0 0
1716964935620 1398.0 0
1716964937140 1399.0 0
1716964938423 1400.0 0
1716964949713 1401.0 0
1716964950386 1402.0 0
1716964951113 1403.0 0
1716964951849 1404.0 0
1716964952734 1405.0 0
1716964953954 1406.0 0
1716964956266 1407.0 0
1716964958465 1408.0 0
1716964959980 1409.0 0
1716964961234 1410.0 0
1716964972321 1411.0 0
1716964972987 1412.0 0
1716964973730 1413.0 0
1716964974617 1414.0 0
1716964975430 1415.0 0
1716964976805 1416.0 0
1716964978724 1417.0 0
1716964981042 1418.0 0
1716964982707 1419.0 0
1716964984079 1420.0 0
1716964994893 1421.0 0
1716964995544 1422.0 0
1716964996268 1423.0 0
1716964996973 1424.0 0
1716964998006 1425.0 0
1716964999934 1426.0 0
1716965001257 1427.0 0
1716965003079 1428.0 0
1716965004975 1429.0 0
1716965006605 1430.0 0
1716965021212 1431.0 0
1716965022182 1432.0 0
1716965022991 1433.0 0
1716965025748 1434.0 0
1716965026931 1435.0 0
1716965028074 1436.0 0
1716965029294 1437.0 0
1716965030275 1438.0 0
1716965031786 1439.0 0
1716965034120 1440.0 0
1716965056034 1441.0 0
1716965057438 1442.0 0
1716965058945 1443.0 0
1716965061961 1444.0 0
1716965063267 1445.0 0
1716965064276 1446.0 0
1716965065973 1447.0 0
1716965067322 1448.0 0
1716965068696 1449.0 0
1716965070899 1450.0 0
1716965088171 1451.0 0
1716965088860 1452.0 0
1716965090166 1453.0 0
1716965092292 1454.0 0
1716965093170 1455.0 0
1716965093994 1456.0 0
1716965094998 1457.0 0
1716965096014 1458.0 0
1716965098397 1459.0 0
1716965101222 1460.0 0
1716965114999 1461.0 0
1716965115790 1462.0 0
1716965116436 1463.0 0
1716965117444 1464.0 0
1716965118585 1465.0 0
1716965119716 1466.0 0
1716965121161 1467.0 0
1716965123456 1468.0 0
1716965125603 1469.0 0
1716965127192 1470.0 0
1716965141125 1471.0 0
1716965141822 1472.0 0
1716965142513 1473.0 0
1716965143212 1474.0 0
1716965144337 1475.0 0
1716965145722 1476.0 0
1716965147450 1477.0 0
1716965150131 1478.0 0
1716965152014 1479.0 0
1716965153481 1480.0 0
1716965169796 1481.0 0
1716965170401 1482.0 0
1716965171151 1483.0 0
1716965172324 1484.0 0
1716965173152 1485.0 0
1716965174071 1486.0 0
1716965175047 1487.0 0
1716965176310 1488.0 0
1716965179264 1489.0 0
1716965181486 1490.0 0
1716965195572 1491.0 0
1716965196310 1492.0 0
1716965196953 1493.0 0
1716965197639 1494.0 0
1716965198718 1495.0 0
1716965199948 1496.0 0
1716965202014 1497.0 0
1716965204490 1498.0 0
1716965206062 1499.0 0
1716965207408 1500.0 0
1716965220982 1501.0 0
1716965222442 1502.0 0
1716965223067 1503.0 0
1716965223786 1504.0 0
1716965225246 1505.0 0
1716965226383 1506.0 0
1716965227618 1507.0 0
1716965230143 1508.0 0
1716965232442 1509.0 0
1716965233911 1510.0 0
1716965245960 1511.0 0
1716965246696 1512.0 0
1716965247401 1513.0 0
1716965248129 1514.0 0
1716965249068 1515.0 0
1716965250355 1516.0 0
1716965252878 1517.0 0
1716965255165 1518.0 0
1716965256815 1519.0 0
1716965258211 1520.0 0
1716965271274 1521.0 0
1716965271959 1522.0 0
1716965272602 1523.0 0
1716965273296 1524.0 0
1716965274374 1525.0 0
1716965276977 1526.0 0
1716965278295 1527.0 0
1716965279909 1528.0 0
1716965281947 1529.0 0
1716965283737 1530.0 0
1716965295969 1531.0 0
1716965296988 1532.0 0
1716965297661 1533.0 0
1716965298367 1534.0 0
1716965299246 1535.0 0
1716965300561 1536.0 0
1716965302644 1537.0 0
1716965304950 1538.0 0
1716965306534 1539.0 0
1716965307849 1540.0 0
1716965319997 1541.0 0
1716965320661 1542.0 0
1716965321322 1543.0 0
1716965322013 1544.0 0
1716965322902 1545.0 0
1716965324280 1546.0 0
1716965326439 1547.0 0
1716965328664 1548.0 0
1716965330247 1549.0 0
1716965331631 1550.0 0
1716965344747 1551.0 0
1716965345351 1552.0 0
1716965346059 1553.0 0
1716965346750 1554.0 0
1716965347648 1555.0 0
1716965348592 1556.0 0
1716965349893 1557.0 0
1716965352803 1558.0 0
1716965355139 1559.0 0
1716965356652 1560.0 0
1716965370118 1561.0 0
1716965370682 1562.0 0
1716965371356 1563.0 0
1716965372788 1564.0 0
1716965373822 1565.0 0
1716965374892 1566.0 0
1716965375993 1567.0 0
1716965377948 1568.0 0
1716965380622 1569.0 0
1716965382276 1570.0 0
1716965394853 1571.0 0
1716965395713 1572.0 0
1716965396419 1573.0 0
1716965397853 1574.0 0
1716965400591 1575.0 0
1716965401303 1576.0 0
1716965402526 1577.0 0
1716965403535 1578.0 0
1716965405207 1579.0 0
1716965407636 1580.0 0
1716965421183 1581.0 0
1716965421925 1582.0 0
1716965422664 1583.0 0
1716965423333 1584.0 0
1716965424412 1585.0 0
1716965425510 1586.0 0
1716965426923 1587.0 0
1716965429345 1588.0 0
1716965431970 1589.0 0
1716965433721 1590.0 0
1716965446067 1591.0 0
1716965446679 1592.0 0
1716965447361 1593.0 0
1716965448116 1594.0 0
1716965449146 1595.0 0
1716965450396 1596.0 0
1716965452504 1597.0 0
1716965455226 1598.0 0
1716965456774 1599.0 0
1716965458069 1600.0 0
1716965469600 1601.0 0
1716965470256 1602.0 0
1716965470996 1603.0 0
1716965471842 1604.0 0
1716965472702 1605.0 0
1716965473920 1606.0 0
1716965476347 1607.0 0
1716965478610 1608.0 0
1716965480086 1609.0 0
1716965481366 1610.0 0
1716965492384 1611.0 0
1716965493070 1612.0 0
1716965493748 1613.0 0
1716965494515 1614.0 0
1716965495388 1615.0 0
1716965496788 1616.0 0
1716965499093 1617.0 0
1716965501334 1618.0 0
1716965502913 1619.0 0
1716965504212 1620.0 0
1716965515692 1621.0 0
1716965516430 1622.0 0
1716965517160 1623.0 0
1716965517965 1624.0 0
1716965519063 1625.0 0
1716965520307 1626.0 0
1716965522364 1627.0 0
1716965524522 1628.0 0
1716965526196 1629.0 0
1716965527557 1630.0 0
1716965539601 1631.0 0
1716965540239 1632.0 0
1716965541006 1633.0 0
1716965541748 1634.0 0
1716965542615 1635.0 0
1716965543830 1636.0 0
1716965546156 1637.0 0
1716965548599 1638.0 0
1716965550144 1639.0 0
1716965551502 1640.0 0
1716965562758 1641.0 0
1716965563452 1642.0 0
1716965564136 1643.0 0
1716965564902 1644.0 0
1716965565751 1645.0 0
1716965567077 1646.0 0
1716965569382 1647.0 0
1716965571644 1648.0 0
1716965573158 1649.0 0
1716965574426 1650.0 0
1716965585384 1651.0 0
1716965586109 1652.0 0
1716965586801 1653.0 0
1716965587495 1654.0 0
1716965588398 1655.0 0
1716965589663 1656.0 0
1716965592116 1657.0 0
1716965594279 1658.0 0
1716965595719 1659.0 0
1716965596999 1660.0 0
1716965608205 1661.0 0
1716965608898 1662.0 0
1716965609546 1663.0 0
1716965610313 1664.0 0
1716965611244 1665.0 0
1716965612475 1666.0 0
1716965614797 1667.0 0
1716965617068 1668.0 0
1716965618614 1669.0 0
1716965619937 1670.0 0
1716965631919 1671.0 0
1716965632575 1672.0 0
1716965633226 1673.0 0
1716965634047 1674.0 0
1716965634893 1675.0 0
1716965636111 1676.0 0
1716965638456 1677.0 0
1716965640786 1678.0 0
1716965642259 1679.0 0
1716965643526 1680.0 0
1716965655098 1681.0 0
1716965655732 1682.0 0
1716965656390 1683.0 0
1716965657074 1684.0 0
1716965657983 1685.0 0
1716965659292 1686.0 0
1716965661448 1687.0 0
1716965663699 1688.0 0
1716965665178 1689.0 0
1716965666423 1690.0 0
1716965677969 1691.0 0
1716965678641 1692.0 0
1716965679308 1693.0 0
1716965680005 1694.0 0
1716965680844 1695.0 0
1716965682193 1696.0 0
1716965684261 1697.0 0
1716965686518 1698.0 0
1716965688070 1699.0 0
1716965689475 1700.0 0
1716965700497 1701.0 0
1716965701173 1702.0 0
1716965701852 1703.0 0
1716965702556 1704.0 0
1716965703424 1705.0 0
1716965704831 1706.0 0
1716965707225 1707.0 0
1716965709472 1708.0 0
1716965710936 1709.0 0
1716965712076 1710.0 0
1716965741124 1711.0 0
1716965742401 1712.0 0
1716965743108 1713.0 0
1716965743777 1714.0 0
1716965744923 1715.0 0
1716965746148 1716.0 0
1716965747356 1717.0 0
1716965749689 1718.0 0
1716965752050 1719.0 0
1716965753690 1720.0 0
1716965769187 1721.0 0
1716965769886 1722.0 0
1716965770549 1723.0 0
1716965771249 1724.0 0
1716965772185 1725.0 0
1716965773620 1726.0 0
1716965776060 1727.0 0
1716965777972 1728.0 0
1716965779563 1729.0 0
1716965780903 1730.0 0
1716965792139 1731.0 0
1716965792860 1732.0 0
1716965793681 1733.0 0
1716965794726 1734.0 0
1716965795591 1735.0 0
1716965796815 1736.0 0
1716965798653 1737.0 0
1716965801135 1738.0 0
1716965802844 1739.0 0
1716965804197 1740.0 0
1716965814816 1741.0 0
1716965815685 1742.0 0
1716965816354 1743.0 0
1716965817064 1744.0 0
1716965818014 1745.0 0
1716965819591 1746.0 0
1716965821676 1747.0 0
1716965823828 1748.0 0
1716965825456 1749.0 0
1716965826847 1750.0 0
1716965839603 1751.0 0
1716965840266 1752.0 0
1716965842052 1753.0 0
1716965842942 1754.0 0
1716965844553 1755.0 0
1716965846052 1756.0 0
1716965847797 1757.0 0
1716965849124 1758.0 0
1716965850838 1759.0 0
1716965852948 1760.0 0
1716965873889 1761.0 0
1716965874869 1762.0 0
1716965875488 1763.0 0
1716965876110 1764.0 0
1716965877376 1765.0 0
1716965878386 1766.0 0
1716965879822 1767.0 0
1716965882634 1768.0 0
1716965884556 1769.0 0
1716965885922 1770.0 0
1716965898892 1771.0 0
1716965899761 1772.0 0
1716965900453 1773.0 0
1716965901132 1774.0 0
1716965901982 1775.0 0
1716965903244 1776.0 0
1716965905527 1777.0 0
1716965908196 1778.0 0
1716965909686 1779.0 0
1716965910997 1780.0 0
1716965922547 1781.0 0
1716965923201 1782.0 0
1716965923893 1783.0 0
1716965924635 1784.0 0
1716965925657 1785.0 0
1716965927265 1786.0 0
1716965929140 1787.0 0
1716965931234 1788.0 0
1716965932838 1789.0 0
1716965934248 1790.0 0
1716965945742 1791.0 0
1716965946515 1792.0 0
1716965947177 1793.0 0
1716965947888 1794.0 0
1716965948736 1795.0 0
1716965950028 1796.0 0
1716965952641 1797.0 0
1716965954783 1798.0 0
1716965956297 1799.0 0
1716965957632 1800.0 0
1716965968388 1801.0 0
1716965969046 1802.0 0
1716965969718 1803.0 0
1716965970447 1804.0 0
1716965971267 1805.0 0
1716965972606 1806.0 0
1716965974818 1807.0 0
1716965977193 1808.0 0
1716965978769 1809.0 0
1716965980131 1810.0 0
1716965990461 1811.0 0
1716965991164 1812.0 0
1716965991865 1813.0 0
1716965992639 1814.0 0
1716965994831 1815.0 0
1716965995927 1816.0 0
1716965997038 1817.0 0
1716965999291 1818.0 0
1716966001679 1819.0 0
1716966003277 1820.0 0
1716966020303 1821.0 0
1716966020946 1822.0 0
1716966022061 1823.0 0
1716966022967 1824.0 0
1716966024897 1825.0 0
1716966026367 1826.0 0
1716966028574 1827.0 0
1716966030100 1828.0 0
1716966031392 1829.0 0
1716966032940 1830.0 0
1716966045039 1831.0 0
1716966045719 1832.0 0
1716966046436 1833.0 0
1716966047142 1834.0 0
1716966048009 1835.0 0
1716966049196 1836.0 0
1716966051651 1837.0 0
1716966053548 1838.0 0
1716966055253 1839.0 0
1716966056687 1840.0 0
1716966068869 1841.0 0
1716966069527 1842.0 0
1716966070150 1843.0 0
1716966070901 1844.0 0
1716966071744 1845.0 0
1716966072943 1846.0 0
1716966075459 1847.0 0
1716966077754 1848.0 0
1716966079288 1849.0 0
1716966080537 1850.0 0
1716966091363 1851.0 0
1716966092273 1852.0 0
1716966092955 1853.0 0
1716966093625 1854.0 0
1716966094678 1855.0 0
1716966095985 1856.0 0
1716966098049 1857.0 0
1716966100398 1858.0 0
1716966101949 1859.0 0
1716966103211 1860.0 0
1716966114134 1861.0 0
1716966114939 1862.0 0
1716966115625 1863.0 0
1716966116350 1864.0 0
1716966117238 1865.0 0
1716966118650 1866.0 0
1716966120951 1867.0 0
1716966123126 1868.0 0
1716966124860 1869.0 0
1716966126294 1870.0 0
1716966141259 1871.0 0
1716966141894 1872.0 0
1716966142543 1873.0 0
1716966143309 1874.0 0
1716966144207 1875.0 0
1716966145207 1876.0 0
1716966147011 1877.0 0
1716966149980 1878.0 0
1716966151649 1879.0 0
1716966152918 1880.0 0
1716966164595 1881.0 0
1716966165241 1882.0 0
1716966166138 1883.0 0
1716966166896 1884.0 0
1716966167853 1885.0 0
1716966169072 1886.0 0
1716966171329 1887.0 0
1716966173751 1888.0 0
1716966175295 1889.0 0
1716966176568 1890.0 0
1716966188531 1891.0 0
1716966189269 1892.0 0
1716966189905 1893.0 0
1716966190596 1894.0 0
1716966191535 1895.0 0
1716966192970 1896.0 0
1716966195175 1897.0 0
1716966197356 1898.0 0
1716966198812 1899.0 0
1716966200123 1900.0 0
1716966211293 1901.0 0
1716966211968 1902.0 0
1716966212652 1903.0 0
1716966213365 1904.0 0
1716966214216 1905.0 0
1716966215550 1906.0 0
1716966217879 1907.0 0
1716966220089 1908.0 0
1716966221653 1909.0 0
1716966222963 1910.0 0
1716966235144 1911.0 0
1716966235780 1912.0 0
1716966236532 1913.0 0
1716966237311 1914.0 0
1716966238290 1915.0 0
1716966239785 1916.0 0
1716966241913 1917.0 0
1716966243895 1918.0 0
1716966245575 1919.0 0
1716966246997 1920.0 0
1716966262241 1921.0 0
1716966263952 1922.0 0
1716966264535 1923.0 0
1716966265216 1924.0 0
1716966266091 1925.0 0
1716966266994 1926.0 0
1716966269096 1927.0 0
1716966270458 1928.0 0
1716966271961 1929.0 0
1716966273916 1930.0 0
1716966288019 1931.0 0
1716966288804 1932.0 0
1716966289465 1933.0 0
1716966290174 1934.0 0
1716966291210 1935.0 0
1716966292140 1936.0 0
1716966293385 1937.0 0
1716966295879 1938.0 0
1716966298241 1939.0 0
1716966299922 1940.0 0
1716966314009 1941.0 0
1716966314739 1942.0 0
1716966315348 1943.0 0
1716966316212 1944.0 0
1716966323653 1945.0 0
1716966324698 1946.0 0
1716966325354 1947.0 0
1716966326170 1948.0 0
1716966326952 1949.0 0
1716966331508 1950.0 0
1716966347155 1951.0 0
1716966347712 1952.0 0
1716966348264 1953.0 0
1716966349010 1954.0 0
1716966349884 1955.0 0
1716966350797 1956.0 0
1716966351953 1957.0 0
1716966354180 1958.0 0
1716966356993 1959.0 0
1716966358561 1960.0 0
1716966371231 1961.0 0
1716966371902 1962.0 0
1716966372538 1963.0 0
1716966373231 1964.0 0
1716966374093 1965.0 0
1716966375529 1966.0 0
1716966377582 1967.0 0
1716966379822 1968.0 0
1716966381475 1969.0 0
1716966382849 1970.0 0
1716966394024 1971.0 0
1716966394670 1972.0 0
1716966395380 1973.0 0
1716966396162 1974.0 0
1716966397013 1975.0 0
1716966398279 1976.0 0
1716966400648 1977.0 0
1716966403042 1978.0 0
1716966405233 1979.0 0
1716966406953 1980.0 0
1716966423126 1981.0 0
1716966423874 1982.0 0
1716966424511 1983.0 0
1716966427038 1984.0 0
1716966428971 1985.0 0
1716966429945 1986.0 0
1716966430813 1987.0 0
1716966433125 1988.0 0
1716966434675 1989.0 0
1716966436472 1990.0 0
1716966449517 1991.0 0
1716966450171 1992.0 0
1716966450927 1993.0 0
1716966451816 1994.0 0
1716966452745 1995.0 0
1716966454051 1996.0 0
1716966456427 1997.0 0
1716966458687 1998.0 0
1716966460322 1999.0 0
1716966461693 2000.0 0
1716966481353 2001.0 0
1716966482857 2002.0 0
1716966483553 2003.0 0
1716966484241 2004.0 0
1716966485177 2005.0 0
1716966487389 2006.0 0
1716966488718 2007.0 0
1716966489924 2008.0 0
1716966490902 2009.0 0
1716966492300 2010.0 0
1716966523760 2011.0 0
1716966525726 2012.0 0
1716966526625 2013.0 0
1716966528257 2014.0 0
1716966530529 2015.0 0
1716966531515 2016.0 0
1716966532921 2017.0 0
1716966534433 2018.0 0
1716966535887 2019.0 0
1716966536692 2020.0 0
1716966577087 2021.0 0
1716966579376 2022.0 0
1716966580132 2023.0 0
1716966580942 2024.0 0
1716966583204 2025.0 0
1716966585712 2026.0 0
1716966587410 2027.0 0
1716966589306 2028.0 0
1716966590368 2029.0 0
1716966591391 2030.0 0
1716966610431 2031.0 0
1716966611088 2032.0 0
1716966611695 2033.0 0
1716966612361 2034.0 0
1716966613271 2035.0 0
1716966614294 2036.0 0
1716966616390 2037.0 0
1716966619266 2038.0 0
1716966620929 2039.0 0
1716966622343 2040.0 0
1716966635921 2041.0 0
1716966636685 2042.0 0
1716966637363 2043.0 0
1716966638136 2044.0 0
1716966639071 2045.0 0
1716966640220 2046.0 0
1716966642599 2047.0 0
1716966644979 2048.0 0
1716966646519 2049.0 0
1716966647963 2050.0 0
1716966660726 2051.0 0
1716966661441 2052.0 0
1716966662175 2053.0 0
1716966662973 2054.0 0
1716966663899 2055.0 0
1716966665121 2056.0 0
1716966667697 2057.0 0
1716966670188 2058.0 0
1716966671635 2059.0 0
1716966672881 2060.0 0
1716966686496 2061.0 0
1716966687183 2062.0 0
1716966687860 2063.0 0
1716966688551 2064.0 0
1716966689399 2065.0 0
1716966690791 2066.0 0
1716966693047 2067.0 0
1716966695363 2068.0 0
1716966696918 2069.0 0
1716966698228 2070.0 0
1716966710454 2071.0 0
1716966711141 2072.0 0
1716966711788 2073.0 0
1716966712481 2074.0 0
1716966713368 2075.0 0
1716966714843 2076.0 0
1716966716971 2077.0 0
1716966719175 2078.0 0
1716966720752 2079.0 0
1716966722227 2080.0 0
1716966736653 2081.0 0
1716966737377 2082.0 0
1716966738020 2083.0 0
1716966738690 2084.0 0
1716966739646 2085.0 0
1716966740787 2086.0 0
1716966743128 2087.0 0
1716966745949 2088.0 0
1716966747612 2089.0 0
1716966749064 2090.0 0
1716966762130 2091.0 0
1716966762792 2092.0 0
1716966763453 2093.0 0
1716966764158 2094.0 0
1716966765021 2095.0 0
1716966766384 2096.0 0
1716966768841 2097.0 0
1716966770959 2098.0 0
1716966772494 2099.0 0
1716966773825 2100.0 0
1716966787074 2101.0 0
1716966787731 2102.0 0
1716966788365 2103.0 0
1716966789060 2104.0 0
1716966789881 2105.0 0
1716966791291 2106.0 0
1716966793485 2107.0 0
1716966795912 2108.0 0
1716966797493 2109.0 0
1716966798751 2110.0 0
1716966810754 2111.0 0
1716966811398 2112.0 0
1716966812097 2113.0 0
1716966812847 2114.0 0
1716966813669 2115.0 0
1716966815630 2116.0 0
1716966817420 2117.0 0
1716966819247 2118.0 0
1716966820852 2119.0 0
1716966822272 2120.0 0
1716966836535 2121.0 0
1716966837338 2122.0 0
1716966838195 2123.0 0
1716966839895 2124.0 0
1716966842253 2125.0 0
1716966843132 2126.0 0
1716966844187 2127.0 0
1716966845558 2128.0 0
1716966847834 2129.0 0
1716966850138 2130.0 0
1716966869833 2131.0 0
1716966870675 2132.0 0
1716966871248 2133.0 0
1716966872055 2134.0 0
1716966872835 2135.0 0
1716966873825 2136.0 0
1716966875213 2137.0 0
1716966876950 2138.0 0
1716966878461 2139.0 0
1716966880350 2140.0 0
1716966923215 2141.0 0
1716966923890 2142.0 0
1716966924573 2143.0 0
1716966925257 2144.0 0
1716966926104 2145.0 0
1716966927219 2146.0 0
1716966928683 2147.0 0
1716966931461 2148.0 0
1716966933525 2149.0 0
1716966934965 2150.0 0
1716966954688 2151.0 0
1716966955904 2152.0 0
1716966956930 2153.0 0
1716966959696 2154.0 0
1716966960604 2155.0 0
1716966961559 2156.0 0
1716966962662 2157.0 0
1716966963875 2158.0 0
1716966965314 2159.0 0
1716966966883 2160.0 0
1716966980865 2161.0 0
1716966981534 2162.0 0
1716966982208 2163.0 0
1716966982946 2164.0 0
1716966983806 2165.0 0
1716966985232 2166.0 0
1716966987474 2167.0 0
1716966989520 2168.0 0
1716966991070 2169.0 0
1716966992378 2170.0 0
1716967004291 2171.0 0
1716967004947 2172.0 0
1716967005642 2173.0 0
1716967006404 2174.0 0
1716967007441 2175.0 0
1716967009082 2176.0 0
1716967010904 2177.0 0
1716967012960 2178.0 0
1716967014553 2179.0 0
1716967015906 2180.0 0
1716967028096 2181.0 0
1716967028783 2182.0 0
1716967029466 2183.0 0
1716967030178 2184.0 0
1716967031018 2185.0 0
1716967032699 2186.0 0
1716967034723 2187.0 0
1716967036789 2188.0 0
1716967038481 2189.0 0
1716967039899 2190.0 0
1716967054638 2191.0 0
1716967055260 2192.0 0
1716967055937 2193.0 0
1716967056617 2194.0 0
1716967057628 2195.0 0
1716967058717 2196.0 0
1716967060838 2197.0 0
1716967063659 2198.0 0
1716967066018 2199.0 0
1716967069546 2200.0 0
1716967088763 2201.0 0
1716967089554 2202.0 0
1716967090400 2203.0 0
1716967091246 2204.0 0
1716967092099 2205.0 0
1716967093086 2206.0 0
1716967094228 2207.0 0
1716967096558 2208.0 0
1716967099324 2209.0 0
1716967101006 2210.0 0
1716967113379 2211.0 0
1716967114043 2212.0 0
1716967114687 2213.0 0
1716967115388 2214.0 0
1716967116385 2215.0 0
1716967118016 2216.0 0
1716967120633 2217.0 0
1716967123046 2218.0 0
1716967124342 2219.0 0
1716967125801 2220.0 0
1716967140947 2221.0 0
1716967141633 2222.0 0
1716967142284 2223.0 0
1716967142970 2224.0 0
1716967143868 2225.0 0
1716967145027 2226.0 0
1716967147250 2227.0 0
1716967149904 2228.0 0
1716967151644 2229.0 0
1716967153102 2230.0 0
1716967166587 2231.0 0
1716967167240 2232.0 0
1716967167897 2233.0 0
1716967168637 2234.0 0
1716967169480 2235.0 0
1716967170892 2236.0 0
1716967173189 2237.0 0
1716967175315 2238.0 0
1716967177108 2239.0 0
1716967178554 2240.0 0
1716967192987 2241.0 0
1716967193800 2242.0 0
1716967194413 2243.0 0
1716967195069 2244.0 0
1716967195860 2245.0 0
1716967197164 2246.0 0
1716967199752 2247.0 0
1716967202217 2248.0 0
1716967203735 2249.0 0
1716967205048 2250.0 0
1716967217813 2251.0 0
1716967218477 2252.0 0
1716967219112 2253.0 0
1716967220228 2254.0 0
1716967221526 2255.0 0
1716967222524 2256.0 0
1716967223963 2257.0 0
1716967226329 2258.0 0
1716967228219 2259.0 0
1716967229669 2260.0 0
1716967241069 2261.0 0
1716967241734 2262.0 0
1716967242425 2263.0 0
1716967243156 2264.0 0
1716967244027 2265.0 0
1716967245943 2266.0 0
1716967248300 2267.0 0
1716967249805 2268.0 0
1716967251187 2269.0 0
1716967252744 2270.0 0
1716967264429 2271.0 0
1716967265085 2272.0 0
1716967265733 2273.0 0
1716967266455 2274.0 0
1716967267305 2275.0 0
1716967268650 2276.0 0
1716967270866 2277.0 0
1716967273072 2278.0 0
1716967274613 2279.0 0
1716967275961 2280.0 0
1716967286959 2281.0 0
1716967287629 2282.0 0
1716967288299 2283.0 0
1716967289012 2284.0 0
1716967290285 2285.0 0
1716967292122 2286.0 0
1716967293405 2287.0 0
1716967295242 2288.0 0
1716967297034 2289.0 0
1716967298598 2290.0 0
1716967309761 2291.0 0
1716967310592 2292.0 0
1716967311276 2293.0 0
1716967311973 2294.0 0
1716967312807 2295.0 0
1716967314137 2296.0 0
1716967316432 2297.0 0
1716967318907 2298.0 0
1716967320443 2299.0 0
1716967321686 2300.0 0
1716967333484 2301.0 0
1716967334162 2302.0 0
1716967334892 2303.0 0
1716967335604 2304.0 0
1716967336634 2305.0 0
1716967338064 2306.0 0
1716967340143 2307.0 0
1716967342441 2308.0 0
1716967343959 2309.0 0
1716967345212 2310.0 0
1716967356871 2311.0 0
1716967357662 2312.0 0
1716967358537 2313.0 0
1716967359414 2314.0 0
1716967360322 2315.0 0
1716967361517 2316.0 0
1716967363527 2317.0 0
1716967365992 2318.0 0
1716967367668 2319.0 0
1716967369043 2320.0 0
1716967380638 2321.0 0
1716967381451 2322.0 0
1716967382180 2323.0 0
1716967382944 2324.0 0
1716967383989 2325.0 0
1716967385297 2326.0 0
1716967387513 2327.0 0
1716967389701 2328.0 0
1716967391236 2329.0 0
1716967392500 2330.0 0
1716967403827 2331.0 0
1716967404469 2332.0 0
1716967405146 2333.0 0
1716967405864 2334.0 0
1716967406709 2335.0 0
1716967408274 2336.0 0
1716967410651 2337.0 0
1716967412674 2338.0 0
1716967414142 2339.0 0
1716967415434 2340.0 0
1716967426743 2341.0 0
1716967427457 2342.0 0
1716967428138 2343.0 0
1716967428843 2344.0 0
1716967430275 2345.0 0
1716967431333 2346.0 0
1716967432827 2347.0 0
1716967435033 2348.0 0
1716967436792 2349.0 0
1716967438277 2350.0 0
1716967450923 2351.0 0
1716967451581 2352.0 0
1716967452319 2353.0 0
1716967453070 2354.0 0
1716967453962 2355.0 0
1716967455628 2356.0 0
1716967457772 2357.0 0
1716967459830 2358.0 0
1716967461499 2359.0 0
1716967462906 2360.0 0
1716967475437 2361.0 0
1716967476105 2362.0 0
1716967476759 2363.0 0
1716967477450 2364.0 0
1716967478260 2365.0 0
1716967479476 2366.0 0
1716967481859 2367.0 0
1716967484255 2368.0 0
1716967485788 2369.0 0
1716967487138 2370.0 0
1716967499132 2371.0 0
1716967499770 2372.0 0
1716967500404 2373.0 0
1716967501113 2374.0 0
1716967501949 2375.0 0
1716967503232 2376.0 0
1716967505801 2377.0 0
1716967508095 2378.0 0
1716967509641 2379.0 0
1716967511063 2380.0 0
1716967524347 2381.0 0
1716967525143 2382.0 0
1716967525768 2383.0 0
1716967526446 2384.0 0
1716967527551 2385.0 0
1716967529557 2386.0 0
1716967531428 2387.0 0
1716967533181 2388.0 0
1716967534763 2389.0 0
1716967536304 2390.0 0
1716967550626 2391.0 0
1716967551287 2392.0 0
1716967551920 2393.0 0
1716967552620 2394.0 0
1716967553427 2395.0 0
1716967554904 2396.0 0
1716967557100 2397.0 0
1716967559418 2398.0 0
1716967561114 2399.0 0
1716967562515 2400.0 0
1716967574061 2401.0 0
1716967574713 2402.0 0
1716967575389 2403.0 0
1716967576109 2404.0 0
1716967576976 2405.0 0
1716967579114 2406.0 0
1716967580482 2407.0 0
1716967582359 2408.0 0
1716967584292 2409.0 0
1716967586037 2410.0 0
1716967606363 2411.0 0
1716967607231 2412.0 0
1716967607886 2413.0 0
1716967608587 2414.0 0
1716967609878 2415.0 0
1716967611263 2416.0 0
1716967612403 2417.0 0
1716967614295 2418.0 0
1716967616853 2419.0 0
1716967618263 2420.0 0
1716967642741 2421.0 0
1716967643657 2422.0 0
1716967644233 2423.0 0
1716967648011 2424.0 0
1716967651968 2425.0 0
1716967653964 2426.0 0
1716967654562 2427.0 0
1716967655116 2428.0 0
1716967657814 2429.0 0
1716967661505 2430.0 0
1716967688805 2431.0 0
1716967689709 2432.0 0
1716967692756 2433.0 0
1716967693980 2434.0 0
1716967694571 2435.0 0
1716967695298 2436.0 0
1716967696243 2437.0 0
1716967697131 2438.0 0
1716967698326 2439.0 0
1716967701609 2440.0 0
1716967727312 2441.0 0
1716967728337 2442.0 0
1716967729225 2443.0 0
1716967732788 2444.0 0
1716967734290 2445.0 0
1716967735075 2446.0 0
1716967736515 2447.0 0
1716967737835 2448.0 0
1716967738877 2449.0 0
1716967740265 2450.0 0
1716967760868 2451.0 0
1716967761497 2452.0 0
1716967762056 2453.0 0
1716967762824 2454.0 0
1716967763676 2455.0 0
1716967764553 2456.0 0
1716967765817 2457.0 0
1716967767150 2458.0 0
1716967769662 2459.0 0
1716967771981 2460.0 0
1716967796134 2461.0 0
1716967797073 2462.0 0
1716967797719 2463.0 0
1716967801144 2464.0 0
1716967802048 2465.0 0
1716967802758 2466.0 0
1716967804689 2467.0 0
1716967806643 2468.0 0
1716967807452 2469.0 0
1716967808348 2470.0 0
1716967828572 2471.0 0
1716967829326 2472.0 0
1716967829979 2473.0 0
1716967832514 2474.0 0
1716967834898 2475.0 0
1716967835596 2476.0 0
1716967836324 2477.0 0
1716967837883 2478.0 0
1716967839065 2479.0 0
1716967840749 2480.0 0
1716967856867 2481.0 0
1716967857818 2482.0 0
1716967859290 2483.0 0
1716967861141 2484.0 0
1716967862128 2485.0 0
1716967863056 2486.0 0
1716967864336 2487.0 0
1716967866258 2488.0 0
1716967868668 2489.0 0
1716967870458 2490.0 0
1716967891202 2491.0 0
1716967891954 2492.0 0
1716967892754 2493.0 0
1716967893464 2494.0 0
1716967894410 2495.0 0
1716967895655 2496.0 0
1716967897945 2497.0 0
1716967900631 2498.0 0
1716967902265 2499.0 0
1716967904020 2500.0 0
1716967924105 2501.0 0
1716967924864 2502.0 0
1716967925496 2503.0 0
1716967926145 2504.0 0
1716967927033 2505.0 0
1716967928070 2506.0 0
1716967930312 2507.0 0
1716967932811 2508.0 0
1716967934608 2509.0 0
1716967936118 2510.0 0
1716967956342 2511.0 0
1716967957045 2512.0 0
1716967957606 2513.0 0
1716967958275 2514.0 0
1716967959108 2515.0 0
1716967960017 2516.0 0
1716967960992 2517.0 0
1716967962718 2518.0 0
1716967965578 2519.0 0
1716967967468 2520.0 0
1716967982305 2521.0 0
1716967983075 2522.0 0
1716967983796 2523.0 0
1716967984543 2524.0 0
1716967985415 2525.0 0
1716967986781 2526.0 0
1716967988981 2527.0 0
1716967991233 2528.0 0
1716967992768 2529.0 0
1716967994098 2530.0 0
1716968006613 2531.0 0
1716968007256 2532.0 0
1716968007919 2533.0 0
1716968008653 2534.0 0
1716968009621 2535.0 0
1716968011709 2536.0 0
1716968013354 2537.0 0
1716968015191 2538.0 0
1716968017053 2539.0 0
1716968018977 2540.0 0
1716968040626 2541.0 0
1716968042308 2542.0 0
1716968042932 2543.0 0
1716968044374 2544.0 0
1716968045628 2545.0 0
1716968046682 2546.0 0
1716968047670 2547.0 0
1716968048722 2548.0 0
1716968050697 2549.0 0
1716968053131 2550.0 0
1716968073521 2551.0 0
1716968074276 2552.0 0
1716968074928 2553.0 0
1716968075657 2554.0 0
1716968076723 2555.0 0
1716968078070 2556.0 0
1716968079830 2557.0 0
1716968082534 2558.0 0
1716968084224 2559.0 0
1716968085559 2560.0 0
1716968099186 2561.0 0
1716968099817 2562.0 0
1716968100508 2563.0 0
1716968101502 2564.0 0
1716968102625 2565.0 0
1716968103877 2566.0 0
1716968105454 2567.0 0
1716968107768 2568.0 0
1716968109693 2569.0 0
1716968111277 2570.0 0
1716968132734 2571.0 0
1716968134714 2572.0 0
1716968135666 2573.0 0
1716968136769 2574.0 0
1716968139974 2575.0 0
1716968141285 2576.0 0
1716968142455 2577.0 0
1716968143538 2578.0 0
1716968145095 2579.0 0
1716968146362 2580.0 0
1716968169281 2581.0 0
1716968170190 2582.0 0
1716968170837 2583.0 0
1716968171559 2584.0 0
1716968172541 2585.0 0
1716968173676 2586.0 0
1716968175055 2587.0 0
1716968177303 2588.0 0
1716968179683 2589.0 0
1716968181609 2590.0 0
1716968204487 2591.0 0
1716968205303 2592.0 0
1716968205904 2593.0 0
1716968206675 2594.0 0
1716968209481 2595.0 0
1716968210860 2596.0 0
1716968212144 2597.0 0
1716968213560 2598.0 0
1716968214574 2599.0 0
1716968216191 2600.0 0
1716968237278 2601.0 0
1716968238004 2602.0 0
1716968238628 2603.0 0
1716968239340 2604.0 0
1716968240389 2605.0 0
1716968241855 2606.0 0
1716968244194 2607.0 0
1716968245573 2608.0 0
1716968247193 2609.0 0
1716968248865 2610.0 0
1716968265514 2611.0 0
1716968267121 2612.0 0
1716968268021 2613.0 0
1716968268710 2614.0 0
1716968269608 2615.0 0
1716968270726 2616.0 0
1716968272180 2617.0 0
1716968275271 2618.0 0
1716968277338 2619.0 0
1716968278951 2620.0 0
1716968306218 2621.0 0
1716968309343 2622.0 0
1716968312338 2623.0 0
1716968314708 2624.0 0
1716968315590 2625.0 0
1716968316780 2626.0 0
1716968318115 2627.0 0
1716968319986 2628.0 0
1716968321717 2629.0 0
1716968322617 2630.0 0
1716968354065 2631.0 0
1716968355532 2632.0 0
1716968356237 2633.0 0
1716968357779 2634.0 0
1716968360351 2635.0 0
1716968360967 2636.0 0
1716968361700 2637.0 0
1716968362607 2638.0 0
1716968363643 2639.0 0
1716968365550 2640.0 0
1716968396346 2641.0 0
1716968399817 2642.0 0
1716968401641 2643.0 0
1716968403044 2644.0 0
1716968405392 2645.0 0
1716968407738 2646.0 0
1716968408697 2647.0 0
1716968411505 2648.0 0
1716968412409 2649.0 0
1716968413295 2650.0 0
1716968446435 2651.0 0
1716968447191 2652.0 0
1716968447795 2653.0 0
1716968448951 2654.0 0
1716968449838 2655.0 0
1716968450846 2656.0 0
1716968451839 2657.0 0
1716968454430 2658.0 0
1716968456993 2659.0 0
1716968458236 2660.0 0
1716968486524 2661.0 0
1716968487434 2662.0 0
1716968488153 2663.0 0
1716968489452 2664.0 0
1716968492055 2665.0 0
1716968493288 2666.0 0
1716968494726 2667.0 0
1716968495827 2668.0 0
1716968497048 2669.0 0
1716968498481 2670.0 0
1716968528377 2671.0 0
1716968529445 2672.0 0
1716968530162 2673.0 0
1716968531165 2674.0 0
1716968532609 2675.0 0
1716968534697 2676.0 0
1716968535923 2677.0 0
1716968536853 2678.0 0
1716968538009 2679.0 0
1716968539464 2680.0 0
1716968612795 2681.0 0
1716968613954 2682.0 0
1716968614594 2683.0 0
1716968615813 2684.0 0
1716968617297 2685.0 0
1716968618298 2686.0 0
1716968619474 2687.0 0
1716968620552 2688.0 0
1716968622353 2689.0 0
1716968625188 2690.0 0
1716968656461 2691.0 0
1716968657441 2692.0 0
1716968658691 2693.0 0
1716968662057 2694.0 0
1716968664250 2695.0 0
1716968665654 2696.0 0
1716968666513 2697.0 0
1716968668640 2698.0 0
1716968669865 2699.0 0
1716968670921 2700.0 0
