1716961630188 7.223783016204834 0
1716961632074 8.981538772583008 0
1716961632695 6.775790691375732 0
1716961633516 6.522238254547119 0
1716961635274 6.158061504364014 0
1716961636625 5.867569446563721 0
1716961638580 5.563899993896484 0
1716961640023 5.26594877243042 0
1716961641468 4.909717559814453 0
1716961643494 4.43474006652832 0
1716961670399 4.333681583404541 0
1716961671823 3.8027212619781494 0
1716961672752 3.754611015319824 0
1716961674920 3.4464945793151855 0
1716961676087 3.4186134338378906 0
1716961677107 3.3105268478393555 0
1716961678211 3.124354362487793 0
1716961679521 3.0894699096679688 0
1716961681867 2.9645118713378906 0
1716961683910 2.860851764678955 0
1716961703656 2.829209804534912 0
1716961704206 2.768627405166626 0
1716961704920 2.6835570335388184 0
1716961706826 2.636821746826172 0
1716961707917 2.617351531982422 0
1716961708958 2.5510592460632324 0
1716961710328 2.5183236598968506 0
1716961712511 2.494487762451172 0
1716961715097 2.4549903869628906 0
1716961717296 2.4159014225006104 0
1716961734802 2.3964383602142334 0
1716961735569 2.3600947856903076 0
1716961737537 2.3298380374908447 0
1716961739636 2.3134522438049316 0
1716961741194 2.2817909717559814 0
1716961742728 2.253279685974121 0
1716961743772 2.241602659225464 0
1716961745162 2.204230308532715 0
1716961746571 2.187053918838501 0
1716961748709 2.1625478267669678 0
1716961761240 2.131469488143921 0
1716961761848 2.114553213119507 0
1716961762540 2.083524703979492 0
1716961763676 2.063056468963623 0
1716961765366 2.0410537719726562 0
1716961766844 2.0156712532043457 0
1716961768178 1.9950580596923828 0
1716961769532 1.9705939292907715 0
1716961771760 1.9481507539749146 0
1716961773953 1.9252663850784302 0
1716961788774 1.8990057706832886 0
1716961789465 1.877308964729309 0
1716961790741 1.8519155979156494 0
1716961793109 1.8309752941131592 0
1716961794221 1.8063803911209106 0
1716961795028 1.7844221591949463 0
1716961796430 1.7638298273086548 0
1716961797492 1.7409590482711792 0
1716961799804 1.7208538055419922 0
1716961802306 1.7014164924621582 0
1716961815890 1.6809529066085815 0
1716961819090 1.6606231927871704 0
1716961819998 1.6414190530776978 0
1716961821028 1.620219349861145 0
1716961822892 1.600976586341858 0
1716961824183 1.5814800262451172 0
1716961826781 1.56195068359375 0
1716961827688 1.5425989627838135 0
1716961829010 1.5238347053527832 0
1716961831066 1.505385398864746 0
1716961850445 1.4861154556274414 0
1716961851181 1.4671449661254883 0
1716961851931 1.447937250137329 0
1716961853344 1.4277328252792358 0
1716961854661 1.4081141948699951 0
1716961856056 1.3883658647537231 0
1716961857463 1.3685567378997803 0
1716961859081 1.34908926486969 0
1716961861310 1.329970121383667 0
1716961863284 1.3112746477127075 0
1716961875822 1.2921600341796875 0
1716961876358 1.2730984687805176 0
1716961876989 1.258182406425476 0
1716961878290 1.297136902809143 0
1716961879995 1.5877403020858765 0
1716961881450 2.050658702850342 0
1716961882564 1.5906461477279663 0
1716961883899 1.5074398517608643 0
1716961886106 1.7718207836151123 0
1716961888323 1.660157561302185 0
1716961902140 1.5077918767929077 0
1716961902747 1.4520070552825928 0
1716961903524 1.4934608936309814 0
1716961904755 1.4835840463638306 0
1716961906257 1.3130775690078735 0
1716961907977 1.2621181011199951 0
1716961909115 1.3454627990722656 0
1716961910415 1.2781280279159546 0
1716961912524 1.2069520950317383 0
1716961914730 1.1901847124099731 0
1716961927903 1.1959517002105713 0
1716961928606 1.1857491731643677 0
1716961929386 1.123285174369812 0
1716961930943 1.1186234951019287 0
1716961932191 1.10752534866333 0
1716961933480 1.0419012308120728 0
1716961934837 1.0478407144546509 0
1716961936547 1.0366716384887695 0
1716961939000 1.0051608085632324 0
1716961940902 0.9813293814659119 0
1716961956878 0.9669301509857178 0
1716961958143 0.958755373954773 0
1716961959674 0.9237921833992004 0
1716961961362 0.9160051941871643 0
1716961962611 0.9057410955429077 0
1716961963562 0.8801860809326172 0
1716961965112 0.8771476149559021 0
1716961966666 0.8559444546699524 0
1716961968291 0.8407954573631287 0
1716961970398 0.8267489075660706 0
1716962004594 0.8183428049087524 0
1716962005878 0.7994993925094604 0
1716962007760 0.7906171083450317 0
1716962009576 0.7761934995651245 0
1716962011051 0.7626705169677734 0
1716962011817 0.7534410953521729 0
1716962012675 0.7393856048583984 0
1716962013868 0.7287017703056335 0
1716962015099 0.7189446091651917 0
1716962016791 0.7065751552581787 0
1716962038177 0.6984179615974426 0
1716962040550 0.6864221692085266 0
1716962041250 0.6764951348304749 0
1716962041874 0.667461097240448 0
1716962042652 0.6567030549049377 0
1716962044087 0.6475977897644043 0
1716962045120 0.6382007598876953 0
1716962046872 0.6289073824882507 0
1716962049782 0.6199129819869995 0
1716962051562 0.6109033226966858 0
1716962063658 0.6022750735282898 0
1716962064331 0.5936565399169922 0
1716962065041 0.5858863592147827 0
1716962065815 0.5767645835876465 0
1716962066692 0.5683565139770508 0
1716962067959 0.5609713196754456 0
1716962070314 0.5523255467414856 0
1716962072573 0.5454028844833374 0
1716962074151 0.5383041501045227 0
1716962075715 0.5305441617965698 0
1716962086873 0.5231232643127441 0
1716962087717 0.5169198513031006 0
1716962088810 0.5094934105873108 0
1716962089878 0.5024980902671814 0
1716962090818 0.4959603548049927 0
1716962091947 0.4896380603313446 0
1716962093724 0.48283907771110535 0
1716962096223 0.4764789640903473 0
1716962097931 0.4707324504852295 0
1716962099387 0.46439987421035767 0
1716962110767 0.45844897627830505 0
1716962111501 0.4528297781944275 0
1716962112143 0.4469136893749237 0
1716962112908 0.44130635261535645 0
1716962113754 0.4359454810619354 0
1716962115087 0.43051519989967346 0
1716962117326 0.42523497343063354 0
1716962119594 0.42017126083374023 0
1716962121186 0.41519081592559814 0
1716962122517 0.41036489605903625 0
1716962133571 0.4054815471172333 0
1716962134225 0.4010604918003082 0
1716962134897 0.39753901958465576 0
1716962135649 0.392889142036438 0
1716962136515 0.3879911005496979 0
1716962137830 0.3838646709918976 0
1716962139932 0.38026151061058044 0
1716962142258 0.3760819733142853 0
1716962143846 0.3718719482421875 0
1716962145167 0.36895450949668884 0
1716962158770 0.365927517414093 0
1716962160396 0.3654463291168213 0
1716962161613 0.36268192529678345 0
1716962162544 0.3577961027622223 0
1716962163836 0.3518775403499603 0
1716962165914 0.35790589451789856 0
1716962166785 0.3747730851173401 0
1716962167861 0.42106005549430847 0
1716962169599 0.4366201162338257 0
1716962171880 0.35732710361480713 0
1716962183818 0.39420685172080994 0
1716962184786 0.3950328528881073 0
1716962186226 0.3588640093803406 0
1716962187780 0.3883267939090729 0
1716962188786 0.3592350482940674 0
1716962189702 0.3558410108089447 0
1716962191283 0.3484542965888977 0
1716962193451 0.344209223985672 0
1716962195477 0.33787134289741516 0
1716962197089 0.3327915370464325 0
1716962207701 0.3311845660209656 0
1716962208935 0.32092419266700745 0
1716962210128 0.3247055411338806 0
1716962211254 0.313972532749176 0
1716962212215 0.31234824657440186 0
1716962213555 0.3059755861759186 0
1716962214800 0.30553945899009705 0
1716962216967 0.3039158582687378 0
1716962219129 0.29543957114219666 0
1716962220745 0.29831212759017944 0
1716962232327 0.2909027636051178 0
1716962233079 0.2889309227466583 0
1716962233782 0.2887832522392273 0
1716962234634 0.2845892608165741 0
1716962235764 0.2829980254173279 0
1716962236958 0.2793636918067932 0
1716962238644 0.2788335680961609 0
1716962240985 0.27600646018981934 0
1716962242703 0.2739090621471405 0
1716962244086 0.2726712226867676 0
1716962255170 0.27073773741722107 0
1716962255884 0.26882657408714294 0
1716962256511 0.26728561520576477 0
1716962257219 0.26543208956718445 0
1716962258088 0.2638135254383087 0
1716962259436 0.2624720335006714 0
1716962261679 0.2600717842578888 0
1716962263943 0.25944584608078003 0
1716962265519 0.25790247321128845 0
1716962266984 0.2560053765773773 0
1716962277414 0.2551098167896271 0
1716962278655 0.2534392774105072 0
1716962280193 0.25218236446380615 0
1716962281549 0.2512121796607971 0
1716962282791 0.24998338520526886 0
1716962284167 0.24852746725082397 0
1716962285676 0.24709399044513702 0
1716962287158 0.2462823987007141 0
1716962288633 0.2452174574136734 0
1716962290445 0.2438889592885971 0
1716962303174 0.24278783798217773 0
1716962303997 0.24161671102046967 0
1716962304662 0.2408176064491272 0
1716962305505 0.23972287774085999 0
1716962306649 0.23862096667289734 0
1716962308506 0.23763179779052734 0
1716962310047 0.2367067039012909 0
1716962312163 0.23585759103298187 0
1716962313934 0.23500733077526093 0
1716962315626 0.23417185246944427 0
1716962334442 0.23333321511745453 0
1716962335280 0.2323443740606308 0
1716962335911 0.23140525817871094 0
1716962336676 0.2304825782775879 0
1716962337614 0.22962000966072083 0
1716962339658 0.22884100675582886 0
1716962341068 0.22810125350952148 0
1716962342938 0.22746458649635315 0
1716962344736 0.2270800620317459 0
1716962346403 0.2274578958749771 0
1716962357657 0.2338675707578659 0
1716962358425 0.23449267446994781 0
1716962359086 0.22677704691886902 0
1716962359854 0.23385658860206604 0
1716962361027 0.22853928804397583 0
1716962362424 0.22809481620788574 0
1716962364478 0.22704094648361206 0
1716962366607 0.22423136234283447 0
1716962368216 0.22359304130077362 0
1716962369590 0.2234163135290146 0
1716962381605 0.22209404408931732 0
1716962382299 0.21998551487922668 0
1716962382943 0.2200614959001541 0
1716962383676 0.2195586860179901 0
1716962384542 0.2177688032388687 0
1716962386160 0.21769572794437408 0
1716962388375 0.21590377390384674 0
1716962390554 0.2155316025018692 0
1716962392130 0.2156422883272171 0
1716962393462 0.21461579203605652 0
1716962403506 0.2131817489862442 0
1716962404379 0.21526183187961578 0
1716962405554 0.28989315032958984 0
1716962406338 0.9114783406257629 0
1716962407155 1.9006471633911133 0
1716962408463 1.519093632698059 0
1716962410169 2.2836825847625732 0
1716962412544 1.8362194299697876 0
1716962414223 1.9550532102584839 0
1716962415562 1.537578821182251 0
1716962424845 1.7017825841903687 0
1716962425563 1.7890208959579468 0
1716962426271 1.588204264640808 0
1716962427782 1.5137953758239746 0
1716962429252 1.5118701457977295 0
1716962430594 1.4017009735107422 0
1716962431728 1.293379306793213 0
1716962433341 1.2535330057144165 0
1716962435474 1.228364109992981 0
1716962437324 1.1250355243682861 0
1716962447437 1.0598022937774658 0
1716962448145 1.0220738649368286 0
1716962448839 0.9494181275367737 0
1716962449578 0.8982122540473938 0
1716962450743 0.8797616958618164 0
1716962452811 0.8628082275390625 0
1716962454532 0.8251470327377319 0
1716962455907 0.778270959854126 0
1716962457444 0.7407507300376892 0
1716962459109 0.7056041955947876 0
1716962469362 0.669572114944458 0
1716962470022 0.6457309722900391 0
1716962470704 0.6260069012641907 0
1716962471473 0.6009588241577148 0
1716962472307 0.5778216123580933 0
1716962474137 0.5593456625938416 0
1716962476155 0.5416719913482666 0
1716962477901 0.5228297710418701 0
1716962479560 0.5051246285438538 0
1716962481130 0.4888732433319092 0
1716962493351 0.4732362627983093 0
1716962494030 0.4584905803203583 0
1716962494705 0.4444245398044586 0
1716962495448 0.4311876595020294 0
1716962496726 0.41995081305503845 0
1716962498490 0.41027140617370605 0
1716962500089 0.40065136551856995 0
1716962501767 0.39074310660362244 0
1716962503543 0.38104894757270813 0
1716962505162 0.3720306158065796 0
1716962514527 0.36379000544548035 0
1716962515212 0.3561989963054657 0
1716962515974 0.3492494225502014 0
1716962516669 0.3429250717163086 0
1716962517532 0.3369681239128113 0
1716962518983 0.3312729001045227 0
1716962520918 0.3259360194206238 0
1716962523137 0.32087939977645874 0
1716962524844 0.31589800119400024 0
1716962526280 0.31102001667022705 0
1716962537152 0.3064538538455963 0
1716962537811 0.30218732357025146 0
1716962538471 0.29805701971054077 0
1716962539162 0.29407668113708496 0
1716962540150 0.2903442978858948 0
1716962541400 0.2868298888206482 0
1716962543351 0.28348904848098755 0
1716962545635 0.2803187966346741 0
1716962547226 0.27729520201683044 0
1716962548565 0.27442339062690735 0
1716962558892 0.2717258632183075 0
1716962559567 0.26917338371276855 0
1716962560305 0.2667481005191803 0
1716962561054 0.26448461413383484 0
1716962561853 0.2623726427555084 0
1716962563103 0.2603532373905182 0
1716962565194 0.25839656591415405 0
1716962567485 0.2565126419067383 0
1716962569083 0.25468820333480835 0
1716962570423 0.25291144847869873 0
1716962580900 0.2511994540691376 0
1716962581564 0.2495766282081604 0
1716962582237 0.24803507328033447 0
1716962582979 0.24654218554496765 0
1716962583805 0.2450980544090271 0
1716962585026 0.24371932446956635 0
1716962587478 0.24240423738956451 0
1716962589686 0.24113374948501587 0
1716962591177 0.2399093359708786 0
1716962592454 0.23872873187065125 0
1716962602250 0.23758170008659363 0
1716962603274 0.23646509647369385 0
1716962604332 0.23538851737976074 0
1716962605086 0.23435427248477936 0
1716962605971 0.23335401713848114 0
1716962607133 0.2323819100856781 0
1716962609284 0.2314380407333374 0
1716962611834 0.2305210828781128 0
1716962613473 0.2296316921710968 0
1716962614946 0.2287680059671402 0
1716962628194 0.22792699933052063 0
1716962628968 0.22710475325584412 0
1716962629648 0.22630450129508972 0
1716962630451 0.22552490234375 0
1716962631374 0.2247636765241623 0
1716962632806 0.22402003407478333 0
1716962635129 0.22329451143741608 0
1716962637321 0.22258621454238892 0
1716962638887 0.22189173102378845 0
1716962640282 0.22121287882328033 0
1716962651154 0.2205500602722168 0
1716962651807 0.21989834308624268 0
1716962652521 0.21925735473632812 0
1716962653239 0.2186276912689209 0
1716962654310 0.21801002323627472 0
1716962655572 0.21740303933620453 0
1716962657265 0.2168082892894745 0
1716962659646 0.21622203290462494 0
1716962661293 0.2156466245651245 0
1716962662915 0.21508167684078217 0
1716962672616 0.21452634036540985 0
1716962673325 0.21398158371448517 0
1716962674025 0.21344755589962006 0
1716962674750 0.2129225879907608 0
1716962675623 0.2124052494764328 0
1716962676999 0.21189697086811066 0
1716962679098 0.21139802038669586 0
1716962681254 0.21090632677078247 0
1716962682845 0.21042276918888092 0
1716962684213 0.20994606614112854 0
1716962700293 0.209477961063385 0
1716962701280 0.20901663601398468 0
1716962702840 0.2085619568824768 0
1716962704265 0.2081134021282196 0
1716962705260 0.20767144858837128 0
1716962706306 0.20723603665828705 0
1716962707656 0.20680588483810425 0
1716962709607 0.20638175308704376 0
1716962711864 0.20596259832382202 0
1716962713612 0.20554879307746887 0
1716962727281 0.20514068007469177 0
1716962727970 0.20473648607730865 0
1716962728657 0.20433765649795532 0
1716962729382 0.2039438635110855 0
1716962730458 0.20355312526226044 0
1716962732645 0.20316839218139648 0
1716962734222 0.20278719067573547 0
1716962736041 0.20240987837314606 0
1716962737788 0.2020367980003357 0
1716962739468 0.20166778564453125 0
1716962750250 0.20130279660224915 0
1716962750962 0.20094075798988342 0
1716962751655 0.20058320462703705 0
1716962752456 0.200228750705719 0
1716962753324 0.19987748563289642 0
1716962754951 0.1995294690132141 0
1716962756998 0.19918538630008698 0
1716962759179 0.19884426891803741 0
1716962760795 0.19850575923919678 0
1716962762189 0.19817107915878296 0
1716962772816 0.19783906638622284 0
1716962773555 0.19750991463661194 0
1716962774259 0.19718384742736816 0
1716962774977 0.19686105847358704 0
1716962775816 0.19654032588005066 0
1716962777147 0.19622232019901276 0
1716962779722 0.19590695202350616 0
1716962781978 0.19559426605701447 0
1716962783472 0.19528381526470184 0
1716962784771 0.19497650861740112 0
1716962795385 0.19467167556285858 0
1716962796090 0.1943679302930832 0
1716962796742 0.1940670907497406 0
1716962797520 0.19376975297927856 0
1716962798644 0.19347350299358368 0
1716962800006 0.19317962229251862 0
1716962801946 0.19288793206214905 0
1716962804190 0.19259905815124512 0
1716962805790 0.19231128692626953 0
1716962807114 0.19202589988708496 0
1716962816995 0.19174237549304962 0
1716962817659 0.19146089255809784 0
1716962818301 0.19118112325668335 0
1716962819013 0.19090396165847778 0
1716962819875 0.19062811136245728 0
1716962821391 0.1903543472290039 0
1716962823345 0.19008173048496246 0
1716962825536 0.1898120939731598 0
1716962827220 0.18954381346702576 0
1716962828548 0.18927696347236633 0
1716962839209 0.18901146948337555 0
1716962839855 0.18874870240688324 0
1716962840567 0.18848660588264465 0
1716962841596 0.1882268190383911 0
1716962842415 0.18796852231025696 0
1716962843708 0.1877116858959198 0
1716962845708 0.1874566227197647 0
1716962847665 0.18720318377017975 0
1716962849416 0.18695136904716492 0
1716962850939 0.18670079112052917 0
1716962861130 0.18645240366458893 0
1716962861844 0.18620488047599792 0
1716962862509 0.1859598606824875 0
1716962863217 0.1857151836156845 0
1716962864047 0.1854725182056427 0
1716962865306 0.18523144721984863 0
1716962867598 0.1849915087223053 0
1716962869710 0.18475335836410522 0
1716962871171 0.1845177412033081 0
1716962872465 0.18428215384483337 0
1716962882931 0.1840481162071228 0
1716962883593 0.18381629884243011 0
1716962884223 0.18358469009399414 0
1716962884944 0.1833554357290268 0
1716962885829 0.18312783539295197 0
1716962887183 0.1829005628824234 0
1716962889288 0.18267524242401123 0
1716962891434 0.18245095014572144 0
1716962892915 0.1822279393672943 0
1716962894175 0.1820066273212433 0
1716962904728 0.18178631365299225 0
1716962905421 0.1815674751996994 0
1716962906051 0.18134954571723938 0
1716962906801 0.18113255500793457 0
1716962908000 0.1809166669845581 0
1716962909161 0.18070262670516968 0
1716962910880 0.18048956990242004 0
1716962913205 0.18027780950069427 0
1716962914958 0.18006639182567596 0
1716962916371 0.17985601723194122 0
1716962927369 0.17964713275432587 0
1716962928024 0.17943914234638214 0
1716962928770 0.17923197150230408 0
1716962929516 0.17902599275112152 0
1716962930400 0.17882083356380463 0
1716962931680 0.17861732840538025 0
1716962933700 0.17841437458992004 0
1716962935894 0.17821228504180908 0
1716962937434 0.17801091074943542 0
1716962938781 0.1778108775615692 0
1716962949464 0.17761161923408508 0
1716962950237 0.17741353809833527 0
1716962950962 0.17721590399742126 0
1716962951695 0.17701931297779083 0
1716962952513 0.1768227219581604 0
1716962953724 0.17662841081619263 0
1716962956237 0.17643441259860992 0
1716962958489 0.17624090611934662 0
1716962960057 0.17604845762252808 0
1716962961367 0.1758572906255722 0
1716962974633 0.17566636204719543 0
1716962975263 0.1754762828350067 0
1716962975894 0.17528682947158813 0
1716962976608 0.17509932816028595 0
1716962977691 0.17491096258163452 0
1716962978939 0.17472410202026367 0
1716962980892 0.1745378077030182 0
1716962983128 0.17435269057750702 0
1716962984748 0.17416830360889435 0
1716962986099 0.173984557390213 0
1716962996185 0.173801451921463 0
1716962996880 0.17361940443515778 0
1716962997560 0.17343756556510925 0
1716962998301 0.1732565015554428 0
1716962999262 0.17307600378990173 0
1716963000677 0.17289666831493378 0
1716963002874 0.17271721363067627 0
1716963004889 0.17253924906253815 0
1716963006443 0.17236089706420898 0
1716963007771 0.17218470573425293 0
1716963018274 0.17200763523578644 0
1716963018993 0.17183102667331696 0
1716963019649 0.17165632545948029 0
1716963020423 0.17148202657699585 0
1716963021292 0.1713070571422577 0
1716963022639 0.17113333940505981 0
1716963024737 0.1709596812725067 0
1716963026924 0.17078593373298645 0
1716963028578 0.17061388492584229 0
1716963029806 0.17044135928153992 0
1716963041481 0.1702696830034256 0
1716963042258 0.17009790241718292 0
1716963042901 0.16992618143558502 0
1716963043640 0.16975520551204681 0
1716963044460 0.16958414018154144 0
1716963045983 0.16941308975219727 0
1716963048219 0.16924339532852173 0
1716963050359 0.16907301545143127 0
1716963051847 0.16890408098697662 0
1716963053167 0.16873517632484436 0
1716963064385 0.16856639087200165 0
1716963065089 0.16839872300624847 0
1716963065764 0.1682322919368744 0
1716963066503 0.1680653691291809 0
1716963067384 0.16789960861206055 0
1716963068791 0.16773438453674316 0
1716963070812 0.16756999492645264 0
1716963072985 0.16740666329860687 0
1716963074511 0.16724295914173126 0
1716963075821 0.16708047688007355 0
1716963086070 0.16691815853118896 0
1716963086803 0.16675728559494019 0
1716963087535 0.1665961891412735 0
1716963088238 0.16643662750720978 0
1716963089072 0.1662764698266983 0
1716963090368 0.16611801087856293 0
1716963092665 0.16596008837223053 0
1716963094938 0.16580229997634888 0
1716963096493 0.16564492881298065 0
1716963097806 0.16548891365528107 0
1716963108339 0.16533294320106506 0
1716963109043 0.16517794132232666 0
1716963109704 0.16502325236797333 0
1716963110481 0.1648690402507782 0
1716963111307 0.1647152453660965 0
1716963112613 0.1645621806383133 0
1716963114875 0.16440966725349426 0
1716963117108 0.1642569899559021 0
1716963118629 0.16410547494888306 0
1716963119993 0.16395451128482819 0
1716963130454 0.16380377113819122 0
1716963131144 0.16365304589271545 0
1716963131804 0.16350297629833221 0
1716963132522 0.16335374116897583 0
1716963133323 0.16320455074310303 0
1716963134680 0.16305574774742126 0
1716963137060 0.16290727257728577 0
1716963139167 0.16275911033153534 0
1716963140702 0.16261212527751923 0
1716963142016 0.16246460378170013 0
1716963152231 0.1623179167509079 0
1716963152925 0.16217130422592163 0
1716963153592 0.16202500462532043 0
1716963154300 0.16187943518161774 0
1716963155171 0.16173362731933594 0
1716963156414 0.1615886390209198 0
1716963158742 0.16144350171089172 0
1716963160873 0.1612994521856308 0
1716963162428 0.16115494072437286 0
1716963163783 0.1610114723443985 0
1716963174152 0.1608678251504898 0
1716963174835 0.16072511672973633 0
1716963175502 0.16058261692523956 0
1716963176218 0.16044019162654877 0
1716963177035 0.16029848158359528 0
1716963178324 0.16015739738941193 0
1716963180761 0.1600165069103241 0
1716963182941 0.15987645089626312 0
1716963184468 0.1597367525100708 0
1716963185738 0.1595972627401352 0
1716963196933 0.15945856273174286 0
1716963197577 0.1593206226825714 0
1716963198261 0.15918265283107758 0
1716963198971 0.15904490649700165 0
1716963199777 0.15890881419181824 0
1716963200952 0.1587725132703781 0
1716963203297 0.15863695740699768 0
1716963205614 0.15850131213665009 0
1716963207071 0.15836718678474426 0
1716963208322 0.15823306143283844 0
1716963218074 0.15809957683086395 0
1716963218737 0.15796731412410736 0
1716963219409 0.15783506631851196 0
1716963220126 0.15770381689071655 0
1716963220981 0.15757285058498383 0
1716963222385 0.15744273364543915 0
1716963224581 0.15731312334537506 0
1716963226639 0.1571839153766632 0
1716963228110 0.1570555418729782 0
1716963229438 0.15692779421806335 0
1716963239629 0.15680080652236938 0
1716963240409 0.1566745489835739 0
1716963241095 0.15654827654361725 0
1716963241826 0.15642328560352325 0
1716963242655 0.15629823505878448 0
1716963244019 0.15617382526397705 0
1716963246543 0.15605075657367706 0
1716963248587 0.15592733025550842 0
1716963250053 0.1558046191930771 0
1716963251316 0.15568241477012634 0
1716963261415 0.15556146204471588 0
1716963262103 0.15544050931930542 0
1716963262786 0.1553202122449875 0
1716963263492 0.15520015358924866 0
1716963264292 0.15508049726486206 0
1716963265681 0.15496212244033813 0
1716963267986 0.15484343469142914 0
1716963270060 0.1547265648841858 0
1716963271578 0.154608815908432 0
1716963272829 0.15449219942092896 0
1716963283213 0.15437550842761993 0
1716963283903 0.15425972640514374 0
1716963284573 0.15414465963840485 0
1716963285292 0.15402987599372864 0
1716963286322 0.15391476452350616 0
1716963287583 0.15380147099494934 0
1716963289714 0.15368779003620148 0
1716963291883 0.15357474982738495 0
1716963293435 0.15346218645572662 0
1716963294737 0.15334998071193695 0
1716963308757 0.15323862433433533 0
1716963309429 0.15312674641609192 0
1716963310060 0.15301670134067535 0
1716963310749 0.15290604531764984 0
1716963311565 0.15279611945152283 0
1716963312920 0.1526864916086197 0
1716963315090 0.15257692337036133 0
1716963317319 0.15246804058551788 0
1716963318815 0.15235964953899384 0
1716963320096 0.1522519588470459 0
1716963330610 0.15214431285858154 0
1716963331320 0.1520366668701172 0
1716963331957 0.1519298255443573 0
1716963332648 0.15182319283485413 0
1716963333480 0.15171673893928528 0
1716963334847 0.15161123871803284 0
1716963337078 0.15150593221187592 0
1716963339167 0.15140022337436676 0
1716963340664 0.15129640698432922 0
1716963342065 0.15119123458862305 0
1716963352407 0.15108728408813477 0
1716963353270 0.1509833186864853 0
1716963353972 0.15087975561618805 0
1716963354711 0.15077713131904602 0
1716963355533 0.1506742388010025 0
1716963357122 0.15057115256786346 0
1716963358925 0.15046927332878113 0
1716963361083 0.15036720037460327 0
1716963362803 0.1502651870250702 0
1716963364229 0.15016329288482666 0
1716963375478 0.15006250143051147 0
1716963376224 0.14996202290058136 0
1716963377037 0.14986123144626617 0
1716963377800 0.14976096153259277 0
1716963378635 0.1496611088514328 0
1716963379914 0.14956173300743103 0
1716963382351 0.14946238696575165 0
1716963384538 0.14936302602291107 0
1716963385951 0.14926408231258392 0
1716963387187 0.1491655856370926 0
1716963397185 0.1490669846534729 0
1716963397869 0.14896906912326813 0
1716963398567 0.14887073636054993 0
1716963399355 0.14877313375473022 0
1716963400208 0.14867615699768066 0
1716963401621 0.14857876300811768 0
1716963403658 0.14848193526268005 0
1716963405793 0.14838513731956482 0
1716963407374 0.14828860759735107 0
1716963408711 0.14819341897964478 0
1716963418769 0.1480962634086609 0
1716963419458 0.14800095558166504 0
1716963420175 0.14790524542331696 0
1716963420898 0.1478094905614853 0
1716963421740 0.14771507680416107 0
1716963423288 0.1476195752620697 0
1716963425339 0.1475253403186798 0
1716963427486 0.14743050932884216 0
1716963429129 0.14733660221099854 0
1716963430561 0.14724235236644745 0
1716963441313 0.14714807271957397 0
1716963441975 0.1470544934272766 0
1716963442634 0.1469610035419464 0
1716963443382 0.14686718583106995 0
1716963444361 0.14677435159683228 0
1716963445802 0.14668118953704834 0
1716963448109 0.1465887725353241 0
1716963449847 0.14649617671966553 0
1716963451413 0.14640410244464874 0
1716963452892 0.14631137251853943 0
1716963463436 0.1462191343307495 0
1716963464183 0.14612799882888794 0
1716963464840 0.14603576064109802 0
1716963465564 0.14594414830207825 0
1716963466392 0.1458529680967331 0
1716963467753 0.14576174318790436 0
1716963469863 0.1456707864999771 0
1716963472083 0.14558012783527374 0
1716963473707 0.14548885822296143 0
1716963475060 0.1453978568315506 0
1716963485224 0.1453080177307129 0
1716963485914 0.14521780610084534 0
1716963486601 0.14512686431407928 0
1716963487316 0.14503726363182068 0
1716963488134 0.1449476033449173 0
1716963489576 0.14485807716846466 0
1716963491647 0.1447678953409195 0
1716963493764 0.14467833936214447 0
1716963495295 0.14458970725536346 0
1716963496650 0.144499734044075 0
1716963506931 0.1444106101989746 0
1716963507632 0.144322469830513 0
1716963508335 0.1442328840494156 0
1716963509063 0.14414416253566742 0
1716963509915 0.14405575394630432 0
1716963511335 0.14396755397319794 0
1716963513327 0.143878772854805 0
1716963515478 0.14379066228866577 0
1716963517043 0.14370213449001312 0
1716963518374 0.1436139941215515 0
1716963528723 0.14352641999721527 0
1716963529399 0.143437922000885 0
1716963530212 0.1433500498533249 0
1716963530918 0.14326238632202148 0
1716963531735 0.14317499101161957 0
1716963533073 0.1430874764919281 0
1716963535124 0.14299994707107544 0
1716963537391 0.14291264116764069 0
1716963538947 0.14282533526420593 0
1716963540281 0.14273792505264282 0
1716963550779 0.14265049993991852 0
1716963551523 0.142563596367836 0
1716963552240 0.1424768567085266 0
1716963552969 0.1423896998167038 0
1716963553772 0.1423027366399765 0
1716963555095 0.1422155201435089 0
1716963557249 0.14212913811206818 0
1716963559578 0.14204265177249908 0
1716963561194 0.14195562899112701 0
1716963562564 0.1418689638376236 0
1716963572908 0.14178231358528137 0
1716963573616 0.14169619977474213 0
1716963574346 0.14160937070846558 0
1716963575082 0.14152280986309052 0
1716963575967 0.1414371132850647 0
1716963577285 0.14135043323040009 0
1716963579403 0.1412639617919922 0
1716963581546 0.1411779522895813 0
1716963583126 0.14109164476394653 0
1716963584472 0.14100489020347595 0
1716963594555 0.14091917872428894 0
1716963595204 0.14083273708820343 0
1716963595896 0.14074750244617462 0
1716963596616 0.1406611055135727 0
1716963597453 0.1405755579471588 0
1716963598930 0.14048880338668823 0
1716963601068 0.14040319621562958 0
1716963603205 0.1403176188468933 0
1716963604749 0.14023156464099884 0
1716963606087 0.1401456892490387 0
1716963616957 0.14006003737449646 0
1716963617617 0.1399749517440796 0
1716963618269 0.13988888263702393 0
1716963618958 0.13980355858802795 0
1716963619825 0.13971853256225586 0
1716963621085 0.1396324783563614 0
1716963623276 0.13954763114452362 0
1716963625489 0.13946211338043213 0
1716963626974 0.13937683403491974 0
1716963628298 0.13929176330566406 0
1716963638581 0.1392064392566681 0
1716963639266 0.1391211301088333 0
1716963639960 0.13903626799583435 0
1716963640669 0.13895125687122345 0
1716963641585 0.13886584341526031 0
1716963643712 0.1387818455696106 0
1716963644995 0.13869674503803253 0
1716963646716 0.13861198723316193 0
1716963648587 0.13852764666080475 0
1716963650261 0.13844208419322968 0
1716963662463 0.13835828006267548 0
1716963663146 0.13827402889728546 0
1716963663802 0.13818995654582977 0
1716963664536 0.13810496032238007 0
1716963665341 0.1380212903022766 0
1716963666779 0.13793709874153137 0
1716963668904 0.13785210251808167 0
1716963670979 0.13776856660842896 0
1716963672557 0.13768503069877625 0
1716963673894 0.1376010924577713 0
1716963684576 0.1375173181295395 0
1716963685559 0.13743342459201813 0
1716963686276 0.13735006749629974 0
1716963687798 0.13726642727851868 0
1716963689237 0.13718281686306 0
1716963690713 0.1370997130870819 0
1716963692322 0.13701586425304413 0
1716963694528 0.13693279027938843 0
1716963696567 0.13684962689876556 0
1716963698266 0.13676638901233673 0
1716963721289 0.13668441772460938 0
1716963722047 0.13660074770450592 0
1716963722670 0.13651759922504425 0
1716963723369 0.1364344358444214 0
1716963724313 0.13635222613811493 0
1716963725471 0.1362694650888443 0
1716963727090 0.1361868977546692 0
1716963728565 0.13610436022281647 0
1716963730275 0.13602177798748016 0
1716963732116 0.1359395682811737 0
1716963745608 0.13585686683654785 0
1716963746416 0.13577485084533691 0
1716963747199 0.13569223880767822 0
1716963747910 0.135610431432724 0
1716963748785 0.13552804291248322 0
1716963750129 0.13544578850269318 0
1716963752557 0.13536390662193298 0
1716963755013 0.13528192043304443 0
1716963756564 0.13520032167434692 0
1716963757805 0.13511869311332703 0
1716963769047 0.1350366175174713 0
1716963770002 0.1349553018808365 0
1716963770769 0.13487356901168823 0
1716963771528 0.13479219377040863 0
1716963772512 0.13471058011054993 0
1716963773805 0.1346292644739151 0
1716963775709 0.13454729318618774 0
1716963778069 0.13446640968322754 0
1716963779807 0.1343846172094345 0
1716963781165 0.13430356979370117 0
1716963792004 0.13422250747680664 0
1716963792677 0.13414090871810913 0
1716963793405 0.13405989110469818 0
1716963794179 0.1339789479970932 0
1716963795086 0.1338975578546524 0
1716963796451 0.1338169425725937 0
1716963798657 0.13373534381389618 0
1716963800819 0.13365520536899567 0
1716963802323 0.13357380032539368 0
1716963803634 0.13349321484565735 0
1716963813865 0.133412703871727 0
1716963814625 0.13333117961883545 0
1716963815556 0.13325060904026031 0
1716963816315 0.13317051529884338 0
1716963817127 0.13308961689472198 0
1716963818272 0.13300856947898865 0
1716963820844 0.13292814791202545 0
1716963823216 0.13284750282764435 0
1716963824723 0.13276642560958862 0
1716963825995 0.13268619775772095 0
1716963835957 0.1326056867837906 0
1716963836681 0.1325247883796692 0
1716963837339 0.13244467973709106 0
1716963838051 0.1323646605014801 0
1716963838956 0.1322837620973587 0
1716963840592 0.13220316171646118 0
1716963842407 0.13212358951568604 0
1716963844577 0.13204225897789001 0
1716963846237 0.1319618821144104 0
1716963847630 0.13188183307647705 0
1716963857730 0.1318010538816452 0
1716963858407 0.13172055780887604 0
1716963859091 0.13163986802101135 0
1716963859820 0.13155974447727203 0
1716963860653 0.1314794421195984 0
1716963861931 0.13139879703521729 0
1716963864121 0.13131804764270782 0
1716963866372 0.1312374472618103 0
1716963867969 0.1311570703983307 0
1716963869392 0.1310766637325287 0
1716963879168 0.13099536299705505 0
1716963879827 0.13091504573822021 0
1716963880834 0.1308344453573227 0
1716963881591 0.1307535022497177 0
1716963882407 0.13067303597927094 0
1716963883583 0.13059276342391968 0
1716963885551 0.13051097095012665 0
1716963888117 0.13043028116226196 0
1716963889731 0.13034938275814056 0
1716963891019 0.13026830554008484 0
1716963901705 0.1301875114440918 0
1716963902393 0.13010607659816742 0
1716963903023 0.1300249844789505 0
1716963903782 0.12994375824928284 0
1716963904974 0.1298627108335495 0
1716963906052 0.12978170812129974 0
1716963907770 0.1296999752521515 0
1716963910111 0.12961918115615845 0
1716963911847 0.12953779101371765 0
1716963913277 0.1294560432434082 0
1716963923650 0.12937521934509277 0
1716963924721 0.12929417192935944 0
1716963925410 0.12921281158924103 0
1716963926102 0.12913183867931366 0
1716963926915 0.12905102968215942 0
1716963928197 0.12896989285945892 0
1716963930381 0.12888920307159424 0
1716963932635 0.12880831956863403 0
1716963934217 0.1287272870540619 0
1716963935488 0.1286468803882599 0
1716963945663 0.12856654822826385 0
1716963946374 0.12848584353923798 0
1716963947033 0.12840570509433746 0
1716963947800 0.1283254772424698 0
1716963948637 0.12824563682079315 0
1716963949881 0.12816596031188965 0
1716963952244 0.1280859112739563 0
1716963954539 0.1280059814453125 0
1716963955978 0.12792713940143585 0
1716963957293 0.1278470903635025 0
1716963968490 0.12776798009872437 0
1716963969172 0.1276894509792328 0
1716963969825 0.1276099979877472 0
1716963970539 0.12753146886825562 0
1716963971370 0.12745246291160583 0
1716963972534 0.12737391889095306 0
1716963974936 0.12729495763778687 0
1716963977162 0.12721677124500275 0
1716963978748 0.1271384358406067 0
1716963980076 0.1270604133605957 0
1716963989607 0.1269822120666504 0
1716963990329 0.12690462172031403 0
1716963991029 0.12682662904262543 0
1716963991752 0.12674881517887115 0
1716963992587 0.1266709715127945 0
1716963993903 0.1265934705734253 0
1716963996147 0.1265164315700531 0
1716963998443 0.1264389604330063 0
1716964000039 0.1263616681098938 0
1716964001340 0.12628500163555145 0
1716964012075 0.12620781362056732 0
1716964012763 0.12613077461719513 0
1716964013419 0.1260542869567871 0
1716964014117 0.1259773075580597 0
1716964014922 0.12590159475803375 0
1716964016239 0.12582464516162872 0
1716964018467 0.12574835121631622 0
1716964020686 0.12567223608493805 0
1716964022272 0.12559600174427032 0
1716964023678 0.12551957368850708 0
1716964033953 0.1254439800977707 0
1716964034617 0.1253681778907776 0
1716964035315 0.12529267370700836 0
1716964036031 0.12521663308143616 0
1716964037224 0.12514080107212067 0
1716964038764 0.1250654011964798 0
1716964040224 0.12499002367258072 0
1716964042173 0.12491484731435776 0
1716964044090 0.12483973801136017 0
1716964045649 0.12476427853107452 0
1716964054892 0.12468872219324112 0
1716964055570 0.12461411207914352 0
1716964056343 0.1245388612151146 0
1716964057404 0.12446387112140656 0
1716964058251 0.12438900023698807 0
1716964059420 0.12431394308805466 0
1716964061501 0.12423975765705109 0
1716964063804 0.12416473031044006 0
1716964065468 0.12409054487943649 0
1716964066814 0.12401597201824188 0
1716964077028 0.12394136190414429 0
1716964077994 0.1238667443394661 0
1716964078723 0.12379270792007446 0
1716964079471 0.12371809780597687 0
1716964080322 0.12364378571510315 0
1716964081614 0.12356909364461899 0
1716964083914 0.12349545210599899 0
1716964086155 0.12342144548892975 0
1716964087844 0.12334676831960678 0
1716964089221 0.12327289581298828 0
1716964099904 0.12319858372211456 0
1716964100593 0.12312488257884979 0
1716964101255 0.12305096536874771 0
1716964101947 0.12297657877206802 0
1716964102805 0.12290285527706146 0
1716964104135 0.12282896786928177 0
1716964106252 0.12275543063879013 0
1716964108483 0.12268086522817612 0
1716964110098 0.12260767072439194 0
1716964111446 0.12253334373235703 0
1716964121640 0.12245981395244598 0
1716964122297 0.12238577008247375 0
1716964122939 0.12231219559907913 0
1716964123649 0.1222381591796875 0
1716964124438 0.12216515839099884 0
1716964125687 0.12209077924489975 0
1716964128022 0.12201687693595886 0
1716964130225 0.121943399310112 0
1716964131782 0.12186937034130096 0
1716964133104 0.12179578095674515 0
1716964143231 0.1217217966914177 0
1716964143914 0.12164812535047531 0
1716964144653 0.12157445400953293 0
1716964145572 0.12150060385465622 0
1716964146446 0.12142676115036011 0
1716964147642 0.12135295569896698 0
1716964149679 0.12127892673015594 0
1716964151927 0.12120545655488968 0
1716964153528 0.121131531894207 0
1716964154857 0.12105773389339447 0
1716964163985 0.12098391354084015 0
1716964164696 0.12090987712144852 0
1716964165367 0.12083624303340912 0
1716964166113 0.12076205015182495 0
1716964166963 0.12068881839513779 0
1716964168711 0.12061470001935959 0
1716964170632 0.12054085731506348 0
1716964172572 0.12046661972999573 0
1716964174238 0.12039253115653992 0
1716964175619 0.12031871825456619 0
1716964185199 0.12024406343698502 0
1716964185967 0.1201709732413292 0
1716964187030 0.12009640038013458 0
1716964187756 0.12002237886190414 0
1716964188569 0.11994828283786774 0
1716964189780 0.11987460404634476 0
1716964191778 0.11980133503675461 0
1716964194166 0.11972694098949432 0
1716964195737 0.11965499073266983 0
1716964197004 0.11958140134811401 0
1716964207693 0.11951036006212234 0
1716964208345 0.1194407045841217 0
1716964208995 0.11939286440610886 0
1716964209702 0.11930429190397263 0
1716964210504 0.1192166730761528 0
1716964211710 0.1191411092877388 0
1716964214150 0.11907470971345901 0
1716964216397 0.11900187283754349 0
1716964217856 0.1189180538058281 0
1716964219072 0.11884117871522903 0
1716964238583 0.11877241730690002 0
1716964239416 0.11869929730892181 0
1716964240070 0.11862035095691681 0
1716964240737 0.11854091286659241 0
1716964241674 0.1184706762433052 0
1716964242868 0.11839914321899414 0
1716964244971 0.11831986159086227 0
1716964247543 0.11824411898851395 0
1716964249104 0.11816950142383575 0
1716964250376 0.11809767037630081 0
1716964261937 0.11802201718091965 0
1716964262643 0.11794538795948029 0
1716964263308 0.11787021160125732 0
1716964264067 0.11779729276895523 0
1716964264905 0.11772356182336807 0
1716964266248 0.1176477000117302 0
1716964268504 0.11757165938615799 0
1716964270560 0.11749845743179321 0
1716964272106 0.11742428690195084 0
1716964273476 0.11734988540410995 0
1716964284074 0.11727377027273178 0
1716964284855 0.11720010638237 0
1716964285532 0.11712510138750076 0
1716964286247 0.1170511469244957 0
1716964287079 0.11697649955749512 0
1716964288571 0.11690132319927216 0
1716964290950 0.11682670563459396 0
1716964293084 0.11675255000591278 0
1716964294513 0.11667867749929428 0
1716964295750 0.11660405993461609 0
1716964306181 0.11652905493974686 0
1716964306883 0.11645515263080597 0
1716964307548 0.11638092994689941 0
1716964308268 0.11630678921937943 0
1716964309090 0.11623208224773407 0
1716964310482 0.11615777015686035 0
1716964312777 0.11608298122882843 0
1716964314874 0.1160094365477562 0
1716964316365 0.11593496054410934 0
1716964317661 0.11586114764213562 0
1716964329320 0.11578631401062012 0
1716964329979 0.11571269482374191 0
1716964330638 0.1156386062502861 0
1716964331334 0.11556478589773178 0
1716964332126 0.11549057811498642 0
1716964333301 0.11541660130023956 0
1716964335876 0.11534254997968674 0
1716964338053 0.11526872217655182 0
1716964339467 0.11519486457109451 0
1716964340649 0.1151212677359581 0
1716964351069 0.11504783481359482 0
1716964351804 0.1149739921092987 0
1716964352485 0.11490048468112946 0
1716964353200 0.11482689529657364 0
1716964354060 0.11475338786840439 0
1716964355401 0.11467959731817245 0
1716964357797 0.11460640281438828 0
1716964359902 0.11453330516815186 0
1716964361365 0.11445984244346619 0
1716964362651 0.11438632756471634 0
1716964373147 0.11431325972080231 0
1716964373804 0.11424019187688828 0
1716964374485 0.11416780948638916 0
1716964375325 0.11409464478492737 0
1716964376212 0.11402129381895065 0
1716964377466 0.11394878476858139 0
1716964379648 0.11387623846530914 0
1716964381922 0.11380333453416824 0
1716964383618 0.11373085528612137 0
1716964385009 0.11365853250026703 0
1716964395394 0.11358553171157837 0
1716964396079 0.11351341754198074 0
1716964396722 0.11344148218631744 0
1716964397446 0.11336933821439743 0
1716964398442 0.11329752206802368 0
1716964400389 0.11322522163391113 0
1716964401702 0.1131538599729538 0
1716964403491 0.11308237910270691 0
1716964405421 0.11301112174987793 0
1716964407052 0.11293971538543701 0
1716964417339 0.11286736279726028 0
1716964418070 0.11279640346765518 0
1716964418755 0.11272547394037247 0
1716964419477 0.11265426129102707 0
1716964420315 0.11258291453123093 0
1716964421748 0.11251216381788254 0
1716964423959 0.11244157701730728 0
1716964426060 0.11237461119890213 0
1716964427558 0.11230926960706711 0
1716964428935 0.11225856095552444 0
1716964439933 0.11220622807741165 0
1716964440654 0.11219030618667603 0
1716964441324 0.11215559393167496 0
1716964442046 0.11221607029438019 0
1716964442899 0.11218427121639252 0
1716964444246 0.1123046875 0
1716964446646 0.112118661403656 0
1716964448847 0.11198560148477554 0
1716964450337 0.11168551445007324 0
1716964451642 0.11153944581747055 0
1716964462085 0.11155565083026886 0
1716964462746 0.11159206926822662 0
1716964463412 0.11166992783546448 0
1716964464103 0.1114431768655777 0
1716964464911 0.1112404465675354 0
1716964466891 0.1111239641904831 0
1716964468716 0.1111232191324234 0
1716964470624 0.11116211861371994 0
1716964472339 0.1110803633928299 0
1716964473831 0.11096210032701492 0
1716964483603 0.11079368740320206 0
1716964484332 0.11071061342954636 0
1716964485002 0.11069674789905548 0
1716964485761 0.11067751049995422 0
1716964486593 0.11064490675926208 0
1716964488163 0.1105080246925354 0
1716964490062 0.11038170009851456 0
1716964492121 0.11029505729675293 0
1716964493742 0.1102546975016594 0
1716964495099 0.11023294925689697 0
1716964505753 0.11017120629549026 0
1716964506415 0.11009317636489868 0
1716964507087 0.10998674482107162 0
1716964507811 0.109891876578331 0
1716964508646 0.10981921851634979 0
1716964510129 0.10976789146661758 0
1716964512279 0.10971997678279877 0
1716964514451 0.10966026782989502 0
1716964515965 0.1095973327755928 0
1716964517259 0.1095152348279953 0
1716964527822 0.10943479090929031 0
1716964528517 0.10935647040605545 0
1716964529195 0.10928376764059067 0
1716964529926 0.10921847075223923 0
1716964530754 0.10915960371494293 0
1716964532221 0.10910240560770035 0
1716964534183 0.1090419664978981 0
1716964536320 0.10898139327764511 0
1716964537875 0.10891375690698624 0
1716964539160 0.1088472381234169 0
1716964549554 0.10877719521522522 0
1716964550302 0.10870769619941711 0
1716964550976 0.10863742977380753 0
1716964551731 0.10856754332780838 0
1716964552710 0.10849928855895996 0
1716964553992 0.1084323599934578 0
1716964556351 0.10836589336395264 0
1716964558493 0.10830069333314896 0
1716964560039 0.10823612660169601 0
1716964561345 0.10817188769578934 0
1716964571595 0.10810764133930206 0
1716964572297 0.10804403573274612 0
1716964572970 0.10798116773366928 0
1716964573673 0.10791870951652527 0
1716964574564 0.1078571304678917 0
1716964575873 0.10779765993356705 0
1716964578223 0.10774307698011398 0
1716964580377 0.10769082605838776 0
1716964581882 0.10765556246042252 0
1716964583203 0.10762690007686615 0
1716964594070 0.10764804482460022 0
1716964594735 0.10765761882066727 0
1716964595432 0.10781879723072052 0
1716964596156 0.10777372121810913 0
1716964596980 0.10791508853435516 0
1716964598254 0.10749141871929169 0
1716964600566 0.10719496011734009 0
1716964602772 0.10708600282669067 0
1716964604241 0.10719361901283264 0
1716964605546 0.10742544382810593 0
1716964616205 0.10718096047639847 0
1716964616939 0.106948621571064 0
1716964617618 0.10673752427101135 0
1716964618398 0.10677238553762436 0
1716964619358 0.10692345350980759 0
1716964620905 0.10689066350460052 0
1716964622819 0.1068720743060112 0
1716964624878 0.1065484955906868 0
1716964626575 0.10640741139650345 0
1716964627914 0.10644802451133728 0
1716964639444 0.10657130926847458 0
1716964640103 0.10671088099479675 0
1716964640740 0.10640887916088104 0
1716964641440 0.1061885729432106 0
1716964642234 0.10604602098464966 0
1716964643426 0.10618283599615097 0
1716964645808 0.10628292709589005 0
1716964648084 0.1061224415898323 0
1716964649630 0.10590754449367523 0
1716964650980 0.10572530329227448 0
1716964660624 0.10579115152359009 0
1716964661308 0.1057925596833229 0
1716964661957 0.10581107437610626 0
1716964662652 0.10566218197345734 0
1716964663478 0.10546518117189407 0
1716964664682 0.10540451109409332 0
1716964666998 0.10540314763784409 0
1716964669344 0.10547026246786118 0
1716964670922 0.10541184991598129 0
1716964672244 0.10523556917905807 0
1716964684928 0.10504747182130814 0
1716964685700 0.10498622059822083 0
1716964686369 0.10497952997684479 0
1716964687053 0.10497182607650757 0
1716964687865 0.10490314662456512 0
1716964689378 0.1047699972987175 0
1716964691552 0.10466510057449341 0
1716964693676 0.10456309467554092 0
1716964695358 0.1045311987400055 0
1716964696820 0.10447749495506287 0
1716964707900 0.10442010313272476 0
1716964708591 0.10434263199567795 0
1716964709260 0.1042587012052536 0
1716964710033 0.10418731719255447 0
1716964710822 0.10411444306373596 0
1716964712218 0.10405949503183365 0
1716964714700 0.10399677604436874 0
1716964716555 0.10394022613763809 0
1716964718161 0.10387632250785828 0
1716964719580 0.10381779074668884 0
1716964729948 0.10374557971954346 0
1716964730697 0.10367932170629501 0
1716964731383 0.10361117869615555 0
1716964732102 0.10354425013065338 0
1716964732931 0.10348200798034668 0
1716964734112 0.10341563820838928 0
1716964736600 0.10335561633110046 0
1716964738715 0.10329277068376541 0
1716964740280 0.10323268175125122 0
1716964741676 0.1031719222664833 0
1716964752411 0.10311173647642136 0
1716964753068 0.10305186361074448 0
1716964753745 0.1029927134513855 0
1716964754430 0.10293373465538025 0
1716964755259 0.10287728160619736 0
1716964756544 0.10281982272863388 0
1716964758795 0.10276823490858078 0
1716964761023 0.10271278023719788 0
1716964762684 0.10266465693712234 0
1716964764104 0.10261005908250809 0
1716964774600 0.10256603360176086 0
1716964775303 0.10250496864318848 0
1716964775966 0.1024513691663742 0
1716964776658 0.10237617790699005 0
1716964777500 0.10230714082717896 0
1716964778706 0.10221962630748749 0
1716964781096 0.10213753581047058 0
1716964783275 0.10205812752246857 0
1716964784805 0.10198750346899033 0
1716964786103 0.1019248440861702 0
1716964796560 0.10186721384525299 0
1716964797253 0.1018151044845581 0
1716964797899 0.10176487267017365 0
1716964798645 0.10172029584646225 0
1716964799619 0.10167499631643295 0
1716964801060 0.10164012759923935 0
1716964803142 0.101598359644413 0
1716964805271 0.10157375037670135 0
1716964806845 0.1015186682343483 0
1716964808187 0.10147906839847565 0
1716964818967 0.10138821601867676 0
1716964819633 0.10130418092012405 0
1716964820280 0.10119109600782394 0
1716964821011 0.1010945737361908 0
1716964821845 0.10101751238107681 0
1716964823025 0.10096287727355957 0
1716964825377 0.10092327743768692 0
1716964827692 0.10089007765054703 0
1716964829237 0.10087090730667114 0
1716964830568 0.10084116458892822 0
1716964840983 0.10083241760730743 0
1716964841668 0.1007813960313797 0
1716964842342 0.1007394939661026 0
1716964843066 0.10062160342931747 0
1716964843884 0.10050785541534424 0
1716964845257 0.10038475692272186 0
1716964847717 0.10030379146337509 0
1716964849749 0.10026083886623383 0
1716964851262 0.1002412885427475 0
1716964852652 0.10023857653141022 0
1716964881144 0.10020866245031357 0
1716964881975 0.10019829124212265 0
1716964882549 0.10013185441493988 0
1716964883210 0.10005444288253784 0
1716964884152 0.09992261976003647 0
1716964885144 0.09981176257133484 0
1716964886735 0.09971922636032104 0
1716964889836 0.09966492652893066 0
1716964891645 0.09964054822921753 0
1716964892956 0.0996207669377327 0
1716964904444 0.09960997849702835 0
1716964905107 0.09955646842718124 0
1716964905788 0.09952329844236374 0
1716964906501 0.09943564981222153 0
1716964907327 0.09933440387248993 0
1716964908573 0.09922099858522415 0
1716964910905 0.09913725405931473 0
1716964913137 0.09907233715057373 0
1716964914724 0.09903215616941452 0
1716964916104 0.09900791198015213 0
1716964926888 0.09897500276565552 0
1716964927588 0.09895065426826477 0
1716964928260 0.09889832139015198 0
1716964928973 0.09885477274656296 0
1716964929776 0.09876259416341782 0
1716964930993 0.0986703410744667 0
1716964933370 0.09857382625341415 0
1716964935572 0.09849881380796432 0
1716964937114 0.09843023866415024 0
1716964938405 0.09838305413722992 0
1716964949680 0.09834595024585724 0
1716964950373 0.09830866008996964 0
1716964951058 0.09827911108732224 0
1716964951833 0.09824003279209137 0
1716964952700 0.09821508824825287 0
1716964953925 0.09814592450857162 0
1716964956241 0.09808250516653061 0
1716964958442 0.09798955917358398 0
1716964959944 0.09791736304759979 0
1716964961223 0.09781799465417862 0
1716964972294 0.0977487564086914 0
1716964972975 0.09768601506948471 0
1716964973689 0.0976431742310524 0
1716964974590 0.09760471433401108 0
1716964975404 0.09757302701473236 0
1716964976774 0.097561314702034 0
1716964978690 0.09752126783132553 0
1716964981018 0.0974980890750885 0
1716964982678 0.09742508828639984 0
1716964984035 0.09738924354314804 0
1716964994846 0.09725823998451233 0
1716964995523 0.09716416895389557 0
1716964996245 0.09706936776638031 0
1716964996953 0.09701693803071976 0
1716964997936 0.09696630388498306 0
1716964999901 0.09694390743970871 0
1716965001225 0.09695002436637878 0
1716965003051 0.09692275524139404 0
1716965004934 0.09692379832267761 0
1716965006526 0.09685308486223221 0
1716965021162 0.09685581922531128 0
1716965022123 0.09666800498962402 0
1716965022923 0.09657323360443115 0
1716965025545 0.09646305441856384 0
1716965026867 0.09648121893405914 0
1716965028045 0.0964951142668724 0
1716965029210 0.0965282991528511 0
1716965030253 0.09670890122652054 0
1716965031692 0.0965019091963768 0
1716965034066 0.09642526507377625 0
1716965055847 0.09616675227880478 0
1716965057411 0.0962318554520607 0
1716965058762 0.09608671814203262 0
1716965061887 0.09617846459150314 0
1716965063194 0.0962640643119812 0
1716965064222 0.09627721458673477 0
1716965065834 0.09632682800292969 0
1716965067287 0.0959959477186203 0
1716965068630 0.09605299681425095 0
1716965070797 0.09582933038473129 0
1716965088101 0.09591463208198547 0
1716965088833 0.0958225429058075 0
1716965089834 0.09590533375740051 0
1716965092204 0.0957731232047081 0
1716965093137 0.09561936557292938 0
1716965093954 0.09543342888355255 0
1716965094960 0.09554102271795273 0
1716965095985 0.09534119069576263 0
1716965098323 0.09533415734767914 0
1716965101175 0.09507325291633606 0
1716965114963 0.09520206600427628 0
1716965115751 0.09516238421201706 0
1716965116421 0.09514731168746948 0
1716965117366 0.0949166938662529 0
1716965118554 0.09494276344776154 0
1716965119687 0.0947292149066925 0
1716965121090 0.09482116997241974 0
1716965123421 0.09461624175310135 0
1716965125569 0.09468667209148407 0
1716965127151 0.09450095891952515 0
1716965141082 0.09457887709140778 0
1716965141794 0.09444031119346619 0
1716965142501 0.0944700539112091 0
1716965143177 0.09432651102542877 0
1716965144160 0.09430018067359924 0
1716965145635 0.0941823348402977 0
1716965147413 0.09416350722312927 0
1716965150083 0.09408801794052124 0
1716965151957 0.09406276047229767 0
1716965153437 0.09401305764913559 0
1716965169674 0.09393025934696198 0
1716965170387 0.09387727826833725 0
1716965171104 0.09380678832530975 0
1716965172292 0.09377268701791763 0
1716965173120 0.09369110316038132 0
1716965174023 0.09365689009428024 0
1716965175014 0.09358048439025879 0
1716965176209 0.09354348480701447 0
1716965179196 0.09346897155046463 0
1716965181459 0.09343434870243073 0
1716965195516 0.09336751699447632 0
1716965196285 0.09332362562417984 0
1716965196939 0.09326133131980896 0
1716965197621 0.09321359544992447 0
1716965198651 0.09315668046474457 0
1716965199914 0.09310439229011536 0
1716965201992 0.09305519610643387 0
1716965204463 0.09299930185079575 0
1716965206016 0.09295306354761124 0
1716965207365 0.092893585562706 0
1716965220756 0.09284764528274536 0
1716965222415 0.09278681129217148 0
1716965223046 0.09274127334356308 0
1716965223751 0.09268315881490707 0
1716965225169 0.09263703227043152 0
1716965226310 0.09258091449737549 0
1716965227584 0.0925321951508522 0
1716965230119 0.09247826039791107 0
1716965232393 0.09242816269397736 0
1716965233889 0.09237561374902725 0
1716965245891 0.09232429414987564 0
1716965246677 0.09227309376001358 0
1716965247352 0.09222112596035004 0
1716965248110 0.09217023104429245 0
1716965249018 0.09211844205856323 0
1716965250323 0.09206770360469818 0
1716965252781 0.09201566874980927 0
1716965255116 0.09196502715349197 0
1716965256728 0.09191364794969559 0
1716965258159 0.09186290204524994 0
1716965271235 0.09181097894906998 0
1716965271938 0.09176063537597656 0
1716965272587 0.09170931577682495 0
1716965273278 0.0916585922241211 0
1716965274259 0.0916072204709053 0
1716965276935 0.09155694395303726 0
1716965278271 0.09150553494691849 0
1716965279895 0.09145485609769821 0
1716965281903 0.09140355885028839 0
1716965283706 0.0913529023528099 0
1716965295867 0.09130201488733292 0
1716965296948 0.0912511795759201 0
1716965297623 0.09120017290115356 0
1716965298330 0.09114987403154373 0
1716965299204 0.09109818935394287 0
1716965300501 0.0910479947924614 0
1716965302613 0.09099693596363068 0
1716965304929 0.0909467488527298 0
1716965306497 0.09089647978544235 0
1716965307808 0.09084632247686386 0
1716965319962 0.09079652279615402 0
1716965320650 0.09074734896421432 0
1716965321298 0.09070021659135818 0
1716965321996 0.09065379947423935 0
1716965322827 0.09061312675476074 0
1716965324227 0.09057319164276123 0
1716965326393 0.09055379033088684 0
1716965328637 0.09052594751119614 0
1716965330210 0.09055180102586746 0
1716965331586 0.0905284658074379 0
1716965344691 0.0906108170747757 0
1716965345334 0.09050276130437851 0
1716965345990 0.09043619781732559 0
1716965346722 0.09024659544229507 0
1716965347614 0.09012991189956665 0
1716965348545 0.09004221856594086 0
1716965349843 0.09003936499357224 0
1716965352759 0.09011643379926682 0
1716965355105 0.09008410573005676 0
1716965356616 0.09006433933973312 0
1716965370084 0.08991536498069763 0
1716965370671 0.0899723693728447 0
1716965371307 0.08974087238311768 0
1716965372746 0.09006594121456146 0
1716965373728 0.09210292994976044 0
1716965374801 0.0950009822845459 0
1716965375954 0.14343106746673584 0
1716965377928 1.9685349464416504 0
1716965380602 3.176995277404785 0
1716965382233 2.891691207885742 0
1716965394818 2.6719253063201904 0
1716965395626 2.541966438293457 0
1716965396394 2.0507519245147705 0
1716965397718 1.9296903610229492 0
1716965400543 1.7107295989990234 0
1716965401274 2.8039348125457764 0
1716965402381 2.3778610229492188 0
1716965403505 2.3067519664764404 0
1716965405146 2.0232458114624023 0
1716965407594 2.01033878326416 0
1716965421149 2.0803475379943848 0
1716965421869 1.8567289113998413 0
1716965422643 1.826366662979126 0
1716965423296 1.7713381052017212 0
1716965424379 1.7161390781402588 0
1716965425459 1.6897872686386108 0
1716965426876 1.6509824991226196 0
1716965429324 1.554559588432312 0
1716965431903 1.4874261617660522 0
1716965433684 1.427931785583496 0
1716965446031 1.3694729804992676 0
1716965446659 1.3232232332229614 0
1716965447337 1.2823537588119507 0
1716965448097 1.2516402006149292 0
1716965449097 1.2092750072479248 0
1716965450367 1.1651779413223267 0
1716965452455 1.1240953207015991 0
1716965455188 1.0650116205215454 0
1716965456724 1.028982162475586 0
1716965458040 0.990447998046875 0
1716965469568 0.9590892195701599 0
1716965470234 0.9140141010284424 0
1716965470978 0.8795795440673828 0
1716965471778 0.8451973795890808 0
1716965472673 0.8090074062347412 0
1716965473888 0.7826023697853088 0
1716965476331 0.7540444135665894 0
1716965478587 0.729481041431427 0
1716965480069 0.7019221186637878 0
1716965481334 0.6820806264877319 0
1716965492348 0.6634415984153748 0
1716965493051 0.6436941623687744 0
1716965493733 0.6300511956214905 0
1716965494476 0.6098518967628479 0
1716965495340 0.5901135802268982 0
1716965496718 0.573824942111969 0
1716965499065 0.5565926432609558 0
1716965501284 0.5429795980453491 0
1716965502886 0.5284345149993896 0
1716965504198 0.5148921012878418 0
1716965515664 0.5027163028717041 0
1716965516372 0.48975706100463867 0
1716965517144 0.4777527451515198 0
1716965517925 0.4647188186645508 0
1716965519017 0.454463392496109 0
1716965520269 0.44274988770484924 0
1716965522291 0.4327148497104645 0
1716965524503 0.4228212833404541 0
1716965526158 0.4137028753757477 0
1716965527540 0.4051211476325989 0
1716965539568 0.3967171013355255 0
1716965540215 0.3879286050796509 0
1716965540943 0.380233496427536 0
1716965541708 0.37207210063934326 0
1716965542572 0.36430811882019043 0
1716965543798 0.3569713830947876 0
1716965546121 0.3501130938529968 0
1716965548569 0.34301042556762695 0
1716965550114 0.3368658125400543 0
1716965551455 0.33054375648498535 0
1716965562731 0.3246005177497864 0
1716965563424 0.31897836923599243 0
1716965564118 0.3136568069458008 0
1716965564884 0.30826470255851746 0
1716965565719 0.30335575342178345 0
1716965567045 0.29865193367004395 0
1716965569357 0.2938269078731537 0
1716965571621 0.28949472308158875 0
1716965573134 0.28528302907943726 0
1716965574412 0.2811166048049927 0
1716965585347 0.2770594656467438 0
1716965586084 0.2733343243598938 0
1716965586769 0.26961150765419006 0
1716965587480 0.2659704387187958 0
1716965588347 0.2625882625579834 0
1716965589629 0.2593340277671814 0
1716965592073 0.2561255991458893 0
1716965594264 0.2529807984828949 0
1716965595705 0.25006797909736633 0
1716965596962 0.2471630722284317 0
1716965608170 0.24433694779872894 0
1716965608882 0.24162635207176208 0
1716965609527 0.2390555739402771 0
1716965610265 0.23650677502155304 0
1716965611197 0.23399029672145844 0
1716965612445 0.23162902891635895 0
1716965614766 0.229305237531662 0
1716965617052 0.22704878449440002 0
1716965618575 0.22484546899795532 0
1716965619894 0.22275273501873016 0
1716965631878 0.22072327136993408 0
1716965632543 0.2187117636203766 0
1716965633213 0.21676771342754364 0
1716965634004 0.2148844301700592 0
1716965634861 0.21306993067264557 0
1716965636079 0.21127445995807648 0
1716965638423 0.20951640605926514 0
1716965640758 0.20781193673610687 0
1716965642231 0.2061583548784256 0
1716965643507 0.204549640417099 0
1716965655074 0.2029626965522766 0
1716965655716 0.20141345262527466 0
1716965656373 0.19990400969982147 0
1716965657049 0.1984318345785141 0
1716965657932 0.19699090719223022 0
1716965659242 0.1955723911523819 0
1716965661417 0.19419050216674805 0
1716965663677 0.19284066557884216 0
1716965665167 0.19151850044727325 0
1716965666400 0.19022278487682343 0
1716965677935 0.18895027041435242 0
1716965678620 0.18771067261695862 0
1716965679281 0.1864958107471466 0
1716965679988 0.18530668318271637 0
1716965680799 0.18414239585399628 0
1716965682147 0.18300393223762512 0
1716965684235 0.18189506232738495 0
1716965686490 0.18080975115299225 0
1716965688051 0.17974835634231567 0
1716965689447 0.17871122062206268 0
1716965700464 0.1776982843875885 0
1716965701150 0.17670974135398865 0
1716965701832 0.17574073374271393 0
1716965702536 0.17479431629180908 0
1716965703392 0.1738705337047577 0
1716965704801 0.17296653985977173 0
1716965707200 0.17208217084407806 0
1716965709455 0.17121607065200806 0
1716965710914 0.170369490981102 0
1716965712060 0.16954176127910614 0
1716965741071 0.16873010993003845 0
1716965742356 0.16793465614318848 0
1716965743027 0.16715650260448456 0
1716965743749 0.1663934588432312 0
1716965744871 0.16564573347568512 0
1716965746113 0.16491250693798065 0
1716965747326 0.16419318318367004 0
1716965749642 0.163487508893013 0
1716965751986 0.16279499232769012 0
1716965753653 0.16211462020874023 0
1716965769150 0.16144734621047974 0
1716965769875 0.16079184412956238 0
1716965770522 0.16014717519283295 0
1716965771229 0.15951432287693024 0
1716965772156 0.1588914692401886 0
1716965773522 0.15827997028827667 0
1716965776033 0.1576782464981079 0
1716965777949 0.15708591043949127 0
1716965779532 0.1565026193857193 0
1716965780891 0.15592914819717407 0
1716965792106 0.15536484122276306 0
1716965792822 0.15480837225914001 0
1716965793561 0.15425999462604523 0
1716965794685 0.15372027456760406 0
1716965795561 0.1531880646944046 0
1716965796788 0.1526632010936737 0
1716965798634 0.15214529633522034 0
1716965801110 0.15163488686084747 0
1716965802818 0.15113067626953125 0
1716965804181 0.1506335437297821 0
1716965814742 0.15014274418354034 0
1716965815644 0.14965775609016418 0
1716965816335 0.149179145693779 0
1716965817037 0.14870652556419373 0
1716965817981 0.14823895692825317 0
1716965819435 0.14777740836143494 0
1716965821630 0.147320955991745 0
1716965823795 0.1468697339296341 0
1716965825439 0.14642322063446045 0
1716965826826 0.14598216116428375 0
1716965839548 0.14554578065872192 0
1716965840245 0.1451139897108078 0
1716965841950 0.14468666911125183 0
1716965842921 0.14426372945308685 0
1716965844474 0.143845334649086 0
1716965846015 0.14343056082725525 0
1716965847692 0.14302021265029907 0
1716965849054 0.1426142305135727 0
1716965850763 0.14221155643463135 0
1716965852812 0.14181290566921234 0
1716965873759 0.1414182484149933 0
1716965874797 0.14102719724178314 0
1716965875451 0.14063993096351624 0
1716965876091 0.14025555551052094 0
1716965877308 0.13987508416175842 0
1716965878335 0.1394985318183899 0
1716965879767 0.13912519812583923 0
1716965882587 0.13875430822372437 0
1716965884526 0.1383875608444214 0
1716965885909 0.13802401721477509 0
1716965898808 0.13766376674175262 0
1716965899731 0.13730670511722565 0
1716965900423 0.13695192337036133 0
1716965901106 0.13660161197185516 0
1716965901929 0.13625311851501465 0
1716965903216 0.13590775430202484 0
1716965905502 0.1355666071176529 0
1716965908160 0.1352270096540451 0
1716965909670 0.13489088416099548 0
1716965910965 0.13455766439437866 0
1716965922521 0.134226992726326 0
1716965923190 0.1339000165462494 0
1716965923855 0.13357461988925934 0
1716965924595 0.13325278460979462 0
1716965925573 0.13293324410915375 0
1716965927191 0.13261649012565613 0
1716965929126 0.13230256736278534 0
1716965931211 0.1319902539253235 0
1716965932817 0.1316816657781601 0
1716965934223 0.13137498497962952 0
1716965945685 0.13107039034366608 0
1716965946470 0.13076892495155334 0
1716965947164 0.13046930730342865 0
1716965947874 0.13017211854457855 0
1716965948688 0.12987752258777618 0
1716965949982 0.12958508729934692 0
1716965952603 0.12929470837116241 0
1716965954743 0.12900672852993011 0
1716965956255 0.12872157990932465 0
1716965957588 0.12843839824199677 0
1716965968357 0.1281575858592987 0
1716965969026 0.12787874042987823 0
1716965969703 0.1276022493839264 0
1716965970421 0.12732760608196259 0
1716965971234 0.12705504894256592 0
1716965972528 0.12678469717502594 0
1716965974794 0.1265166997909546 0
1716965977160 0.1262502521276474 0
1716965978747 0.1259855479001999 0
1716965980109 0.12572383880615234 0
1716965990433 0.1254633367061615 0
1716965991138 0.1252048760652542 0
1716965991851 0.12494824081659317 0
1716965992612 0.12469404935836792 0
1716965994747 0.12444161623716354 0
1716965995880 0.12419075518846512 0
1716965997008 0.12394165992736816 0
1716965999195 0.1236940249800682 0
1716966001620 0.12344799190759659 0
1716966003230 0.12320471554994583 0
1716966020262 0.12296237796545029 0
1716966020924 0.12272215634584427 0
1716966022012 0.12248361855745316 0
1716966022871 0.12224651873111725 0
1716966024711 0.1220107451081276 0
1716966026278 0.12177751958370209 0
1716966028456 0.12154500931501389 0
1716966030051 0.1213143840432167 0
1716966031371 0.12108517438173294 0
1716966032926 0.12085719406604767 0
1716966045002 0.12063095718622208 0
1716966045696 0.12040624022483826 0
1716966046415 0.12018303573131561 0
1716966047121 0.11996117234230042 0
1716966047931 0.11974085122346878 0
1716966049163 0.11952177435159683 0
1716966051592 0.11930402368307114 0
1716966053522 0.11908719688653946 0
1716966055223 0.11887192726135254 0
1716966056659 0.11865837126970291 0
1716966068809 0.11844564974308014 0
1716966069515 0.11823442578315735 0
1716966070139 0.118024080991745 0
1716966070878 0.11781532317399979 0
1716966071695 0.11760730296373367 0
1716966072911 0.11740104854106903 0
1716966075419 0.11719562858343124 0
1716966077733 0.11699158698320389 0
1716966079262 0.11678848415613174 0
1716966080525 0.11658642441034317 0
1716966091325 0.11638535559177399 0
1716966092220 0.11618577688932419 0
1716966092942 0.11598744988441467 0
1716966093607 0.11579001694917679 0
1716966094610 0.11559322476387024 0
1716966095937 0.115398108959198 0
1716966098023 0.11520359665155411 0
1716966100388 0.1150103509426117 0
1716966101930 0.11481793969869614 0
1716966103193 0.11462721973657608 0
1716966114092 0.11443742364645004 0
1716966114895 0.11424888670444489 0
1716966115609 0.1140618547797203 0
1716966116316 0.11387813091278076 0
1716966117190 0.11369704455137253 0
1716966118604 0.11352439224720001 0
1716966120912 0.11336292326450348 0
1716966123062 0.11323797702789307 0
1716966124824 0.11315783113241196 0
1716966126242 0.11330074816942215 0
1716966141227 0.11367732286453247 0
1716966141870 0.11641626805067062 0
1716966142526 0.1253376305103302 0
1716966143237 0.5087853074073792 0
1716966144178 6.608275413513184 0
1716966145176 2.734651803970337 0
1716966146961 3.5007681846618652 0
1716966149950 3.1749141216278076 0
1716966151633 2.7550103664398193 0
1716966152897 2.315796136856079 0
1716966164560 2.3801212310791016 0
1716966165227 7.223910808563232 0
1716966166091 3.5289466381073 0
1716966166878 3.188051700592041 0
1716966167782 2.9832561016082764 0
1716966169023 2.9695897102355957 0
1716966171310 2.905430793762207 0
1716966173737 2.806060791015625 0
1716966175275 2.656015157699585 0
1716966176533 2.4838008880615234 0
1716966188467 2.4026730060577393 0
1716966189244 2.350438117980957 0
1716966189894 2.2515969276428223 0
1716966190571 2.1463475227355957 0
1716966191477 2.0627830028533936 0
1716966192941 1.98357093334198 0
1716966195161 1.907820701599121 0
1716966197330 1.846449851989746 0
1716966198798 1.7987501621246338 0
1716966200062 1.753301978111267 0
1716966211266 1.689558506011963 0
1716966211923 1.6196098327636719 0
1716966212616 1.5601941347122192 0
1716966213349 1.4958548545837402 0
1716966214170 1.433779001235962 0
1716966215451 1.38398277759552 0
1716966217851 1.3317025899887085 0
1716966220064 1.282755732536316 0
1716966221617 1.235793948173523 0
1716966222922 1.2005568742752075 0
1716966235107 1.183678388595581 0
1716966235770 1.2524363994598389 0
1716966236497 1.1248490810394287 0
1716966237297 1.1380559206008911 0
1716966238153 1.0778679847717285 0
1716966239736 1.037237286567688 0
1716966241878 1.0248847007751465 0
1716966243864 0.9635991454124451 0
1716966245530 0.9368402361869812 0
1716966246950 0.9277253150939941 0
1716966262191 0.8836916089057922 0
1716966263920 0.8544430136680603 0
1716966264522 0.8219989538192749 0
1716966265170 0.8054168224334717 0
1716966266054 0.7835700511932373 0
1716966266962 0.7545070648193359 0
1716966269023 0.7353276014328003 0
1716966270431 0.7024203538894653 0
1716966271899 0.6921621561050415 0
1716966273886 0.6689428091049194 0
1716966287969 0.6534810066223145 0
1716966288778 0.6282812356948853 0
1716966289448 0.6157615780830383 0
1716966290136 0.5954039096832275 0
1716966291178 0.5832782983779907 0
1716966292111 0.5661787986755371 0
1716966293246 0.5527855753898621 0
1716966295837 0.5367976427078247 0
1716966298198 0.5248774290084839 0
1716966299873 0.5126013159751892 0
1716966313849 0.49899527430534363 0
1716966314722 0.4878789484500885 0
1716966315333 0.4743020236492157 0
1716966316132 0.46565330028533936 0
1716966323243 0.4542001485824585 0
1716966324650 0.4490587115287781 0
1716966325334 0.4366585910320282 0
1716966326125 0.4268868565559387 0
1716966326872 0.42010003328323364 0
1716966331471 0.411836713552475 0
1716966347095 0.4040447175502777 0
1716966347694 0.3968815803527832 0
1716966348249 0.3885032534599304 0
1716966348956 0.38299643993377686 0
1716966349835 0.3758714497089386 0
1716966350762 0.36984220147132874 0
1716966351920 0.3640455901622772 0
1716966354163 0.357494592666626 0
1716966356972 0.35244059562683105 0
1716966358524 0.3471585810184479 0
1716966371156 0.34163570404052734 0
1716966371889 0.3368152678012848 0
1716966372521 0.3320191204547882 0
1716966373215 0.3270849287509918 0
1716966374028 0.3230087161064148 0
1716966375433 0.3188932240009308 0
1716966377548 0.31431350111961365 0
1716966379785 0.3106152415275574 0
1716966381443 0.30718326568603516 0
1716966382801 0.3031958341598511 0
1716966394000 0.2996048629283905 0
1716966394659 0.2964527904987335 0
1716966395331 0.29328176379203796 0
1716966396146 0.2903793752193451 0
1716966396981 0.28750404715538025 0
1716966398203 0.2851683497428894 0
1716966400605 0.281664103269577 0
1716966402995 0.2786937654018402 0
1716966404996 0.2760218381881714 0
1716966406884 0.2736645042896271 0
1716966423088 0.272341787815094 0
1716966423830 0.2719137370586395 0
1716966424494 0.29259198904037476 0
1716966426841 0.2819053530693054 0
1716966428934 0.27895045280456543 0
1716966429892 0.2643958330154419 0
1716966430776 0.28023964166641235 0
1716966433083 0.3797663152217865 0
1716966434643 0.30541113018989563 0
1716966436430 0.4312272369861603 0
1716966449480 0.5411516427993774 0
1716966450146 0.6767967343330383 0
1716966450880 0.4716399013996124 0
1716966451767 0.454452246427536 0
1716966452700 0.6012541651725769 0
1716966454021 0.4263266623020172 0
1716966456395 0.5263245105743408 0
1716966458652 0.5888859629631042 0
1716966460294 0.5323964953422546 0
1716966461653 0.44686371088027954 0
1716966481193 0.424752414226532 0
1716966482819 0.4276680648326874 0
1716966483530 0.4076623022556305 0
1716966484212 0.3885559141635895 0
1716966485141 0.3858976364135742 0
1716966487340 0.38685911893844604 0
1716966488527 0.3759116530418396 0
1716966489876 0.3529265820980072 0
1716966490880 0.33437031507492065 0
1716966492258 0.3233394920825958 0
1716966523614 0.3225677013397217 0
1716966525604 0.3213801980018616 0
1716966526574 0.3133077323436737 0
1716966528084 0.3050802946090698 0
1716966530396 0.2996250092983246 0
1716966531424 0.29225799441337585 0
1716966532794 0.28415486216545105 0
1716966534370 0.27764517068862915 0
1716966535851 0.27523526549339294 0
1716966536674 0.2738392949104309 0
1716966576974 0.2693798243999481 0
1716966579341 0.26303258538246155 0
1716966580087 0.2590293288230896 0
1716966580824 0.2566719651222229 0
1716966583068 0.2535853683948517 0
1716966585540 0.2493257373571396 0
1716966587256 0.24599310755729675 0
1716966589203 0.2443777322769165 0
1716966590324 0.2416197806596756 0
1716966591337 0.2389228790998459 0
1716966610391 0.23701679706573486 0
1716966611061 0.2354397475719452 0
1716966611681 0.23369242250919342 0
1716966612313 0.2316627949476242 0
1716966613240 0.22963716089725494 0
1716966614265 0.22783806920051575 0
1716966616308 0.2261486053466797 0
1716966619226 0.22434578835964203 0
1716966620891 0.22278931736946106 0
1716966622285 0.22148513793945312 0
1716966635821 0.2203386127948761 0
1716966636671 0.21903394162654877 0
1716966637323 0.2176862359046936 0
1716966638113 0.2164275199174881 0
1716966639032 0.21525409817695618 0
1716966640151 0.21414032578468323 0
1716966642574 0.2130977064371109 0
1716966644951 0.21216298639774323 0
1716966646492 0.21121013164520264 0
1716966647931 0.21020174026489258 0
1716966660689 0.2091475874185562 0
1716966661429 0.2081650048494339 0
1716966662121 0.20722800493240356 0
1716966662950 0.20634692907333374 0
1716966663867 0.2054898887872696 0
1716966665072 0.20469923317432404 0
1716966667655 0.20390155911445618 0
1716966670108 0.20310375094413757 0
1716966671596 0.20229746401309967 0
1716966672863 0.20154814422130585 0
1716966686465 0.20081475377082825 0
1716966687165 0.2000928372144699 0
1716966687805 0.1993720680475235 0
1716966688536 0.19868038594722748 0
1716966689369 0.1979958415031433 0
1716966690713 0.19732901453971863 0
1716966693033 0.196677565574646 0
1716966695340 0.1960500329732895 0
1716966696902 0.19541911780834198 0
1716966698197 0.1947912722826004 0
1716966710393 0.19417408108711243 0
1716966711126 0.1935732364654541 0
1716966711772 0.19297586381435394 0
1716966712465 0.19238796830177307 0
1716966713315 0.19181111454963684 0
1716966714764 0.19124209880828857 0
1716966716955 0.19067701697349548 0
1716966719136 0.19012123346328735 0
1716966720677 0.18957412242889404 0
1716966722185 0.1890314221382141 0
1716966736623 0.18849241733551025 0
1716966737355 0.18796132504940033 0
1716966738005 0.18743638694286346 0
1716966738671 0.18691527843475342 0
1716966739595 0.18640029430389404 0
1716966740734 0.18589171767234802 0
1716966743088 0.18538898229599 0
1716966745922 0.18488922715187073 0
1716966747584 0.1843956559896469 0
1716966749015 0.18390679359436035 0
1716966762098 0.18342246115207672 0
1716966762780 0.18294158577919006 0
1716966763430 0.182466059923172 0
1716966764133 0.18199469149112701 0
1716966764985 0.18152675032615662 0
1716966766349 0.18106307089328766 0
1716966768786 0.18060381710529327 0
1716966770923 0.18014822900295258 0
1716966772453 0.17969658970832825 0
1716966773798 0.17924869060516357 0
1716966787037 0.17880433797836304 0
1716966787701 0.17836330831050873 0
1716966788346 0.1779259294271469 0
1716966789037 0.1774921417236328 0
1716966789848 0.17706133425235748 0
1716966791187 0.17663413286209106 0
1716966793467 0.1762097030878067 0
1716966795887 0.17578890919685364 0
1716966797471 0.17537125945091248 0
1716966798730 0.1749565750360489 0
1716966810721 0.1745447963476181 0
1716966811379 0.17413628101348877 0
1716966812072 0.17373037338256836 0
1716966812823 0.1733277291059494 0
1716966813643 0.17292749881744385 0
1716966815380 0.172529935836792 0
1716966817397 0.17213527858257294 0
1716966819221 0.1717430055141449 0
1716966820817 0.1713535040616989 0
1716966822219 0.1709667444229126 0
1716966836488 0.17058290541172028 0
1716966837300 0.17020085453987122 0
1716966838154 0.16982170939445496 0
1716966839347 0.1694444715976715 0
1716966842201 0.16906996071338654 0
1716966843111 0.16869814693927765 0
1716966844116 0.16832832992076874 0
1716966845485 0.16796109080314636 0
1716966847741 0.1675950437784195 0
1716966850062 0.1672324538230896 0
1716966869763 0.16687175631523132 0
1716966870633 0.1665126532316208 0
1716966871231 0.16615590453147888 0
1716966872025 0.16580122709274292 0
1716966872805 0.16544847190380096 0
1716966873749 0.1650979071855545 0
1716966875055 0.16474924981594086 0
1716966876926 0.16440264880657196 0
1716966878411 0.16405794024467468 0
1716966880324 0.16371504962444305 0
1716966923137 0.16337378323078156 0
1716966923877 0.16303449869155884 0
1716966924544 0.16269707679748535 0
1716966925191 0.16236163675785065 0
1716966926077 0.16202768683433533 0
1716966927183 0.16169500350952148 0
1716966928646 0.16136470437049866 0
1716966931414 0.1610359251499176 0
1716966933466 0.16070868074893951 0
1716966934903 0.16038286685943604 0
1716966954472 0.160058856010437 0
1716966955787 0.1597362458705902 0
1716966956852 0.15941549837589264 0
1716966959628 0.1590959131717682 0
1716966960576 0.15877817571163177 0
1716966961526 0.15846151113510132 0
1716966962630 0.15814638137817383 0
1716966963754 0.15783251821994781 0
1716966965239 0.15752041339874268 0
1716966966868 0.15720969438552856 0
1716966980823 0.15690024197101593 0
1716966981512 0.15659233927726746 0
1716966982184 0.15628528594970703 0
1716966982907 0.15597981214523315 0
1716966983771 0.15567533671855927 0
1716966985168 0.1553725004196167 0
1716966987450 0.15507081151008606 0
1716966989502 0.15477055311203003 0
1716966991043 0.1544715166091919 0
1716966992360 0.15417394042015076 0
1716967004263 0.15387733280658722 0
1716967004937 0.15358196198940277 0
1716967005620 0.15328757464885712 0
1716967006387 0.152994766831398 0
1716967007394 0.15270285308361053 0
1716967009041 0.15241283178329468 0
1716967010877 0.15212328732013702 0
1716967012927 0.1518348753452301 0
1716967014538 0.15154854953289032 0
1716967015892 0.15126270055770874 0
1716967028025 0.15097838640213013 0
1716967028764 0.15069520473480225 0
1716967029436 0.15041348338127136 0
1716967030162 0.15013264119625092 0
1716967030983 0.14985375106334686 0
1716967032645 0.1495758593082428 0
1716967034687 0.14929930865764618 0
1716967036763 0.14902441203594208 0
1716967038463 0.14875012636184692 0
1716967039853 0.14847812056541443 0
1716967054604 0.14820735156536102 0
1716967055238 0.14793777465820312 0
1716967055896 0.1476699262857437 0
1716967056596 0.14740343391895294 0
1716967057574 0.14713844656944275 0
1716967058690 0.14687541127204895 0
1716967060818 0.14661334455013275 0
1716967063637 0.14635321497917175 0
1716967065731 0.14609436690807343 0
1716967069489 0.14583730697631836 0
1716967088726 0.1455817073583603 0
1716967089541 0.14532782137393951 0
1716967090332 0.14507551491260529 0
1716967091213 0.14482450485229492 0
1716967092069 0.1445753574371338 0
1716967093041 0.14432786405086517 0
1716967094198 0.14408175647258759 0
1716967096503 0.14383721351623535 0
1716967099297 0.14359429478645325 0
1716967100979 0.14335303008556366 0
1716967113308 0.14311319589614868 0
1716967114027 0.14287491142749786 0
1716967114667 0.1426377296447754 0
1716967115365 0.14240217208862305 0
1716967116296 0.14216837286949158 0
1716967117919 0.14193595945835114 0
1716967120571 0.1417047083377838 0
1716967123007 0.14147494733333588 0
1716967124256 0.1412470042705536 0
1716967125741 0.1410197764635086 0
1716967140903 0.14079414308071136 0
1716967141613 0.14056986570358276 0
1716967142266 0.1403471678495407 0
1716967142955 0.14012576639652252 0
1716967143819 0.13990499079227448 0
1716967144996 0.13968615233898163 0
1716967147194 0.13946835696697235 0
1716967149860 0.13925179839134216 0
1716967151582 0.13903644680976868 0
1716967153056 0.13882231712341309 0
1716967166557 0.1386094093322754 0
1716967167223 0.1383979469537735 0
1716967167871 0.1381870061159134 0
1716967168605 0.13797754049301147 0
1716967169448 0.1377692073583603 0
1716967170822 0.13756224513053894 0
1716967173139 0.1373554915189743 0
1716967175277 0.1371505707502365 0
1716967176883 0.13694648444652557 0
1716967178477 0.1367434859275818 0
1716967192952 0.1365416944026947 0
1716967193786 0.13634084165096283 0
1716967194393 0.1361408531665802 0
1716967195052 0.13594187796115875 0
1716967195830 0.13574360311031342 0
1716967197126 0.1355467587709427 0
1716967199673 0.13535070419311523 0
1716967202016 0.13515563309192657 0
1716967203690 0.1349610984325409 0
1716967205002 0.13476809859275818 0
1716967217766 0.1345755010843277 0
1716967218455 0.1343839168548584 0
1716967219096 0.13419371843338013 0
1716967220187 0.13400395214557648 0
1716967221469 0.13381479680538177 0
1716967222482 0.1336267590522766 0
1716967223896 0.1334393322467804 0
1716967226299 0.1332530379295349 0
1716967228190 0.13306720554828644 0
1716967229651 0.1328820437192917 0
1716967241032 0.1326976716518402 0
1716967241723 0.1325145661830902 0
1716967242382 0.1323317140340805 0
1716967243131 0.13214927911758423 0
1716967243988 0.1319674551486969 0
1716967245674 0.1317864954471588 0
1716967248254 0.13160546123981476 0
1716967249762 0.13142454624176025 0
1716967251168 0.13124383985996246 0
1716967252690 0.13106301426887512 0
1716967264404 0.13088196516036987 0
1716967265067 0.1307012438774109 0
1716967265721 0.13052310049533844 0
1716967266429 0.1303476244211197 0
1716967267270 0.13017284870147705 0
1716967268616 0.1299983561038971 0
1716967270849 0.12982413172721863 0
1716967273047 0.12965025007724762 0
1716967274597 0.12947721779346466 0
1716967275937 0.12930501997470856 0
1716967286915 0.12913337349891663 0
1716967287608 0.128962442278862 0
1716967288277 0.1287926286458969 0
1716967288995 0.12862269580364227 0
1716967290072 0.12845396995544434 0
1716967292088 0.12828609347343445 0
1716967293384 0.12811878323554993 0
1716967295192 0.12795208394527435 0
1716967297009 0.127785786986351 0
1716967298581 0.1276209056377411 0
1716967309700 0.1274559050798416 0
1716967310549 0.12729214131832123 0
1716967311261 0.12712830305099487 0
1716967311948 0.1269654929637909 0
1716967312778 0.12680335342884064 0
1716967314090 0.1266416609287262 0
1716967316395 0.12648095190525055 0
1716967318869 0.1263202577829361 0
1716967320403 0.12616026401519775 0
1716967321674 0.12600091099739075 0
1716967333453 0.12584227323532104 0
1716967334135 0.1256840080022812 0
1716967334858 0.12552642822265625 0
1716967335575 0.12536926567554474 0
1716967336537 0.12521246075630188 0
1716967338030 0.1250564306974411 0
1716967340130 0.1249006986618042 0
1716967342413 0.12474550306797028 0
1716967343942 0.12459100782871246 0
1716967345195 0.1244368776679039 0
1716967356781 0.12428324669599533 0
1716967357620 0.12413039803504944 0
1716967358494 0.12397769093513489 0
1716967359389 0.12382546812295914 0
1716967360278 0.12367351353168488 0
1716967361486 0.12352224439382553 0
1716967363486 0.12337156385183334 0
1716967365944 0.12322135269641876 0
1716967367643 0.12307150661945343 0
1716967369023 0.1229223683476448 0
1716967380594 0.12277334928512573 0
1716967381419 0.12262450158596039 0
1716967382158 0.12247656285762787 0
1716967382930 0.12232892960309982 0
1716967383895 0.12218161672353745 0
1716967385210 0.1220347210764885 0
1716967387495 0.12188825011253357 0
1716967389682 0.12174241989850998 0
1716967391216 0.12159670144319534 0
1716967392481 0.12145130336284637 0
1716967403783 0.1213066503405571 0
1716967404457 0.12116245180368423 0
1716967405127 0.12101826816797256 0
1716967405848 0.12087462842464447 0
1716967406678 0.12073154002428055 0
1716967408190 0.12058854103088379 0
1716967410634 0.12044617533683777 0
1716967412661 0.12030395865440369 0
1716967414124 0.12016196548938751 0
1716967415422 0.12002062797546387 0
1716967426682 0.11987980455160141 0
1716967427439 0.11973913758993149 0
1716967428100 0.11959881335496902 0
1716967428828 0.11945867538452148 0
1716967429715 0.11931940913200378 0
1716967431314 0.11918008327484131 0
1716967432803 0.11904138326644897 0
1716967435007 0.11890321969985962 0
1716967436764 0.11876672506332397 0
1716967438247 0.11863283067941666 0
1716967450891 0.11850493401288986 0
1716967451563 0.11839235574007034 0
1716967452288 0.11832913756370544 0
1716967453050 0.1183643713593483 0
1716967453878 0.11888853460550308 0
1716967455531 0.12017147243022919 0
1716967457727 0.13072846829891205 0
1716967459794 0.3212353587150574 0
1716967461467 2.5094473361968994 0
1716967462865 2.470247268676758 0
1716967475409 2.077897310256958 0
1716967476094 1.652510404586792 0
1716967476737 1.4249683618545532 0
1716967477426 1.3176279067993164 0
1716967478212 1.2959308624267578 0
1716967479421 1.2314870357513428 0
1716967481840 1.159165620803833 0
1716967484211 1.1048647165298462 0
1716967485732 1.0261644124984741 0
1716967487089 0.9628503918647766 0
1716967499093 0.9027237892150879 0
1716967499754 0.8590729832649231 0
1716967500389 0.8222020268440247 0
1716967501088 0.7704808115959167 0
1716967501919 0.7083756923675537 0
1716967503185 0.6588995456695557 0
1716967505756 0.6208000183105469 0
1716967508047 0.5831592082977295 0
1716967509611 0.5484517216682434 0
1716967511022 0.5160467624664307 0
1716967524305 0.4884638488292694 0
1716967525118 0.46585899591445923 0
1716967525755 0.4471818208694458 0
1716967526420 0.42956891655921936 0
1716967527491 0.4085746705532074 0
1716967529416 0.3852292597293854 0
1716967531320 0.36347851157188416 0
1716967533154 0.34435081481933594 0
1716967534715 0.32819920778274536 0
1716967536239 0.3153531551361084 0
1716967550592 0.3039296865463257 0
1716967551270 0.29476237297058105 0
1716967551906 0.2866622507572174 0
1716967552609 0.27785688638687134 0
1716967553396 0.2687951326370239 0
1716967554799 0.2609218657016754 0
1716967557080 0.2539466321468353 0
1716967559386 0.24701344966888428 0
1716967561069 0.24055610597133636 0
1716967562483 0.23503784835338593 0
1716967574035 0.22997604310512543 0
1716967574701 0.22516198456287384 0
1716967575370 0.2209414690732956 0
1716967576085 0.21732769906520844 0
1716967576939 0.21387815475463867 0
1716967579068 0.21043993532657623 0
1716967580457 0.2072523832321167 0
1716967582319 0.2043839991092682 0
1716967584257 0.20168107748031616 0
1716967585968 0.19904682040214539 0
1716967606333 0.19644850492477417 0
1716967607143 0.19387765228748322 0
1716967607863 0.19143728911876678 0
1716967608566 0.18923093378543854 0
1716967609820 0.18720807135105133 0
1716967611172 0.18526311218738556 0
1716967612373 0.18338826298713684 0
1716967614177 0.18164372444152832 0
1716967616817 0.18003669381141663 0
1716967618218 0.1785150021314621 0
1716967642659 0.17704333364963531 0
1716967643608 0.17562714219093323 0
1716967644206 0.17427092790603638 0
1716967647910 0.1729644536972046 0
1716967651880 0.17170189321041107 0
1716967653911 0.17048053443431854 0
1716967654541 0.1692962348461151 0
1716967655087 0.16814939677715302 0
1716967657693 0.16704648733139038 0
1716967661404 0.1659850776195526 0
1716967688699 0.16494819521903992 0
1716967689619 0.1639280617237091 0
1716967692635 0.1629343181848526 0
1716967693940 0.16197827458381653 0
1716967694551 0.16105636954307556 0
1716967695270 0.1601591557264328 0
1716967696199 0.15928347408771515 0
1716967697100 0.15843042731285095 0
1716967698295 0.15759976208209991 0
1716967701527 0.15679015219211578 0
1716967727268 0.15600155293941498 0
1716967728258 0.1552301049232483 0
1716967729156 0.15447387099266052 0
1716967732504 0.15373413264751434 0
1716967734255 0.15301233530044556 0
1716967735040 0.15230494737625122 0
1716967736453 0.15160878002643585 0
1716967737794 0.15092453360557556 0
1716967738851 0.1502533257007599 0
1716967740245 0.14959557354450226 0
1716967760835 0.14894895255565643 0
1716967761461 0.14831188321113586 0
1716967762030 0.14768379926681519 0
1716967762718 0.1470639705657959 0
1716967763647 0.14645197987556458 0
1716967764516 0.14584901928901672 0
1716967765787 0.14525364339351654 0
1716967767038 0.14466440677642822 0
1716967769615 0.144077330827713 0
1716967771948 0.1437152624130249 0
1716967796062 0.14311832189559937 0
1716967797019 0.1426689177751541 0
1716967797645 0.14200718700885773 0
1716967801064 0.14141421020030975 0
1716967802027 0.14096485078334808 0
1716967802735 0.14042986929416656 0
1716967804534 0.13984090089797974 0
1716967806563 0.13937661051750183 0
1716967807422 0.13891346752643585 0
1716967808315 0.13834108412265778 0
1716967828511 0.13780643045902252 0
1716967829305 0.13737009465694427 0
1716967829895 0.1368875354528427 0
1716967832449 0.13636575639247894 0
1716967834864 0.1359129399061203 0
1716967835577 0.13546954095363617 0
1716967836301 0.13497446477413177 0
1716967837808 0.13451239466667175 0
1716967839021 0.13410013914108276 0
1716967840711 0.13365435600280762 0
1716967856819 0.13320447504520416 0
1716967857742 0.13279315829277039 0
1716967859212 0.1323825865983963 0
1716967861084 0.13196130096912384 0
1716967862063 0.13155485689640045 0
1716967862964 0.13115915656089783 0
1716967864296 0.1307661533355713 0
1716967866218 0.13037848472595215 0
1716967868598 0.12999047338962555 0
1716967870414 0.1296161562204361 0
1716967891160 0.1292557418346405 0
1716967891941 0.12889163196086884 0
1716967892742 0.12852689623832703 0
1716967893429 0.12817999720573425 0
1716967894382 0.12783783674240112 0
1716967895617 0.12749017775058746 0
1716967897927 0.12715351581573486 0
1716967900587 0.1268261969089508 0
1716967902217 0.126497283577919 0
1716967903961 0.1261729896068573 0
1716967924048 0.12585678696632385 0
1716967924839 0.1255444586277008 0
1716967925474 0.1252354085445404 0
1716967926126 0.12493065744638443 0
1716967926987 0.12463057786226273 0
1716967927981 0.12433471530675888 0
1716967930172 0.12404172122478485 0
1716967932781 0.1237521544098854 0
1716967934550 0.12346857786178589 0
1716967936057 0.12318779528141022 0
1716967956302 0.12290835380554199 0
1716967957031 0.12263470143079758 0
1716967957572 0.12236489355564117 0
1716967958244 0.12209641188383102 0
1716967959035 0.12183206528425217 0
1716967959982 0.1215718612074852 0
1716967960936 0.12131407856941223 0
1716967962678 0.12105897814035416 0
1716967965540 0.12080787122249603 0
1716967967430 0.12055963277816772 0
1716967982261 0.1203145831823349 0
1716967983034 0.12007207423448563 0
1716967983781 0.11983287334442139 0
1716967984498 0.11959683150053024 0
1716967985388 0.11936331540346146 0
1716967986736 0.11913234740495682 0
1716967988965 0.1189044788479805 0
1716967991204 0.11867885291576385 0
1716967992739 0.11845579743385315 0
1716967994081 0.1182355210185051 0
1716968006579 0.1180175244808197 0
1716968007241 0.11780153214931488 0
1716968007904 0.11758838593959808 0
1716968008607 0.11737725138664246 0
1716968009584 0.11716794222593307 0
1716968011624 0.11696096509695053 0
1716968013305 0.11675572395324707 0
1716968015132 0.11655282974243164 0
1716968017002 0.11635114252567291 0
1716968018922 0.11615125089883804 0
1716968040552 0.11595291644334793 0
1716968042264 0.11575661599636078 0
1716968042906 0.11556236445903778 0
1716968044197 0.11537071317434311 0
1716968045592 0.11518119275569916 0
1716968046634 0.1149928867816925 0
1716968047532 0.11480602622032166 0
1716968048671 0.11462048441171646 0
1716968050594 0.11443629115819931 0
1716968053049 0.1142541691660881 0
1716968073463 0.11407361179590225 0
1716968074266 0.1138945072889328 0
1716968074890 0.11371709406375885 0
1716968075626 0.113540880382061 0
1716968076686 0.11336588859558105 0
1716968078013 0.1131918653845787 0
1716968079809 0.11301979422569275 0
1716968082509 0.11284875124692917 0
1716968084200 0.11267925053834915 0
1716968085520 0.112510547041893 0
1716968099151 0.112343430519104 0
1716968099804 0.11217731982469559 0
1716968100456 0.11201220005750656 0
1716968101462 0.11184804886579514 0
1716968102582 0.11168570816516876 0
1716968103846 0.11152388155460358 0
1716968105423 0.11136346310377121 0
1716968107740 0.11120373755693436 0
1716968109648 0.11104512959718704 0
1716968111224 0.11088783293962479 0
1716968132632 0.1107313483953476 0
1716968134680 0.11057565361261368 0
1716968135567 0.11042101681232452 0
1716968136727 0.110267274081707 0
1716968139921 0.11011461168527603 0
1716968141226 0.10996270924806595 0
1716968142412 0.10981138795614243 0
1716968143480 0.10966157913208008 0
1716968145011 0.1095120906829834 0
1716968146283 0.10936368256807327 0
1716968169241 0.10921620577573776 0
1716968170153 0.10906907916069031 0
1716968170798 0.10892309248447418 0
1716968171513 0.10877779871225357 0
1716968172509 0.1086333692073822 0
1716968173639 0.10848972946405411 0
1716968174990 0.10834643989801407 0
1716968177280 0.1082041785120964 0
1716968179655 0.10806243121623993 0
1716968181542 0.10792134702205658 0
1716968204420 0.10778151452541351 0
1716968205267 0.1076420471072197 0
1716968205885 0.10750331729650497 0
1716968206615 0.10736510902643204 0
1716968209280 0.10722747445106506 0
1716968210788 0.10709075629711151 0
1716968212021 0.10695424675941467 0
1716968213507 0.10681869834661484 0
1716968214551 0.10668367147445679 0
1716968216086 0.10654924809932709 0
1716968237228 0.10641535371541977 0
1716968237990 0.1062823161482811 0
1716968238575 0.10614968091249466 0
1716968239292 0.10601765662431717 0
1716968240341 0.10588602721691132 0
1716968241775 0.10575509071350098 0
1716968244153 0.10562460869550705 0
1716968245551 0.10549495369195938 0
1716968247175 0.1053658276796341 0
1716968248842 0.10523699223995209 0
1716968265450 0.10510899126529694 0
1716968267033 0.10498148947954178 0
1716968267973 0.10485416650772095 0
1716968268692 0.10472745448350906 0
1716968269548 0.10460131615400314 0
1716968270691 0.10447558015584946 0
1716968272150 0.10435030609369278 0
1716968275219 0.10422545671463013 0
1716968277242 0.10410153120756149 0
1716968278900 0.10397756844758987 0
1716968305995 0.1038547158241272 0
1716968309104 0.10373178124427795 0
1716968311357 0.10360937565565109 0
1716968314652 0.10348761826753616 0
1716968315511 0.10336604714393616 0
1716968316702 0.10324525833129883 0
1716968318079 0.10312464088201523 0
1716968319839 0.10300460457801819 0
1716968321669 0.10288483649492264 0
1716968322590 0.10276571661233902 0
1716968353948 0.10264675319194794 0
1716968355501 0.10252855718135834 0
1716968356216 0.10241056978702545 0
1716968357350 0.10229289531707764 0
1716968360298 0.10217556357383728 0
1716968360951 0.10205920785665512 0
1716968361663 0.10194279253482819 0
1716968362570 0.10182678699493408 0
1716968363549 0.10171125084161758 0
1716968365484 0.10159604996442795 0
1716968396197 0.10148143023252487 0
1716968399737 0.10136720538139343 0
1716968401529 0.10125304758548737 0
1716968402946 0.10113947838544846 0
1716968405199 0.101026251912117 0
1716968407637 0.10091342777013779 0
1716968408618 0.10080081224441528 0
1716968411441 0.10068884491920471 0
1716968412385 0.10057704895734787 0
1716968413215 0.1004658043384552 0
1716968446356 0.10035467892885208 0
1716968447179 0.10024402290582657 0
1716968447779 0.10013344883918762 0
1716968448888 0.10002383589744568 0
1716968449809 0.09991411119699478 0
1716968450807 0.09980478882789612 0
1716968451804 0.09969595074653625 0
1716968454172 0.09958729147911072 0
1716968456934 0.09947922080755234 0
1716968458134 0.09937124699354172 0
1716968486439 0.09926316142082214 0
1716968487408 0.0991562008857727 0
1716968488125 0.09904929995536804 0
1716968489412 0.09894301742315292 0
1716968491928 0.09883663803339005 0
1716968493066 0.09873075783252716 0
1716968494631 0.0986250638961792 0
1716968495772 0.09851985424757004 0
1716968496987 0.09841485321521759 0
1716968498387 0.0983102023601532 0
1716968528311 0.09820588678121567 0
1716968529175 0.09810180962085724 0
1716968530124 0.09799803048372269 0
1716968531126 0.09789491444826126 0
1716968532553 0.09779166430234909 0
1716968534560 0.09768902510404587 0
1716968535903 0.09758640825748444 0
1716968536830 0.09748431295156479 0
1716968537878 0.0973825603723526 0
1716968539429 0.09728097170591354 0
1716968612672 0.0971795916557312 0
1716968613921 0.0970785841345787 0
1716968614564 0.09697797894477844 0
1716968615701 0.09687776118516922 0
1716968617262 0.0967775359749794 0
1716968618249 0.09667803347110748 0
1716968619438 0.09657826274633408 0
1716968620519 0.09647905081510544 0
1716968622311 0.09637999534606934 0
1716968625150 0.0962814912199974 0
1716968656312 0.09618330746889114 0
1716968657401 0.09608524292707443 0
1716968658483 0.09598758071660995 0
1716968661963 0.09588998556137085 0
1716968664220 0.09579278528690338 0
1716968665578 0.09569571912288666 0
1716968666442 0.09559914469718933 0
1716968668612 0.09550266712903976 0
1716968669827 0.0954066663980484 0
1716968670895 0.0953107550740242 0
