1716961630331 4.066374063491821 0
1716961632115 1.6855840682983398 0
1716961632757 0.6122980117797852 0
1716961633604 0.8269741535186768 0
1716961635452 1.8165438175201416 0
1716961636746 1.2124769687652588 0
1716961638702 1.9093849658966064 0
1716961640133 1.3917627334594727 0
1716961641560 1.4059886932373047 0
1716961643576 1.9991309642791748 0
1716961670573 5.105945110321045 0
1716961671871 1.2822301387786865 0
1716961673241 1.345015048980713 0
1716961675047 1.7358551025390625 0
1716961676157 1.0739729404449463 0
1716961677177 0.9917287826538086 0
1716961678281 1.0665080547332764 0
1716961679644 1.328866958618164 0
1716961681922 2.191706895828247 0
1716961683989 2.0517921447753906 0
1716961703715 2.4854397773742676 0
1716961704253 0.5198400020599365 0
1716961705197 0.9182357788085938 0
1716961706981 1.6991360187530518 0
1716961708016 0.9572961330413818 0
1716961709031 0.9506649971008301 0
1716961710497 1.428562879562378 0
1716961712556 2.017130136489868 0
1716961715244 2.659634828567505 0
1716961717351 2.023448944091797 0
1716961734869 2.877578020095825 0
1716961735645 0.7476847171783447 0
1716961737728 2.0593888759613037 0
1716961739789 1.9186358451843262 0
1716961741344 1.5079548358917236 0
1716961742889 1.4922778606414795 0
1716961743897 0.9848649501800537 0
1716961745249 1.3175480365753174 0
1716961746658 1.3838510513305664 0
1716961748760 2.0489132404327393 0
1716961761322 2.4144837856292725 0
1716961761920 0.58365797996521 0
1716961762581 0.6140117645263672 0
1716961763849 1.218808889389038 0
1716961765501 1.6027419567108154 0
1716961766976 1.4334931373596191 0
1716961768236 1.209313154220581 0
1716961769640 1.3573570251464844 0
1716961771825 2.166260004043579 0
1716961774020 2.1744110584259033 0
1716961788859 2.6550471782684326 0
1716961789499 0.6002800464630127 0
1716961790976 1.4363338947296143 0
1716961793199 2.1471381187438965 0
1716961794295 1.0510621070861816 0
1716961795077 0.7467629909515381 0
1716961796492 1.3858249187469482 0
1716961797592 1.0679700374603271 0
1716961799889 2.251807928085327 0
1716961802397 2.48356294631958 0
1716961816279 3.641633987426758 0
1716961819214 2.7778432369232178 0
1716961820045 0.806020975112915 0
1716961821163 1.0969579219818115 0
1716961823056 1.847609043121338 0
1716961824310 1.216249704360962 0
1716961826830 2.322010040283203 0
1716961827750 0.8893260955810547 0
1716961829409 1.6383450031280518 0
1716961831169 1.7100470066070557 0
1716961850542 5.285522937774658 0
1716961851250 0.6923048496246338 0
1716961852084 0.8184771537780762 0
1716961853434 1.30293869972229 0
1716961854771 1.293776035308838 0
1716961856176 1.3723089694976807 0
1716961857571 1.2434921264648438 0
1716961859119 1.493678092956543 0
1716961861390 2.251790761947632 0
1716961863347 1.924602746963501 0
1716961875872 2.254399061203003 0
1716961876386 0.5038399696350098 0
1716961877180 0.7563009262084961 0
1716961878373 1.1591706275939941 0
1716961880174 1.764254093170166 0
1716961881579 1.3427667617797852 0
1716961882642 1.0224308967590332 0
1716961883958 1.2692208290100098 0
1716961886148 2.1551599502563477 0
1716961888373 2.202968120574951 0
1716961902213 2.3821849822998047 0
1716961902795 0.5659389495849609 0
1716961903626 0.8002989292144775 0
1716961904874 1.191188097000122 0
1716961906388 1.4736812114715576 0
1716961908115 1.6727559566497803 0
1716961909168 0.9974699020385742 0
1716961910460 1.2726588249206543 0
1716961912613 2.134758234024048 0
1716961914794 2.1400229930877686 0
1716961927956 2.3630940914154053 0
1716961928678 0.7007949352264404 0
1716961929497 0.8055412769317627 0
1716961931146 1.5422210693359375 0
1716961932307 1.1231410503387451 0
1716961933655 1.3121278285980225 0
1716961934925 1.2134337425231934 0
1716961936590 1.6321260929107666 0
1716961939061 2.4518840312957764 0
1716961940962 1.8786139488220215 0
1716961957059 3.3951199054718018 0
1716961958229 1.1538758277893066 0
1716961960077 1.8044309616088867 0
1716961961760 1.5847511291503906 0
1716961962678 0.8801908493041992 0
1716961963694 0.9816567897796631 0
1716961965223 1.4901862144470215 0
1716961966741 1.4302558898925781 0
1716961968356 1.5989091396331787 0
1716961970458 2.0748679637908936 0
1716962004758 13.912499189376831 0
1716962006007 1.2238428592681885 0
1716962007886 1.8500149250030518 0
1716962009663 1.5956223011016846 0
1716962011136 1.456524133682251 0
1716962011917 0.7605969905853271 0
1716962012781 0.8297097682952881 0
1716962013939 1.1123619079589844 0
1716962015237 1.266618013381958 0
1716962016936 1.6083118915557861 0
1716962038561 6.112757921218872 0
1716962040676 1.9257659912109375 0
1716962041325 0.6261489391326904 0
1716962041916 0.5782489776611328 0
1716962042806 0.8669521808624268 0
1716962044204 1.3466260433197021 0
1716962045200 0.9491939544677734 0
1716962046934 1.7015380859375 0
1716962049833 2.869317054748535 0
1716962051616 1.7615039348602295 0
1716962063713 2.506721019744873 0
1716962064359 0.634016752243042 0
1716962065104 0.7330641746520996 0
1716962065858 0.7385909557342529 0
1716962066753 0.8550341129302979 0
1716962068021 1.2370071411132812 0
1716962070378 2.2972090244293213 0
1716962072636 2.244115114212036 0
1716962074218 1.5597028732299805 0
1716962075806 1.5662908554077148 0
1716962086911 2.706143856048584 0
1716962087818 0.8498568534851074 0
1716962088904 1.0751900672912598 0
1716962089944 0.9752116203308105 0
1716962090935 0.975334882736206 0
1716962092027 1.0437171459197998 0
1716962093786 1.7229361534118652 0
1716962096294 2.488908052444458 0
1716962097973 1.6627700328826904 0
1716962099467 1.4813568592071533 0
1716962110841 2.627925157546997 0
1716962111530 0.667078971862793 0
1716962112213 0.6653869152069092 0
1716962112961 0.7345130443572998 0
1716962113812 0.8315169811248779 0
1716962115208 1.3675241470336914 0
1716962117360 2.091463804244995 0
1716962119652 2.2782390117645264 0
1716962121243 1.5787088871002197 0
1716962122577 1.3220810890197754 0
1716962133620 2.387753963470459 0
1716962134244 0.6153988838195801 0
1716962134972 0.7172408103942871 0
1716962135700 0.71138596534729 0
1716962136617 0.901792049407959 0
1716962137906 1.259423017501831 0
1716962139986 2.02896785736084 0
1716962142299 2.288431167602539 0
1716962143881 1.5707628726959229 0
1716962145226 1.3290188312530518 0
1716962158843 3.0085790157318115 0
1716962160519 1.6638281345367432 0
1716962161684 1.1461730003356934 0
1716962162585 0.8887858390808105 0
1716962164013 1.411407709121704 0
1716962165988 1.862375259399414 0
1716962166855 0.8434617519378662 0
1716962167922 1.0497069358825684 0
1716962169646 1.690537929534912 0
1716962171915 2.2456140518188477 0
1716962183949 3.210132122039795 0
1716962184881 0.8998408317565918 0
1716962186340 1.4366767406463623 0
1716962187938 1.5841200351715088 0
1716962188844 0.8829917907714844 0
1716962189762 0.8941876888275146 0
1716962191340 1.5481889247894287 0
1716962193493 2.1093990802764893 0
1716962195529 2.0169618129730225 0
1716962197149 1.6016781330108643 0
1716962207844 2.484199047088623 0
1716962209005 1.1367979049682617 0
1716962210200 1.1838948726654053 0
1716962211414 1.1828868389129639 0
1716962212279 0.8453359603881836 0
1716962213627 1.319606065750122 0
1716962214849 1.1986210346221924 0
1716962217037 2.1655659675598145 0
1716962219203 2.1460020542144775 0
1716962220798 1.5729260444641113 0
1716962232411 2.3357269763946533 0
1716962233165 0.7372298240661621 0
1716962233839 0.6641941070556641 0
1716962234772 0.9139809608459473 0
1716962235920 1.1253790855407715 0
1716962237020 1.0703542232513428 0
1716962238675 1.6330220699310303 0
1716962241041 2.3427200317382812 0
1716962242752 1.690129280090332 0
1716962244117 1.3475570678710938 0
1716962255237 2.4209930896759033 0
1716962255905 0.6324300765991211 0
1716962256537 0.621527910232544 0
1716962257251 0.6892969608306885 0
1716962258153 0.8642740249633789 0
1716962259498 1.2704157829284668 0
1716962261737 2.201361894607544 0
1716962263978 2.2159509658813477 0
1716962265600 1.6067719459533691 0
1716962267062 1.432567834854126 0
1716962277464 2.396491050720215 0
1716962278753 1.2472660541534424 0
1716962280454 1.683922290802002 0
1716962281637 1.1692700386047363 0
1716962282869 1.1742088794708252 0
1716962284240 1.3503918647766113 0
1716962285751 1.4934720993041992 0
1716962287223 1.3994841575622559 0
1716962288673 1.426786184310913 0
1716962290507 1.8195161819458008 0
1716962303293 2.1965677738189697 0
1716962304035 0.7186391353607178 0
1716962304684 0.6321449279785156 0
1716962305587 0.8836932182312012 0
1716962307041 1.4299190044403076 0
1716962308564 1.3632891178131104 0
1716962310200 1.5935122966766357 0
1716962312250 2.03328800201416 0
1716962314006 1.7208070755004883 0
1716962315684 1.655857801437378 0
1716962334531 4.259836912155151 0
1716962335305 0.7591259479522705 0
1716962335996 0.6780948638916016 0
1716962336769 0.7548139095306396 0
1716962337685 0.8918569087982178 0
1716962339712 1.9222841262817383 0
1716962341143 1.4018046855926514 0
1716962343006 1.8478810787200928 0
1716962344797 1.7696490287780762 0
1716962346459 1.6417970657348633 0
1716962357743 2.2116429805755615 0
1716962358457 0.6994810104370117 0
1716962359130 0.6612358093261719 0
1716962359937 0.7861361503601074 0
1716962361144 1.1845078468322754 0
1716962362490 1.2842025756835938 0
1716962364553 2.0421481132507324 0
1716962366719 2.127204656600952 0
1716962368270 1.5398468971252441 0
1716962369649 1.36826491355896 0
1716962381649 2.3904361724853516 0
1716962382322 0.6564369201660156 0
1716962382974 0.6422991752624512 0
1716962383705 0.7180228233337402 0
1716962384712 0.9915261268615723 0
1716962386242 1.4518871307373047 0
1716962388452 2.1358768939971924 0
1716962390606 2.1332740783691406 0
1716962392198 1.5810201168060303 0
1716962393513 1.2920210361480713 0
1716962403640 2.4426429271698 0
1716962404443 0.7921328544616699 0
1716962405628 1.1293261051177979 0
1716962406380 0.7396187782287598 0
1716962407247 0.8513622283935547 0
1716962408544 1.2408878803253174 0
1716962410212 1.6399779319763184 0
1716962412585 2.3533411026000977 0
1716962414248 1.6436538696289062 0
1716962415617 1.3592677116394043 0
1716962424918 2.1658620834350586 0
1716962425619 0.684194803237915 0
1716962426366 0.7365717887878418 0
1716962427860 1.4524338245391846 0
1716962429338 1.4290618896484375 0
1716962430689 1.274353265762329 0
1716962431804 1.0988819599151611 0
1716962433402 1.573864221572876 0
1716962435528 2.090420961380005 0
1716962437384 1.8288278579711914 0
1716962447487 2.352302074432373 0
1716962448196 0.6987042427062988 0
1716962448873 0.6621630191802979 0
1716962449613 0.7237038612365723 0
1716962451164 1.5082788467407227 0
1716962452991 1.7279927730560303 0
1716962454616 1.6019189357757568 0
1716962455973 1.3342130184173584 0
1716962457480 1.4690790176391602 0
1716962459156 1.6620221138000488 0
1716962469402 1.9959239959716797 0
1716962470054 0.6442098617553711 0
1716962470765 0.7021141052246094 0
1716962471504 0.7174301147460938 0
1716962472381 0.865135908126831 0
1716962474195 1.7840700149536133 0
1716962476223 1.8866360187530518 0
1716962477949 1.7053382396697998 0
1716962479603 1.6395690441131592 0
1716962481182 1.567986011505127 0
1716962493396 2.1993799209594727 0
1716962494081 0.6748270988464355 0
1716962494753 0.661646842956543 0
1716962495490 0.7257449626922607 0
1716962496790 1.2749438285827637 0
1716962498542 1.7050518989562988 0
1716962500158 1.596574068069458 0
1716962501818 1.6351046562194824 0
1716962503569 1.7296650409698486 0
1716962505204 1.6100468635559082 0
1716962514566 2.1668319702148438 0
1716962515303 0.7189838886260986 0
1716962516001 0.6801810264587402 0
1716962516703 0.6896152496337891 0
1716962517658 0.9342172145843506 0
1716962519043 1.3499560356140137 0
1716962520981 1.9051661491394043 0
1716962523198 2.201772928237915 0
1716962524903 1.6898422241210938 0
1716962526316 1.3960340023040771 0
1716962537197 2.1962149143218994 0
1716962537847 0.63922119140625 0
1716962538507 0.6423671245574951 0
1716962539194 0.6754481792449951 0
1716962540274 1.0631680488586426 0
1716962541457 1.1105430126190186 0
1716962543405 1.9208269119262695 0
1716962545691 2.268263816833496 0
1716962547279 1.576341152191162 0
1716962548626 1.330475091934204 0
1716962558933 2.236051082611084 0
1716962559628 0.683251142501831 0
1716962560351 0.7100341320037842 0
1716962561093 0.7269823551177979 0
1716962561890 0.7811269760131836 0
1716962563197 1.2880139350891113 0
1716962565235 1.9956400394439697 0
1716962567527 2.27839994430542 0
1716962569152 1.6124658584594727 0
1716962570454 1.2823448181152344 0
1716962580946 2.432081937789917 0
1716962581585 0.6282620429992676 0
1716962582266 0.6524758338928223 0
1716962583022 0.7173538208007812 0
1716962583859 0.8204169273376465 0
1716962585110 1.2223761081695557 0
1716962587518 2.3808488845825195 0
1716962589719 2.1869852542877197 0
1716962591210 1.4806196689605713 0
1716962592477 1.2310049533843994 0
1716962602324 2.612082004547119 0
1716962603353 0.9918012619018555 0
1716962604396 0.9337589740753174 0
1716962605114 0.6964178085327148 0
1716962606094 0.9525191783905029 0
1716962607221 1.0973789691925049 0
1716962609332 2.0838918685913086 0
1716962611876 2.5288400650024414 0
1716962613550 1.650115966796875 0
1716962615051 1.487720012664795 0
1716962628264 2.48211407661438 0
1716962629009 0.7249269485473633 0
1716962629704 0.6781630516052246 0
1716962630535 0.8063161373138428 0
1716962631562 1.005699872970581 0
1716962632904 1.3082501888275146 0
1716962635175 2.237110137939453 0
1716962637359 2.1519899368286133 0
1716962638951 1.5741689205169678 0
1716962640376 1.393678903579712 0
1716962651195 2.0758211612701416 0
1716962651863 0.6584639549255371 0
1716962652568 0.6867010593414307 0
1716962653305 0.7177829742431641 0
1716962654443 1.1219000816345215 0
1716962655614 1.0989580154418945 0
1716962657305 1.6702849864959717 0
1716962659705 2.3843278884887695 0
1716962661349 1.6176540851593018 0
1716962662979 1.5956850051879883 0
1716962672661 2.2001793384552 0
1716962673390 0.7086660861968994 0
1716962674068 0.6639299392700195 0
1716962674790 0.7080798149108887 0
1716962675763 0.9555058479309082 0
1716962677093 1.2873849868774414 0
1716962679156 1.9943101406097412 0
1716962681292 2.106131076812744 0
1716962682893 1.5720210075378418 0
1716962684242 1.3193612098693848 0
1716962700385 3.72184419631958 0
1716962701526 1.1119048595428467 0
1716962702941 1.3897387981414795 0
1716962704357 1.3995890617370605 0
1716962705360 0.976701021194458 0
1716962706364 0.9236938953399658 0
1716962707706 1.314281940460205 0
1716962709659 1.8842391967773438 0
1716962711932 2.2553610801696777 0
1716962713684 1.7315678596496582 0
1716962727326 2.297149896621704 0
1716962728016 0.6772880554199219 0
1716962728691 0.6637067794799805 0
1716962729409 0.7048869132995605 0
1716962730650 1.2228946685791016 0
1716962732698 1.8058891296386719 0
1716962734312 1.597804069519043 0
1716962736119 1.7695741653442383 0
1716962737896 1.738332748413086 0
1716962739512 1.5935180187225342 0
1716962750312 1.841871976852417 0
1716962750988 0.6486468315124512 0
1716962751709 0.7114429473876953 0
1716962752488 0.7662248611450195 0
1716962753468 0.9632000923156738 0
1716962755021 1.5019547939300537 0
1716962757083 2.0446219444274902 0
1716962759252 2.1495001316070557 0
1716962760871 1.5929961204528809 0
1716962762268 1.375967264175415 0
1716962772878 2.3768062591552734 0
1716962773618 0.7090158462524414 0
1716962774292 0.6618998050689697 0
1716962775008 0.6957199573516846 0
1716962775904 0.8687212467193604 0
1716962777233 1.3003618717193604 0
1716962779783 2.5023622512817383 0
1716962782090 2.2461178302764893 0
1716962783543 1.4153239727020264 0
1716962784803 1.2214186191558838 0
1716962795427 2.2476651668548584 0
1716962796122 0.6757221221923828 0
1716962796777 0.6419389247894287 0
1716962797594 0.7780439853668213 0
1716962798807 1.1908822059631348 0
1716962800064 1.2267868518829346 0
1716962801983 1.8966991901397705 0
1716962804223 2.2229068279266357 0
1716962805842 1.6082680225372314 0
1716962807147 1.2929890155792236 0
1716962817034 2.2323341369628906 0
1716962817679 0.6259329319000244 0
1716962818331 0.6415550708770752 0
1716962819081 0.734813928604126 0
1716962819949 0.8511941432952881 0
1716962821500 1.5215141773223877 0
1716962823369 1.848236083984375 0
1716962825607 2.225604772567749 0
1716962827292 1.673363208770752 0
1716962828589 1.262584924697876 0
1716962839245 2.1005399227142334 0
1716962839883 0.6289379596710205 0
1716962840646 0.7493729591369629 0
1716962841654 0.9913198947906494 0
1716962842503 0.8294987678527832 0
1716962843915 1.3419182300567627 0
1716962845774 1.8279180526733398 0
1716962847717 1.9197640419006348 0
1716962849457 1.7189598083496094 0
1716962850984 1.5027499198913574 0
1716962861206 2.204197883605957 0
1716962861874 0.6480157375335693 0
1716962862535 0.6485929489135742 0
1716962863258 0.7094211578369141 0
1716962864100 0.8206610679626465 0
1716962865361 1.229604721069336 0
1716962867639 2.178022861480713 0
1716962869739 2.0853328704833984 0
1716962871211 1.4620449542999268 0
1716962872522 1.2952790260314941 0
1716962882975 2.2560839653015137 0
1716962883612 0.625432014465332 0
1716962884271 0.649543285369873 0
1716962884982 0.6957521438598633 0
1716962885905 0.9072110652923584 0
1716962887245 1.294713020324707 0
1716962889324 2.040029764175415 0
1716962891466 2.1294362545013428 0
1716962892943 1.4620039463043213 0
1716962894238 1.28422212600708 0
1716962904809 2.27160382270813 0
1716962905444 0.6212210655212402 0
1716962906078 0.6234281063079834 0
1716962906842 0.7521767616271973 0
1716962908155 1.2978267669677734 0
1716962909262 1.0837466716766357 0
1716962910986 1.6824259757995605 0
1716962913263 2.2535459995269775 0
1716962915003 1.7297847270965576 0
1716962916437 1.4115610122680664 0
1716962927408 2.1310949325561523 0
1716962928055 0.6371829509735107 0
1716962928826 0.7351300716400146 0
1716962929558 0.7096047401428223 0
1716962930493 0.9153628349304199 0
1716962931774 1.2324731349945068 0
1716962933737 1.9351921081542969 0
1716962935928 2.1769111156463623 0
1716962937499 1.5598227977752686 0
1716962938840 1.3289201259613037 0
1716962949521 1.9821991920471191 0
1716962950291 0.7297458648681641 0
1716962950997 0.6889228820800781 0
1716962951732 0.6952710151672363 0
1716962952577 0.8280489444732666 0
1716962953800 1.191547155380249 0
1716962956287 2.4494810104370117 0
1716962958560 2.235985040664673 0
1716962960121 1.5467238426208496 0
1716962961402 1.2641301155090332 0
1716962974669 2.1654458045959473 0
1716962975294 0.6154379844665527 0
1716962975914 0.6100442409515381 0
1716962976705 0.77288818359375 0
1716962977767 1.0395681858062744 0
1716962979048 1.2275831699371338 0
1716962980917 1.8322570323944092 0
1716962983185 2.2549140453338623 0
1716962984776 1.576805830001831 0
1716962986157 1.370398759841919 0
1716962996229 2.0998618602752686 0
1716962996918 0.669287919998169 0
1716962997602 0.6641008853912354 0
1716962998343 0.7296271324157715 0
1716962999383 1.0243909358978271 0
1716963000860 1.4457049369812012 0
1716963002933 2.036406993865967 0
1716963004919 1.9736950397491455 0
1716963006494 1.5636842250823975 0
1716963007799 1.2933340072631836 0
1716963018347 2.0671772956848145 0
1716963019025 0.6600377559661865 0
1716963019709 0.6700088977813721 0
1716963020458 0.7362570762634277 0
1716963021336 0.8581969738006592 0
1716963022700 1.328204870223999 0
1716963024790 2.0349371433258057 0
1716963026956 2.151063919067383 0
1716963028623 1.6558148860931396 0
1716963029834 1.1906068325042725 0
1716963041550 2.504132032394409 0
1716963042289 0.6931099891662598 0
1716963042932 0.6312861442565918 0
1716963043676 0.7293200492858887 0
1716963044554 0.861774206161499 0
1716963046131 1.5112898349761963 0
1716963048257 2.093722105026245 0
1716963050397 2.12605619430542 0
1716963051884 1.4751930236816406 0
1716963053190 1.2884447574615479 0
1716963064455 2.1238019466400146 0
1716963065130 0.6604218482971191 0
1716963065792 0.65260910987854 0
1716963066534 0.7219321727752686 0
1716963067493 0.9300210475921631 0
1716963068843 1.3149828910827637 0
1716963070845 1.9666852951049805 0
1716963073011 2.152299165725708 0
1716963074565 1.538045883178711 0
1716963075871 1.2939631938934326 0
1716963086138 2.342430830001831 0
1716963086867 0.7200801372528076 0
1716963087565 0.6792130470275879 0
1716963088279 0.7020411491394043 0
1716963089129 0.8226003646850586 0
1716963090499 1.3220579624176025 0
1716963092735 2.207940101623535 0
1716963094994 2.2460811138153076 0
1716963096540 1.5310416221618652 0
1716963097862 1.3029921054840088 0
1716963108393 2.0938780307769775 0
1716963109063 0.6517801284790039 0
1716963109779 0.7050991058349609 0
1716963110521 0.7244899272918701 0
1716963111402 0.8612630367279053 0
1716963112689 1.2581651210784912 0
1716963114905 2.186575174331665 0
1716963117152 2.23368763923645 0
1716963118686 1.5176050662994385 0
1716963120054 1.3537440299987793 0
1716963130493 2.154989242553711 0
1716963131164 0.6431949138641357 0
1716963131850 0.6737310886383057 0
1716963132552 0.6840012073516846 0
1716963133360 0.7838718891143799 0
1716963134867 1.4872539043426514 0
1716963137130 2.2317302227020264 0
1716963139224 2.0752880573272705 0
1716963140741 1.5059309005737305 0
1716963142099 1.3397719860076904 0
1716963152267 2.209340810775757 0
1716963152955 0.6761379241943359 0
1716963153623 0.6584470272064209 0
1716963154338 0.7011568546295166 0
1716963155235 0.8729128837585449 0
1716963156474 1.2044012546539307 0
1716963158778 2.2480320930480957 0
1716963160936 2.1211719512939453 0
1716963162471 1.5177128314971924 0
1716963163836 1.3457050323486328 0
1716963174196 2.198565721511841 0
1716963174860 0.6508200168609619 0
1716963175527 0.6563339233398438 0
1716963176258 0.7090408802032471 0
1716963177086 0.8110268115997314 0
1716963178395 1.234872817993164 0
1716963180837 2.4059340953826904 0
1716963182982 2.1284050941467285 0
1716963184519 1.5219881534576416 0
1716963185797 1.267077922821045 0
1716963196976 2.140589714050293 0
1716963197623 0.634655237197876 0
1716963198309 0.6668441295623779 0
1716963199011 0.6895022392272949 0
1716963199832 0.8033618927001953 0
1716963201040 1.175656795501709 0
1716963203329 2.2396910190582275 0
1716963205661 2.31252121925354 0
1716963207105 1.4317100048065186 0
1716963208351 1.2255947589874268 0
1716963218096 2.221959114074707 0
1716963218771 0.6624090671539307 0
1716963219440 0.6487829685211182 0
1716963220156 0.7017619609832764 0
1716963221093 0.921083927154541 0
1716963222488 1.3669610023498535 0
1716963224617 2.102019786834717 0
1716963226684 2.054702043533325 0
1716963228156 1.4600498676300049 0
1716963229502 1.3279821872711182 0
1716963239748 2.274121046066284 0
1716963240446 0.6764469146728516 0
1716963241141 0.6697590351104736 0
1716963241860 0.6990499496459961 0
1716963242710 0.8337137699127197 0
1716963244091 1.3527591228485107 0
1716963246596 2.4739668369293213 0
1716963248637 2.028102159500122 0
1716963250111 1.4548611640930176 0
1716963251342 1.2188422679901123 0
1716963261466 2.0942230224609375 0
1716963262156 0.6685037612915039 0
1716963262817 0.6466081142425537 0
1716963263523 0.6929168701171875 0
1716963264342 0.8033390045166016 0
1716963265755 1.3683090209960938 0
1716963268034 2.2507340908050537 0
1716963270095 2.045825719833374 0
1716963271609 1.5044217109680176 0
1716963272855 1.228882074356079 0
1716963283265 2.0605247020721436 0
1716963283941 0.6646609306335449 0
1716963284598 0.6462178230285645 0
1716963285348 0.7349488735198975 0
1716963286404 0.9905571937561035 0
1716963287665 1.2331535816192627 0
1716963289748 2.053158760070801 0
1716963291904 2.143129825592041 0
1716963293478 1.5596039295196533 0
1716963294758 1.2608070373535156 0
1716963308810 2.042572021484375 0
1716963309453 0.6337320804595947 0
1716963310086 0.6220800876617432 0
1716963310791 0.6909670829772949 0
1716963311626 0.8180258274078369 0
1716963313063 1.4088356494903564 0
1716963315118 2.0087459087371826 0
1716963317360 2.2286860942840576 0
1716963318840 1.4633281230926514 0
1716963320183 1.330199956893921 0
1716963330697 2.293118953704834 0
1716963331345 0.6331970691680908 0
1716963331984 0.628380298614502 0
1716963332681 0.6850099563598633 0
1716963333537 0.8396070003509521 0
1716963335000 1.4151170253753662 0
1716963337109 2.05830979347229 0
1716963339197 2.073490858078003 0
1716963340710 1.5014631748199463 0
1716963342127 1.4036359786987305 0
1716963352510 2.180018186569214 0
1716963353328 0.797325849533081 0
1716963354012 0.6650795936584473 0
1716963354762 0.7280220985412598 0
1716963355712 0.9323000907897949 0
1716963357272 1.5113070011138916 0
1716963358975 1.672041893005371 0
1716963361129 2.1393868923187256 0
1716963362842 1.7015700340270996 0
1716963364263 1.4066970348358154 0
1716963375526 2.191333055496216 0
1716963376295 0.7257952690124512 0
1716963377102 0.7889947891235352 0
1716963377830 0.686417818069458 0
1716963378694 0.8244526386260986 0
1716963379991 1.2677297592163086 0
1716963382381 2.3590519428253174 0
1716963384574 2.1795079708099365 0
1716963385977 1.3792431354522705 0
1716963387249 1.2594561576843262 0
1716963397228 2.1998980045318604 0
1716963397893 0.649259090423584 0
1716963398610 0.7059760093688965 0
1716963399416 0.7778587341308594 0
1716963400285 0.8518760204315186 0
1716963401749 1.3949360847473145 0
1716963403701 1.9244349002838135 0
1716963405825 2.0991549491882324 0
1716963407414 1.5777678489685059 0
1716963408776 1.338130235671997 0
1716963418828 2.37551212310791 0
1716963419522 0.6841030120849609 0
1716963420217 0.673058032989502 0
1716963420933 0.7031230926513672 0
1716963421825 0.8740200996398926 0
1716963423354 1.4987268447875977 0
1716963425381 1.990675926208496 0
1716963427528 2.131556749343872 0
1716963429177 1.613279104232788 0
1716963430647 1.4588778018951416 0
1716963441360 2.027657985687256 0
1716963442014 0.6444530487060547 0
1716963442659 0.6326580047607422 0
1716963443456 0.7822270393371582 0
1716963444426 0.9447669982910156 0
1716963446067 1.6078710556030273 0
1716963448206 2.1062490940093994 0
1716963449886 1.6660048961639404 0
1716963451476 1.5763328075408936 0
1716963452950 1.461479902267456 0
1716963463498 1.9729793071746826 0
1716963464218 0.6955440044403076 0
1716963464869 0.63407301902771 0
1716963465602 0.7123219966888428 0
1716963466444 0.828528881072998 0
1716963467823 1.3295598030090332 0
1716963469914 2.0071310997009277 0
1716963472131 2.200432777404785 0
1716963473729 1.565713882446289 0
1716963475121 1.382260799407959 0
1716963485269 2.1965231895446777 0
1716963485961 0.6556642055511475 0
1716963486627 0.6468889713287354 0
1716963487365 0.7178540229797363 0
1716963488202 0.8208408355712891 0
1716963489658 1.4037508964538574 0
1716963491679 1.9815521240234375 0
1716963493791 2.0964951515197754 0
1716963495353 1.550278902053833 0
1716963496716 1.341242790222168 0
1716963506966 2.1819682121276855 0
1716963507681 0.6823360919952393 0
1716963508368 0.6729438304901123 0
1716963509121 0.7304832935333252 0
1716963510031 0.8945949077606201 0
1716963511440 1.368168830871582 0
1716963513355 1.8192050457000732 0
1716963515512 2.1436069011688232 0
1716963517074 1.5511348247528076 0
1716963518410 1.323739767074585 0
1716963528769 2.245712995529175 0
1716963529443 0.664097785949707 0
1716963530241 0.7612941265106201 0
1716963530968 0.7043159008026123 0
1716963531825 0.8418600559234619 0
1716963533173 1.3173182010650635 0
1716963535177 1.976073980331421 0
1716963537422 2.227926015853882 0
1716963538979 1.5464808940887451 0
1716963540321 1.3162128925323486 0
1716963550861 2.1432456970214844 0
1716963551605 0.730180025100708 0
1716963552301 0.6830978393554688 0
1716963553007 0.691535234451294 0
1716963553815 0.792335033416748 0
1716963555152 1.3069581985473633 0
1716963557319 2.0981297492980957 0
1716963559619 2.267533779144287 0
1716963561220 1.5811598300933838 0
1716963562628 1.3870089054107666 0
1716963572954 2.1903059482574463 0
1716963573668 0.6937389373779297 0
1716963574375 0.6843461990356445 0
1716963575128 0.7189199924468994 0
1716963576078 0.9095029830932617 0
1716963577417 1.2969098091125488 0
1716963579441 1.9843649864196777 0
1716963581579 2.1243438720703125 0
1716963583181 1.5831329822540283 0
1716963584521 1.3218951225280762 0
1716963594579 2.26780104637146 0
1716963595242 0.6539051532745361 0
1716963595928 0.6746621131896973 0
1716963596658 0.7153563499450684 0
1716963597534 0.8587741851806641 0
1716963599025 1.4620611667633057 0
1716963601099 2.017042875289917 0
1716963603236 2.1234920024871826 0
1716963604784 1.5364489555358887 0
1716963606129 1.332150936126709 0
1716963616993 2.0999691486358643 0
1716963617651 0.6482839584350586 0
1716963618295 0.634436845779419 0
1716963618997 0.6887331008911133 0
1716963619868 0.8546891212463379 0
1716963621206 1.311241865158081 0
1716963623311 2.073199987411499 0
1716963625531 2.195336103439331 0
1716963627033 1.4860548973083496 0
1716963628357 1.3122129440307617 0
1716963638627 2.248441696166992 0
1716963639298 0.661700963973999 0
1716963639990 0.6788606643676758 0
1716963640703 0.6927840709686279 0
1716963641857 1.1387779712677002 0
1716963643785 1.8840041160583496 0
1716963645058 1.2557330131530762 0
1716963646799 1.725466251373291 0
1716963648644 1.8145170211791992 0
1716963650313 1.6554791927337646 0
1716963662515 2.1857049465179443 0
1716963663179 0.6472089290618896 0
1716963663853 0.6633541584014893 0
1716963664559 0.69309401512146 0
1716963665426 0.8464791774749756 0
1716963666896 1.4389197826385498 0
1716963668933 1.9839539527893066 0
1716963671027 2.080392360687256 0
1716963672608 1.5651381015777588 0
1716963673917 1.2977609634399414 0
1716963684734 2.398606061935425 0
1716963685633 0.8251729011535645 0
1716963686309 0.65628981590271 0
1716963687976 1.6537489891052246 0
1716963689303 1.276148796081543 0
1716963690786 1.4158799648284912 0
1716963692374 1.5687508583068848 0
1716963694589 2.1883130073547363 0
1716963696631 2.0281078815460205 0
1716963698312 1.6320347785949707 0
1716963721371 4.686978101730347 0
1716963722111 0.7088067531585693 0
1716963722729 0.6042249202728271 0
1716963723453 0.699307918548584 0
1716963724465 0.9443252086639404 0
1716963725548 1.036048173904419 0
1716963727174 1.5953352451324463 0
1716963728664 1.4464669227600098 0
1716963730318 1.6376969814300537 0
1716963732171 1.8245491981506348 0
1716963745672 2.5300538539886475 0
1716963746554 0.8688850402832031 0
1716963747236 0.6570580005645752 0
1716963747967 0.6905217170715332 0
1716963748879 0.8934261798858643 0
1716963750204 1.2953310012817383 0
1716963752596 2.3476481437683105 0
1716963755060 2.4470767974853516 0
1716963756598 1.5192968845367432 0
1716963757833 1.2165849208831787 0
1716963769205 2.4495041370391846 0
1716963770085 0.865319013595581 0
1716963770851 0.7527720928192139 0
1716963771564 0.6988847255706787 0
1716963772666 1.0814390182495117 0
1716963773946 1.2305727005004883 0
1716963775739 1.7605040073394775 0
1716963778136 2.3817310333251953 0
1716963779862 1.700887680053711 0
1716963781206 1.3309810161590576 0
1716963792045 2.199625015258789 0
1716963792745 0.6859562397003174 0
1716963793438 0.6758809089660645 0
1716963794231 0.7735159397125244 0
1716963795219 0.9621779918670654 0
1716963796530 1.2803099155426025 0
1716963798687 2.111644983291626 0
1716963800848 2.130873918533325 0
1716963802362 1.4996910095214844 0
1716963803663 1.2745397090911865 0
1716963813898 2.152107000350952 0
1716963814674 0.7402417659759521 0
1716963815601 0.9162256717681885 0
1716963816355 0.7184970378875732 0
1716963817180 0.7932159900665283 0
1716963818335 1.1278269290924072 0
1716963820897 2.5316967964172363 0
1716963823256 2.336012125015259 0
1716963824774 1.487421989440918 0
1716963826056 1.2696950435638428 0
1716963836045 2.3128199577331543 0
1716963836711 0.6532201766967773 0
1716963837361 0.6336259841918945 0
1716963838102 0.7283949851989746 0
1716963839078 0.9585130214691162 0
1716963840639 1.5122501850128174 0
1716963842457 1.778198003768921 0
1716963844632 2.153822183609009 0
1716963846304 1.659830093383789 0
1716963847652 1.3313610553741455 0
1716963857776 1.9817249774932861 0
1716963858443 0.6551299095153809 0
1716963859131 0.6685020923614502 0
1716963859856 0.7121679782867432 0
1716963860761 0.8882181644439697 0
1716963861989 1.1984100341796875 0
1716963864181 2.140652894973755 0
1716963866428 2.2254388332366943 0
1716963868039 1.5993731021881104 0
1716963869450 1.381417989730835 0
1716963879198 1.7322702407836914 0
1716963879930 0.7207820415496826 0
1716963880898 0.9447760581970215 0
1716963881621 0.6920719146728516 0
1716963882526 0.8883299827575684 0
1716963883667 1.1111657619476318 0
1716963885593 1.8952288627624512 0
1716963888180 2.5624349117279053 0
1716963889790 1.5911388397216797 0
1716963891049 1.2393207550048828 0
1716963901757 2.175177812576294 0
1716963902412 0.6258907318115234 0
1716963903045 0.6222038269042969 0
1716963903972 0.9145050048828125 0
1716963905020 1.0173606872558594 0
1716963906161 1.076028823852539 0
1716963907817 1.6257050037384033 0
1716963910175 2.3431737422943115 0
1716963911894 1.7027771472930908 0
1716963913347 1.443159818649292 0
1716963923736 2.275930881500244 0
1716963924784 1.0368320941925049 0
1716963925454 0.6500427722930908 0
1716963926141 0.674605131149292 0
1716963926973 0.8035247325897217 0
1716963928319 1.317288875579834 0
1716963930418 2.0657711029052734 0
1716963932676 2.2429349422454834 0
1716963934258 1.5588171482086182 0
1716963935520 1.2518961429595947 0
1716963945733 1.8832590579986572 0
1716963946407 0.6549072265625 0
1716963947084 0.6598749160766602 0
1716963947860 0.7624020576477051 0
1716963948743 0.8677349090576172 0
1716963949941 1.156250238418579 0
1716963952347 2.3772101402282715 0
1716963954577 2.199044942855835 0
1716963956015 1.4200339317321777 0
1716963957337 1.2920918464660645 0
1716963968541 2.0500290393829346 0
1716963969196 0.6442749500274658 0
1716963969852 0.6351420879364014 0
1716963970594 0.7278380393981934 0
1716963971406 0.7966852188110352 0
1716963972633 1.205394983291626 0
1716963974981 2.2857909202575684 0
1716963977215 2.207202911376953 0
1716963978816 1.5896861553192139 0
1716963980130 1.2840290069580078 0
1716963989650 1.86533784866333 0
1716963990384 0.7193107604980469 0
1716963991056 0.6535038948059082 0
1716963991800 0.7313899993896484 0
1716963992685 0.8642492294311523 0
1716963993995 1.2617838382720947 0
1716963996196 2.1742448806762695 0
1716963998492 2.2811279296875 0
1716964000093 1.581402063369751 0
1716964001385 1.2806129455566406 0
1716964012132 2.0726089477539062 0
1716964012793 0.6488380432128906 0
1716964013444 0.6402590274810791 0
1716964014147 0.6909980773925781 0
1716964014978 0.8151021003723145 0
1716964016382 1.3286349773406982 0
1716964018519 2.1089022159576416 0
1716964020727 2.192704916000366 0
1716964022327 1.5804710388183594 0
1716964023743 1.4038200378417969 0
1716964033995 2.0873091220855713 0
1716964034643 0.6370129585266113 0
1716964035351 0.6688189506530762 0
1716964036071 0.70100998878479 0
1716964037418 1.32955002784729 0
1716964038831 1.336808204650879 0
1716964040255 1.3973228931427002 0
1716964042244 1.9723589420318604 0
1716964044131 1.8734080791473389 0
1716964045704 1.5620169639587402 0
1716964054931 1.8663969039916992 0
1716964055599 0.6594479084014893 0
1716964056405 0.7956538200378418 0
1716964057467 1.0305511951446533 0
1716964058294 0.8116869926452637 0
1716964059497 1.1839187145233154 0
1716964061531 1.978309154510498 0
1716964063843 2.288717031478882 0
1716964065509 1.654646873474121 0
1716964066844 1.3219118118286133 0
1716964077116 2.2586920261383057 0
1716964078055 0.8949019908905029 0
1716964078768 0.6782882213592529 0
1716964079510 0.7209248542785645 0
1716964080439 0.9033651351928711 0
1716964081849 1.3666138648986816 0
1716964083969 2.061513900756836 0
1716964086218 2.2213218212127686 0
1716964087908 1.6698250770568848 0
1716964089248 1.3182809352874756 0
1716964099964 2.1232450008392334 0
1716964100628 0.6543710231781006 0
1716964101281 0.637732982635498 0
1716964102004 0.707007884979248 0
1716964102943 0.9247541427612305 0
1716964104208 1.2256321907043457 0
1716964106300 2.0222561359405518 0
1716964108517 2.2016029357910156 0
1716964110145 1.5950098037719727 0
1716964111470 1.3108460903167725 0
1716964121682 2.288209915161133 0
1716964122321 0.6292080879211426 0
1716964122972 0.6379740238189697 0
1716964123675 0.6812770366668701 0
1716964124491 0.7993710041046143 0
1716964125832 1.3119349479675293 0
1716964128072 2.1956400871276855 0
1716964130264 2.1769258975982666 0
1716964131826 1.5482008457183838 0
1716964133133 1.294098138809204 0
1716964143275 2.164757013320923 0
1716964143936 0.6430737972259521 0
1716964144726 0.7789571285247803 0
1716964145603 0.8406658172607422 0
1716964146525 0.9045467376708984 0
1716964147714 1.1500380039215088 0
1716964149720 1.9589219093322754 0
1716964151952 2.2163302898406982 0
1716964153559 1.5837559700012207 0
1716964154922 1.350966215133667 0
1716964164058 1.787580966949463 0
1716964164726 0.6542112827301025 0
1716964165404 0.6672871112823486 0
1716964166167 0.7497091293334961 0
1716964167020 0.836906909942627 0
1716964168785 1.7389090061187744 0
1716964170683 1.8669641017913818 0
1716964172610 1.9002530574798584 0
1716964174262 1.6419460773468018 0
1716964175680 1.4074270725250244 0
1716964185227 1.7877912521362305 0
1716964186034 0.7878129482269287 0
1716964187092 1.0404250621795654 0
1716964187794 0.6887588500976562 0
1716964188686 0.8667430877685547 0
1716964189905 1.1906640529632568 0
1716964191808 1.8730790615081787 0
1716964194206 2.383045196533203 0
1716964195757 1.5389139652252197 0
1716964197075 1.3074581623077393 0
1716964207731 2.199705123901367 0
1716964208373 0.632702112197876 0
1716964209019 0.6346392631530762 0
1716964209729 0.6881258487701416 0
1716964210541 0.799584150314331 0
1716964211765 1.164759874343872 0
1716964214182 2.331937074661255 0
1716964216438 2.2418830394744873 0
1716964217908 1.458894968032837 0
1716964219096 1.176283836364746 0
1716964238690 2.460113048553467 0
1716964239463 0.7203278541564941 0
1716964240099 0.6226308345794678 0
1716964240775 0.6628527641296387 0
1716964241780 0.9838278293609619 0
1716964242929 1.0948779582977295 0
1716964245012 2.0545811653137207 0
1716964247592 2.5595130920410156 0
1716964249136 1.5310537815093994 0
1716964250401 1.2537641525268555 0
1716964262016 2.5157899856567383 0
1716964262670 0.6392920017242432 0
1716964263370 0.689000129699707 0
1716964264099 0.7067251205444336 0
1716964264965 0.8317239284515381 0
1716964266404 1.4090769290924072 0
1716964268557 2.1120951175689697 0
1716964270588 2.0162222385406494 0
1716964272136 1.5377860069274902 0
1716964273544 1.3969988822937012 0
1716964284146 2.2752928733825684 0
1716964284911 0.7425820827484131 0
1716964285557 0.634469747543335 0
1716964286287 0.7170579433441162 0
1716964287183 0.8777949810028076 0
1716964288629 1.3831350803375244 0
1716964290985 2.3287062644958496 0
1716964293115 2.1171681880950928 0
1716964294537 1.4068667888641357 0
1716964295804 1.257296085357666 0
1716964306252 2.3447749614715576 0
1716964306915 0.652940034866333 0
1716964307590 0.6644659042358398 0
1716964308305 0.703723669052124 0
1716964309148 0.8277020454406738 0
1716964310646 1.4626069068908691 0
1716964312802 2.108741044998169 0
1716964314908 2.0952677726745605 0
1716964316400 1.4730000495910645 0
1716964317741 1.3267362117767334 0
1716964329355 2.0093209743499756 0
1716964330023 0.6570308208465576 0
1716964330660 0.6255760192871094 0
1716964331363 0.6905982494354248 0
1716964332167 0.7912187576293945 0
1716964333390 1.2025928497314453 0
1716964335909 2.4876248836517334 0
1716964338085 2.146432876586914 0
1716964339487 1.3806278705596924 0
1716964340709 1.2114408016204834 0
1716964351158 2.287414073944092 0
1716964351858 0.6886610984802246 0
1716964352523 0.6541087627410889 0
1716964353261 0.7235898971557617 0
1716964354140 0.8615491390228271 0
1716964355465 1.2946710586547852 0
1716964357861 2.3463282585144043 0
1716964359931 2.045025110244751 0
1716964361395 1.4533910751342773 0
1716964362710 1.3040578365325928 0
1716964373184 2.249852180480957 0
1716964373834 0.6403436660766602 0
1716964374518 0.6643478870391846 0
1716964375363 0.8319051265716553 0
1716964376327 0.9466197490692139 0
1716964377524 1.1638991832733154 0
1716964379722 2.1412529945373535 0
1716964381983 2.2412028312683105 0
1716964383681 1.6853997707366943 0
1716964385036 1.3426952362060547 0
1716964395453 1.955470085144043 0
1716964396111 0.6412150859832764 0
1716964396775 0.654451847076416 0
1716964397483 0.6929700374603271 0
1716964398832 1.3318049907684326 0
1716964400488 1.4916369915008545 0
1716964401737 1.229813814163208 0
1716964403537 1.7772679328918457 0
1716964405470 1.919224739074707 0
1716964407083 1.601435899734497 0
1716964417391 2.1574740409851074 0
1716964418095 0.6843259334564209 0
1716964418780 0.6543190479278564 0
1716964419518 0.71726393699646 0
1716964420400 0.858544111251831 0
1716964421818 1.3644769191741943 0
1716964423989 2.138857126235962 0
1716964426099 2.0964858531951904 0
1716964427597 1.487314224243164 0
1716964428972 1.234158992767334 0
1716964439975 2.344346046447754 0
1716964440682 0.6842210292816162 0
1716964441372 0.677689790725708 0
1716964442078 0.6858808994293213 0
1716964442976 0.8822951316833496 0
1716964444322 1.2958009243011475 0
1716964446679 2.277013063430786 0
1716964448903 2.209413766860962 0
1716964450386 1.4708490371704102 0
1716964451707 1.3005218505859375 0
1716964462122 1.9893441200256348 0
1716964462793 0.6579902172088623 0
1716964463444 0.6405961513519287 0
1716964464134 0.6773192882537842 0
1716964464971 0.8197789192199707 0
1716964466959 1.9595649242401123 0
1716964468782 1.791496992111206 0
1716964470691 1.8924570083618164 0
1716964472380 1.6729748249053955 0
1716964473882 1.4820551872253418 0
1716964483658 1.731081247329712 0
1716964484365 0.6758558750152588 0
1716964485029 0.6537690162658691 0
1716964485799 0.7435567378997803 0
1716964486709 0.8943517208099365 0
1716964488271 1.5330941677093506 0
1716964490091 1.7826979160308838 0
1716964492164 2.0618109703063965 0
1716964493776 1.5920419692993164 0
1716964495125 1.3352551460266113 0
1716964505803 2.2585999965667725 0
1716964506446 0.6335468292236328 0
1716964507133 0.6727080345153809 0
1716964507859 0.7150881290435791 0
1716964508707 0.8305799961090088 0
1716964510229 1.4931740760803223 0
1716964512308 2.0421881675720215 0
1716964514494 2.1613917350769043 0
1716964515998 1.4921178817749023 0
1716964517287 1.2760310173034668 0
1716964527873 2.160144805908203 0
1716964528580 0.6936838626861572 0
1716964529251 0.6607699394226074 0
1716964529977 0.7129998207092285 0
1716964530876 0.8837268352508545 0
1716964532296 1.372464895248413 0
1716964534226 1.852046012878418 0
1716964536340 2.0989692211151123 0
1716964537902 1.5515620708465576 0
1716964539187 1.2755439281463623 0
1716964549629 2.371277093887329 0
1716964550337 0.6960790157318115 0
1716964551013 0.6530497074127197 0
1716964551791 0.7549350261688232 0
1716964552775 0.96549391746521 0
1716964554057 1.2420408725738525 0
1716964556403 2.313882827758789 0
1716964558538 2.1179749965667725 0
1716964560101 1.550684928894043 0
1716964561404 1.2783031463623047 0
1716964571637 1.8376948833465576 0
1716964572328 0.6758620738983154 0
1716964572997 0.6534080505371094 0
1716964573718 0.706732988357544 0
1716964574679 0.935187816619873 0
1716964575948 1.2385821342468262 0
1716964578264 2.2459890842437744 0
1716964580426 2.148002862930298 0
1716964581905 1.4683358669281006 0
1716964583259 1.3438012599945068 0
1716964594113 2.284389019012451 0
1716964594778 0.6539158821105957 0
1716964595480 0.6856091022491455 0
1716964596187 0.692162036895752 0
1716964597052 0.8456661701202393 0
1716964598340 1.2186260223388672 0
1716964600595 2.206618309020996 0
1716964602810 2.2002570629119873 0
1716964604270 1.4478111267089844 0
1716964605603 1.313040018081665 0
1716964616282 2.2786760330200195 0
1716964616969 0.6587300300598145 0
1716964617666 0.6800398826599121 0
1716964618442 0.7620449066162109 0
1716964619422 0.9441399574279785 0
1716964621036 1.5783231258392334 0
1716964622856 1.7969059944152832 0
1716964624914 2.043159008026123 0
1716964626631 1.7045519351959229 0
1716964627955 1.3060412406921387 0
1716964639495 2.0812230110168457 0
1716964640130 0.6243531703948975 0
1716964640782 0.6411838531494141 0
1716964641474 0.680225133895874 0
1716964642272 0.7842411994934082 0
1716964643588 1.2950248718261719 0
1716964645847 2.1943440437316895 0
1716964648169 2.3083178997039795 0
1716964649697 1.517261266708374 0
1716964651055 1.3458647727966309 0
1716964660674 1.6919419765472412 0
1716964661334 0.6451120376586914 0
1716964661986 0.637523889541626 0
1716964662687 0.688338041305542 0
1716964663543 0.8393909931182861 0
1716964664757 1.1828999519348145 0
1716964667047 2.2549431324005127 0
1716964669451 2.3741111755371094 0
1716964670983 1.5140249729156494 0
1716964672303 1.3076000213623047 0
1716964685024 2.4576191902160645 0
1716964685732 0.6693298816680908 0
1716964686398 0.6482267379760742 0
1716964687090 0.6769452095031738 0
1716964687921 0.812615156173706 0
1716964689538 1.588510274887085 0
1716964691589 2.016364097595215 0
1716964693723 2.120530843734741 0
1716964695438 1.6974351406097412 0
1716964696859 1.4034292697906494 0
1716964707946 1.9734721183776855 0
1716964708626 0.6473021507263184 0
1716964709351 0.7139608860015869 0
1716964710063 0.6864311695098877 0
1716964710872 0.7928998470306396 0
1716964712334 1.4185869693756104 0
1716964714752 2.3827812671661377 0
1716964716584 1.8195180892944336 0
1716964718201 1.6039249897003174 0
1716964719605 1.3834419250488281 0
1716964730008 2.0036590099334717 0
1716964730753 0.7301981449127197 0
1716964731411 0.646190881729126 0
1716964732161 0.7278096675872803 0
1716964732970 0.7919449806213379 0
1716964734187 1.1850616931915283 0
1716964736654 2.4190268516540527 0
1716964738762 2.094925880432129 0
1716964740352 1.5751590728759766 0
1716964741730 1.3589491844177246 0
1716964752459 2.0126118659973145 0
1716964753098 0.6301839351654053 0
1716964753771 0.6415119171142578 0
1716964754463 0.6795449256896973 0
1716964755336 0.8559112548828125 0
1716964756696 1.3274481296539307 0
1716964758838 2.11100172996521 0
1716964761088 2.2141897678375244 0
1716964762719 1.6142160892486572 0
1716964764158 1.4078660011291504 0
1716964774670 2.111905813217163 0
1716964775336 0.6561949253082275 0
1716964775990 0.6357889175415039 0
1716964776694 0.689824104309082 0
1716964777573 0.863595724105835 0
1716964778804 1.2038357257843018 0
1716964781131 2.2939109802246094 0
1716964783343 2.1980741024017334 0
1716964784848 1.48604416847229 0
1716964786176 1.3162739276885986 0
1716964796610 2.3361330032348633 0
1716964797278 0.6258580684661865 0
1716964797951 0.6607480049133301 0
1716964798691 0.7177400588989258 0
1716964799701 0.9901778697967529 0
1716964801146 1.400367259979248 0
1716964803206 2.030134916305542 0
1716964805310 2.08730411529541 0
1716964806879 1.5580089092254639 0
1716964808261 1.3702490329742432 0
1716964819009 1.9589629173278809 0
1716964819666 0.6482999324798584 0
1716964820308 0.6305890083312988 0
1716964821037 0.7170009613037109 0
1716964821905 0.8280272483825684 0
1716964823085 1.1493890285491943 0
1716964825490 2.3748600482940674 0
1716964827739 2.2287049293518066 0
1716964829298 1.5413620471954346 0
1716964830637 1.3268418312072754 0
1716964841038 2.2765519618988037 0
1716964841708 0.6564748287200928 0
1716964842374 0.6513948440551758 0
1716964843099 0.7038557529449463 0
1716964843949 0.8329648971557617 0
1716964845432 1.4495620727539062 0
1716964847779 2.247814893722534 0
1716964849817 2.0218470096588135 0
1716964851322 1.4910681247711182 0
1716964852692 1.3422658443450928 0
1716964881257 6.136380910873413 0
1716964881998 0.7267162799835205 0
1716964882587 0.5765390396118164 0
1716964883294 0.6935110092163086 0
1716964884233 0.9141271114349365 0
1716964885207 0.9433841705322266 0
1716964886814 1.5762748718261719 0
1716964889902 3.0600008964538574 0
1716964891681 1.7527320384979248 0
1716964892990 1.2954151630401611 0
1716964904477 2.142681837081909 0
1716964905131 0.6434779167175293 0
1716964905824 0.6650891304016113 0
1716964906539 0.6932780742645264 0
1716964907454 0.897773027420044 0
1716964908692 1.208186149597168 0
1716964910938 2.12762188911438 0
1716964913190 2.228959083557129 0
1716964914761 1.5528309345245361 0
1716964916165 1.3857817649841309 0
1716964926954 2.3278019428253174 0
1716964927618 0.6487171649932861 0
1716964928296 0.6658422946929932 0
1716964929005 0.6947751045227051 0
1716964929817 0.7961950302124023 0
1716964931051 1.2087790966033936 0
1716964933425 2.338160276412964 0
1716964935638 2.198335886001587 0
1716964937172 1.5009398460388184 0
1716964938460 1.2758688926696777 0
1716964949724 2.347827196121216 0
1716964950396 0.6346960067749023 0
1716964951139 0.7265779972076416 0
1716964951864 0.7010951042175293 0
1716964952752 0.8715739250183105 0
1716964954000 1.2257580757141113 0
1716964956287 2.2596516609191895 0
1716964958479 2.1781671047210693 0
1716964959992 1.499295949935913 0
1716964961245 1.2412817478179932 0
1716964972352 2.0561470985412598 0
1716964972995 0.6221878528594971 0
1716964973742 0.7374739646911621 0
1716964974632 0.8770322799682617 0
1716964975526 0.8683872222900391 0
1716964976837 1.2602908611297607 0
1716964978741 1.8724229335784912 0
1716964981070 2.3125219345092773 0
1716964982721 1.6387548446655273 0
1716964984097 1.35673189163208 0
1716964994905 2.1279258728027344 0
1716964995581 0.6629152297973633 0
1716964996280 0.6624209880828857 0
1716964997007 0.7077491283416748 0
1716964998242 1.2175631523132324 0
1716964999969 1.6859021186828613 0
1716965001286 1.3010282516479492 0
1716965003097 1.7917943000793457 0
1716965005034 1.9208366870880127 0
1716965006821 1.7665269374847412 0
1716965021227 2.3141028881073 0
1716965022214 0.9615879058837891 0
1716965023053 0.8177030086517334 0
1716965025854 2.7620742321014404 0
1716965026953 1.0281898975372314 0
1716965028179 1.2000257968902588 0
1716965029360 1.1360158920288086 0
1716965030301 0.9161679744720459 0
1716965031811 1.470019817352295 0
1716965034146 2.3078150749206543 0
1716965056048 3.6892099380493164 0
1716965057457 1.396089792251587 0
1716965059037 1.5668411254882812 0
1716965061988 2.82224702835083 0
1716965063378 1.3367149829864502 0
1716965064308 0.8626689910888672 0
1716965066025 1.6844961643218994 0
1716965067360 1.295959234237671 0
1716965068725 1.310713768005371 0
1716965070938 2.189965009689331 0
1716965088196 2.8725428581237793 0
1716965088874 0.6666193008422852 0
1716965090191 1.3007659912109375 0
1716965092368 2.143474817276001 0
1716965093190 0.7695732116699219 0
1716965094041 0.8162028789520264 0
1716965095025 0.9483559131622314 0
1716965096042 0.9886636734008789 0
1716965098424 2.353140115737915 0
1716965101240 2.8005199432373047 0
1716965115043 2.325192928314209 0
1716965115801 0.7437818050384521 0
1716965116447 0.6278228759765625 0
1716965117498 1.03200101852417 0
1716965118618 1.0536468029022217 0
1716965119742 1.0913457870483398 0
1716965121193 1.4018690586090088 0
1716965123468 2.2355480194091797 0
1716965125631 2.1433520317077637 0
1716965127225 1.5733470916748047 0
1716965141159 2.606812000274658 0
1716965141844 0.670496940612793 0
1716965142526 0.6628570556640625 0
1716965143272 0.7301497459411621 0
1716965144373 1.0689499378204346 0
1716965145753 1.329359769821167 0
1716965147479 1.6957592964172363 0
1716965150151 2.6229119300842285 0
1716965152028 1.8624508380889893 0
1716965153499 1.4540529251098633 0
1716965169807 2.9522101879119873 0
1716965170464 0.6451199054718018 0
1716965171208 0.7080411911010742 0
1716965172394 1.1641719341278076 0
1716965173182 0.7575528621673584 0
1716965174101 0.8902442455291748 0
1716965175074 0.9257268905639648 0
1716965176355 1.2517509460449219 0
1716965179284 2.900836944580078 0
1716965181502 2.163990020751953 0
1716965195588 2.3149120807647705 0
1716965196332 0.7022659778594971 0
1716965196965 0.6223468780517578 0
1716965197658 0.6717357635498047 0
1716965198804 1.1236600875854492 0
1716965199977 1.1386609077453613 0
1716965202044 2.035886287689209 0
1716965204520 2.4587361812591553 0
1716965206081 1.5362980365753174 0
1716965207421 1.302459955215454 0
1716965221060 3.1004321575164795 0
1716965222454 1.322187900543213 0
1716965223094 0.6085371971130371 0
1716965223857 0.7286829948425293 0
1716965225278 1.3754770755767822 0
1716965226435 1.0977027416229248 0
1716965227651 1.1843478679656982 0
1716965230161 2.4762182235717773 0
1716965232461 2.2858128547668457 0
1716965233923 1.4449360370635986 0
1716965246009 2.370126962661743 0
1716965246706 0.6404600143432617 0
1716965247412 0.6933438777923584 0
1716965248158 0.7255680561065674 0
1716965249098 0.9186110496520996 0
1716965250382 1.2539381980895996 0
1716965252900 2.4900832176208496 0
1716965255200 2.255980968475342 0
1716965256841 1.6182889938354492 0
1716965258229 1.3663551807403564 0
1716965271286 2.2235829830169678 0
1716965271978 0.6576080322265625 0
1716965272630 0.6329338550567627 0
1716965273316 0.6597509384155273 0
1716965274437 1.0784740447998047 0
1716965277005 2.4878969192504883 0
1716965278316 1.285860300064087 0
1716965279924 1.5901989936828613 0
1716965281968 2.0260679721832275 0
1716965283750 1.7562191486358643 0
1716965296014 2.4637701511383057 0
1716965296998 0.9684960842132568 0
1716965297673 0.6624429225921631 0
1716965298391 0.6987688541412354 0
1716965299274 0.861781120300293 0
1716965300625 1.3210499286651611 0
1716965302659 1.9866271018981934 0
1716965304969 2.2953310012817383 0
1716965306546 1.5613088607788086 0
1716965307862 1.3015730381011963 0
1716965320017 2.1082558631896973 0
1716965320678 0.6378240585327148 0
1716965321336 0.6459510326385498 0
1716965322029 0.679394006729126 0
1716965322930 0.8840460777282715 0
1716965324310 1.291776180267334 0
1716965326463 2.0924599170684814 0
1716965328682 2.20293927192688 0
1716965330257 1.5630300045013428 0
1716965331649 1.3802990913391113 0
1716965344766 2.3157272338867188 0
1716965345376 0.5942649841308594 0
1716965346080 0.6881730556488037 0
1716965346787 0.6883070468902588 0
1716965347675 0.8419749736785889 0
1716965348627 0.9226939678192139 0
1716965349926 1.2666430473327637 0
1716965352817 2.8606839179992676 0
1716965355152 2.32047700881958 0
1716965356664 1.4965219497680664 0
1716965370144 2.27449107170105 0
1716965370699 0.5385239124298096 0
1716965371370 0.6439828872680664 0
1716965372817 1.4283678531646729 0
1716965373879 1.0272200107574463 0
1716965374929 1.0095939636230469 0
1716965376029 1.0708158016204834 0
1716965377966 1.9061169624328613 0
1716965380638 2.6479458808898926 0
1716965382293 1.6402239799499512 0
1716965394875 2.6100780963897705 0
1716965395729 0.8252279758453369 0
1716965396441 0.6736888885498047 0
1716965397918 1.4613227844238281 0
1716965400605 2.644073963165283 0
1716965401332 0.7139520645141602 0
1716965402568 1.1990883350372314 0
1716965403562 0.963162899017334 0
1716965405236 1.6424691677093506 0
1716965407653 2.3958640098571777 0
1716965421193 2.2180609703063965 0
1716965421944 0.7401292324066162 0
1716965422679 0.7100541591644287 0
1716965423375 0.6807270050048828 0
1716965424438 1.0343010425567627 0
1716965425605 1.1199700832366943 0
1716965426950 1.313387155532837 0
1716965429362 2.384212017059326 0
1716965431991 2.595078945159912 0
1716965433748 1.7218718528747559 0
1716965446078 2.3944058418273926 0
1716965446697 0.6075191497802734 0
1716965447382 0.6697430610656738 0
1716965448135 0.730039119720459 0
1716965449220 1.0649878978729248 0
1716965450422 1.1549770832061768 0
1716965452532 2.0832109451293945 0
1716965455241 2.6941370964050293 0
1716965456790 1.5401678085327148 0
1716965458081 1.2731468677520752 0
1716965469611 2.112212896347046 0
1716965470274 0.6532979011535645 0
1716965471025 0.7376060485839844 0
1716965471858 0.8164019584655762 0
1716965472731 0.8500540256500244 0
1716965473966 1.2042481899261475 0
1716965476368 2.3344061374664307 0
1716965478638 2.2371630668640137 0
1716965480100 1.4459187984466553 0
1716965481377 1.2637670040130615 0
1716965492394 2.3784470558166504 0
1716965493101 0.6954967975616455 0
1716965493767 0.6515238285064697 0
1716965494532 0.7509829998016357 0
1716965495420 0.8716192245483398 0
1716965496866 1.4166271686553955 0
1716965499105 2.202432870864868 0
1716965501375 2.236907958984375 0
1716965502931 1.5422518253326416 0
1716965504231 1.2890748977661133 0
1716965515704 2.045220136642456 0
1716965516456 0.7400612831115723 0
1716965517173 0.6828567981719971 0
1716965517987 0.7781820297241211 0
1716965519116 1.103518009185791 0
1716965520360 1.2027099132537842 0
1716965522398 1.9015429019927979 0
1716965524533 2.118872880935669 0
1716965526212 1.6687769889831543 0
1716965527571 1.345944881439209 0
1716965539610 2.263087034225464 0
1716965540289 0.6666088104248047 0
1716965541021 0.7080819606781006 0
1716965541762 0.7104218006134033 0
1716965542645 0.8599820137023926 0
1716965543863 1.1832709312438965 0
1716965546171 2.2631640434265137 0
1716965548627 2.41933012008667 0
1716965550156 1.5138797760009766 0
1716965551520 1.3306989669799805 0
1716965562769 2.159971237182617 0
1716965563465 0.6839430332183838 0
1716965564153 0.6693568229675293 0
1716965564924 0.7489008903503418 0
1716965565831 0.8786370754241943 0
1716965567110 1.2480931282043457 0
1716965569395 2.255449056625366 0
1716965571655 2.247241973876953 0
1716965573169 1.4855680465698242 0
1716965574437 1.2354350090026855 0
1716965585394 2.0758049488067627 0
1716965586119 0.7151741981506348 0
1716965586823 0.6735329627990723 0
1716965587519 0.6838221549987793 0
1716965588437 0.9016599655151367 0
1716965589734 1.2674269676208496 0
1716965592128 2.33146595954895 0
1716965594296 2.15513014793396 0
1716965595729 1.4220407009124756 0
1716965597015 1.2752540111541748 0
1716965608231 2.3440639972686768 0
1716965608908 0.6572589874267578 0
1716965609558 0.6329541206359863 0
1716965610339 0.7682712078094482 0
1716965611273 0.9152250289916992 0
1716965612548 1.2261340618133545 0
1716965614829 2.247450828552246 0
1716965617082 2.2335150241851807 0
1716965618633 1.5320520401000977 0
1716965619949 1.2946710586547852 0
1716965631931 2.1788549423217773 0
1716965632589 0.6472229957580566 0
1716965633248 0.6375398635864258 0
1716965634063 0.801060676574707 0
1716965634937 0.8496620655059814 0
1716965636139 1.157843828201294 0
1716965638483 2.3146960735321045 0
1716965640797 2.2973239421844482 0
1716965642269 1.4588229656219482 0
1716965643555 1.2675461769104004 0
1716965655106 2.100646734237671 0
1716965655760 0.6440949440002441 0
1716965656401 0.6245629787445068 0
1716965657089 0.6753301620483398 0
1716965658017 0.9125149250030518 0
1716965659325 1.2387831211090088 0
1716965661463 2.066110849380493 0
1716965663716 2.2412779331207275 0
1716965665187 1.4545378684997559 0
1716965666442 1.2443501949310303 0
1716965677979 2.004462957382202 0
1716965678654 0.6580379009246826 0
1716965679326 0.6581599712371826 0
1716965680020 0.6802210807800293 0
1716965680875 0.8371372222900391 0
1716965682287 1.362947940826416 0
1716965684285 1.9470088481903076 0
1716965686529 2.2271828651428223 0
1716965688087 1.5398049354553223 0
1716965689487 1.3910729885101318 0
1716965700515 2.3053791522979736 0
1716965701189 0.6620931625366211 0
1716965701864 0.6571767330169678 0
1716965702579 0.695075273513794 0
1716965703472 0.8767929077148438 0
1716965704860 1.3501551151275635 0
1716965707238 2.3446857929229736 0
1716965709501 2.2516701221466064 0
1716965710951 1.4381911754608154 0
1716965712088 1.1249628067016602 0
1716965741137 4.95273494720459 0
1716965742411 1.2179052829742432 0
1716965743123 0.6914596557617188 0
1716965743805 0.6668729782104492 0
1716965744983 1.1479082107543945 0
1716965746193 1.0729517936706543 0
1716965747382 1.1587169170379639 0
1716965749709 2.2704358100891113 0
1716965752065 2.330916166305542 0
1716965753703 1.6158342361450195 0
1716965769210 2.157623052597046 0
1716965769896 0.6636600494384766 0
1716965770561 0.6524879932403564 0
1716965771269 0.6912388801574707 0
1716965772212 0.905958890914917 0
1716965773733 1.491006851196289 0
1716965776084 2.3169829845428467 0
1716965777988 1.8675189018249512 0
1716965779601 1.5943212509155273 0
1716965780913 1.2941031455993652 0
1716965792158 2.186467170715332 0
1716965792872 0.6911659240722656 0
1716965793694 0.8062400817871094 0
1716965794767 1.0599310398101807 0
1716965795635 0.8402621746063232 0
1716965796843 1.1804678440093994 0
1716965798669 1.797861099243164 0
1716965801150 2.4623498916625977 0
1716965802855 1.6875452995300293 0
1716965804209 1.3348908424377441 0
1716965814857 2.2537968158721924 0
1716965815695 0.8229639530181885 0
1716965816375 0.6691451072692871 0
1716965817080 0.6840701103210449 0
1716965818058 0.9615898132324219 0
1716965819628 1.5198478698730469 0
1716965821689 1.9868617057800293 0
1716965823841 2.12959885597229 0
1716965825489 1.6344220638275146 0
1716965826878 1.3768219947814941 0
1716965839637 2.0443060398101807 0
1716965840283 0.6281688213348389 0
1716965842107 1.7769689559936523 0
1716965842983 0.8103430271148682 0
1716965844587 1.5699200630187988 0
1716965846072 1.4511680603027344 0
1716965847837 1.744028091430664 0
1716965849169 1.296118974685669 0
1716965850873 1.6687366962432861 0
1716965852988 2.0822229385375977 0
1716965873977 4.17401909828186 0
1716965874884 0.8688230514526367 0
1716965875503 0.6039309501647949 0
1716965876131 0.6147329807281494 0
1716965877406 1.2173328399658203 0
1716965878422 0.9869070053100586 0
1716965879857 1.4003000259399414 0
1716965882654 2.732478141784668 0
1716965884571 1.9018049240112305 0
1716965885933 1.351212978363037 0
1716965898948 2.4238121509552 0
1716965899776 0.8114597797393799 0
1716965900467 0.6633458137512207 0
1716965901147 0.6637449264526367 0
1716965902068 0.9019250869750977 0
1716965903272 1.1255362033843994 0
1716965905547 2.2456729412078857 0
1716965908213 2.6485109329223633 0
1716965909720 1.4953300952911377 0
1716965911007 1.269502878189087 0
1716965922559 2.4012770652770996 0
1716965923211 0.6410200595855713 0
1716965923914 0.6744656562805176 0
1716965924660 0.725898265838623 0
1716965925702 1.0143091678619385 0
1716965927300 1.5214869976043701 0
1716965929160 1.817702054977417 0
1716965931265 2.0890119075775146 0
1716965932857 1.5698862075805664 0
1716965934263 1.3943150043487549 0
1716965945753 2.0748660564422607 0
1716965946526 0.7557048797607422 0
1716965947188 0.6510348320007324 0
1716965947902 0.6933350563049316 0
1716965948763 0.8458669185638428 0
1716965950121 1.3290588855743408 0
1716965952652 2.4980661869049072 0
1716965954801 2.1370670795440674 0
1716965956315 1.5019519329071045 0
1716965957650 1.316579818725586 0
1716965968397 2.005094051361084 0
1716965969059 0.6417169570922852 0
1716965969736 0.6579110622406006 0
1716965970461 0.6977441310882568 0
1716965971299 0.8179128170013428 0
1716965972634 1.278576135635376 0
1716965974831 2.169567823410034 0
1716965977217 2.372278928756714 0
1716965978779 1.550920009613037 0
1716965980161 1.3697559833526611 0
1716965990472 1.922339916229248 0
1716965991197 0.7167840003967285 0
1716965991884 0.6757500171661377 0
1716965992682 0.7670998573303223 0
1716965994863 2.083285093307495 0
1716965995942 1.044600009918213 0
1716965997102 1.1432909965515137 0
1716965999418 2.291461944580078 0
1716966001762 2.2515621185302734 0
1716966003315 1.5368750095367432 0
1716966020325 2.415144920349121 0
1716966020970 0.6193158626556396 0
1716966022079 1.0788109302520752 0
1716966023000 0.8961968421936035 0
1716966024960 1.9124870300292969 0
1716966026411 1.380831003189087 0
1716966028682 2.2272491455078125 0
1716966030113 1.412031888961792 0
1716966031414 1.2800071239471436 0
1716966032953 1.5244359970092773 0
1716966045056 2.281229019165039 0
1716966045764 0.6964097023010254 0
1716966046454 0.6633100509643555 0
1716966047156 0.688040018081665 0
1716966048041 0.8669090270996094 0
1716966049228 1.1572790145874023 0
1716966051677 2.4073030948638916 0
1716966053559 1.866461992263794 0
1716966055276 1.6984128952026367 0
1716966056716 1.4116201400756836 0
1716966068879 2.203533172607422 0
1716966069536 0.6447439193725586 0
1716966070190 0.6425049304962158 0
1716966070915 0.7109591960906982 0
1716966071774 0.8405578136444092 0
1716966072974 1.1703641414642334 0
1716966075473 2.450326919555664 0
1716966077774 2.279336929321289 0
1716966079302 1.508409023284912 0
1716966080553 1.2221860885620117 0
1716966091390 2.2836618423461914 0
1716966092299 0.8740191459655762 0
1716966092966 0.6478850841522217 0
1716966093643 0.6633541584014893 0
1716966094759 1.0964157581329346 0
1716966096013 1.1986591815948486 0
1716966098063 2.021772623062134 0
1716966100406 2.3243041038513184 0
1716966101958 1.5426652431488037 0
1716966103222 1.2528808116912842 0
1716966114150 2.1022212505340576 0
1716966114949 0.7821059226989746 0
1716966115640 0.6733441352844238 0
1716966116381 0.7126948833465576 0
1716966117268 0.8703300952911377 0
1716966118747 1.4314069747924805 0
1716966120963 2.1786880493164062 0
1716966123151 2.1727731227874756 0
1716966124879 1.7148289680480957 0
1716966126315 1.4201910495758057 0
1716966141272 2.1771650314331055 0
1716966141910 0.6276490688323975 0
1716966142559 0.6320111751556396 0
1716966143357 0.7426478862762451 0
1716966144235 0.848275899887085 0
1716966145242 0.9732940196990967 0
1716966147039 1.7642369270324707 0
1716966149993 2.9227800369262695 0
1716966151665 1.6601369380950928 0
1716966152949 1.262542963027954 0
1716966164606 2.354170322418213 0
1716966165251 0.6350488662719727 0
1716966166194 0.9164369106292725 0
1716966166912 0.7018940448760986 0
1716966167921 0.9894180297851562 0
1716966169101 1.1470720767974854 0
1716966171345 2.216370105743408 0
1716966173770 2.3962957859039307 0
1716966175304 1.521712064743042 0
1716966176584 1.2690918445587158 0
1716966188545 2.0748651027679443 0
1716966189285 0.7115650177001953 0
1716966189916 0.6206417083740234 0
1716966190610 0.6823179721832275 0
1716966191612 0.9553241729736328 0
1716966192998 1.3559060096740723 0
1716966195188 2.1598308086395264 0
1716966197375 2.1682937145233154 0
1716966198823 1.4374289512634277 0
1716966200154 1.3192970752716064 0
1716966211312 2.075007915496826 0
1716966211986 0.662524938583374 0
1716966212664 0.664362907409668 0
1716966213380 0.6972191333770752 0
1716966214247 0.8422291278839111 0
1716966215580 1.2933290004730225 0
1716966217893 2.274350881576538 0
1716966220104 2.196597099304199 0
1716966221665 1.5447869300842285 0
1716966222976 1.2989661693572998 0
1716966235157 2.4476070404052734 0
1716966235798 0.629302978515625 0
1716966236565 0.7548143863677979 0
1716966237336 0.75508713722229 0
1716966238365 1.0116360187530518 0
1716966239831 1.4346907138824463 0
1716966241925 2.0610170364379883 0
1716966243921 1.9808769226074219 0
1716966245596 1.6607086658477783 0
1716966247016 1.3862757682800293 0
1716966262276 2.784972906112671 0
1716966263990 1.652860164642334 0
1716966264549 0.5446422100067139 0
1716966265252 0.6797409057617188 0
1716966266122 0.8332972526550293 0
1716966267107 0.9059231281280518 0
1716966269190 2.048987865447998 0
1716966270475 1.2297070026397705 0
1716966271986 1.496885061264038 0
1716966273934 1.929271936416626 0
1716966288058 2.493015766143799 0
1716966288842 0.7603662014007568 0
1716966289479 0.6166660785675049 0
1716966290223 0.6859941482543945 0
1716966291241 0.9756259918212891 0
1716966292171 0.8739430904388428 0
1716966293456 1.252662181854248 0
1716966295895 2.3906350135803223 0
1716966298252 2.3358142375946045 0
1716966299952 1.6656222343444824 0
1716966314038 2.944149971008301 0
1716966314751 0.6607258319854736 0
1716966315373 0.5971729755401611 0
1716966316267 0.8410398960113525 0
1716966323692 7.393387079238892 0
1716966324716 0.9788310527801514 0
1716966325365 0.6221349239349365 0
1716966326203 0.803706169128418 0
1716966326981 0.7553601264953613 0
1716966331532 4.486377954483032 0
1716966347170 2.1276280879974365 0
1716966347723 0.5321369171142578 0
1716966348280 0.5363552570343018 0
1716966349039 0.7364521026611328 0
1716966349916 0.8467588424682617 0
1716966350831 0.885040283203125 0
1716966351982 1.1141257286071777 0
1716966354196 2.184251070022583 0
1716966357019 2.8008570671081543 0
1716966358580 1.549678087234497 0
1716966371241 2.3768677711486816 0
1716966371910 0.6584250926971436 0
1716966372549 0.6287641525268555 0
1716966373253 0.6790330410003662 0
1716966374134 0.8645360469818115 0
1716966375601 1.4040091037750244 0
1716966377594 1.914989948272705 0
1716966379855 2.240511894226074 0
1716966381487 1.615509033203125 0
1716966382867 1.354506015777588 0
1716966394037 2.2375142574310303 0
1716966394679 0.6327428817749023 0
1716966395398 0.7071139812469482 0
1716966396177 0.7544598579406738 0
1716966397060 0.853816032409668 0
1716966398307 1.2161848545074463 0
1716966400677 2.322045087814331 0
1716966403065 2.372980833053589 0
1716966405387 2.281205177307129 0
1716966406978 1.4492080211639404 0
1716966423147 2.5333728790283203 0
1716966423900 0.7303807735443115 0
1716966424557 0.641395092010498 0
1716966427144 2.562302827835083 0
1716966429031 1.79010009765625 0
1716966429971 0.9062252044677734 0
1716966430882 0.8830752372741699 0
1716966433140 2.106550931930542 0
1716966434697 1.507601022720337 0
1716966436494 1.780898094177246 0
1716966449527 2.391723871231079 0
1716966450182 0.6459681987762451 0
1716966450951 0.7563416957855225 0
1716966451832 0.8605339527130127 0
1716966452798 0.9505558013916016 0
1716966454098 1.2640879154205322 0
1716966456454 2.3266098499298096 0
1716966458711 2.2365031242370605 0
1716966460333 1.5987179279327393 0
1716966461712 1.3685901165008545 0
1716966481367 9.142903804779053 0
1716966482882 1.447274923324585 0
1716966483585 0.6351470947265625 0
1716966484267 0.655055046081543 0
1716966485576 1.2800180912017822 0
1716966487425 1.8006739616394043 0
1716966488761 1.2843997478485107 0
1716966489948 1.103754997253418 0
1716966490934 0.9228179454803467 0
1716966492331 1.333432912826538 0
1716966523772 10.968215942382812 0
1716966525756 1.8546059131622314 0
1716966526728 0.8865361213684082 0
1716966528426 1.6657769680023193 0
1716966530605 2.096385955810547 0
1716966531536 0.9071800708770752 0
1716966532982 1.4031391143798828 0
1716966534561 1.4872939586639404 0
1716966535904 1.2515547275543213 0
1716966536711 0.7817878723144531 0
1716966577140 17.6176598072052 0
1716966579407 2.250110149383545 0
1716966580147 0.7067949771881104 0
1716966580990 0.8092620372772217 0
1716966583334 2.111056089401245 0
1716966585765 2.042726993560791 0
1716966587489 1.637408971786499 0
1716966589336 1.7481989860534668 0
1716966590400 1.0461151599884033 0
1716966591549 1.1301918029785156 0
1716966610450 3.312356948852539 0
1716966611114 0.6435911655426025 0
1716966611707 0.5732991695404053 0
1716966612390 0.6684737205505371 0
1716966613299 0.8770351409912109 0
1716966614323 0.9922912120819092 0
1716966616441 2.0490148067474365 0
1716966619284 2.793619155883789 0
1716966620945 1.6431879997253418 0
1716966622358 1.3994569778442383 0
1716966635942 2.539199113845825 0
1716966636694 0.7236430644989014 0
1716966637379 0.6671538352966309 0
1716966638158 0.7647621631622314 0
1716966639099 0.9226400852203369 0
1716966640247 1.120164155960083 0
1716966642613 2.33475399017334 0
1716966644991 2.364999771118164 0
1716966646542 1.5220398902893066 0
1716966648001 1.4477579593658447 0
1716966660760 2.493265151977539 0
1716966661453 0.6282618045806885 0
1716966662206 0.7419681549072266 0
1716966662992 0.7564680576324463 0
1716966663945 0.9057819843292236 0
1716966665160 1.1718170642852783 0
1716966667710 2.5227198600769043 0
1716966670200 2.475865125656128 0
1716966671645 1.4335291385650635 0
1716966672905 1.2485239505767822 0
1716966686515 2.363356113433838 0
1716966687194 0.6571481227874756 0
1716966687873 0.6675879955291748 0
1716966688593 0.7074620723724365 0
1716966689428 0.817302942276001 0
1716966690826 1.330549955368042 0
1716966693068 2.2123477458953857 0
1716966695373 2.292926073074341 0
1716966696930 1.5223650932312012 0
1716966698246 1.3030869960784912 0
1716966710468 2.201632022857666 0
1716966711160 0.6697978973388672 0
1716966711803 0.6314952373504639 0
1716966712497 0.67954421043396 0
1716966713398 0.8839552402496338 0
1716966714878 1.4170429706573486 0
1716966716984 2.0684468746185303 0
1716966719186 2.187520980834961 0
1716966720776 1.5760202407836914 0
1716966722261 1.4456560611724854 0
1716966736695 2.1957509517669678 0
1716966737397 0.6502721309661865 0
1716966738032 0.6230597496032715 0
1716966738714 0.6604089736938477 0
1716966739702 0.9660348892211914 0
1716966740815 1.0489320755004883 0
1716966743168 2.266094923019409 0
1716966745959 2.7751688957214355 0
1716966747628 1.6365692615509033 0
1716966749083 1.4373068809509277 0
1716966762142 2.1275761127471924 0
1716966762806 0.6482996940612793 0
1716966763466 0.6472837924957275 0
1716966764173 0.6944677829742432 0
1716966765052 0.8619060516357422 0
1716966766415 1.3328511714935303 0
1716966768861 2.412194013595581 0
1716966770979 2.103938102722168 0
1716966772512 1.5209226608276367 0
1716966773843 1.3134169578552246 0
1716966787102 2.206170082092285 0
1716966787742 0.627722978591919 0
1716966788379 0.625817060470581 0
1716966789082 0.6883273124694824 0
1716966789927 0.8241846561431885 0
1716966791326 1.3478052616119385 0
1716966793502 2.130474090576172 0
1716966795923 2.40461802482605 0
1716966797521 1.5688848495483398 0
1716966798764 1.2298502922058105 0
1716966810766 2.2861440181732178 0
1716966811428 0.6502740383148193 0
1716966812120 0.6805739402770996 0
1716966812862 0.7201950550079346 0
1716966813712 0.8329489231109619 0
1716966815695 1.9510200023651123 0
1716966817439 1.707124948501587 0
1716966819265 1.8111279010772705 0
1716966820863 1.5848779678344727 0
1716966822299 1.425264835357666 0
1716966836588 2.6627190113067627 0
1716966837353 0.7348370552062988 0
1716966838275 0.9097371101379395 0
1716966839996 1.6715142726898193 0
1716966842298 1.9470579624176025 0
1716966843147 0.8336930274963379 0
1716966844217 1.0502300262451172 0
1716966845588 1.3498809337615967 0
1716966847861 2.2384252548217773 0
1716966850161 2.2642102241516113 0
1716966869893 4.8952391147613525 0
1716966870693 0.7689359188079834 0
1716966871261 0.5533649921417236 0
1716966872083 0.8054070472717285 0
1716966872861 0.7489790916442871 0
1716966873853 0.9642009735107422 0
1716966875310 1.4254331588745117 0
1716966876974 1.6273601055145264 0
1716966878480 1.489070177078247 0
1716966880365 1.8600611686706543 0
1716966923229 9.124402046203613 0
1716966923903 0.6624870300292969 0
1716966924594 0.6488680839538574 0
1716966925276 0.6613898277282715 0
1716966926147 0.8440890312194824 0
1716966927252 1.0760250091552734 0
1716966928712 1.4277980327606201 0
1716966931473 2.659943103790283 0
1716966933537 2.049970865249634 0
1716966934992 1.429405927658081 0
1716966954766 4.755202054977417 0
1716966955942 1.146996021270752 0
1716966956977 1.0011100769042969 0
1716966959722 2.665031909942627 0
1716966960653 0.8797869682312012 0
1716966961588 0.8281328678131104 0
1716966962718 1.0999622344970703 0
1716966963928 1.1701598167419434 0
1716966965344 1.3504440784454346 0
1716966966906 1.5266003608703613 0
1716966980889 2.3586370944976807 0
1716966981546 0.6450209617614746 0
1716966982220 0.6627869606018066 0
1716966982963 0.7261202335357666 0
1716966983842 0.8638949394226074 0
1716966985289 1.4161581993103027 0
1716966987487 2.090121030807495 0
1716966989531 2.029783010482788 0
1716966991080 1.5306870937347412 0
1716966992404 1.3100898265838623 0
1716967004301 2.2792530059814453 0
1716967004956 0.6452620029449463 0
1716967005666 0.6990010738372803 0
1716967006426 0.742459774017334 0
1716967007522 1.0681040287017822 0
1716967009112 1.5585601329803467 0
1716967010918 1.774641990661621 0
1716967012976 2.044093132019043 0
1716967014566 1.5714960098266602 0
1716967015916 1.3380458354949951 0
1716967028113 2.334325075149536 0
1716967028793 0.6685781478881836 0
1716967029477 0.670335054397583 0
1716967030193 0.6825060844421387 0
1716967031052 0.8420631885528564 0
1716967032753 1.560293197631836 0
1716967034755 1.9633169174194336 0
1716967036800 2.0086851119995117 0
1716967038491 1.680652141571045 0
1716967039917 1.413010835647583 0
1716967054649 2.0790462493896484 0
1716967055279 0.6193389892578125 0
1716967055958 0.6671891212463379 0
1716967056647 0.6761898994445801 0
1716967057657 0.9880139827728271 0
1716967058743 1.0502448081970215 0
1716967060859 2.0885257720947266 0
1716967063676 2.7825698852539062 0
1716967066171 2.4506030082702637 0
1716967069564 3.3071351051330566 0
1716967088793 3.9501419067382812 0
1716967089589 0.7796690464019775 0
1716967090419 0.81815505027771 0
1716967091277 0.8049578666687012 0
1716967092151 0.8425910472869873 0
1716967093117 0.936795711517334 0
1716967094260 1.0944199562072754 0
1716967096572 2.282058000564575 0
1716967099364 2.7513620853424072 0
1716967101035 1.6491999626159668 0
1716967113401 2.0688750743865967 0
1716967114055 0.6412920951843262 0
1716967114701 0.6328318119049072 0
1716967115401 0.6856718063354492 0
1716967116418 1.0009350776672363 0
1716967118161 1.7009751796722412 0
1716967120684 2.419969081878662 0
1716967123068 2.368811845779419 0
1716967124367 1.2812340259552002 0
1716967125840 1.458876132965088 0
1716967140962 2.5281200408935547 0
1716967141645 0.657804012298584 0
1716967142314 0.6581768989562988 0
1716967142987 0.652944803237915 0
1716967143969 0.9627830982208252 0
1716967145061 1.0402467250823975 0
1716967147297 2.125749111175537 0
1716967149924 2.6062653064727783 0
1716967151664 1.7187988758087158 0
1716967153116 1.4161508083343506 0
1716967166597 2.202180862426758 0
1716967167254 0.6459479331970215 0
1716967167912 0.6454629898071289 0
1716967168652 0.7264342308044434 0
1716967169536 0.8570189476013184 0
1716967170972 1.3974928855895996 0
1716967173202 2.17891001701355 0
1716967175336 2.093508005142212 0
1716967177139 1.7878830432891846 0
1716967178574 1.4213221073150635 0
1716967193058 2.4851629734039307 0
1716967193810 0.7256169319152832 0
1716967194426 0.6047358512878418 0
1716967195085 0.6416280269622803 0
1716967195892 0.7841269969940186 0
1716967197230 1.3050711154937744 0
1716967199779 2.5137760639190674 0
1716967202238 2.4424960613250732 0
1716967203766 1.5025269985198975 0
1716967205060 1.2727391719818115 0
1716967217827 2.0547637939453125 0
1716967218489 0.6494772434234619 0
1716967219124 0.6184358596801758 0
1716967220293 1.1527998447418213 0
1716967221576 1.2428538799285889 0
1716967222559 0.9398541450500488 0
1716967223987 1.404407024383545 0
1716967226363 2.352872133255005 0
1716967228230 1.8484032154083252 0
1716967229689 1.4399092197418213 0
1716967241090 2.317065954208374 0
1716967241744 0.6247570514678955 0
1716967242445 0.6885740756988525 0
1716967243171 0.7131462097167969 0
1716967244058 0.8701381683349609 0
1716967246084 1.9952609539031982 0
1716967248334 2.192596912384033 0
1716967249816 1.4595909118652344 0
1716967251216 1.3881289958953857 0
1716967252756 1.527895212173462 0
1716967264441 2.1283211708068848 0
1716967265095 0.6437649726867676 0
1716967265744 0.6331629753112793 0
1716967266475 0.7154450416564941 0
1716967267333 0.8397109508514404 0
1716967268688 1.326894760131836 0
1716967270880 2.1078732013702393 0
1716967273082 2.1890952587127686 0
1716967274628 1.5300958156585693 0
1716967275976 1.336313247680664 0
1716967286986 2.039897918701172 0
1716967287639 0.6401829719543457 0
1716967288312 0.6566197872161865 0
1716967289033 0.7071669101715088 0
1716967290351 1.2930219173431396 0
1716967292157 1.6846978664398193 0
1716967293433 1.262441873550415 0
1716967295253 1.8069348335266113 0
1716967297053 1.7796640396118164 0
1716967298610 1.5439260005950928 0
1716967309784 2.222947835922241 0
1716967310610 0.7849481105804443 0
1716967311287 0.6642601490020752 0
1716967311987 0.6872022151947021 0
1716967312837 0.8195571899414062 0
1716967314169 1.2968709468841553 0
1716967316449 2.2493860721588135 0
1716967318939 2.474149227142334 0
1716967320461 1.5109667778015137 0
1716967321704 1.2309720516204834 0
1716967333493 2.3200602531433105 0
1716967334196 0.6942400932312012 0
1716967334904 0.696826696395874 0
1716967335637 0.7135009765625 0
1716967336701 1.0437300205230713 0
1716967338093 1.2661750316619873 0
1716967340155 2.0338799953460693 0
1716967342458 2.2887120246887207 0
1716967343970 1.490966796875 0
1716967345222 1.2408530712127686 0
1716967356885 2.163930892944336 0
1716967357679 0.7686629295349121 0
1716967358560 0.8682820796966553 0
1716967359430 0.8231170177459717 0
1716967360364 0.9114470481872559 0
1716967361562 1.1646149158477783 0
1716967363545 1.9180271625518799 0
1716967366010 2.4471018314361572 0
1716967367688 1.6656761169433594 0
1716967369056 1.3498218059539795 0
1716967380658 2.5182881355285645 0
1716967381468 0.7750871181488037 0
1716967382203 0.7205281257629395 0
1716967382961 0.7240996360778809 0
1716967384034 1.0539467334747314 0
1716967385332 1.2506837844848633 0
1716967387525 2.1511361598968506 0
1716967389724 2.1868221759796143 0
1716967391257 1.5129079818725586 0
1716967392518 1.249946117401123 0
1716967403837 2.1008708477020264 0
1716967404479 0.6242067813873291 0
1716967405161 0.6689748764038086 0
1716967405886 0.6994359493255615 0
1716967406736 0.8257007598876953 0
1716967408335 1.5687980651855469 0
1716967410664 2.275376319885254 0
1716967412684 1.9990119934082031 0
1716967414162 1.458104133605957 0
1716967415449 1.2752561569213867 0
1716967426756 2.2788848876953125 0
1716967427467 0.6726808547973633 0
1716967428156 0.6777050495147705 0
1716967428869 0.6994030475616455 0
1716967430337 1.4496381282806396 0
1716967431351 0.9853429794311523 0
1716967432842 1.4686121940612793 0
1716967435045 2.18705677986145 0
1716967436808 1.7496519088745117 0
1716967438306 1.480550765991211 0
1716967450933 2.3477628231048584 0
1716967451599 0.6532928943634033 0
1716967452335 0.706063985824585 0
1716967453085 0.7329080104827881 0
1716967453999 0.8981668949127197 0
1716967455660 1.6266529560089111 0
1716967457786 2.055712938308716 0
1716967459851 2.045663833618164 0
1716967461530 1.6364588737487793 0
1716967462925 1.3817288875579834 0
1716967475458 2.0085878372192383 0
1716967476115 0.6351470947265625 0
1716967476773 0.645878791809082 0
1716967477462 0.6783730983734131 0
1716967478294 0.8197031021118164 0
1716967479505 1.1898798942565918 0
1716967481874 2.338212251663208 0
1716967484271 2.375037908554077 0
1716967485805 1.5213580131530762 0
1716967487164 1.3185818195343018 0
1716967499144 2.1387360095977783 0
1716967499780 0.6262190341949463 0
1716967500419 0.6294600963592529 0
1716967501133 0.6996831893920898 0
1716967501977 0.8280279636383057 0
1716967503264 1.257685899734497 0
1716967505815 2.5040409564971924 0
1716967508111 2.2760539054870605 0
1716967509659 1.5361661911010742 0
1716967511092 1.400033950805664 0
1716967524367 2.914701223373413 0
1716967525160 0.7621879577636719 0
1716967525780 0.6076450347900391 0
1716967526463 0.6700129508972168 0
1716967527583 1.0996599197387695 0
1716967529618 2.003232002258301 0
1716967531474 1.8072397708892822 0
1716967533191 1.6941289901733398 0
1716967534782 1.5783390998840332 0
1716967536323 1.5292589664459229 0
1716967550661 2.152787923812866 0
1716967551297 0.6214809417724609 0
1716967551943 0.6347670555114746 0
1716967552632 0.6646809577941895 0
1716967553509 0.8626596927642822 0
1716967554949 1.4076039791107178 0
1716967557113 2.1353020668029785 0
1716967559450 2.323076009750366 0
1716967561126 1.6623990535736084 0
1716967562534 1.3869328498840332 0
1716967574077 2.022738218307495 0
1716967574726 0.6384429931640625 0
1716967575402 0.6570100784301758 0
1716967576132 0.7056412696838379 0
1716967577029 0.8432848453521729 0
1716967579129 2.0596320629119873 0
1716967580498 1.345055103302002 0
1716967582375 1.860724925994873 0
1716967584329 1.9229743480682373 0
1716967586072 1.7232871055603027 0
1716967606374 4.24856424331665 0
1716967607243 0.8565597534179688 0
1716967607900 0.6333568096160889 0
1716967608610 0.6960906982421875 0
1716967609988 1.3555281162261963 0
1716967611293 1.2737529277801514 0
1716967612434 1.1097500324249268 0
1716967614316 1.8514797687530518 0
1716967616874 2.5194478034973145 0
1716967618283 1.3902010917663574 0
1716967642758 7.502749919891357 0
1716967643682 0.8980810642242432 0
1716967644252 0.555351972579956 0
1716967648024 3.7504589557647705 0
1716967651999 3.95514178276062 0
1716967653992 1.9712657928466797 0
1716967654574 0.5614950656890869 0
1716967655254 0.6650090217590332 0
1716967657855 1.7214579582214355 0
1716967661529 3.596174716949463 0
1716967688866 8.30360221862793 0
1716967689738 0.8476860523223877 0
1716967692806 3.0403051376342773 0
1716967693995 1.1523032188415527 0
1716967694592 0.5832958221435547 0
1716967695327 0.6938631534576416 0
1716967696272 0.8986830711364746 0
1716967697159 0.858936071395874 0
1716967698355 1.1663920879364014 0
1716967701632 3.2477011680603027 0
1716967727341 8.46108102798462 0
1716967728399 1.0287799835205078 0
1716967729256 0.8015120029449463 0
1716967732854 3.559645175933838 0
1716967734310 1.4344007968902588 0
1716967735100 0.7771179676055908 0
1716967736565 1.4269688129425049 0
1716967737868 1.2565338611602783 0
1716967738905 0.9659478664398193 0
1716967740284 1.3439021110534668 0
1716967760898 3.7183878421783447 0
1716967761508 0.5968859195709229 0
1716967762076 0.5540440082550049 0
1716967762857 0.7487578392028809 0
1716967763705 0.7999000549316406 0
1716967764580 0.8434302806854248 0
1716967765845 1.2366981506347656 0
1716967767179 1.2513060569763184 0
1716967769679 2.469191074371338 0
1716967771992 2.2987191677093506 0
1716967796161 8.870316743850708 0
1716967797085 0.8959681987762451 0
1716967797748 0.6373307704925537 0
1716967801172 3.40157413482666 0
1716967802063 0.8498859405517578 0
1716967802824 0.7107429504394531 0
1716967804740 1.8783559799194336 0
1716967806680 1.8116369247436523 0
1716967807479 0.7660400867462158 0
1716967808394 0.8982830047607422 0
1716967828593 2.908982038497925 0
1716967829339 0.703510046005249 0
1716967829996 0.6437258720397949 0
1716967832554 2.531765937805176 0
1716967834912 2.3119959831237793 0
1716967835634 0.7065846920013428 0
1716967836414 0.7639868259429932 0
1716967837930 1.482280969619751 0
1716967839093 1.131983757019043 0
1716967840779 1.6595909595489502 0
1716967856906 2.4717347621917725 0
1716967857840 0.9193189144134521 0
1716967859396 1.4622468948364258 0
1716967861170 1.7011158466339111 0
1716967862153 0.9168891906738281 0
1716967863105 0.9054872989654541 0
1716967864373 1.2301292419433594 0
1716967866296 1.869217872619629 0
1716967868688 2.3526148796081543 0
1716967870472 1.7491118907928467 0
1716967891224 3.9390809535980225 0
1716967892051 0.8137481212615967 0
1716967892765 0.6957380771636963 0
1716967893515 0.7372980117797852 0
1716967894440 0.8936100006103516 0
1716967895707 1.236699104309082 0
1716967897967 2.230308771133423 0
1716967900641 2.6165199279785156 0
1716967902282 1.6222538948059082 0
1716967904061 1.7484002113342285 0
1716967924129 3.2268481254577637 0
1716967924904 0.7593903541564941 0
1716967925509 0.5916259288787842 0
1716967926165 0.6399569511413574 0
1716967927062 0.8729181289672852 0
1716967928104 1.0116338729858398 0
1716967930349 2.207857131958008 0
1716967932823 2.446146011352539 0
1716967934620 1.7697629928588867 0
1716967936140 1.4966528415679932 0
1716967956369 3.893188953399658 0
1716967957057 0.6674931049346924 0
1716967957634 0.5573897361755371 0
1716967958302 0.647855281829834 0
1716967959155 0.8213231563568115 0
1716967960046 0.8611338138580322 0
1716967961070 0.9927630424499512 0
1716967962758 1.6227869987487793 0
1716967965590 2.754880905151367 0
1716967967486 1.8763492107391357 0
1716967982325 2.387749195098877 0
1716967983094 0.7565131187438965 0
1716967983817 0.7016289234161377 0
1716967984567 0.7341761589050293 0
1716967985444 0.8500950336456299 0
1716967986846 1.3745830059051514 0
1716967988995 2.106383800506592 0
1716967991245 2.225731134414673 0
1716967992797 1.5408220291137695 0
1716967994112 1.3022849559783936 0
1716968006628 2.123250961303711 0
1716968007278 0.6318526268005371 0
1716968007932 0.6363117694854736 0
1716968008686 0.7398421764373779 0
1716968009671 0.9374210834503174 0
1716968011752 2.046926736831665 0
1716968013368 1.591912031173706 0
1716968015208 1.8166120052337646 0
1716968017076 1.8379929065704346 0
1716968018996 1.8955330848693848 0
1716968040767 5.702199697494507 0
1716968042328 1.5006511211395264 0
1716968042947 0.57106614112854 0
1716968044409 1.443544864654541 0
1716968045681 1.1846230030059814 0
1716968046713 0.9752790927886963 0
1716968047741 0.9962918758392334 0
1716968048752 0.9470851421356201 0
1716968050752 1.9657280445098877 0
1716968053166 2.3751380443573 0
1716968073534 3.8154821395874023 0
1716968074288 0.7303280830383301 0
1716968074941 0.6405179500579834 0
1716968075717 0.7614068984985352 0
1716968076753 0.9643352031707764 0
1716968078104 1.3172540664672852 0
1716968079868 1.736119031906128 0
1716968082552 2.6517560482025146 0
1716968084242 1.6755647659301758 0
1716968085576 1.321603775024414 0
1716968099196 2.1895081996917725 0
1716968099830 0.6108901500701904 0
1716968100522 0.6784179210662842 0
1716968101533 0.9849021434783936 0
1716968102701 1.0649311542510986 0
1716968103927 1.1649150848388672 0
1716968105482 1.519392967224121 0
1716968107789 2.287684202194214 0
1716968109711 1.9061238765716553 0
1716968111301 1.5719060897827148 0
1716968132750 4.24094295501709 0
1716968134740 1.9704608917236328 0
1716968135702 0.935326337814331 0
1716968136881 1.152496099472046 0
1716968140002 3.007741928100586 0
1716968141351 1.3192658424377441 0
1716968142474 1.0182440280914307 0
1716968143583 1.038344144821167 0
1716968145127 1.512399673461914 0
1716968146384 1.202542781829834 0
1716968169298 5.9930360317230225 0
1716968170201 0.808262825012207 0
1716968170869 0.6560399532318115 0
1716968171597 0.7099072933197021 0
1716968172639 1.0045487880706787 0
1716968173756 1.0801820755004883 0
1716968175125 1.333113193511963 0
1716968177319 2.164232015609741 0
1716968179702 2.3651859760284424 0
1716968181630 1.9163100719451904 0
1716968204545 5.281484603881836 0
1716968205314 0.7368669509887695 0
1716968205953 0.62506103515625 0
1716968206721 0.7327711582183838 0
1716968209511 2.7407150268554688 0
1716968210887 1.349132776260376 0
1716968212214 1.3124818801879883 0
1716968213586 1.3331880569458008 0
1716968214590 0.9783229827880859 0
1716968216206 1.5994067192077637 0
1716968237289 3.0572948455810547 0
1716968238017 0.7135381698608398 0
1716968238661 0.6327269077301025 0
1716968239370 0.6950430870056152 0
1716968240434 1.000049352645874 0
1716968241890 1.3995227813720703 0
1716968244208 2.2846012115478516 0
1716968245586 1.362795114517212 0
1716968247207 1.5951828956604004 0
1716968248879 1.659276008605957 0
1716968265618 3.1893320083618164 0
1716968267150 1.394608736038208 0
1716968268044 0.8418340682983398 0
1716968268756 0.6968119144439697 0
1716968269649 0.8730690479278564 0
1716968270754 1.0287821292877197 0
1716968272208 1.4246330261230469 0
1716968275285 3.0463411808013916 0
1716968277358 2.0585060119628906 0
1716968278976 1.579576015472412 0
1716968306253 9.593586921691895 0
1716968309379 3.0792181491851807 0
1716968312377 2.8954358100891113 0
1716968314742 2.3014180660247803 0
1716968315607 0.823972225189209 0
1716968316855 1.2260448932647705 0
1716968318148 1.2547729015350342 0
1716968320064 1.8819921016693115 0
1716968321781 1.602384090423584 0
1716968322647 0.836151123046875 0
1716968354091 8.601117134094238 0
1716968355561 1.4292140007019043 0
1716968356259 0.6796131134033203 0
1716968357831 1.5281317234039307 0
1716968360364 2.2950901985168457 0
1716968360986 0.5900847911834717 0
1716968361767 0.7574408054351807 0
1716968362638 0.8411688804626465 0
1716968363714 1.0441327095031738 0
1716968365582 1.8290679454803467 0
1716968396492 7.419550895690918 0
1716968399852 3.343294143676758 0
1716968401659 1.794712781906128 0
1716968403120 1.4007987976074219 0
1716968405469 2.236292839050293 0
1716968407778 2.176784038543701 0
1716968408834 1.023772954940796 0
1716968411545 2.6761229038238525 0
1716968412428 0.8415532112121582 0
1716968413361 0.9160828590393066 0
1716968446478 10.444622039794922 0
1716968447246 0.7291216850280762 0
1716968447829 0.5613961219787598 0
1716968449002 1.1537301540374756 0
1716968449884 0.8522329330444336 0
1716968450885 0.9280078411102295 0
1716968451887 0.9474599361419678 0
1716968454449 2.5331101417541504 0
1716968457026 2.5119752883911133 0
1716968458282 1.2354850769042969 0
1716968486571 8.620821952819824 0
1716968487446 0.8430430889129639 0
1716968488169 0.6817290782928467 0
1716968489517 1.2744460105895996 0
1716968492075 2.520911931991577 0
1716968493312 1.1827020645141602 0
1716968494834 1.447350025177002 0
1716968495847 0.9734659194946289 0
1716968497092 1.153611183166504 0
1716968498531 1.4133927822113037 0
1716968528423 8.464324951171875 0
1716968529499 1.0588841438293457 0
1716968530189 0.672339916229248 0
1716968531397 1.18534517288208 0
1716968532658 1.1655280590057373 0
1716968534768 2.0407111644744873 0
1716968535939 1.047111988067627 0
1716968536871 0.8899810314178467 0
1716968538055 1.1640048027038574 0
1716968539498 1.4066619873046875 0
1716968612843 15.797040700912476 0
1716968613968 1.1092050075531006 0
1716968614689 0.7002160549163818 0
1716968615847 1.098548173904419 0
1716968617377 1.4808990955352783 0
1716968618341 0.9146060943603516 0
1716968619524 1.1138980388641357 0
1716968620580 1.0253586769104004 0
1716968622375 1.7675530910491943 0
1716968625198 2.797891855239868 0
1716968656504 12.329990863800049 0
1716968657482 0.9414310455322266 0
1716968658727 1.1997933387756348 0
1716968662086 3.2909557819366455 0
1716968664282 2.073962926864624 0
1716968665681 1.3857460021972656 0
1716968666535 0.8344330787658691 0
1716968668672 2.1152641773223877 0
1716968669890 1.1876857280731201 0
1716968670951 1.0459539890289307 0
