1715018199467 0.5516268014907837 0
1715018201470 0.551626443862915 0
1715018203360 0.5516261458396912 0
1715018205221 0.5516265034675598 0
1715018206860 0.5516263842582703 0
1715018208542 0.5516263842582703 0
1715018210159 0.5516261458396912 0
1715018211884 0.5516259074211121 0
1715018213736 0.5516260266304016 0
1715018215704 0.5516259670257568 0
1715018217966 0.5516257286071777 0
1715018219590 0.5516255497932434 0
1715018221480 0.5516255497932434 0
1715018223772 0.551625669002533 0
1715018226737 0.5516256093978882 0
1715018233737 0.5516253113746643 0
1715018235794 0.5516257286071777 0
1715018247772 0.5516257882118225 0
1715018249428 0.5516253709793091 0
1715018251319 0.5516254901885986 0
1715018253173 0.5516251921653748 0
1715018254842 0.5516258478164673 0
1715018256441 0.5516254901885986 0
1715018257862 0.5516254901885986 0
1715018259599 0.5516251921653748 0
1715018264455 0.5516250729560852 0
1715018266373 0.5516251921653748 0
1715018268025 0.5516250729560852 0
1715018269566 0.551624596118927 0
1715018270961 0.5516252517700195 0
1715018272614 0.5516248345375061 0
1715018273971 0.5516250729560852 0
1715018275319 0.5516247749328613 0
1715018276755 0.5516248941421509 0
1715018278092 0.5516244769096375 0
1715018279487 0.5516244769096375 0
1715018280854 0.5516249537467957 0
1715018282353 0.551624596118927 0
1715018284278 0.551624596118927 0
1715018286115 0.5516246557235718 0
1715018289953 0.5516244173049927 0
1715018295201 0.5516243577003479 0
1715018296739 0.5516246557235718 0
1715018298135 0.5516245365142822 0
1715018299547 0.5516246557235718 0
1715018301705 0.5516242384910583 0
1715018303838 0.5516247153282166 0
1715018305441 0.5516242384910583 0
1715018306850 0.551624596118927 0
1715018308234 0.5516248345375061 0
1715018309929 0.5516245365142822 0
1715018311323 0.551624596118927 0
1715018312955 0.5516248345375061 0
1715018315028 0.5516249537467957 0
1715018316432 0.5516244173049927 0
1715018318465 0.5516242980957031 0
1715018320280 0.5516242980957031 0
1715018321774 0.5516242980957031 0
1715018323128 0.5516246557235718 0
1715018324468 0.5516241788864136 0
1715018326155 0.5516242980957031 0
1715018327588 0.5516243577003479 0
1715018329102 0.5516244173049927 0
1715018330606 0.5516241788864136 0
1715018332297 0.5516241192817688 0
1715018334664 0.5516242384910583 0
1715018337084 0.5516242384910583 0
1715018338609 0.5516242980957031 0
1715018340114 0.5516239404678345 0
1715018341476 0.5516241788864136 0
1715018343446 0.5516239404678345 0
1715018344912 0.5516237616539001 0
1715018346304 0.5516238808631897 0
1715018347670 0.5516238212585449 0
1715018349013 0.5516239404678345 0
1715018350354 0.5516236424446106 0
1715018351721 0.5516236424446106 0
1715018353134 0.5516234636306763 0
1715018354903 0.5516237020492554 0
1715018356336 0.5516234636306763 0
1715018357983 0.5516240000724792 0
1715018359994 0.551623523235321 0
1715018361399 0.5516234636306763 0
1715018362925 0.5516237020492554 0
1715018370016 0.5516237020492554 0
1715018372143 0.5516233444213867 0
1715018376199 0.5516234636306763 0
1715018377930 0.5516234636306763 0
1715018379848 0.5516234040260315 0
1715018384103 0.5516232848167419 0
1715018388900 0.5516235828399658 0
1715018391229 0.5516236424446106 0
1715018393513 0.5516232252120972 0
1715018398583 0.5516232848167419 0
1715018400901 0.5516233444213867 0
1715018404671 0.5516233444213867 0
1715018407418 0.5516233444213867 0
1715018420614 0.5516232252120972 0
1715018422796 0.5516229271888733 0
1715018424335 0.5516234636306763 0
1715018426123 0.5516234040260315 0
1715018428301 0.5516233444213867 0
1715018431299 0.5516231060028076 0
1715018432798 0.5516234040260315 0
1715018435750 0.5516231656074524 0
1715018439175 0.5516231656074524 0
1715018441694 0.5516234040260315 0
1715018443367 0.5516231060028076 0
1715018445400 0.5516233444213867 0
1715018448508 0.5516230463981628 0
1715018450166 0.5516228675842285 0
1715018451600 0.551622748374939 0
1715018452980 0.5516230463981628 0
1715018454550 0.5516229867935181 0
1715018455941 0.551622748374939 0
1715018457297 0.551622748374939 0
1715018458646 0.5516228079795837 0
1715018460020 0.5516229867935181 0
1715018461376 0.5516226291656494 0
1715018462742 0.5516225099563599 0
1715018464191 0.5516229867935181 0
1715018465538 0.5516228079795837 0
1715018466872 0.5516226291656494 0
1715018468223 0.5516226887702942 0
1715018469576 0.5516228675842285 0
1715018470904 0.5516230463981628 0
1715018472271 0.5516223311424255 0
1715018473630 0.551622748374939 0
1715018474994 0.5516226291656494 0
1715018476358 0.5516229867935181 0
1715018477829 0.5516228675842285 0
1715018479153 0.5516226291656494 0
1715018480527 0.5516224503517151 0
1715018481987 0.5516224503517151 0
1715018483399 0.551622748374939 0
1715018484773 0.5516223907470703 0
1715018486179 0.551622211933136 0
1715018487544 0.5516219139099121 0
1715018488902 0.5516221523284912 0
1715018490229 0.5516222715377808 0
1715018491725 0.5516223311424255 0
1715018493087 0.5516226291656494 0
1715018494440 0.5516226887702942 0
1715018495807 0.5516224503517151 0
1715018497167 0.5516222715377808 0
1715018498529 0.5516223907470703 0
1715018499874 0.5516219139099121 0
1715018501238 0.5516218543052673 0
1715018502580 0.5516222715377808 0
1715018503935 0.5516220927238464 0
1715018505470 0.5516221523284912 0
1715018507041 0.5516218543052673 0
1715018509010 0.5516219735145569 0
1715018515184 0.5516220331192017 0
1715018518816 0.5516218543052673 0
1715018520759 0.5516214966773987 0
1715018522427 0.5516218543052673 0
1715018524063 0.5516218543052673 0
1715018526167 0.5516218543052673 0
1715018527929 0.5516216158866882 0
1715018532651 0.5516217350959778 0
1715018534111 0.551621675491333 0
1715018535482 0.5516218543052673 0
1715018536877 0.5516216158866882 0
1715018538283 0.5516215562820435 0
1715018539653 0.5516218543052673 0
1715018541016 0.5516213774681091 0
1715018542500 0.5516212582588196 0
