1715018199615 2.130307674407959 0
1715018201821 2.1559998989105225 0
1715018203695 1.8591880798339844 0
1715018205402 1.702692985534668 0
1715018207057 1.651144027709961 0
1715018208573 1.463695764541626 0
1715018210245 1.6679589748382568 0
1715018211981 1.7294948101043701 0
1715018213919 1.923598289489746 0
1715018215891 1.9637959003448486 0
1715018218040 1.642820119857788 0
1715018219712 1.6391901969909668 0
1715018221731 2.014441967010498 0
1715018224296 2.5573997497558594 0
1715018227018 2.6254498958587646 0
1715018233877 6.635085105895996 0
1715018236722 2.8350141048431396 0
1715018247843 10.841325998306274 0
1715018249578 1.7315471172332764 0
1715018251555 1.9403069019317627 0
1715018253401 1.6416399478912354 0
1715018254931 1.5249230861663818 0
1715018256517 1.4481921195983887 0
1715018257985 1.4384939670562744 0
1715018259769 1.776197910308838 0
1715018264613 4.765126943588257 0
1715018266557 1.9392540454864502 0
1715018268199 1.63680100440979 0
1715018269595 1.3920140266418457 0
1715018271051 1.4041390419006348 0
1715018272663 1.4397261142730713 0
1715018274014 1.3467659950256348 0
1715018275386 1.3665740489959717 0
1715018276792 1.37135910987854 0
1715018278162 1.365530252456665 0
1715018279530 1.3612573146820068 0
1715018280890 1.3563809394836426 0
1715018282522 1.6265559196472168 0
1715018284431 1.899691104888916 0
1715018286382 1.9472887516021729 0
1715018290192 3.6071691513061523 0
1715018295310 5.1125099658966064 0
1715018296796 1.482118844985962 0
1715018298230 1.4304351806640625 0
1715018299622 1.3865609169006348 0
1715018301817 2.191181182861328 0
1715018303971 2.147526979446411 0
1715018305501 1.5253307819366455 0
1715018306897 1.3916189670562744 0
1715018308287 1.3864567279815674 0
1715018310005 1.4529120922088623 0
1715018311361 1.3525068759918213 0
1715018313534 2.166887044906616 0
1715018315062 1.5187969207763672 0
1715018316998 1.932201862335205 0
1715018318562 1.51456880569458 0
1715018320362 1.7953219413757324 0
1715018321808 1.4142141342163086 0
1715018323170 1.3568789958953857 0
1715018324510 1.3349261283874512 0
1715018326193 1.5382721424102783 0
1715018327652 1.4536340236663818 0
1715018329162 1.5050129890441895 0
1715018330724 1.5591492652893066 0
1715018332570 1.8387868404388428 0
1715018335325 2.4509191513061523 0
1715018337231 1.900475025177002 0
1715018338681 1.446570873260498 0
1715018340147 1.461620807647705 0
1715018341929 1.7776200771331787 0
1715018343533 1.4743680953979492 0
1715018344966 1.4272327423095703 0
1715018346350 1.3733367919921875 0
1715018347704 1.3490519523620605 0
1715018349050 1.3408799171447754 0
1715018350398 1.343965768814087 0
1715018351761 1.3586030006408691 0
1715018353164 1.398041009902954 0
1715018354938 1.770488977432251 0
1715018356382 1.4361889362335205 0
1715018358024 1.461993932723999 0
1715018360068 2.028844118118286 0
1715018361440 1.368675947189331 0
1715018364473 3.0267930030822754 0
1715018370232 5.75192403793335 0
1715018372252 1.9573330879211426 0
1715018376275 3.9909517765045166 0
1715018377974 1.6945760250091553 0
1715018379907 1.9256651401519775 0
1715018384385 4.47257399559021 0
1715018389066 4.2004241943359375 0
1715018391300 2.221289873123169 0
1715018394221 2.858147144317627 0
1715018399226 4.942927122116089 0
1715018401046 1.6107258796691895 0
1715018404913 3.8597631454467773 0
1715018408124 3.2033119201660156 0
1715018420708 12.562372207641602 0
1715018422921 2.2091760635375977 0
1715018424407 1.4819059371948242 0
1715018426254 1.5813229084014893 0
1715018428441 2.182363271713257 0
1715018431409 2.9551217555999756 0
1715018432892 1.478931188583374 0
1715018435855 2.954678773880005 0
1715018439276 3.4162423610687256 0
1715018441803 2.4498960971832275 0
1715018443869 2.05218505859375 0
1715018446070 2.152958869934082 0
1715018448560 2.4789068698883057 0
1715018450209 1.3963911533355713 0
1715018451667 1.4538757801055908 0
1715018453024 1.352936029434204 0
1715018454623 1.5933969020843506 0
1715018455983 1.3562071323394775 0
1715018457332 1.344491958618164 0
1715018458692 1.3546369075775146 0
1715018460069 1.3723359107971191 0
1715018461427 1.3475720882415771 0
1715018462782 1.3493778705596924 0
1715018464247 1.3828320503234863 0
1715018465570 1.3186922073364258 0
1715018466900 1.32432222366333 0
1715018468268 1.3630499839782715 0
1715018469611 1.3384010791778564 0
1715018470956 1.3407511711120605 0
1715018472319 1.358227252960205 0
1715018473663 1.3396620750427246 0
1715018475028 1.3606939315795898 0
1715018476399 1.3627099990844727 0
1715018477861 1.351003885269165 0
1715018479191 1.3251261711120605 0
1715018480568 1.3711369037628174 0
1715018482073 1.4988758563995361 0
1715018483463 1.3860769271850586 0
1715018484837 1.3679449558258057 0
1715018486232 1.3886890411376953 0
1715018487588 1.351161003112793 0
1715018488940 1.346743106842041 0
1715018490283 1.3386409282684326 0
1715018491775 1.375450849533081 0
1715018493146 1.3636441230773926 0
1715018494485 1.3339500427246094 0
1715018495846 1.35371994972229 0
1715018497219 1.3457200527191162 0
1715018498566 1.3424088954925537 0
1715018499919 1.348404884338379 0
1715018501283 1.352126121520996 0
1715018502629 1.3411409854888916 0
1715018503982 1.34623384475708 0
1715018505503 1.4331860542297363 0
1715018507326 1.8180148601531982 0
1715018509738 2.3820011615753174 0
1715018515263 5.457215070724487 0
1715018519209 3.941183090209961 0
1715018520818 1.604292869567871 0
1715018522607 1.7801861763000488 0
1715018524192 1.5810120105743408 0
1715018526302 2.1048130989074707 0
1715018528021 1.713465690612793 0
1715018532748 3.005488157272339 0
1715018534159 1.406991720199585 0
1715018535533 1.3701539039611816 0
1715018536936 1.3972249031066895 0
1715018538324 1.3836569786071777 0
1715018539703 1.3744080066680908 0
1715018541087 1.378504991531372 0
1715018543681 2.5880372524261475 0
