1716303642662 1.0 0
1716303643355 2.0 0
1716303643999 3.0 0
1716303644528 4.0 0
1716303645067 5.0 0
1716303645609 6.0 0
1716303646138 7.0 0
1716303646713 8.0 0
1716303647292 9.0 0
1716303647818 10.0 0
1716303653647 11.0 0
1716303654163 12.0 0
1716303654698 13.0 0
1716303655312 14.0 0
1716303655863 15.0 0
1716303656405 16.0 0
1716303657017 17.0 0
1716303657578 18.0 0
1716303658136 19.0 0
1716303658745 20.0 0
1716303664314 21.0 0
1716303664857 22.0 0
1716303665398 23.0 0
1716303665926 24.0 0
1716303666485 25.0 0
1716303667024 26.0 0
1716303667565 27.0 0
1716303668111 28.0 0
1716303668665 29.0 0
1716303669186 30.0 0
1716303673879 31.0 0
1716303674395 32.0 0
1716303674931 33.0 0
1716303675484 34.0 0
1716303676002 35.0 0
1716303676525 36.0 0
1716303677054 37.0 0
1716303677577 38.0 0
1716303678103 39.0 0
1716303678626 40.0 0
1716303683347 41.0 0
1716303683881 42.0 0
1716303684405 43.0 0
1716303684911 44.0 0
1716303685431 45.0 0
1716303685939 46.0 0
1716303686448 47.0 0
1716303686975 48.0 0
1716303687482 49.0 0
1716303687989 50.0 0
1716303691893 51.0 0
1716303692404 52.0 0
1716303692932 53.0 0
1716303693488 54.0 0
1716303694029 55.0 0
1716303694554 56.0 0
1716303695078 57.0 0
1716303695610 58.0 0
1716303696114 59.0 0
1716303696639 60.0 0
1716303700489 61.0 0
1716303701009 62.0 0
1716303701538 63.0 0
1716303702069 64.0 0
1716303702597 65.0 0
1716303703120 66.0 0
1716303703670 67.0 0
1716303704186 68.0 0
1716303704728 69.0 0
1716303705253 70.0 0
1716303709504 71.0 0
1716303710024 72.0 0
1716303710582 73.0 0
1716303711110 74.0 0
1716303711627 75.0 0
1716303712145 76.0 0
1716303712671 77.0 0
1716303713196 78.0 0
1716303713721 79.0 0
1716303714237 80.0 0
1716303718058 81.0 0
1716303718569 82.0 0
1716303719099 83.0 0
1716303719656 84.0 0
1716303720188 85.0 0
1716303720716 86.0 0
1716303721265 87.0 0
1716303721785 88.0 0
1716303722300 89.0 0
1716303722856 90.0 0
1716303727764 91.0 0
1716303728291 92.0 0
1716303728801 93.0 0
1716303729420 94.0 0
1716303729992 95.0 0
1716303730515 96.0 0
1716303731060 97.0 0
1716303731603 98.0 0
1716303732235 99.0 0
1716303732851 100.0 0
1716303737805 101.0 0
1716303738365 102.0 0
1716303738916 103.0 0
1716303739493 104.0 0
1716303740040 105.0 0
1716303740613 106.0 0
1716303741179 107.0 0
1716303741740 108.0 0
1716303742269 109.0 0
1716303742828 110.0 0
1716303747573 111.0 0
1716303748085 112.0 0
1716303748618 113.0 0
1716303749147 114.0 0
1716303749672 115.0 0
1716303750191 116.0 0
1716303750803 117.0 0
1716303751339 118.0 0
1716303751855 119.0 0
1716303752405 120.0 0
1716303757342 121.0 0
1716303757878 122.0 0
1716303758389 123.0 0
1716303758913 124.0 0
1716303759427 125.0 0
1716303759955 126.0 0
1716303760478 127.0 0
1716303761004 128.0 0
1716303761520 129.0 0
1716303762031 130.0 0
1716303766053 131.0 0
1716303766568 132.0 0
1716303767108 133.0 0
1716303767647 134.0 0
1716303768176 135.0 0
1716303768702 136.0 0
1716303769229 137.0 0
1716303769751 138.0 0
1716303770292 139.0 0
1716303770842 140.0 0
1716303775540 141.0 0
1716303776064 142.0 0
1716303776601 143.0 0
1716303777145 144.0 0
1716303777666 145.0 0
1716303778185 146.0 0
1716303778696 147.0 0
1716303779208 148.0 0
1716303779719 149.0 0
1716303780248 150.0 0
1716303784125 151.0 0
1716303784653 152.0 0
1716303785202 153.0 0
1716303785745 154.0 0
1716303786275 155.0 0
1716303786784 156.0 0
1716303787315 157.0 0
1716303787871 158.0 0
1716303788405 159.0 0
1716303788926 160.0 0
1716303793465 161.0 0
1716303793980 162.0 0
1716303794554 163.0 0
1716303795091 164.0 0
1716303795642 165.0 0
1716303796210 166.0 0
1716303796766 167.0 0
1716303797299 168.0 0
1716303797844 169.0 0
1716303798403 170.0 0
1716303802957 171.0 0
1716303803485 172.0 0
1716303804026 173.0 0
1716303804562 174.0 0
1716303805083 175.0 0
1716303805639 176.0 0
1716303806205 177.0 0
1716303806737 178.0 0
1716303807295 179.0 0
1716303807839 180.0 0
1716303812659 181.0 0
1716303813209 182.0 0
1716303813729 183.0 0
1716303814295 184.0 0
1716303814846 185.0 0
1716303815392 186.0 0
1716303815969 187.0 0
1716303816505 188.0 0
1716303817080 189.0 0
1716303817651 190.0 0
1716303824012 191.0 0
1716303824563 192.0 0
1716303825249 193.0 0
1716303825946 194.0 0
1716303826523 195.0 0
1716303827092 196.0 0
1716303827676 197.0 0
1716303828271 198.0 0
1716303828927 199.0 0
1716303829614 200.0 0
1716303837869 201.0 0
1716303838393 202.0 0
1716303838937 203.0 0
1716303839505 204.0 0
1716303840068 205.0 0
1716303840697 206.0 0
1716303841347 207.0 0
1716303842003 208.0 0
1716303842714 209.0 0
1716303843482 210.0 0
1716303850686 211.0 0
1716303851225 212.0 0
1716303851762 213.0 0
1716303852331 214.0 0
1716303852954 215.0 0
1716303853591 216.0 0
1716303854307 217.0 0
1716303855170 218.0 0
1716303856491 219.0 0
1716303858220 220.0 0
1716303864103 221.0 0
1716303864643 222.0 0
1716303865199 223.0 0
1716303865778 224.0 0
1716303866393 225.0 0
1716303867027 226.0 0
1716303867695 227.0 0
1716303868463 228.0 0
1716303869446 229.0 0
1716303870940 230.0 0
1716303877307 231.0 0
1716303877858 232.0 0
1716303878440 233.0 0
1716303879045 234.0 0
1716303879663 235.0 0
1716303880328 236.0 0
1716303881062 237.0 0
1716303882094 238.0 0
1716303884426 239.0 0
1716303885767 240.0 0
1716303891758 241.0 0
1716303892302 242.0 0
1716303892859 243.0 0
1716303893444 244.0 0
1716303894093 245.0 0
1716303895857 246.0 0
1716303896777 247.0 0
1716303897784 248.0 0
1716303898849 249.0 0
1716303899993 250.0 0
1716303907194 251.0 0
1716303907731 252.0 0
1716303908297 253.0 0
1716303908885 254.0 0
1716303909521 255.0 0
1716303910135 256.0 0
1716303910841 257.0 0
1716303911572 258.0 0
1716303912416 259.0 0
1716303913729 260.0 0
1716303920760 261.0 0
1716303921281 262.0 0
1716303921832 263.0 0
1716303922394 264.0 0
1716303922976 265.0 0
1716303923584 266.0 0
1716303924206 267.0 0
1716303924887 268.0 0
1716303925608 269.0 0
1716303926442 270.0 0
1716303932219 271.0 0
1716303932746 272.0 0
1716303933325 273.0 0
1716303933896 274.0 0
1716303934473 275.0 0
1716303935071 276.0 0
1716303935712 277.0 0
1716303936442 278.0 0
1716303937242 279.0 0
1716303938335 280.0 0
1716303944955 281.0 0
1716303945477 282.0 0
1716303945981 283.0 0
1716303946570 284.0 0
1716303947153 285.0 0
1716303947760 286.0 0
1716303948411 287.0 0
1716303949168 288.0 0
1716303950104 289.0 0
1716303951504 290.0 0
1716303958121 291.0 0
1716303958644 292.0 0
1716303959220 293.0 0
1716303959797 294.0 0
1716303960387 295.0 0
1716303960990 296.0 0
1716303961613 297.0 0
1716303962486 298.0 0
1716303963418 299.0 0
1716303964283 300.0 0
1716303971325 301.0 0
1716303971841 302.0 0
1716303972410 303.0 0
1716303972962 304.0 0
1716303973528 305.0 0
1716303974121 306.0 0
1716303974747 307.0 0
1716303975571 308.0 0
1716303976419 309.0 0
1716303977492 310.0 0
1716303984371 311.0 0
1716303984903 312.0 0
1716303985479 313.0 0
1716303986042 314.0 0
1716303986617 315.0 0
1716303987207 316.0 0
1716303987864 317.0 0
1716303988540 318.0 0
1716303989236 319.0 0
1716303989970 320.0 0
1716303997125 321.0 0
1716303997682 322.0 0
1716303998308 323.0 0
1716303998895 324.0 0
1716303999509 325.0 0
1716304000120 326.0 0
1716304000785 327.0 0
1716304001452 328.0 0
1716304002210 329.0 0
1716304002975 330.0 0
1716304010487 331.0 0
1716304010984 332.0 0
1716304011494 333.0 0
1716304012033 334.0 0
1716304012549 335.0 0
1716304013086 336.0 0
1716304013647 337.0 0
1716304014255 338.0 0
1716304014823 339.0 0
1716304015417 340.0 0
1716304021211 341.0 0
1716304021728 342.0 0
1716304022229 343.0 0
1716304022742 344.0 0
1716304023299 345.0 0
1716304023846 346.0 0
1716304024422 347.0 0
1716304025015 348.0 0
1716304025645 349.0 0
1716304026294 350.0 0
1716304031399 351.0 0
1716304031902 352.0 0
1716304032420 353.0 0
1716304032959 354.0 0
1716304033511 355.0 0
1716304034091 356.0 0
1716304034667 357.0 0
1716304035275 358.0 0
1716304035937 359.0 0
1716304036622 360.0 0
1716304042445 361.0 0
1716304042958 362.0 0
1716304043508 363.0 0
1716304044088 364.0 0
1716304044686 365.0 0
1716304045570 366.0 0
1716304046463 367.0 0
1716304047322 368.0 0
1716304048304 369.0 0
1716304049282 370.0 0
1716304056366 371.0 0
1716304056911 372.0 0
1716304057453 373.0 0
1716304057998 374.0 0
1716304058582 375.0 0
1716304059230 376.0 0
1716304059879 377.0 0
1716304060933 378.0 0
1716304061799 379.0 0
1716304062655 380.0 0
1716304070645 381.0 0
1716304071192 382.0 0
1716304071760 383.0 0
1716304072414 384.0 0
1716304073022 385.0 0
1716304073648 386.0 0
1716304074288 387.0 0
1716304075037 388.0 0
1716304075923 389.0 0
1716304077005 390.0 0
1716304084593 391.0 0
1716304085112 392.0 0
1716304085646 393.0 0
1716304086187 394.0 0
1716304086746 395.0 0
1716304087438 396.0 0
1716304088284 397.0 0
1716304089123 398.0 0
1716304090022 399.0 0
1716304091004 400.0 0
1716304097782 401.0 0
1716304098273 402.0 0
1716304098804 403.0 0
1716304099386 404.0 0
1716304100041 405.0 0
1716304100930 406.0 0
1716304101995 407.0 0
1716304103237 408.0 0
1716304104111 409.0 0
1716304105021 410.0 0
1716304112490 411.0 0
1716304113038 412.0 0
1716304113610 413.0 0
1716304114213 414.0 0
1716304114840 415.0 0
1716304115470 416.0 0
1716304116579 417.0 0
1716304117469 418.0 0
1716304118362 419.0 0
1716304119466 420.0 0
1716304125254 421.0 0
1716304125779 422.0 0
1716304126311 423.0 0
1716304126878 424.0 0
1716304127441 425.0 0
1716304128044 426.0 0
1716304128649 427.0 0
1716304129281 428.0 0
1716304129985 429.0 0
1716304130720 430.0 0
1716304137564 431.0 0
1716304138069 432.0 0
1716304138607 433.0 0
1716304139155 434.0 0
1716304139716 435.0 0
1716304140337 436.0 0
1716304140954 437.0 0
1716304141619 438.0 0
1716304142340 439.0 0
1716304143150 440.0 0
1716304149511 441.0 0
1716304150041 442.0 0
1716304150600 443.0 0
1716304151137 444.0 0
1716304151718 445.0 0
1716304152314 446.0 0
1716304152951 447.0 0
1716304153645 448.0 0
1716304154405 449.0 0
1716304155296 450.0 0
1716304161450 451.0 0
1716304161980 452.0 0
1716304162529 453.0 0
1716304163064 454.0 0
1716304163630 455.0 0
1716304164221 456.0 0
1716304164844 457.0 0
1716304165487 458.0 0
1716304166188 459.0 0
1716304166937 460.0 0
1716304172101 461.0 0
1716304172618 462.0 0
1716304173150 463.0 0
1716304173697 464.0 0
1716304174291 465.0 0
1716304174913 466.0 0
1716304175585 467.0 0
1716304176270 468.0 0
1716304176982 469.0 0
1716304177802 470.0 0
1716304183175 471.0 0
1716304183704 472.0 0
1716304184244 473.0 0
1716304184827 474.0 0
1716304185425 475.0 0
1716304186059 476.0 0
1716304186679 477.0 0
1716304187311 478.0 0
1716304188011 479.0 0
1716304188767 480.0 0
1716304195090 481.0 0
1716304195602 482.0 0
1716304196152 483.0 0
1716304196698 484.0 0
1716304197273 485.0 0
1716304197878 486.0 0
1716304198475 487.0 0
1716304199113 488.0 0
1716304199799 489.0 0
1716304200503 490.0 0
1716304206113 491.0 0
1716304206629 492.0 0
1716304207199 493.0 0
1716304207758 494.0 0
1716304208333 495.0 0
1716304208944 496.0 0
1716304209566 497.0 0
1716304210246 498.0 0
1716304210949 499.0 0
1716304211716 500.0 0
1716304218218 501.0 0
1716304218740 502.0 0
1716304219271 503.0 0
1716304219854 504.0 0
1716304220409 505.0 0
1716304220996 506.0 0
1716304221611 507.0 0
1716304222249 508.0 0
1716304222911 509.0 0
1716304223653 510.0 0
1716304229241 511.0 0
1716304229761 512.0 0
1716304230314 513.0 0
1716304230888 514.0 0
1716304231467 515.0 0
1716304232073 516.0 0
1716304232739 517.0 0
1716304233396 518.0 0
1716304234122 519.0 0
1716304234912 520.0 0
1716304241352 521.0 0
1716304241882 522.0 0
1716304242440 523.0 0
1716304243016 524.0 0
1716304243615 525.0 0
1716304244237 526.0 0
1716304245008 527.0 0
1716304245836 528.0 0
1716304246761 529.0 0
1716304247687 530.0 0
1716304255235 531.0 0
1716304255788 532.0 0
1716304256347 533.0 0
1716304256955 534.0 0
1716304257536 535.0 0
1716304258136 536.0 0
1716304258760 537.0 0
1716304259441 538.0 0
1716304260199 539.0 0
1716304261064 540.0 0
1716304268766 541.0 0
1716304269302 542.0 0
1716304269836 543.0 0
1716304270406 544.0 0
1716304270979 545.0 0
1716304271590 546.0 0
1716304272203 547.0 0
1716304272901 548.0 0
1716304273699 549.0 0
1716304274589 550.0 0
1716304282643 551.0 0
1716304283162 552.0 0
1716304283707 553.0 0
1716304284274 554.0 0
1716304284854 555.0 0
1716304285444 556.0 0
1716304286043 557.0 0
1716304286655 558.0 0
1716304287296 559.0 0
1716304287983 560.0 0
1716304293698 561.0 0
1716304294215 562.0 0
1716304294740 563.0 0
1716304295306 564.0 0
1716304295890 565.0 0
1716304296471 566.0 0
1716304297085 567.0 0
1716304297745 568.0 0
1716304298445 569.0 0
1716304299185 570.0 0
1716304304709 571.0 0
1716304305251 572.0 0
1716304305811 573.0 0
1716304306364 574.0 0
1716304306948 575.0 0
1716304307542 576.0 0
1716304308174 577.0 0
1716304308822 578.0 0
1716304309556 579.0 0
1716304310404 580.0 0
1716304316823 581.0 0
1716304317346 582.0 0
1716304317884 583.0 0
1716304318424 584.0 0
1716304319002 585.0 0
1716304319599 586.0 0
1716304320206 587.0 0
1716304320884 588.0 0
1716304321597 589.0 0
1716304322308 590.0 0
1716304328348 591.0 0
1716304328908 592.0 0
1716304329520 593.0 0
1716304330079 594.0 0
1716304330686 595.0 0
1716304331303 596.0 0
1716304331955 597.0 0
1716304332625 598.0 0
1716304333442 599.0 0
1716304334958 600.0 0
1716304342449 601.0 0
1716304343025 602.0 0
1716304343692 603.0 0
1716304344412 604.0 0
1716304345148 605.0 0
1716304345865 606.0 0
1716304346642 607.0 0
1716304347510 608.0 0
1716304348473 609.0 0
1716304349672 610.0 0
1716304356714 611.0 0
1716304357253 612.0 0
1716304357809 613.0 0
1716304358381 614.0 0
1716304358960 615.0 0
1716304359580 616.0 0
1716304360236 617.0 0
1716304360954 618.0 0
1716304361762 619.0 0
1716304362742 620.0 0
1716304369118 621.0 0
1716304369723 622.0 0
1716304370260 623.0 0
1716304370842 624.0 0
1716304371426 625.0 0
1716304372034 626.0 0
1716304372734 627.0 0
1716304373488 628.0 0
1716304374379 629.0 0
1716304375892 630.0 0
1716304382679 631.0 0
1716304383214 632.0 0
1716304383754 633.0 0
1716304384282 634.0 0
1716304384838 635.0 0
1716304385446 636.0 0
1716304386090 637.0 0
1716304386830 638.0 0
1716304387632 639.0 0
1716304388697 640.0 0
1716304394703 641.0 0
1716304395217 642.0 0
1716304395734 643.0 0
1716304396277 644.0 0
1716304396842 645.0 0
1716304397449 646.0 0
1716304398055 647.0 0
1716304398691 648.0 0
1716304399369 649.0 0
1716304400099 650.0 0
1716304405321 651.0 0
1716304405827 652.0 0
1716304406350 653.0 0
1716304406913 654.0 0
1716304407492 655.0 0
1716304408096 656.0 0
1716304408727 657.0 0
1716304409412 658.0 0
1716304410139 659.0 0
1716304410955 660.0 0
1716304417458 661.0 0
1716304417983 662.0 0
1716304418550 663.0 0
1716304419107 664.0 0
1716304419668 665.0 0
1716304420276 666.0 0
1716304420924 667.0 0
1716304421616 668.0 0
1716304422318 669.0 0
1716304423134 670.0 0
1716304428873 671.0 0
1716304429397 672.0 0
1716304429938 673.0 0
1716304430513 674.0 0
1716304431104 675.0 0
1716304431706 676.0 0
1716304432347 677.0 0
1716304433053 678.0 0
1716304433913 679.0 0
1716304434994 680.0 0
1716304440799 681.0 0
1716304441320 682.0 0
1716304441850 683.0 0
1716304442401 684.0 0
1716304442978 685.0 0
1716304443600 686.0 0
1716304444276 687.0 0
1716304444971 688.0 0
1716304445820 689.0 0
1716304446866 690.0 0
1716304454014 691.0 0
1716304454530 692.0 0
1716304455057 693.0 0
1716304455604 694.0 0
1716304456165 695.0 0
1716304456761 696.0 0
1716304457385 697.0 0
1716304458058 698.0 0
1716304458743 699.0 0
1716304459503 700.0 0
1716304466656 701.0 0
1716304467171 702.0 0
1716304467714 703.0 0
1716304468265 704.0 0
1716304468852 705.0 0
1716304469432 706.0 0
1716304470053 707.0 0
1716304470687 708.0 0
1716304471384 709.0 0
1716304472105 710.0 0
1716304478257 711.0 0
1716304478766 712.0 0
1716304479317 713.0 0
1716304479865 714.0 0
1716304480454 715.0 0
1716304481068 716.0 0
1716304481693 717.0 0
1716304482341 718.0 0
1716304483019 719.0 0
1716304483831 720.0 0
1716304489805 721.0 0
1716304490348 722.0 0
1716304490890 723.0 0
1716304491487 724.0 0
1716304492128 725.0 0
1716304492928 726.0 0
1716304493812 727.0 0
1716304494736 728.0 0
1716304495698 729.0 0
1716304496824 730.0 0
1716304503680 731.0 0
1716304504221 732.0 0
1716304504771 733.0 0
1716304505335 734.0 0
1716304505912 735.0 0
1716304506505 736.0 0
1716304507145 737.0 0
1716304507833 738.0 0
1716304508592 739.0 0
1716304509604 740.0 0
1716304516498 741.0 0
1716304517064 742.0 0
1716304517592 743.0 0
1716304518128 744.0 0
1716304518686 745.0 0
1716304519271 746.0 0
1716304519893 747.0 0
1716304520549 748.0 0
1716304521274 749.0 0
1716304522031 750.0 0
1716304527917 751.0 0
1716304528452 752.0 0
1716304529001 753.0 0
1716304529547 754.0 0
1716304530114 755.0 0
1716304530712 756.0 0
1716304531317 757.0 0
1716304531999 758.0 0
1716304532688 759.0 0
1716304533438 760.0 0
1716304540450 761.0 0
1716304541004 762.0 0
1716304541563 763.0 0
1716304542102 764.0 0
1716304542705 765.0 0
1716304543308 766.0 0
1716304543959 767.0 0
1716304544591 768.0 0
1716304545361 769.0 0
1716304546196 770.0 0
1716304553650 771.0 0
1716304554171 772.0 0
1716304554750 773.0 0
1716304555347 774.0 0
1716304555988 775.0 0
1716304556670 776.0 0
1716304557381 777.0 0
1716304558188 778.0 0
1716304559221 779.0 0
1716304560742 780.0 0
1716304567396 781.0 0
1716304567923 782.0 0
1716304568468 783.0 0
1716304569030 784.0 0
1716304569609 785.0 0
1716304570224 786.0 0
1716304570880 787.0 0
1716304571587 788.0 0
1716304572364 789.0 0
1716304573275 790.0 0
1716304580722 791.0 0
1716304581281 792.0 0
1716304581825 793.0 0
1716304582379 794.0 0
1716304582969 795.0 0
1716304583588 796.0 0
1716304584267 797.0 0
1716304585565 798.0 0
1716304586524 799.0 0
1716304587383 800.0 0
1716304594663 801.0 0
1716304595202 802.0 0
1716304595720 803.0 0
1716304596268 804.0 0
1716304596887 805.0 0
1716304598088 806.0 0
1716304599000 807.0 0
1716304599750 808.0 0
1716304600620 809.0 0
1716304601595 810.0 0
1716304608301 811.0 0
1716304608800 812.0 0
1716304609328 813.0 0
1716304609897 814.0 0
1716304610499 815.0 0
1716304611085 816.0 0
1716304611787 817.0 0
1716304612495 818.0 0
1716304613275 819.0 0
1716304614261 820.0 0
1716304621750 821.0 0
1716304622247 822.0 0
1716304622774 823.0 0
1716304623329 824.0 0
1716304623908 825.0 0
1716304624506 826.0 0
1716304625125 827.0 0
1716304625810 828.0 0
1716304626601 829.0 0
1716304627443 830.0 0
1716304634204 831.0 0
1716304634720 832.0 0
1716304635250 833.0 0
1716304635846 834.0 0
1716304636446 835.0 0
1716304637078 836.0 0
1716304637740 837.0 0
1716304638452 838.0 0
1716304639280 839.0 0
1716304640638 840.0 0
1716304646946 841.0 0
1716304647466 842.0 0
1716304648004 843.0 0
1716304648568 844.0 0
1716304649156 845.0 0
1716304649755 846.0 0
1716304650410 847.0 0
1716304651117 848.0 0
1716304651911 849.0 0
1716304652882 850.0 0
1716304659052 851.0 0
1716304659564 852.0 0
1716304660105 853.0 0
1716304660668 854.0 0
1716304661233 855.0 0
1716304661837 856.0 0
1716304662485 857.0 0
1716304663188 858.0 0
1716304664023 859.0 0
1716304665125 860.0 0
1716304672714 861.0 0
1716304673255 862.0 0
1716304673792 863.0 0
1716304674339 864.0 0
1716304674895 865.0 0
1716304675468 866.0 0
1716304676091 867.0 0
1716304676762 868.0 0
1716304677533 869.0 0
1716304678509 870.0 0
1716304685465 871.0 0
1716304686087 872.0 0
1716304686665 873.0 0
1716304687244 874.0 0
1716304687902 875.0 0
1716304688737 876.0 0
1716304689566 877.0 0
1716304690696 878.0 0
1716304692367 879.0 0
1716304693557 880.0 0
1716304702397 881.0 0
1716304702959 882.0 0
1716304703535 883.0 0
1716304704122 884.0 0
1716304704713 885.0 0
1716304705348 886.0 0
1716304706032 887.0 0
1716304706824 888.0 0
1716304707969 889.0 0
1716304709998 890.0 0
1716304717623 891.0 0
1716304718207 892.0 0
1716304718798 893.0 0
1716304719396 894.0 0
1716304720046 895.0 0
1716304720885 896.0 0
1716304722124 897.0 0
