1716303642631 8.163426399230957 0
1716303643320 7.555298328399658 0
1716303643944 7.234410285949707 0
1716303644510 6.908746719360352 0
1716303645057 6.729251384735107 0
1716303645586 6.537833213806152 0
1716303646121 6.393266677856445 0
1716303646645 6.291648864746094 0
1716303647213 6.210464954376221 0
1716303647805 6.12964391708374 0
1716303653616 6.056188583374023 0
1716303654155 5.993249893188477 0
1716303654675 5.9327192306518555 0
1716303655280 5.865781307220459 0
1716303655853 5.79304313659668 0
1716303656387 5.718100547790527 0
1716303656971 5.643460273742676 0
1716303657566 5.566885948181152 0
1716303658128 5.483258247375488 0
1716303658708 5.388604640960693 0
1716303664295 5.275793075561523 0
1716303664838 5.147698879241943 0
1716303665387 4.991504669189453 0
1716303665915 4.866469383239746 0
1716303666472 4.745666027069092 0
1716303667014 4.589381694793701 0
1716303667550 4.394752025604248 0
1716303668087 4.258898735046387 0
1716303668654 4.145169734954834 0
1716303669175 4.023819446563721 0
1716303673856 3.904301643371582 0
1716303674383 3.803438425064087 0
1716303674915 3.719367265701294 0
1716303675470 3.642862558364868 0
1716303675990 3.5759165287017822 0
1716303676513 3.5134034156799316 0
1716303677043 3.4565255641937256 0
1716303677564 3.4037182331085205 0
1716303678083 3.3613946437835693 0
1716303678611 3.303743600845337 0
1716303683320 3.2512152194976807 0
1716303683860 3.1916284561157227 0
1716303684395 3.1418826580047607 0
1716303684899 3.095411777496338 0
1716303685412 3.0457754135131836 0
1716303685926 2.9969308376312256 0
1716303686439 2.958911895751953 0
1716303686960 2.909213066101074 0
1716303687471 2.9010839462280273 0
1716303687978 2.8787355422973633 0
1716303691875 2.8597848415374756 0
1716303692395 2.7892022132873535 0
1716303692919 2.7779998779296875 0
1716303693466 2.78047776222229 0
1716303694011 2.734076738357544 0
1716303694538 2.7208573818206787 0
1716303695065 2.685366630554199 0
1716303695598 2.652137279510498 0
1716303696101 2.6196470260620117 0
1716303696626 2.5853798389434814 0
1716303700470 2.551759958267212 0
1716303700999 2.514415740966797 0
1716303701525 2.491971492767334 0
1716303702056 2.4596171379089355 0
1716303702586 2.4410176277160645 0
1716303703107 2.4147820472717285 0
1716303703660 2.3910162448883057 0
1716303704175 2.366631269454956 0
1716303704715 2.3326869010925293 0
1716303705242 2.3223235607147217 0
1716303709496 2.293210506439209 0
1716303710001 2.27059006690979 0
1716303710555 2.2581329345703125 0
1716303711099 2.231839895248413 0
1716303711616 2.2096874713897705 0
1716303712133 2.190361976623535 0
1716303712658 2.172778606414795 0
1716303713185 2.1463887691497803 0
1716303713703 2.1369705200195312 0
1716303714226 2.1160130500793457 0
1716303718045 2.0951995849609375 0
1716303718556 2.0831005573272705 0
1716303719084 2.0610525608062744 0
1716303719635 2.044604778289795 0
1716303720175 2.0317587852478027 0
1716303720697 2.012234687805176 0
1716303721238 2.002553701400757 0
1716303721776 2.002920150756836 0
1716303722287 1.997125506401062 0
1716303722837 1.9573938846588135 0
1716303727741 1.954896330833435 0
1716303728273 1.9319133758544922 0
1716303728792 1.9030438661575317 0
1716303729385 1.8982141017913818 0
1716303729971 1.911462426185608 0
1716303730503 1.9254320859909058 0
1716303731050 1.8936741352081299 0
1716303731582 1.870536208152771 0
1716303732189 1.8993253707885742 0
1716303732834 1.956763505935669 0
1716303737788 1.949697732925415 0
1716303738350 1.9189049005508423 0
1716303738906 1.908958077430725 0
1716303739475 1.869404673576355 0
1716303740017 1.8714888095855713 0
1716303740593 1.835966944694519 0
1716303741161 1.8320953845977783 0
1716303741729 1.8127168416976929 0
1716303742251 1.7837375402450562 0
1716303742805 1.7853105068206787 0
1716303747556 1.7607966661453247 0
1716303748065 1.7410035133361816 0
1716303748606 1.7297950983047485 0
1716303749132 1.7118877172470093 0
1716303749661 1.7014700174331665 0
1716303750180 1.6814448833465576 0
1716303750775 1.6726094484329224 0
1716303751327 1.6577560901641846 0
1716303751845 1.6611775159835815 0
1716303752368 1.6831499338150024 0
1716303757262 1.7193679809570312 0
1716303757866 1.656590461730957 0
1716303758369 1.6510037183761597 0
1716303758904 1.6734148263931274 0
1716303759416 1.6816089153289795 0
1716303759942 1.6516599655151367 0
1716303760466 1.6428022384643555 0
1716303760985 1.6335529088974 0
1716303761509 1.6105645895004272 0
1716303762017 1.6334747076034546 0
1716303766040 1.6311943531036377 0
1716303766557 1.6029319763183594 0
1716303767086 1.6599268913269043 0
1716303767624 1.6241943836212158 0
1716303768165 1.5989296436309814 0
1716303768689 1.588380217552185 0
1716303769219 1.5922377109527588 0
1716303769737 1.5616329908370972 0
1716303770280 1.5859800577163696 0
1716303770831 1.5385911464691162 0
1716303775522 1.5327588319778442 0
1716303776046 1.516450047492981 0
1716303776585 1.5157513618469238 0
1716303777131 1.5075618028640747 0
1716303777652 1.4807462692260742 0
1716303778170 1.4862829446792603 0
1716303778684 1.4682629108428955 0
1716303779195 1.4515650272369385 0
1716303779706 1.4469307661056519 0
1716303780235 1.4391850233078003 0
1716303784096 1.428247332572937 0
1716303784644 1.4199224710464478 0
1716303785188 1.4089243412017822 0
1716303785730 1.4146610498428345 0
1716303786264 1.4132133722305298 0
1716303786774 1.4659984111785889 0
1716303787298 1.3839280605316162 0
1716303787857 1.4169529676437378 0
1716303788394 1.4394863843917847 0
1716303788897 1.4021172523498535 0
1716303793446 1.3830522298812866 0
1716303793968 1.367798924446106 0
1716303794525 1.3647527694702148 0
1716303795079 1.3559596538543701 0
1716303795620 1.3521645069122314 0
1716303796178 1.3427062034606934 0
1716303796738 1.32208251953125 0
1716303797287 1.3211017847061157 0
1716303797825 1.3080698251724243 0
1716303798382 1.3320391178131104 0
1716303802941 1.3657383918762207 0
1716303803472 1.381744384765625 0
1716303804005 1.4811879396438599 0
1716303804549 1.4229084253311157 0
1716303805073 1.4030085802078247 0
1716303805626 1.3675334453582764 0
1716303806179 1.3555666208267212 0
1716303806723 1.452052116394043 0
1716303807269 1.433402180671692 0
1716303807817 1.4418853521347046 0
1716303812636 1.4200729131698608 0
1716303813197 1.3822290897369385 0
1716303813718 1.3807584047317505 0
1716303814270 1.3803082704544067 0
1716303814828 1.3776742219924927 0
1716303815383 1.3576613664627075 0
1716303815958 1.3344969749450684 0
1716303816494 1.328281283378601 0
1716303817064 1.3160574436187744 0
1716303817645 1.3037724494934082 0
1716303823990 1.2838964462280273 0
1716303824550 1.2712996006011963 0
1716303825088 1.265735149383545 0
1716303825854 1.2529911994934082 0
1716303826516 1.2417562007904053 0
1716303827053 1.2313003540039062 0
1716303827647 1.2282978296279907 0
1716303828251 1.2212631702423096 0
1716303828879 1.232864499092102 0
1716303829584 1.2377063035964966 0
1716303837843 1.2322643995285034 0
1716303838381 1.1949007511138916 0
1716303838916 1.1971533298492432 0
1716303839486 1.2573456764221191 0
1716303840051 1.1791667938232422 0
1716303840668 1.2156040668487549 0
1716303841334 1.2460074424743652 0
1716303841988 1.2222903966903687 0
1716303842702 1.2028464078903198 0
1716303843464 1.2159273624420166 0
1716303850644 1.1991523504257202 0
1716303851216 1.2264422178268433 0
1716303851750 1.1593865156173706 0
1716303852318 1.2198883295059204 0
1716303852933 1.1656454801559448 0
1716303853575 1.1941139698028564 0
1716303854289 1.1420021057128906 0
1716303855145 1.1768310070037842 0
1716303856475 1.155106544494629 0
1716303858203 1.1613898277282715 0
1716303864083 1.148492693901062 0
1716303864633 1.1544486284255981 0
1716303865168 1.174025297164917 0
1716303865761 1.1457457542419434 0
1716303866378 1.1489534378051758 0
1716303867013 1.1451470851898193 0
1716303867681 1.1331018209457397 0
1716303868450 1.1141499280929565 0
1716303869420 1.1564337015151978 0
1716303870926 1.1288540363311768 0
1716303877290 1.098783254623413 0
1716303877836 1.1212760210037231 0
1716303878423 1.119793176651001 0
1716303879033 1.1198933124542236 0
1716303879643 1.102203130722046 0
1716303880307 1.1372359991073608 0
1716303881023 1.0894057750701904 0
1716303882036 1.1435271501541138 0
1716303884386 1.1185014247894287 0
1716303885752 1.1505160331726074 0
1716303891725 1.81412935256958 0
1716303892287 1.779297113418579 0
1716303892838 1.763671636581421 0
1716303893433 1.8171875476837158 0
1716303894075 1.7756975889205933 0
1716303895780 1.5249208211898804 0
1716303896762 1.5740679502487183 0
1716303897723 1.5999035835266113 0
1716303898800 1.5562329292297363 0
1716303899935 1.4929907321929932 0
1716303907179 1.465472936630249 0
1716303907717 1.463735818862915 0
1716303908278 1.4275760650634766 0
1716303908873 1.4086430072784424 0
1716303909488 1.3676280975341797 0
1716303910124 1.3368324041366577 0
1716303910826 1.3226304054260254 0
1716303911557 1.325859785079956 0
1716303912400 1.3107465505599976 0
1716303913711 1.2882015705108643 0
1716303920751 1.2760664224624634 0
1716303921261 1.2619718313217163 0
1716303921817 1.2431522607803345 0
1716303922371 1.2224314212799072 0
1716303922960 1.2097924947738647 0
1716303923565 1.1986639499664307 0
1716303924194 1.1909892559051514 0
1716303924872 1.1844128370285034 0
1716303925596 1.1731162071228027 0
1716303926427 1.1630661487579346 0
1716303932202 1.1522483825683594 0
1716303932724 1.143540382385254 0
1716303933303 1.1353472471237183 0
1716303933884 1.1297049522399902 0
1716303934461 1.1189558506011963 0
1716303935056 1.1115740537643433 0
1716303935698 1.1025888919830322 0
1716303936417 1.096369743347168 0
1716303937229 1.089808702468872 0
1716303938316 1.0846303701400757 0
1716303944925 1.0795223712921143 0
1716303945463 1.0737724304199219 0
1716303945973 1.068143367767334 0
1716303946527 1.0610392093658447 0
1716303947135 1.0563501119613647 0
1716303947742 1.0529091358184814 0
1716303948398 1.045984148979187 0
1716303949146 1.0432875156402588 0
1716303950087 1.0422147512435913 0
1716303951492 1.0337333679199219 0
1716303958093 1.0354421138763428 0
1716303958631 1.0338902473449707 0
1716303959198 1.0262774229049683 0
1716303959761 1.0232386589050293 0
1716303960378 1.0154330730438232 0
1716303960970 1.0229182243347168 0
1716303961595 1.0521087646484375 0
1716303962428 1.0312646627426147 0
1716303963374 1.022538185119629 0
1716303964267 1.0026131868362427 0
1716303971306 1.0046982765197754 0
1716303971831 1.0007609128952026 0
1716303972382 1.0109554529190063 0
1716303972937 0.9976305365562439 0
1716303973505 0.993720531463623 0
1716303974111 0.9984962344169617 0
1716303974730 0.9920267462730408 0
1716303975549 0.9891539812088013 0
1716303976401 0.9925736784934998 0
1716303977452 0.9861969947814941 0
1716303984346 0.9832333922386169 0
1716303984878 0.9647289514541626 0
1716303985454 0.986190915107727 0
1716303986029 0.9887964129447937 0
1716303986605 1.0586881637573242 0
1716303987186 1.1101168394088745 0
1716303987815 1.015446424484253 0
1716303988525 1.1887094974517822 0
1716303989221 1.0163313150405884 0
1716303989956 1.1677757501602173 0
1716303997108 1.0293447971343994 0
1716303997651 1.1357645988464355 0
1716303998260 1.1028656959533691 0
1716303998875 1.0253151655197144 0
1716303999492 1.0873810052871704 0
1716304000105 1.03238844871521 0
1716304000737 1.0122045278549194 0
1716304001426 1.0476558208465576 0
1716304002171 1.003523826599121 0
1716304002957 1.0019341707229614 0
1716304010466 0.9682817459106445 0
1716304010973 0.985937237739563 0
1716304011479 0.96455317735672 0
1716304012016 0.9633577466011047 0
1716304012535 0.9453268647193909 0
1716304013074 0.949021577835083 0
1716304013635 0.9462999105453491 0
1716304014241 0.9331436157226562 0
1716304014813 0.9288918972015381 0
1716304015410 0.9236406683921814 0
1716304021196 0.9166814088821411 0
1716304021712 0.9171777367591858 0
1716304022220 0.9135239720344543 0
1716304022728 0.9082968235015869 0
1716304023288 0.9029784798622131 0
1716304023835 0.8962454795837402 0
1716304024409 0.895033597946167 0
1716304025001 0.8971353769302368 0
1716304025629 0.8901616930961609 0
1716304026281 0.8823734521865845 0
1716304031375 0.876334547996521 0
1716304031888 0.8751992583274841 0
1716304032404 0.8774463534355164 0
1716304032948 0.8839534521102905 0
1716304033502 0.9205625653266907 0
1716304034079 0.9962328672409058 0
1716304034658 0.8989061117172241 0
1716304035262 1.1251169443130493 0
1716304035887 0.9349637031555176 0
1716304036603 1.1826940774917603 0
1716304042424 1.0492966175079346 0
1716304042947 1.245786190032959 0
1716304043491 1.1132268905639648 0
1716304044075 1.0666146278381348 0
1716304044665 1.1015949249267578 0
1716304045543 1.0478163957595825 0
1716304046426 1.055365800857544 0
1716304047270 1.0641151666641235 0
1716304048286 1.0046393871307373 0
1716304049239 0.9907875061035156 0
1716304056335 0.9913532137870789 0
1716304056881 0.9776473045349121 0
1716304057435 1.1543067693710327 0
1716304057991 1.0787197351455688 0
1716304058560 1.0927411317825317 0
1716304059193 0.9594617486000061 0
1716304059854 1.0227609872817993 0
1716304060874 1.0707656145095825 0
1716304061780 1.0093998908996582 0
1716304062631 1.0493870973587036 0
1716304070613 0.9674649238586426 0
1716304071183 1.0001347064971924 0
1716304071740 0.9593629837036133 0
1716304072344 0.9458857774734497 0
1716304072986 0.9694775342941284 0
1716304073635 0.9194625616073608 0
1716304074267 0.9455787539482117 0
1716304075016 0.9061279296875 0
1716304075881 0.9285439848899841 0
1716304076946 0.8887041807174683 0
1716304084568 0.8871594071388245 0
1716304085100 0.8792545795440674 0
1716304085638 0.8852866888046265 0
1716304086170 0.8695296049118042 0
1716304086733 0.8704537153244019 0
1716304087417 0.8627538681030273 0
1716304088257 0.8520303964614868 0
1716304089100 0.8554380536079407 0
1716304089989 0.8422444462776184 0
1716304090986 0.837303102016449 0
1716304097765 0.8400111198425293 0
1716304098265 0.8374934196472168 0
1716304098792 0.8306583762168884 0
1716304099348 0.821650505065918 0
1716304100011 0.822691798210144 0
1716304100899 0.8212031722068787 0
1716304101930 0.8137024641036987 0
1716304103192 0.8119063377380371 0
1716304104084 0.805365800857544 0
1716304104972 0.8052915334701538 0
1716304112462 0.8082467913627625 0
1716304113024 0.8187426924705505 0
1716304113589 0.83982253074646 0
1716304114200 0.8240525126457214 0
1716304114804 0.8130894303321838 0
1716304115451 0.7912265062332153 0
1716304116517 0.7900861501693726 0
1716304117447 0.8074178695678711 0
1716304118350 0.808404803276062 0
1716304119449 0.8056243658065796 0
1716304125229 0.7900575399398804 0
1716304125765 0.7797970771789551 0
1716304126291 0.7864350080490112 0
1716304126863 0.8032088279724121 0
1716304127421 0.8224437236785889 0
1716304128031 0.7774749398231506 0
1716304128637 0.7737551927566528 0
1716304129267 0.7929505705833435 0
1716304129968 0.7812981605529785 0
1716304130705 0.7675212621688843 0
1716304137543 0.7650644183158875 0
1716304138056 0.7661962509155273 0
1716304138587 0.7704693675041199 0
1716304139141 0.7803348898887634 0
1716304139703 0.8205781579017639 0
1716304140307 0.8076920509338379 0
1716304140932 0.8353147506713867 0
1716304141601 0.7963548302650452 0
1716304142328 0.819814920425415 0
1716304143129 0.8885523080825806 0
1716304149490 0.7940020561218262 0
1716304150019 0.9659183025360107 0
1716304150585 0.8452657461166382 0
1716304151124 0.8515405654907227 0
1716304151706 0.8500317335128784 0
1716304152302 0.8524317145347595 0
1716304152936 0.8361884355545044 0
1716304153629 0.8339477777481079 0
1716304154390 0.7939466238021851 0
1716304155278 0.8305463194847107 0
1716304161431 0.8037931323051453 0
1716304161960 0.7959727644920349 0
1716304162518 0.7770505547523499 0
1716304163053 0.8143746256828308 0
1716304163617 0.8653616905212402 0
1716304164207 0.7942372560501099 0
1716304164826 0.8788170218467712 0
1716304165472 0.891943633556366 0
1716304166177 0.8592010736465454 0
1716304166922 0.8779264688491821 0
1716304172071 0.895100474357605 0
1716304172604 0.8915948867797852 0
1716304173138 0.8455182313919067 0
1716304173679 0.8631224632263184 0
1716304174273 0.8482040166854858 0
1716304174895 0.8309270739555359 0
1716304175558 0.8175556659698486 0
1716304176256 0.7992446422576904 0
1716304176966 0.8108211159706116 0
1716304177789 0.7868238687515259 0
1716304183155 0.8000050187110901 0
1716304183688 0.7794145345687866 0
1716304184228 0.7792052626609802 0
1716304184787 0.7631000280380249 0
1716304185410 0.768245279788971 0
1716304186026 0.7707735300064087 0
1716304186668 0.761162281036377 0
1716304187299 0.7550637125968933 0
1716304188000 0.7474309206008911 0
1716304188744 0.7452248930931091 0
1716304195078 0.7411991953849792 0
1716304195585 0.735120952129364 0
1716304196138 0.738589882850647 0
1716304196683 0.7588251829147339 0
1716304197260 0.8632285594940186 0
1716304197865 0.7511176466941833 0
1716304198463 0.7372143268585205 0
1716304199087 0.763022243976593 0
1716304199785 0.7312859892845154 0
1716304200492 0.7310434579849243 0
1716304206090 0.7540749311447144 0
1716304206617 0.7492609620094299 0
1716304207183 0.7334858179092407 0
1716304207742 0.7195873856544495 0
1716304208320 0.7362332344055176 0
1716304208923 0.7453309297561646 0
1716304209556 0.7190691232681274 0
1716304210225 0.7148711681365967 0
1716304210937 0.7275793552398682 0
1716304211700 0.7276699542999268 0
1716304218202 0.726473331451416 0
1716304218724 0.7077290415763855 0
1716304219260 0.7044692635536194 0
1716304219845 0.7082929611206055 0
1716304220398 0.7042099833488464 0
1716304220985 0.7003196477890015 0
1716304221597 0.6965750455856323 0
1716304222233 0.6962664723396301 0
1716304222899 0.6980280876159668 0
1716304223637 0.7011705636978149 0
1716304229225 0.7077286839485168 0
1716304229742 0.7439327239990234 0
1716304230296 0.8812042474746704 0
1716304230876 0.7123509645462036 0
1716304231454 0.7885208129882812 0
1716304232063 0.9207698106765747 0
1716304232706 0.8650743961334229 0
1716304233384 0.8200169801712036 0
1716304234108 0.8758408427238464 0
1716304234897 1.1087292432785034 0
1716304241325 1.338363528251648 0
1716304241871 1.1255502700805664 0
1716304242428 1.265002727508545 0
1716304243001 1.1355665922164917 0
1716304243598 1.2808459997177124 0
1716304244223 1.3298920392990112 0
1716304244884 1.195796251296997 0
1716304245712 1.3781901597976685 0
1716304246574 1.229296088218689 0
1716304247657 1.2126470804214478 0
1716304255202 1.2317724227905273 0
1716304255769 1.1919492483139038 0
1716304256336 1.1145647764205933 0
1716304256926 1.069641351699829 0
1716304257522 1.159800410270691 0
1716304258120 1.0305027961730957 0
1716304258740 1.0108283758163452 0
1716304259426 1.0107847452163696 0
1716304260184 1.014854073524475 0
1716304261043 0.9727696180343628 0
1716304268752 0.939556896686554 0
1716304269283 0.9533796906471252 0
1716304269825 0.8999994993209839 0
1716304270391 0.9119117259979248 0
1716304270964 0.8802154064178467 0
1716304271580 0.8625150918960571 0
1716304272188 0.849384069442749 0
1716304272883 0.8430882096290588 0
1716304273675 0.8427440524101257 0
1716304274553 0.8172534704208374 0
1716304282632 0.8295434713363647 0
1716304283142 0.7991816401481628 0
1716304283696 0.8052949905395508 0
1716304284263 0.786970853805542 0
1716304284833 0.7777251601219177 0
1716304285431 0.7788493633270264 0
1716304286027 0.7625356912612915 0
1716304286642 0.7674253582954407 0
1716304287284 0.7508136034011841 0
1716304287970 0.7549672722816467 0
1716304293672 0.7465646862983704 0
1716304294202 0.7424435615539551 0
1716304294720 0.7412652969360352 0
1716304295293 0.730292797088623 0
1716304295878 0.7315770387649536 0
1716304296458 0.7259422540664673 0
1716304297071 0.7218267917633057 0
1716304297730 0.722019612789154 0
1716304298425 0.7154415845870972 0
1716304299166 0.712490975856781 0
1716304304691 0.7127406597137451 0
1716304305219 0.7080544233322144 0
1716304305799 0.7029720544815063 0
1716304306342 0.7020414471626282 0
1716304306928 0.701736330986023 0
1716304307531 0.6999657154083252 0
1716304308157 0.6961500644683838 0
1716304308793 0.6931664943695068 0
1716304309530 0.6911418437957764 0
1716304310390 0.690200924873352 0
1716304316805 0.6897860765457153 0
1716304317327 0.6912052035331726 0
1716304317872 0.6965791583061218 0
1716304318410 0.7092198133468628 0
1716304318990 0.7221817970275879 0
1716304319588 0.7197979688644409 0
1716304320195 0.6972079277038574 0
1716304320864 0.6822693943977356 0
1716304321583 0.7035793662071228 0
1716304322298 0.711950421333313 0
1716304328328 0.6842586994171143 0
1716304328895 0.6817142963409424 0
1716304329491 0.6953423023223877 0
1716304330064 0.6769758462905884 0
1716304330671 0.6806552410125732 0
1716304331288 0.6945222020149231 0
1716304331941 0.6743794679641724 0
1716304332610 0.6773500442504883 0
1716304333414 0.6891400218009949 0
1716304334917 0.6692066788673401 0
1716304342423 0.675632894039154 0
1716304343005 0.7012975811958313 0
1716304343632 0.6864916086196899 0
1716304344375 0.6686220765113831 0
1716304345108 0.6725203990936279 0
1716304345849 0.6762529015541077 0
1716304346618 0.667401909828186 0
1716304347487 0.6637519001960754 0
1716304348446 0.6670240163803101 0
1716304349652 0.669842541217804 0
1716304356698 0.6633358001708984 0
1716304357242 0.6576864719390869 0
1716304357790 0.6614048480987549 0
1716304358365 0.6620346307754517 0
1716304358948 0.6629625558853149 0
1716304359565 0.6614561676979065 0
1716304360224 0.6566380262374878 0
1716304360941 0.6524569988250732 0
1716304361746 0.649694561958313 0
1716304362730 0.6485744714736938 0
1716304369088 0.6494691371917725 0
1716304369699 0.6542950868606567 0
1716304370249 0.6708090305328369 0
1716304370824 0.7330090403556824 0
1716304371413 0.8445319533348083 0
1716304372018 0.6760254502296448 0
1716304372696 0.7382587790489197 0
1716304373469 0.7294080257415771 0
1716304374366 0.6937914490699768 0
1716304375870 0.7443380355834961 0
1716304382660 0.6768210530281067 0
1716304383193 0.7226784229278564 0
1716304383741 0.6851505637168884 0
1716304384267 0.6942911744117737 0
1716304384825 0.6904739737510681 0
1716304385432 0.6726634502410889 0
1716304386078 0.7967352867126465 0
1716304386808 1.533292293548584 0
1716304387612 1.9131677150726318 0
1716304388662 1.5452992916107178 0
1716304394687 1.8304914236068726 0
1716304395204 1.8014161586761475 0
1716304395722 1.855787992477417 0
1716304396261 1.7343769073486328 0
1716304396827 1.6319763660430908 0
1716304397432 1.6028035879135132 0
1716304398044 1.6121617555618286 0
1716304398678 1.5363565683364868 0
1716304399358 1.4323642253875732 0
1716304400087 1.4077332019805908 0
1716304405311 1.373628854751587 0
1716304405816 1.3455421924591064 0
1716304406339 1.2785148620605469 0
1716304406900 1.2318066358566284 0
1716304407480 1.2066941261291504 0
1716304408083 1.1778044700622559 0
1716304408714 1.1385926008224487 0
1716304409400 1.1049516201019287 0
1716304410126 1.0787711143493652 0
1716304410938 1.061413288116455 0
1716304417443 1.0349925756454468 0
1716304417964 1.0089590549468994 0
1716304418538 0.9881342649459839 0
1716304419096 0.962472677230835 0
1716304419654 0.9386656284332275 0
1716304420262 0.925096333026886 0
1716304420905 0.9116825461387634 0
1716304421605 0.8979671597480774 0
1716304422307 0.8850734233856201 0
1716304423115 0.87188720703125 0
1716304428855 0.858033299446106 0
1716304429387 0.8483657836914062 0
1716304429927 0.8382168412208557 0
1716304430479 0.8279352188110352 0
1716304431093 0.8206426501274109 0
1716304431687 0.8137205243110657 0
1716304432336 0.8056745529174805 0
1716304433039 0.7991339564323425 0
1716304433898 0.7930777668952942 0
1716304434978 0.7854459285736084 0
1716304440773 0.7789579033851624 0
1716304441308 0.7742521166801453 0
1716304441836 0.7687656879425049 0
1716304442387 0.7639358043670654 0
1716304442965 0.7592710256576538 0
1716304443563 0.7545625567436218 0
1716304444238 0.7507237195968628 0
1716304444947 0.7469063401222229 0
1716304445802 0.7433223724365234 0
1716304446832 0.7400374412536621 0
1716304454003 0.7361584901809692 0
1716304454512 0.7328621745109558 0
1716304455038 0.729592502117157 0
1716304455591 0.7264987230300903 0
1716304456154 0.7238806486129761 0
1716304456754 0.7209275960922241 0
1716304457371 0.7183539271354675 0
1716304458039 0.7158538103103638 0
1716304458728 0.7135593295097351 0
1716304459482 0.7114350199699402 0
1716304466642 0.7091164588928223 0
1716304467145 0.7071410417556763 0
1716304467699 0.7050611972808838 0
1716304468239 0.7031843662261963 0
1716304468838 0.7011539340019226 0
1716304469419 0.699195146560669 0
1716304470037 0.6973681449890137 0
1716304470675 0.695595920085907 0
1716304471371 0.6938202381134033 0
1716304472092 0.6921433210372925 0
1716304478232 0.6904458999633789 0
1716304478753 0.6888324022293091 0
1716304479301 0.6872450113296509 0
1716304479851 0.6856411695480347 0
1716304480439 0.684098482131958 0
1716304481049 0.6825953125953674 0
1716304481680 0.6810486912727356 0
1716304482331 0.6795998215675354 0
1716304483004 0.6781071424484253 0
1716304483813 0.6766787767410278 0
1716304489778 0.6753072738647461 0
1716304490333 0.6738860011100769 0
1716304490875 0.6725428104400635 0
1716304491454 0.6711791157722473 0
1716304492111 0.6699112057685852 0
1716304492875 0.668526828289032 0
1716304493787 0.6673560738563538 0
1716304494699 0.6660597920417786 0
1716304495685 0.6648541688919067 0
1716304496805 0.6636499166488647 0
1716304503657 0.6624270081520081 0
1716304504200 0.6613063216209412 0
1716304504756 0.6601316332817078 0
1716304505315 0.6590179204940796 0
1716304505901 0.6578607559204102 0
1716304506493 0.6567686796188354 0
1716304507126 0.6556539535522461 0
1716304507820 0.6545878648757935 0
1716304508570 0.6535143256187439 0
1716304509575 0.6524882316589355 0
1716304516484 0.6514461040496826 0
1716304517032 0.6504177451133728 0
1716304517581 0.6494532823562622 0
1716304518115 0.6484262943267822 0
1716304518674 0.6474800705909729 0
1716304519259 0.6465175747871399 0
1716304519878 0.6455350518226624 0
1716304520534 0.6446290016174316 0
1716304521263 0.6436874866485596 0
1716304522018 0.6427604556083679 0
1716304527890 0.6418904066085815 0
1716304528431 0.6409527063369751 0
1716304528988 0.640128493309021 0
1716304529536 0.6392093896865845 0
1716304530101 0.6383845806121826 0
1716304530701 0.6374944448471069 0
1716304531303 0.6366804242134094 0
1716304531991 0.6358153223991394 0
1716304532671 0.6350274682044983 0
1716304533417 0.6341875791549683 0
1716304540364 0.6333840489387512 0
1716304540990 0.632581889629364 0
1716304541550 0.6317856311798096 0
1716304542091 0.6310020685195923 0
1716304542690 0.630239725112915 0
1716304543289 0.6294659972190857 0
1716304543945 0.6287423372268677 0
1716304544582 0.6280156373977661 0
1716304545332 0.6274304986000061 0
1716304546175 0.6269871592521667 0
1716304553632 0.6303603053092957 0
1716304554164 0.6332831978797913 0
1716304554734 0.665817141532898 0
1716304555313 0.6857750415802002 0
1716304555953 0.7203207612037659 0
1716304556631 0.7835937738418579 0
1716304557358 1.1999564170837402 0
1716304558164 1.3974729776382446 0
1716304559200 1.4367027282714844 0
1716304560729 1.327622652053833 0
1716304567299 1.3206813335418701 0
1716304567912 1.2883390188217163 0
1716304568451 1.1658391952514648 0
1716304569018 1.1917957067489624 0
1716304569598 1.1148127317428589 0
1716304570210 1.0779600143432617 0
1716304570866 1.068580150604248 0
1716304571572 1.0161683559417725 0
1716304572350 1.0146894454956055 0
1716304573251 0.9854654669761658 0
1716304580697 0.9653291702270508 0
1716304581270 0.939254105091095 0
1716304581814 0.9099043011665344 0
1716304582367 0.8940434455871582 0
1716304582950 0.8727990388870239 0
1716304583575 0.8596415519714355 0
1716304584239 0.8483689427375793 0
1716304585506 0.8316656947135925 0
1716304586492 0.8184855580329895 0
1716304587369 0.8072248101234436 0
1716304594638 0.79604172706604 0
1716304595186 0.7873708605766296 0
1716304595712 0.7764301896095276 0
1716304596256 0.767303466796875 0
1716304596858 0.7599622011184692 0
1716304597986 0.7479268312454224 0
1716304598974 0.7396937608718872 0
1716304599731 0.7356276512145996 0
1716304600606 0.7277354001998901 0
1716304601580 0.7222772240638733 0
1716304608290 0.7158213257789612 0
1716304608788 0.7079795598983765 0
1716304609317 0.7026859521865845 0
1716304609871 0.6973947286605835 0
1716304610486 0.6908628940582275 0
1716304611067 0.6862514019012451 0
1716304611745 0.6819762587547302 0
1716304612480 0.6768057346343994 0
1716304613257 0.6724826097488403 0
1716304614207 0.6687107682228088 0
1716304621740 0.6646448373794556 0
1716304622233 0.6608744263648987 0
1716304622756 0.6570808291435242 0
1716304623315 0.653201162815094 0
1716304623892 0.6501558423042297 0
1716304624493 0.6472532749176025 0
1716304625115 0.6442358493804932 0
1716304625797 0.6420315504074097 0
1716304626581 0.6407246589660645 0
1716304627420 0.64195716381073 0
1716304634179 0.6480048298835754 0
1716304634703 0.6650608777999878 0
1716304635235 0.6518957614898682 0
1716304635817 0.6326518654823303 0
1716304636420 0.6392822265625 0
1716304637057 0.6394444704055786 0
1716304637726 0.6299296617507935 0
1716304638439 0.6322983503341675 0
1716304639266 0.6286247372627258 0
1716304640620 0.624861478805542 0
1716304646922 0.6276081204414368 0
1716304647446 0.6224970817565918 0
1716304647982 0.6213191747665405 0
1716304648552 0.6215052604675293 0
1716304649142 0.6175779104232788 0
1716304649743 0.618310809135437 0
1716304650388 0.6170920729637146 0
1716304651101 0.6138108968734741 0
1716304651899 0.6143108606338501 0
1716304652868 0.613735556602478 0
1716304659040 0.6117737293243408 0
1716304659552 0.6098775267601013 0
1716304660092 0.6087201237678528 0
1716304660650 0.6091457009315491 0
1716304661221 0.6091275811195374 0
1716304661826 0.6093188524246216 0
1716304662467 0.6116256713867188 0
1716304663173 0.6118289232254028 0
1716304664008 0.6137771606445312 0
1716304665111 0.6064927577972412 0
1716304672685 0.6022623181343079 0
1716304673231 0.6041533946990967 0
1716304673776 0.6051384806632996 0
1716304674327 0.6045158505439758 0
1716304674878 0.6001356840133667 0
1716304675459 0.6000347137451172 0
1716304676079 0.6024712324142456 0
1716304676748 0.5998486876487732 0
1716304677525 0.5972665548324585 0
1716304678467 0.5965570211410522 0
1716304685442 0.5970953702926636 0
1716304686064 0.5976479053497314 0
1716304686654 0.5953487157821655 0
1716304687220 0.5935748815536499 0
1716304687881 0.5927431583404541 0
1716304688702 0.5930454730987549 0
1716304689547 0.5944343209266663 0
1716304690675 0.5956684947013855 0
1716304692311 0.5994639992713928 0
1716304693545 0.5988224744796753 0
1716304702364 0.5970436334609985 0
1716304702928 0.5912760496139526 0
1716304703498 0.5883758664131165 0
1716304704088 0.5899258852005005 0
1716304704697 0.5893579125404358 0
1716304705327 0.5876601934432983 0
1716304706011 0.5862410068511963 0
1716304706798 0.5863860249519348 0
1716304707830 0.5871366858482361 0
1716304709948 0.5854222178459167 0
1716304717594 0.5839741826057434 0
1716304718165 0.5831806659698486 0
1716304718755 0.5831236839294434 0
1716304719377 0.5838291645050049 0
1716304720026 0.5846043825149536 0
1716304720791 0.5885981917381287 0
1716304722086 0.597496747970581 0
