1716303642667 1.7771379947662354 0
1716303643364 0.6771788597106934 0
1716303644012 0.6113908290863037 0
1716303644556 0.5335102081298828 0
1716303645077 0.5122592449188232 0
1716303645621 0.5336761474609375 0
1716303646147 0.5175161361694336 0
1716303646722 0.565798282623291 0
1716303647302 0.5731589794158936 0
1716303647830 0.5184180736541748 0
1716303653658 1.5127508640289307 0
1716303654178 0.5142278671264648 0
1716303654707 0.5211350917816162 0
1716303655318 0.6027252674102783 0
1716303655871 0.5468254089355469 0
1716303656419 0.5378859043121338 0
1716303657028 0.5999727249145508 0
1716303657608 0.5735490322113037 0
1716303658143 0.515845775604248 0
1716303658759 0.6012051105499268 0
1716303664331 1.3095660209655762 0
1716303664868 0.5301649570465088 0
1716303665407 0.520413875579834 0
1716303665936 0.5178368091583252 0
1716303666497 0.5459859371185303 0
1716303667038 0.5320141315460205 0
1716303667574 0.5237679481506348 0
1716303668137 0.5536561012268066 0
1716303668677 0.5279359817504883 0
1716303669197 0.49990105628967285 0
1716303673885 1.055156946182251 0
1716303674408 0.5173931121826172 0
1716303674944 0.5129117965698242 0
1716303675494 0.5303430557250977 0
1716303676023 0.5181667804718018 0
1716303676535 0.5002322196960449 0
1716303677063 0.5167739391326904 0
1716303677590 0.5174939632415771 0
1716303678116 0.5032029151916504 0
1716303678639 0.5114963054656982 0
1716303683360 1.143388032913208 0
1716303683892 0.5251719951629639 0
1716303684416 0.5126211643218994 0
1716303684924 0.49718308448791504 0
1716303685441 0.5054981708526611 0
1716303685951 0.49665307998657227 0
1716303686457 0.49271082878112793 0
1716303686987 0.5203211307525635 0
1716303687493 0.49471020698547363 0
1716303688002 0.49762797355651855 0
1716303691900 1.1131770610809326 0
1716303692418 0.5091960430145264 0
1716303692957 0.5298840999603271 0
1716303693501 0.5263469219207764 0
1716303694042 0.5218088626861572 0
1716303694569 0.5114967823028564 0
1716303695091 0.5102267265319824 0
1716303695621 0.5196728706359863 0
1716303696126 0.4944419860839844 0
1716303696649 0.5122740268707275 0
1716303700495 0.988156795501709 0
1716303701018 0.5083551406860352 0
1716303701550 0.5142161846160889 0
1716303702080 0.517707109451294 0
1716303702610 0.5174970626831055 0
1716303703154 0.5331170558929443 0
1716303703680 0.5141520500183105 0
1716303704197 0.5078291893005371 0
1716303704741 0.5217020511627197 0
1716303705264 0.4994790554046631 0
1716303709510 0.9810409545898438 0
1716303710034 0.5183370113372803 0
1716303710597 0.549030065536499 0
1716303711126 0.5186729431152344 0
1716303711641 0.4957907199859619 0
1716303712155 0.5016231536865234 0
1716303712682 0.5143771171569824 0
1716303713209 0.5134730339050293 0
1716303713735 0.5149199962615967 0
1716303714251 0.5029850006103516 0
1716303718070 0.9207696914672852 0
1716303718580 0.5033509731292725 0
1716303719110 0.5176820755004883 0
1716303719667 0.539384126663208 0
1716303720198 0.5231819152832031 0
1716303720730 0.5220978260040283 0
1716303721276 0.5309641361236572 0
1716303721796 0.5085999965667725 0
1716303722331 0.5247390270233154 0
1716303722868 0.5225098133087158 0
1716303727770 1.4494946002960205 0
1716303728301 0.5177831649780273 0
1716303728811 0.4990267753601074 0
1716303729427 0.6000261306762695 0
1716303730005 0.5707361698150635 0
1716303730535 0.5237150192260742 0
1716303731074 0.5227510929107666 0
1716303731614 0.5329320430755615 0
1716303732252 0.6296188831329346 0
1716303732861 0.5963988304138184 0
1716303737818 1.1824572086334229 0
1716303738398 0.5647151470184326 0
1716303738928 0.517805814743042 0
1716303739503 0.5473699569702148 0
1716303740046 0.5321540832519531 0
1716303740624 0.5625331401824951 0
1716303741186 0.5421209335327148 0
1716303741751 0.5227429866790771 0
1716303742281 0.5210151672363281 0
1716303742841 0.546105146408081 0
1716303747581 0.9320619106292725 0
1716303748099 0.5098087787628174 0
1716303748630 0.518733024597168 0
1716303749165 0.5224721431732178 0
1716303749681 0.5052371025085449 0
1716303750218 0.5265779495239258 0
1716303750825 0.5980319976806641 0
1716303751352 0.5092470645904541 0
1716303751862 0.4976179599761963 0
1716303752424 0.5531630516052246 0
1716303757357 1.3837189674377441 0
1716303757887 0.5226922035217285 0
1716303758403 0.5054128170013428 0
1716303758921 0.5069928169250488 0
1716303759441 0.5117819309234619 0
1716303759964 0.5098609924316406 0
1716303760495 0.5197141170501709 0
1716303761023 0.5171689987182617 0
1716303761531 0.4937112331390381 0
1716303762041 0.4989192485809326 0
1716303766059 0.9242029190063477 0
1716303766577 0.5124952793121338 0
1716303767121 0.5352940559387207 0
1716303767667 0.532559871673584 0
1716303768187 0.5085251331329346 0
1716303768714 0.5144267082214355 0
1716303769239 0.5137910842895508 0
1716303769761 0.513206958770752 0
1716303770304 0.5284388065338135 0
1716303770862 0.5449588298797607 0
1716303775546 1.0883729457855225 0
1716303776076 0.5208468437194824 0
1716303776620 0.5325760841369629 0
1716303777157 0.5234231948852539 0
1716303777678 0.5095949172973633 0
1716303778198 0.5080740451812744 0
1716303778707 0.4977076053619385 0
1716303779220 0.5023839473724365 0
1716303779729 0.4970979690551758 0
1716303780260 0.518043041229248 0
1716303784138 1.0382730960845947 0
1716303784670 0.5185012817382812 0
1716303785215 0.5337021350860596 0
1716303785757 0.5285968780517578 0
1716303786287 0.5200226306915283 0
1716303786794 0.4959700107574463 0
1716303787341 0.533754825592041 0
1716303787885 0.5248892307281494 0
1716303788417 0.5176029205322266 0
1716303788933 0.5041000843048096 0
1716303793472 1.19691801071167 0
1716303793992 0.5118300914764404 0
1716303794567 0.5398249626159668 0
1716303795109 0.5311946868896484 0
1716303795654 0.5309598445892334 0
1716303796217 0.5504403114318848 0
1716303796774 0.5488259792327881 0
1716303797311 0.522392749786377 0
1716303797856 0.5328817367553711 0
1716303798430 0.5537910461425781 0
1716303802963 1.0842459201812744 0
1716303803503 0.5264058113098145 0
1716303804040 0.5255410671234131 0
1716303804573 0.5204880237579346 0
1716303805093 0.5076999664306641 0
1716303805649 0.5385692119598389 0
1716303806217 0.5577967166900635 0
1716303806748 0.5227980613708496 0
1716303807308 0.5506949424743652 0
1716303807849 0.5297369956970215 0
1716303812677 1.3178181648254395 0
1716303813219 0.5331010818481445 0
1716303813738 0.5102229118347168 0
1716303814307 0.5426571369171143 0
1716303814858 0.5411593914031982 0
1716303815401 0.5267322063446045 0
1716303815976 0.5649728775024414 0
1716303816521 0.538902997970581 0
1716303817096 0.563281774520874 0
1716303817655 0.521826982498169 0
1716303824026 1.3777778148651123 0
1716303824576 0.5418710708618164 0
1716303825295 0.706031322479248 0
1716303825956 0.6480188369750977 0
1716303826529 0.5631191730499268 0
1716303827102 0.5662791728973389 0
1716303827694 0.5767080783843994 0
1716303828281 0.5754640102386475 0
1716303828939 0.6498360633850098 0
1716303829652 0.7054948806762695 0
1716303837877 1.3009099960327148 0
1716303838411 0.5290520191192627 0
1716303838950 0.530224084854126 0
1716303839513 0.5470929145812988 0
1716303840079 0.5578532218933105 0
1716303840713 0.6250040531158447 0
1716303841365 0.6403608322143555 0
1716303842016 0.6365780830383301 0
1716303842725 0.6883049011230469 0
1716303843495 0.7576236724853516 0
1716303850692 1.3437418937683105 0
1716303851233 0.5336220264434814 0
1716303851772 0.5326828956604004 0
1716303852343 0.5627672672271729 0
1716303852964 0.6057610511779785 0
1716303853601 0.6264920234680176 0
1716303854334 0.7241499423980713 0
1716303855181 0.8342170715332031 0
1716303856505 1.3084280490875244 0
1716303858239 1.7214388847351074 0
1716303864109 1.1816647052764893 0
1716303864653 0.527414083480835 0
1716303865208 0.5430669784545898 0
1716303865789 0.5703699588775635 0
1716303866408 0.6036808490753174 0
1716303867041 0.6080770492553711 0
1716303867706 0.6534819602966309 0
1716303868476 0.7570888996124268 0
1716303869457 0.970102071762085 0
1716303870952 1.4822728633880615 0
1716303877314 1.2541539669036865 0
1716303877880 0.5577070713043213 0
1716303878467 0.5727851390838623 0
1716303879058 0.5705311298370361 0
1716303879674 0.6013398170471191 0
1716303880338 0.65146803855896 0
1716303881074 0.7266440391540527 0
1716303882131 1.0418901443481445 0
1716303884437 2.2693190574645996 0
1716303885781 1.3226330280303955 0
1716303891772 1.4422011375427246 0
1716303892311 0.5341570377349854 0
1716303892870 0.5493719577789307 0
1716303893481 0.6012308597564697 0
1716303894107 0.6155922412872314 0
1716303895894 1.7730560302734375 0
1716303896789 0.843364953994751 0
1716303897802 0.9738059043884277 0
1716303898874 1.0543608665466309 0
1716303900002 1.1148741245269775 0
1716303907203 1.2187588214874268 0
1716303907753 0.538355827331543 0
1716303908314 0.547482967376709 0
1716303908896 0.5624449253082275 0
1716303909533 0.6244728565216064 0
1716303910146 0.6054849624633789 0
1716303910859 0.6886389255523682 0
1716303911585 0.71321702003479 0
1716303912429 0.8324849605560303 0
1716303913741 1.2973718643188477 0
1716303920768 1.2240707874298096 0
1716303921299 0.5250461101531982 0
1716303921847 0.5352878570556641 0
1716303922405 0.5437290668487549 0
1716303922990 0.5730199813842773 0
1716303923597 0.5975830554962158 0
1716303924215 0.6020328998565674 0
1716303924899 0.6742658615112305 0
1716303925620 0.7022647857666016 0
1716303926453 0.8194799423217773 0
1716303932225 1.1256229877471924 0
1716303932765 0.5323731899261475 0
1716303933338 0.5587038993835449 0
1716303933905 0.5556120872497559 0
1716303934482 0.5688378810882568 0
1716303935082 0.5909008979797363 0
1716303935724 0.6298329830169678 0
1716303936455 0.7180960178375244 0
1716303937254 0.7851359844207764 0
1716303938347 1.0816080570220947 0
1716303944963 1.411984920501709 0
1716303945483 0.5125279426574707 0
1716303945989 0.49820709228515625 0
1716303946577 0.5800759792327881 0
1716303947161 0.5759789943695068 0
1716303947769 0.598085880279541 0
1716303948421 0.6437420845031738 0
1716303949179 0.7465558052062988 0
1716303950116 0.9013750553131104 0
1716303951513 1.3801259994506836 0
1716303958126 1.2247660160064697 0
1716303958675 0.5406570434570312 0
1716303959235 0.5488941669464111 0
1716303959809 0.562201976776123 0
1716303960395 0.5721449851989746 0
1716303961002 0.5984439849853516 0
1716303961625 0.611954927444458 0
1716303962512 0.87369704246521 0
1716303963431 0.8824529647827148 0
1716303964296 0.852238655090332 0
1716303971333 1.3138549327850342 0
1716303971858 0.5178589820861816 0
1716303972417 0.5494489669799805 0
1716303972970 0.541956901550293 0
1716303973536 0.5582399368286133 0
1716303974130 0.5774838924407959 0
1716303974772 0.6341760158538818 0
1716303975590 0.8025121688842773 0
1716303976437 0.8243770599365234 0
1716303977505 1.0485620498657227 0
1716303984378 1.2137718200683594 0
1716303984922 0.5384979248046875 0
1716303985496 0.561161994934082 0
1716303986054 0.5464861392974854 0
1716303986629 0.561805009841919 0
1716303987217 0.5695521831512451 0
1716303987877 0.6485669612884521 0
1716303988553 0.660524845123291 0
1716303989257 0.6895172595977783 0
1716303989985 0.7166130542755127 0
1716303997131 1.4115490913391113 0
1716303997700 0.5607297420501709 0
1716303998320 0.6122570037841797 0
1716303998932 0.600487232208252 0
1716303999522 0.5743727684020996 0
1716304000133 0.5976648330688477 0
1716304000797 0.6510930061340332 0
1716304001467 0.6577150821685791 0
1716304002227 0.7400410175323486 0
1716304003002 0.7654290199279785 0
1716304010493 1.1785609722137451 0
1716304010993 0.4926021099090576 0
1716304011516 0.5062241554260254 0
1716304012042 0.5160388946533203 0
1716304012560 0.508110761642456 0
1716304013103 0.533405065536499 0
1716304013660 0.5464801788330078 0
1716304014265 0.5943400859832764 0
1716304014831 0.5568242073059082 0
1716304015422 0.5838029384613037 0
1716304021217 1.0210270881652832 0
1716304021740 0.5160150527954102 0
1716304022238 0.4888901710510254 0
1716304022759 0.5132648944854736 0
1716304023309 0.5392918586730957 0
1716304023856 0.5357589721679688 0
1716304024432 0.5651950836181641 0
1716304025030 0.5872492790222168 0
1716304025657 0.6150209903717041 0
1716304026303 0.6364030838012695 0
1716304031407 1.007685899734497 0
1716304031911 0.496737003326416 0
1716304032429 0.5091609954833984 0
1716304032969 0.5228991508483887 0
1716304033521 0.541330099105835 0
1716304034101 0.5706212520599365 0
1716304034677 0.5635690689086914 0
1716304035286 0.5983941555023193 0
1716304035950 0.6514818668365479 0
1716304036633 0.6735861301422119 0
1716304042453 1.172363042831421 0
1716304042965 0.5012822151184082 0
1716304043520 0.5394821166992188 0
1716304044102 0.5743598937988281 0
1716304044697 0.5876281261444092 0
1716304045601 0.8895070552825928 0
1716304046487 0.8678009510040283 0
1716304047359 0.8489952087402344 0
1716304048319 0.9336609840393066 0
1716304049331 0.9887149333953857 0
1716304056382 1.315246820449829 0
1716304056922 0.5337018966674805 0
1716304057464 0.5294520854949951 0
1716304058012 0.5329372882843018 0
1716304058593 0.5686640739440918 0
1716304059241 0.6369237899780273 0
1716304059894 0.6461160182952881 0
1716304060959 1.0475361347198486 0
1716304061826 0.8417210578918457 0
1716304062682 0.8399360179901123 0
1716304070657 1.5144848823547363 0
1716304071208 0.5461587905883789 0
1716304071777 0.5423979759216309 0
1716304072420 0.6302661895751953 0
1716304073029 0.6038327217102051 0
1716304073659 0.6234350204467773 0
1716304074301 0.629256010055542 0
1716304075060 0.7480001449584961 0
1716304075937 0.8588371276855469 0
1716304077027 1.0772531032562256 0
1716304084609 1.424773931503296 0
1716304085124 0.507072925567627 0
1716304085653 0.5069060325622559 0
1716304086194 0.5350868701934814 0
1716304086767 0.5620222091674805 0
1716304087455 0.6752979755401611 0
1716304088304 0.8297789096832275 0
1716304089152 0.81209397315979 0
1716304090035 0.8645710945129395 0
1716304091021 0.9716758728027344 0
1716304097788 1.309340000152588 0
1716304098281 0.48555994033813477 0
1716304098812 0.506072998046875 0
1716304099393 0.5735020637512207 0
1716304100058 0.6562061309814453 0
1716304100948 0.8591971397399902 0
1716304102047 1.077383041381836 0
1716304103252 1.161712884902954 0
1716304104125 0.8504481315612793 0
1716304105036 0.8877418041229248 0
1716304112501 1.4471280574798584 0
1716304113050 0.5425770282745361 0
1716304113626 0.563060998916626 0
1716304114225 0.5835261344909668 0
1716304114851 0.6139748096466064 0
1716304115484 0.6222231388092041 0
1716304116612 1.1166791915893555 0
1716304117481 0.8373491764068604 0
1716304118380 0.8840928077697754 0
1716304119478 1.0808920860290527 0
1716304125267 1.1061289310455322 0
1716304125791 0.5166928768157959 0
1716304126325 0.5216009616851807 0
1716304126895 0.5578029155731201 0
1716304127453 0.5462148189544678 0
1716304128054 0.5902762413024902 0
1716304128660 0.5939371585845947 0
1716304129293 0.6203711032867432 0
1716304129996 0.6912918090820312 0
1716304130732 0.7234983444213867 0
1716304137578 1.2274229526519775 0
1716304138079 0.49495720863342285 0
1716304138618 0.5282189846038818 0
1716304139167 0.5366647243499756 0
1716304139727 0.5481252670288086 0
1716304140342 0.6034727096557617 0
1716304140965 0.6159398555755615 0
1716304141642 0.6654438972473145 0
1716304142351 0.695559024810791 0
1716304143163 0.7992007732391357 0
1716304149518 1.1453499794006348 0
1716304150059 0.5330259799957275 0
1716304150612 0.5336771011352539 0
1716304151148 0.5239448547363281 0
1716304151730 0.5704059600830078 0
1716304152327 0.5817790031433105 0
1716304152966 0.6252191066741943 0
1716304153662 0.6836919784545898 0
1716304154424 0.7462100982666016 0
1716304155305 0.8672220706939697 0
1716304161458 1.0349969863891602 0
1716304161992 0.5260286331176758 0
1716304162540 0.5266578197479248 0
1716304163076 0.5259158611297607 0
1716304163648 0.5603840351104736 0
1716304164233 0.5725769996643066 0
1716304164857 0.6126978397369385 0
1716304165500 0.6304528713226318 0
1716304166204 0.6907880306243896 0
1716304166950 0.7311570644378662 0
1716304172108 0.9849951267242432 0
1716304172629 0.5134739875793457 0
1716304173161 0.5205080509185791 0
1716304173709 0.5362658500671387 0
1716304174296 0.5741558074951172 0
1716304174935 0.6309459209442139 0
1716304175607 0.6616368293762207 0
1716304176281 0.6616158485412598 0
1716304176996 0.7025737762451172 0
1716304177814 0.8035850524902344 0
1716304183181 1.029737949371338 0
1716304183722 0.5340180397033691 0
1716304184257 0.5228490829467773 0
1716304184841 0.570281982421875 0
1716304185438 0.5855767726898193 0
1716304186071 0.6204049587249756 0
1716304186693 0.61142897605896 0
1716304187332 0.6260333061218262 0
1716304188024 0.6732358932495117 0
1716304188774 0.7377281188964844 0
1716304195097 1.2462589740753174 0
1716304195613 0.5089828968048096 0
1716304196163 0.5173192024230957 0
1716304196710 0.5343868732452393 0
1716304197285 0.5621781349182129 0
1716304197890 0.5855340957641602 0
1716304198487 0.5844390392303467 0
1716304199125 0.6244442462921143 0
1716304199811 0.6764237880706787 0
1716304200522 0.6997010707855225 0
1716304206120 1.1419761180877686 0
1716304206650 0.5217220783233643 0
1716304207211 0.541534423828125 0
1716304207768 0.5458431243896484 0
1716304208344 0.5633912086486816 0
1716304208955 0.599646806716919 0
1716304209579 0.6115880012512207 0
1716304210258 0.6672098636627197 0
1716304210961 0.6915798187255859 0
1716304211727 0.753943920135498 0
1716304218224 1.0900089740753174 0
1716304218749 0.5191340446472168 0
1716304219290 0.5309200286865234 0
1716304219860 0.5506696701049805 0
1716304220419 0.550468921661377 0
1716304221009 0.5765628814697266 0
1716304221623 0.6011619567871094 0
1716304222261 0.6227631568908691 0
1716304222924 0.6520709991455078 0
1716304223666 0.7134358882904053 0
1716304229247 1.1199820041656494 0
1716304229774 0.5201451778411865 0
1716304230323 0.5366058349609375 0
1716304230899 0.5581200122833252 0
1716304231478 0.5662217140197754 0
1716304232084 0.5931780338287354 0
1716304232750 0.6489219665527344 0
1716304233408 0.640455961227417 0
1716304234145 0.7100231647491455 0
1716304234926 0.7705070972442627 0
1716304241359 1.3119139671325684 0
1716304241903 0.5349037647247314 0
1716304242453 0.5340268611907959 0
1716304243027 0.5547358989715576 0
1716304243626 0.5861489772796631 0
1716304244249 0.6113810539245605 0
1716304245032 0.7656271457672119 0
1716304245848 0.797339916229248 0
1716304246780 0.9191899299621582 0
1716304247700 0.850985050201416 0
1716304255240 1.307436227798462 0
1716304255812 0.5617899894714355 0
1716304256369 0.5385558605194092 0
1716304256967 0.5792441368103027 0
1716304257548 0.5616021156311035 0
1716304258148 0.5892019271850586 0
1716304258774 0.6152119636535645 0
1716304259464 0.6767070293426514 0
1716304260224 0.7440502643585205 0
1716304261078 0.8388259410858154 0
1716304268773 1.2299656867980957 0
1716304269313 0.5334398746490479 0
1716304269848 0.5128710269927979 0
1716304270418 0.5524759292602539 0
1716304270999 0.5666897296905518 0
1716304271598 0.5866973400115967 0
1716304272218 0.6106257438659668 0
1716304272918 0.68072509765625 0
1716304273715 0.775547981262207 0
1716304274604 0.8720881938934326 0
1716304282649 1.199341058731079 0
1716304283180 0.5240073204040527 0
1716304283718 0.5247950553894043 0
1716304284293 0.5477349758148193 0
1716304284869 0.5645780563354492 0
1716304285457 0.5740668773651123 0
1716304286056 0.5870928764343262 0
1716304286665 0.5967519283294678 0
1716304287307 0.631309986114502 0
1716304287994 0.6757650375366211 0
1716304293705 1.1136813163757324 0
1716304294226 0.5142109394073486 0
1716304294759 0.5216996669769287 0
1716304295319 0.5485067367553711 0
1716304295903 0.5686860084533691 0
1716304296483 0.5673830509185791 0
1716304297098 0.6034541130065918 0
1716304297757 0.6477658748626709 0
1716304298459 0.6888880729675293 0
1716304299196 0.7255539894104004 0
1716304304716 1.0696160793304443 0
1716304305263 0.5389900207519531 0
1716304305825 0.5505721569061279 0
1716304306376 0.5398962497711182 0
1716304306962 0.5735487937927246 0
1716304307552 0.5774290561676025 0
1716304308181 0.6186020374298096 0
1716304308833 0.6457960605621338 0
1716304309586 0.7412688732147217 0
1716304310424 0.822098970413208 0
1716304316830 1.0533246994018555 0
1716304317361 0.524540901184082 0
1716304317897 0.5172388553619385 0
1716304318436 0.5276222229003906 0
1716304319015 0.5649230480194092 0
1716304319611 0.5842759609222412 0
1716304320218 0.5948700904846191 0
1716304320900 0.6692941188812256 0
1716304321608 0.6925137042999268 0
1716304322318 0.6994571685791016 0
1716304328357 1.1195650100708008 0
1716304328923 0.559049129486084 0
1716304329530 0.5724098682403564 0
1716304330093 0.552358865737915 0
1716304330698 0.5822381973266602 0
1716304331326 0.6120748519897461 0
1716304331964 0.6295311450958252 0
1716304332639 0.6628658771514893 0
1716304333473 0.81988525390625 0
1716304335009 1.5073089599609375 0
1716304342457 1.406109094619751 0
1716304343051 0.5871529579162598 0
1716304343709 0.6421308517456055 0
1716304344426 0.7046759128570557 0
1716304345166 0.7271840572357178 0
1716304345878 0.6938009262084961 0
1716304346666 0.7719652652740479 0
1716304347528 0.8469579219818115 0
1716304348487 0.9440047740936279 0
1716304349700 1.1913609504699707 0
1716304356728 1.3193159103393555 0
1716304357262 0.5162918567657471 0
1716304357820 0.5470399856567383 0
1716304358394 0.5626962184906006 0
1716304358976 0.5688090324401855 0
1716304359592 0.6029808521270752 0
1716304360260 0.656545877456665 0
1716304360964 0.6901941299438477 0
1716304361778 0.8035569190979004 0
1716304362754 0.9620189666748047 0
1716304369161 1.1343090534210205 0
1716304369739 0.5681798458099365 0
1716304370275 0.5281589031219482 0
1716304370854 0.5692048072814941 0
1716304371439 0.5663549900054932 0
1716304372047 0.5963141918182373 0
1716304372749 0.6890459060668945 0
1716304373499 0.7389252185821533 0
1716304374390 0.8793373107910156 0
1716304375906 1.5073039531707764 0
1716304382686 1.2243940830230713 0
1716304383224 0.5308868885040283 0
1716304383765 0.5299408435821533 0
1716304384290 0.516603946685791 0
1716304384848 0.5481891632080078 0
1716304385465 0.6050455570220947 0
1716304386101 0.6233537197113037 0
1716304386845 0.7314209938049316 0
1716304387645 0.7879848480224609 0
1716304388708 1.0332667827606201 0
1716304394709 1.073580026626587 0
1716304395229 0.505946159362793 0
1716304395745 0.5048158168792725 0
1716304396290 0.5322270393371582 0
1716304396854 0.5502529144287109 0
1716304397464 0.5975761413574219 0
1716304398066 0.587852954864502 0
1716304398704 0.6245288848876953 0
1716304399386 0.6694037914276123 0
1716304400115 0.7154040336608887 0
1716304405329 1.0460789203643799 0
1716304405837 0.49878883361816406 0
1716304406364 0.5158116817474365 0
1716304406931 0.5491049289703369 0
1716304407503 0.5587573051452637 0
1716304408107 0.5928430557250977 0
1716304408738 0.617480993270874 0
1716304409423 0.6725668907165527 0
1716304410152 0.7152771949768066 0
1716304410968 0.801609992980957 0
1716304417466 1.4964473247528076 0
1716304418005 0.5293922424316406 0
1716304418561 0.5349600315093994 0
1716304419117 0.5423972606658936 0
1716304419677 0.5494239330291748 0
1716304420291 0.6021850109100342 0
1716304420935 0.6328880786895752 0
1716304421627 0.6795530319213867 0
1716304422329 0.6910209655761719 0
1716304423148 0.8071608543395996 0
1716304428884 1.0658900737762451 0
1716304429412 0.5209691524505615 0
1716304429949 0.5310170650482178 0
1716304430525 0.5677878856658936 0
1716304431115 0.5728209018707275 0
1716304431718 0.5913028717041016 0
1716304432358 0.6279087066650391 0
1716304433064 0.6933159828186035 0
1716304433923 0.8465869426727295 0
1716304435005 1.0711119174957275 0
1716304440809 1.0691967010498047 0
1716304441332 0.5187559127807617 0
1716304441866 0.5239560604095459 0
1716304442412 0.5319581031799316 0
1716304442986 0.5600628852844238 0
1716304443610 0.6159482002258301 0
1716304444284 0.6637890338897705 0
1716304445006 0.7100508213043213 0
1716304445843 0.8254580497741699 0
1716304446886 1.028475046157837 0
1716304454022 1.1720499992370605 0
1716304454543 0.5039792060852051 0
1716304455067 0.5124790668487549 0
1716304455616 0.5365090370178223 0
1716304456180 0.5508668422698975 0
1716304456768 0.5754389762878418 0
1716304457402 0.6273510456085205 0
1716304458068 0.6564517021179199 0
1716304458756 0.6772229671478271 0
1716304459515 0.744675874710083 0
1716304466663 1.1911451816558838 0
1716304467183 0.5142381191253662 0
1716304467725 0.5307662487030029 0
1716304468283 0.5459799766540527 0
1716304468863 0.5702152252197266 0
1716304469442 0.5671870708465576 0
1716304470063 0.6115338802337646 0
1716304470711 0.6395049095153809 0
1716304471394 0.6721749305725098 0
1716304472115 0.7042081356048584 0
1716304478270 1.1172559261322021 0
1716304478781 0.5066602230072021 0
1716304479329 0.5339210033416748 0
1716304479878 0.5370190143585205 0
1716304480467 0.5779931545257568 0
1716304481082 0.6015241146087646 0
1716304481705 0.6004228591918945 0
1716304482351 0.6351780891418457 0
1716304483035 0.6741039752960205 0
1716304483848 0.7996430397033691 0
1716304489818 1.1641838550567627 0
1716304490360 0.5370001792907715 0
1716304490902 0.5237679481506348 0
1716304491507 0.5900161266326904 0
1716304492142 0.6223149299621582 0
1716304492967 0.8052690029144287 0
1716304493850 0.8423211574554443 0
1716304494751 0.8791470527648926 0
1716304495708 0.9426150321960449 0
1716304496833 1.1064040660858154 0
1716304503693 1.5087358951568604 0
1716304504231 0.5335018634796143 0
1716304504783 0.5403740406036377 0
1716304505348 0.5510962009429932 0
1716304505924 0.5633289813995361 0
1716304506513 0.5765089988708496 0
1716304507162 0.6368670463562012 0
1716304507840 0.6659941673278809 0
1716304508640 0.789992094039917 0
1716304509620 0.9390697479248047 0
1716304516511 1.205110788345337 0
1716304517077 0.5497710704803467 0
1716304517603 0.5122699737548828 0
1716304518139 0.5240838527679443 0
1716304518697 0.5462977886199951 0
1716304519283 0.5743811130523682 0
1716304519904 0.6093037128448486 0
1716304520567 0.6490702629089355 0
1716304521285 0.7004141807556152 0
1716304522048 0.7534008026123047 0
1716304527924 1.1096477508544922 0
1716304528462 0.5254051685333252 0
1716304529013 0.5302259922027588 0
1716304529560 0.5348560810089111 0
1716304530126 0.5534710884094238 0
1716304530721 0.5834949016571045 0
1716304531328 0.5956079959869385 0
1716304532006 0.6647670269012451 0
1716304532697 0.6799619197845459 0
1716304533455 0.7394261360168457 0
1716304540463 1.4294860363006592 0
1716304541015 0.5340569019317627 0
1716304541575 0.5324349403381348 0
1716304542116 0.5302839279174805 0
1716304542716 0.5881838798522949 0
1716304543320 0.5925109386444092 0
1716304543968 0.6307876110076904 0
1716304544602 0.6216089725494385 0
1716304545371 0.7573850154876709 0
1716304546214 0.8200500011444092 0
1716304553663 1.4427149295806885 0
1716304554196 0.5257236957550049 0
1716304554759 0.5539212226867676 0
1716304555363 0.5944991111755371 0
1716304556001 0.62630295753479 0
1716304556690 0.6774709224700928 0
1716304557394 0.6922969818115234 0
1716304558206 0.7965199947357178 0
1716304559239 1.0158112049102783 0
1716304560753 1.501446008682251 0
1716304567407 1.4862639904022217 0
1716304567934 0.5186350345611572 0
1716304568484 0.5300891399383545 0
1716304569041 0.5367238521575928 0
1716304569618 0.5643739700317383 0
1716304570238 0.6112661361694336 0
1716304570891 0.6417410373687744 0
1716304571601 0.6983110904693604 0
1716304572374 0.7587718963623047 0
1716304573309 0.9247159957885742 0
1716304580736 1.3526391983032227 0
1716304581291 0.5378561019897461 0
1716304581834 0.5302822589874268 0
1716304582389 0.5439398288726807 0
1716304582979 0.5796267986297607 0
1716304583614 0.6224000453948975 0
1716304584279 0.6533489227294922 0
1716304585603 1.3089711666107178 0
1716304586542 0.918644905090332 0
1716304587395 0.8363127708435059 0
1716304594669 1.2858271598815918 0
1716304595211 0.5316839218139648 0
1716304595733 0.5127570629119873 0
1716304596276 0.5356950759887695 0
1716304596895 0.6102941036224365 0
1716304598128 1.223315954208374 0
1716304599017 0.8485558032989502 0
1716304599774 0.7438440322875977 0
1716304600634 0.8348939418792725 0
1716304601609 0.955427885055542 0
1716304608307 1.210942029953003 0
1716304608813 0.49646687507629395 0
1716304609338 0.5141277313232422 0
1716304609908 0.5570118427276611 0
1716304610509 0.5818109512329102 0
1716304611100 0.5794720649719238 0
1716304611807 0.6730098724365234 0
1716304612514 0.6942610740661621 0
1716304613286 0.7603359222412109 0
1716304614282 0.968087911605835 0
1716304621756 1.1693310737609863 0
1716304622258 0.4951159954071045 0
1716304622786 0.5180411338806152 0
1716304623340 0.5402810573577881 0
1716304623921 0.5634310245513916 0
1716304624516 0.5831921100616455 0
1716304625135 0.6069831848144531 0
1716304625823 0.6773021221160889 0
1716304626610 0.750432014465332 0
1716304627453 0.828747034072876 0
1716304634214 1.0610849857330322 0
1716304634731 0.5107929706573486 0
1716304635262 0.517754077911377 0
1716304635852 0.579622745513916 0
1716304636458 0.594184160232544 0
1716304637096 0.6266751289367676 0
1716304637751 0.6427581310272217 0
1716304638462 0.6891779899597168 0
1716304639293 0.8156599998474121 0
1716304640650 1.3426251411437988 0
1716304646952 1.3608360290527344 0
1716304647478 0.5197098255157471 0
1716304648017 0.5269877910614014 0
1716304648590 0.5596551895141602 0
1716304649167 0.5642502307891846 0
1716304649765 0.5868110656738281 0
1716304650420 0.6436269283294678 0
1716304651131 0.6980640888214111 0
1716304651918 0.7736198902130127 0
1716304652891 0.9638388156890869 0
1716304659059 1.2098722457885742 0
1716304659573 0.4991590976715088 0
1716304660116 0.5252759456634521 0
1716304660680 0.5501768589019775 0
1716304661245 0.5549077987670898 0
1716304661847 0.5870981216430664 0
1716304662496 0.6369161605834961 0
1716304663200 0.6924118995666504 0
1716304664034 0.8125183582305908 0
1716304665135 1.0822560787200928 0
1716304672723 1.2386679649353027 0
1716304673271 0.5410618782043457 0
1716304673803 0.5226559638977051 0
1716304674348 0.5340480804443359 0
1716304674904 0.5450220108032227 0
1716304675480 0.5658102035522461 0
1716304676100 0.6094040870666504 0
1716304676776 0.6664340496063232 0
1716304677540 0.749798059463501 0
1716304678528 0.9789941310882568 0
1716304685472 1.3049302101135254 0
1716304686097 0.6185462474822998 0
1716304686673 0.5678699016571045 0
1716304687258 0.575998067855835 0
1716304687923 0.6475310325622559 0
1716304688759 0.8128330707550049 0
1716304689595 0.8157949447631836 0
1716304690713 1.0997202396392822 0
1716304692387 1.6590759754180908 0
1716304693575 1.1554949283599854 0
1716304702403 1.3541240692138672 0
1716304702970 0.5582129955291748 0
1716304703544 0.56290602684021 0
1716304704132 0.5769379138946533 0
1716304704744 0.5971701145172119 0
1716304705358 0.6022112369537354 0
1716304706044 0.6729753017425537 0
1716304706835 0.7555680274963379 0
1716304708029 1.1829869747161865 0
1716304710044 1.9595859050750732 0
1716304717633 1.4082417488098145 0
1716304718218 0.5744068622589111 0
1716304718807 0.5745439529418945 0
1716304719433 0.6175358295440674 0
1716304720068 0.6196179389953613 0
1716304720908 0.8253560066223145 0
1716304722166 1.2094409465789795 0
