1715699631736 1.0 0
1715699633727 2.0 0
1715699635728 3.0 0
1715699637268 4.0 0
1715699638777 5.0 0
1715699640245 6.0 0
1715699642574 7.0 0
1715699644889 8.0 0
1715699647019 9.0 0
1715699649482 10.0 0
1715699680344 11.0 0
1715699704008 12.0 0
1715699706539 13.0 0
1715699707973 14.0 0
1715699714210 15.0 0
1715699723824 16.0 0
1715699726341 17.0 0
1715699727737 18.0 0
1715699729332 19.0 0
1715699730973 20.0 0
1715699744970 21.0 0
1715699746641 22.0 0
1715699748249 23.0 0
1715699749685 24.0 0
1715699751423 25.0 0
1715699756561 26.0 0
