1715699631665 19.820323944091797 0
1715699633381 19.192516326904297 0
1715699635700 18.467308044433594 0
1715699637231 17.335105895996094 0
1715699638698 15.747138977050781 0
1715699640214 11.790135383605957 0
1715699642140 11.035980224609375 0
1715699644797 10.12956428527832 0
1715699646898 8.673330307006836 0
1715699649357 7.02527379989624 0
1715699678875 5.900280952453613 0
1715699703824 5.264616966247559 0
1715699706443 4.858443260192871 0
1715699707944 4.606571197509766 0
1715699709544 4.450557708740234 0
1715699719496 4.328847885131836 0
1715699726320 4.220776081085205 0
1715699727712 4.136467456817627 0
1715699729219 4.076285362243652 0
1715699730949 4.024284362792969 0
1715699744882 3.9722061157226562 0
1715699746520 3.925591468811035 0
1715699748225 3.8790884017944336 0
1715699749653 3.83085560798645 0
1715699751293 3.78485369682312 0
1715699756446 3.7440872192382812 0
