1715699631739 3.1582319736480713 0
1715699633732 1.982417106628418 0
1715699635733 1.997985601425171 0
1715699637273 1.5340099334716797 0
1715699638785 1.5092957019805908 0
1715699640250 1.4607009887695312 0
1715699642579 2.3230080604553223 0
1715699644894 2.3085269927978516 0
1715699647084 2.1846439838409424 0
1715699649490 2.394382953643799 0
1715699695284 32.35070204734802 0
1715699704016 8.691951036453247 0
1715699706543 2.519517183303833 0
1715699707977 1.4306161403656006 0
1715699714325 6.345235824584961 0
1715699723836 9.206156969070435 0
1715699726345 2.501288890838623 0
1715699727741 1.3926899433135986 0
1715699729335 1.5911860466003418 0
1715699730976 1.637580156326294 0
1715699745007 7.588680028915405 0
1715699746646 1.634995937347412 0
1715699748255 1.6053617000579834 0
1715699749689 1.4299190044403076 0
1715699751427 1.7348911762237549 0
1715699756566 5.1356799602508545 0
