1716028909866 1.0 0
1716028910412 2.0 0
1716028910917 3.0 0
1716028911548 4.0 0
1716028912065 5.0 0
1716028912572 6.0 0
1716028913075 7.0 0
1716028913567 8.0 0
1716028914064 9.0 0
1716028914559 10.0 0
1716028920141 11.0 0
1716028920693 12.0 0
1716028921198 13.0 0
1716028921726 14.0 0
1716028922220 15.0 0
1716028922715 16.0 0
1716028923235 17.0 0
1716028923785 18.0 0
1716028924320 19.0 0
1716028924874 20.0 0
1716028929965 21.0 0
1716028930550 22.0 0
1716028931231 23.0 0
1716028931787 24.0 0
1716028932309 25.0 0
1716028932844 26.0 0
1716028933365 27.0 0
1716028933890 28.0 0
1716028934401 29.0 0
1716028934907 30.0 0
1716028939543 31.0 0
1716028940050 32.0 0
1716028940578 33.0 0
1716028941099 34.0 0
1716028941604 35.0 0
1716028942105 36.0 0
1716028942597 37.0 0
1716028943096 38.0 0
1716028943583 39.0 0
1716028944091 40.0 0
1716028948879 41.0 0
1716028949404 42.0 0
1716028949895 43.0 0
1716028950404 44.0 0
1716028950912 45.0 0
1716028951425 46.0 0
1716028951922 47.0 0
1716028952459 48.0 0
1716028952965 49.0 0
1716028953455 50.0 0
1716028957779 51.0 0
1716028958271 52.0 0
1716028958787 53.0 0
1716028959281 54.0 0
1716028959766 55.0 0
1716028960254 56.0 0
1716028960749 57.0 0
1716028961261 58.0 0
1716028961757 59.0 0
1716028962263 60.0 0
1716028966999 61.0 0
1716028967514 62.0 0
1716028968027 63.0 0
1716028968517 64.0 0
1716028969043 65.0 0
1716028969555 66.0 0
1716028970048 67.0 0
1716028970554 68.0 0
1716028971081 69.0 0
1716028971579 70.0 0
1716028976166 71.0 0
1716028976687 72.0 0
1716028977197 73.0 0
1716028977759 74.0 0
1716028978263 75.0 0
1716028978760 76.0 0
1716028979245 77.0 0
1716028979870 78.0 0
1716028980435 79.0 0
1716028980959 80.0 0
1716028986334 81.0 0
1716028986858 82.0 0
1716028987365 83.0 0
1716028987882 84.0 0
1716028988391 85.0 0
1716028988896 86.0 0
1716028989382 87.0 0
1716028989891 88.0 0
1716028990390 89.0 0
1716028990930 90.0 0
1716028995636 91.0 0
1716028996147 92.0 0
1716028996695 93.0 0
1716028997208 94.0 0
1716028997697 95.0 0
1716028998176 96.0 0
1716028998659 97.0 0
1716028999151 98.0 0
1716028999636 99.0 0
1716029000127 100.0 0
1716029005144 101.0 0
1716029005748 102.0 0
1716029006278 103.0 0
1716029006806 104.0 0
1716029007306 105.0 0
1716029007831 106.0 0
1716029008324 107.0 0
1716029008807 108.0 0
1716029009315 109.0 0
1716029009826 110.0 0
1716029014555 111.0 0
1716029015103 112.0 0
1716029015631 113.0 0
1716029016156 114.0 0
1716029016684 115.0 0
1716029017185 116.0 0
1716029017671 117.0 0
1716029018164 118.0 0
1716029018645 119.0 0
1716029019146 120.0 0
1716029024079 121.0 0
1716029024613 122.0 0
1716029025124 123.0 0
1716029025610 124.0 0
1716029026103 125.0 0
1716029026600 126.0 0
1716029027080 127.0 0
1716029027573 128.0 0
1716029028064 129.0 0
1716029028552 130.0 0
1716029032674 131.0 0
1716029033196 132.0 0
1716029033706 133.0 0
1716029034230 134.0 0
1716029034743 135.0 0
1716029035237 136.0 0
1716029035737 137.0 0
1716029036228 138.0 0
1716029036728 139.0 0
1716029037214 140.0 0
1716029042238 141.0 0
1716029042776 142.0 0
1716029043310 143.0 0
1716029043838 144.0 0
1716029044348 145.0 0
1716029044840 146.0 0
1716029045358 147.0 0
1716029045929 148.0 0
1716029046453 149.0 0
1716029046964 150.0 0
1716029051608 151.0 0
1716029052106 152.0 0
1716029052677 153.0 0
1716029053193 154.0 0
1716029053759 155.0 0
1716029054277 156.0 0
1716029054794 157.0 0
1716029055297 158.0 0
1716029055802 159.0 0
1716029056313 160.0 0
1716029060998 161.0 0
1716029061505 162.0 0
1716029062018 163.0 0
1716029062553 164.0 0
1716029063068 165.0 0
1716029063584 166.0 0
1716029064103 167.0 0
1716029064618 168.0 0
1716029065134 169.0 0
1716029065616 170.0 0
1716029069991 171.0 0
1716029070519 172.0 0
1716029071021 173.0 0
1716029071518 174.0 0
1716029072013 175.0 0
1716029072544 176.0 0
1716029073063 177.0 0
1716029073561 178.0 0
1716029074075 179.0 0
1716029074589 180.0 0
1716029078965 181.0 0
1716029079480 182.0 0
1716029079988 183.0 0
1716029080472 184.0 0
1716029080975 185.0 0
1716029081461 186.0 0
1716029081958 187.0 0
1716029082495 188.0 0
1716029083001 189.0 0
1716029083554 190.0 0
1716029089178 191.0 0
1716029089708 192.0 0
1716029090258 193.0 0
1716029090783 194.0 0
1716029091319 195.0 0
1716029091832 196.0 0
1716029092338 197.0 0
1716029092847 198.0 0
1716029093335 199.0 0
1716029093853 200.0 0
1716029098514 201.0 0
1716029099038 202.0 0
1716029099681 203.0 0
1716029100222 204.0 0
1716029100733 205.0 0
1716029101228 206.0 0
1716029101729 207.0 0
1716029102242 208.0 0
1716029102740 209.0 0
1716029103233 210.0 0
1716029107767 211.0 0
1716029108282 212.0 0
1716029108786 213.0 0
1716029109285 214.0 0
1716029109788 215.0 0
1716029110289 216.0 0
1716029110787 217.0 0
1716029111283 218.0 0
1716029111781 219.0 0
1716029112293 220.0 0
1716029117229 221.0 0
1716029117731 222.0 0
1716029118246 223.0 0
1716029118748 224.0 0
1716029119291 225.0 0
1716029119794 226.0 0
1716029120348 227.0 0
1716029120850 228.0 0
1716029121368 229.0 0
1716029121853 230.0 0
1716029126385 231.0 0
1716029126922 232.0 0
1716029127427 233.0 0
1716029127920 234.0 0
1716029128439 235.0 0
1716029128952 236.0 0
1716029129465 237.0 0
1716029129955 238.0 0
1716029130452 239.0 0
1716029131024 240.0 0
1716029135846 241.0 0
1716029136385 242.0 0
1716029136887 243.0 0
1716029137379 244.0 0
1716029137877 245.0 0
1716029138389 246.0 0
1716029138892 247.0 0
1716029139386 248.0 0
1716029139908 249.0 0
1716029140446 250.0 0
1716029145766 251.0 0
1716029146320 252.0 0
1716029146825 253.0 0
1716029147333 254.0 0
1716029147837 255.0 0
1716029148356 256.0 0
1716029148859 257.0 0
1716029149350 258.0 0
1716029149854 259.0 0
1716029150359 260.0 0
1716029154343 261.0 0
1716029154850 262.0 0
1716029155345 263.0 0
1716029155864 264.0 0
1716029156366 265.0 0
1716029156875 266.0 0
1716029157369 267.0 0
1716029157855 268.0 0
1716029158364 269.0 0
1716029158861 270.0 0
1716029163190 271.0 0
1716029163707 272.0 0
1716029164214 273.0 0
1716029164742 274.0 0
1716029165257 275.0 0
1716029165752 276.0 0
1716029166231 277.0 0
1716029166725 278.0 0
1716029167217 279.0 0
1716029167702 280.0 0
1716029171758 281.0 0
1716029172296 282.0 0
1716029172832 283.0 0
1716029173341 284.0 0
1716029173850 285.0 0
1716029174346 286.0 0
1716029174874 287.0 0
1716029175436 288.0 0
1716029175935 289.0 0
1716029176438 290.0 0
1716029180804 291.0 0
1716029181303 292.0 0
1716029181849 293.0 0
1716029182337 294.0 0
1716029182852 295.0 0
1716029183364 296.0 0
1716029183893 297.0 0
1716029184423 298.0 0
1716029184966 299.0 0
1716029185466 300.0 0
1716029189897 301.0 0
1716029190370 302.0 0
1716029190894 303.0 0
1716029191397 304.0 0
1716029191895 305.0 0
1716029192390 306.0 0
1716029192876 307.0 0
1716029193380 308.0 0
1716029193880 309.0 0
1716029194375 310.0 0
1716029198455 311.0 0
1716029198954 312.0 0
1716029199452 313.0 0
1716029199949 314.0 0
1716029200430 315.0 0
1716029200911 316.0 0
1716029201388 317.0 0
1716029201875 318.0 0
1716029202366 319.0 0
1716029202845 320.0 0
1716029205643 321.0 0
1716029206165 322.0 0
1716029206665 323.0 0
1716029207152 324.0 0
1716029207644 325.0 0
1716029208148 326.0 0
1716029208645 327.0 0
1716029209157 328.0 0
1716029209664 329.0 0
1716029210150 330.0 0
1716029214752 331.0 0
1716029215254 332.0 0
1716029215750 333.0 0
1716029216234 334.0 0
1716029216726 335.0 0
1716029217210 336.0 0
1716029217694 337.0 0
1716029218183 338.0 0
1716029218672 339.0 0
1716029219168 340.0 0
1716029222577 341.0 0
1716029223070 342.0 0
1716029223544 343.0 0
1716029224015 344.0 0
1716029224502 345.0 0
1716029224997 346.0 0
1716029225477 347.0 0
1716029225949 348.0 0
1716029226433 349.0 0
1716029226920 350.0 0
1716029229723 351.0 0
1716029230246 352.0 0
1716029230727 353.0 0
1716029231200 354.0 0
1716029231714 355.0 0
1716029232192 356.0 0
1716029232672 357.0 0
1716029233160 358.0 0
1716029233646 359.0 0
1716029234131 360.0 0
1716029236842 361.0 0
1716029237341 362.0 0
1716029237838 363.0 0
1716029238322 364.0 0
1716029238806 365.0 0
1716029239283 366.0 0
1716029239777 367.0 0
1716029240264 368.0 0
1716029240746 369.0 0
1716029241251 370.0 0
1716029245820 371.0 0
1716029246322 372.0 0
1716029246820 373.0 0
1716029247317 374.0 0
1716029247860 375.0 0
1716029248376 376.0 0
1716029248882 377.0 0
1716029249384 378.0 0
1716029249877 379.0 0
1716029250384 380.0 0
1716029254611 381.0 0
1716029255123 382.0 0
1716029255626 383.0 0
1716029256112 384.0 0
1716029256616 385.0 0
1716029257109 386.0 0
1716029257620 387.0 0
1716029258127 388.0 0
1716029258624 389.0 0
1716029259129 390.0 0
1716029263375 391.0 0
1716029263873 392.0 0
1716029264370 393.0 0
1716029264872 394.0 0
1716029265371 395.0 0
1716029265873 396.0 0
1716029266377 397.0 0
1716029266866 398.0 0
1716029267356 399.0 0
1716029267841 400.0 0
1716029271483 401.0 0
1716029271969 402.0 0
1716029272444 403.0 0
1716029272935 404.0 0
1716029273416 405.0 0
1716029273903 406.0 0
1716029274390 407.0 0
1716029274877 408.0 0
1716029275366 409.0 0
1716029275858 410.0 0
1716029278912 411.0 0
1716029279410 412.0 0
1716029279892 413.0 0
1716029280393 414.0 0
1716029280893 415.0 0
1716029281385 416.0 0
1716029281879 417.0 0
1716029282363 418.0 0
1716029282830 419.0 0
1716029283305 420.0 0
1716029286911 421.0 0
1716029287409 422.0 0
1716029287915 423.0 0
1716029288404 424.0 0
1716029288893 425.0 0
1716029289378 426.0 0
1716029289858 427.0 0
1716029290344 428.0 0
1716029290831 429.0 0
1716029291325 430.0 0
1716029295332 431.0 0
1716029295843 432.0 0
1716029296325 433.0 0
1716029296805 434.0 0
1716029297280 435.0 0
1716029297769 436.0 0
1716029298241 437.0 0
1716029298723 438.0 0
1716029299209 439.0 0
1716029299695 440.0 0
1716029302765 441.0 0
1716029303271 442.0 0
1716029303755 443.0 0
1716029304246 444.0 0
1716029304745 445.0 0
1716029305235 446.0 0
1716029305751 447.0 0
1716029306260 448.0 0
1716029306752 449.0 0
1716029307237 450.0 0
1716029310409 451.0 0
1716029310924 452.0 0
1716029311418 453.0 0
1716029311902 454.0 0
1716029312396 455.0 0
1716029312879 456.0 0
1716029313370 457.0 0
1716029313878 458.0 0
1716029314356 459.0 0
1716029314854 460.0 0
1716029318227 461.0 0
1716029318751 462.0 0
1716029319267 463.0 0
1716029319765 464.0 0
1716029320259 465.0 0
1716029320739 466.0 0
1716029321235 467.0 0
1716029321729 468.0 0
1716029322252 469.0 0
1716029322738 470.0 0
1716029326202 471.0 0
1716029326708 472.0 0
1716029327232 473.0 0
1716029327721 474.0 0
1716029328204 475.0 0
1716029328688 476.0 0
1716029329172 477.0 0
1716029329660 478.0 0
1716029330149 479.0 0
1716029330625 480.0 0
1716029334253 481.0 0
1716029334760 482.0 0
1716029335266 483.0 0
1716029335776 484.0 0
1716029336260 485.0 0
1716029336735 486.0 0
1716029337250 487.0 0
1716029337771 488.0 0
1716029338275 489.0 0
1716029338763 490.0 0
1716029342834 491.0 0
1716029343355 492.0 0
1716029343847 493.0 0
1716029344348 494.0 0
1716029344830 495.0 0
1716029345320 496.0 0
1716029345824 497.0 0
1716029346341 498.0 0
1716029346854 499.0 0
1716029347363 500.0 0
1716029351460 501.0 0
1716029351954 502.0 0
1716029352435 503.0 0
1716029352927 504.0 0
1716029353413 505.0 0
1716029353901 506.0 0
1716029354397 507.0 0
1716029354872 508.0 0
1716029355364 509.0 0
1716029355851 510.0 0
1716029359617 511.0 0
1716029360112 512.0 0
1716029360614 513.0 0
1716029361094 514.0 0
1716029361584 515.0 0
1716029362065 516.0 0
1716029362553 517.0 0
1716029363047 518.0 0
1716029363521 519.0 0
1716029364010 520.0 0
1716029368586 521.0 0
1716029369067 522.0 0
1716029369567 523.0 0
1716029370054 524.0 0
1716029370537 525.0 0
1716029371016 526.0 0
1716029371494 527.0 0
1716029371987 528.0 0
1716029372472 529.0 0
1716029372961 530.0 0
1716029376667 531.0 0
1716029377165 532.0 0
1716029377655 533.0 0
1716029378143 534.0 0
1716029378626 535.0 0
1716029379118 536.0 0
1716029379599 537.0 0
1716029380080 538.0 0
1716029380565 539.0 0
1716029381050 540.0 0
1716029384481 541.0 0
1716029384985 542.0 0
1716029385491 543.0 0
1716029385996 544.0 0
1716029386485 545.0 0
1716029386979 546.0 0
1716029387486 547.0 0
1716029387981 548.0 0
1716029388491 549.0 0
1716029389013 550.0 0
1716029394973 551.0 0
1716029395492 552.0 0
1716029396011 553.0 0
1716029396527 554.0 0
1716029397024 555.0 0
1716029397513 556.0 0
1716029398013 557.0 0
1716029398519 558.0 0
1716029399038 559.0 0
1716029399528 560.0 0
1716029403738 561.0 0
1716029404240 562.0 0
1716029404736 563.0 0
1716029405226 564.0 0
1716029405721 565.0 0
1716029406204 566.0 0
1716029406705 567.0 0
1716029407210 568.0 0
1716029407714 569.0 0
1716029408208 570.0 0
1716029412642 571.0 0
1716029413144 572.0 0
1716029413657 573.0 0
1716029414174 574.0 0
1716029414670 575.0 0
1716029415171 576.0 0
1716029415675 577.0 0
1716029416171 578.0 0
1716029416694 579.0 0
1716029417220 580.0 0
1716029421577 581.0 0
1716029422104 582.0 0
1716029422597 583.0 0
1716029423129 584.0 0
1716029423631 585.0 0
1716029424128 586.0 0
1716029424672 587.0 0
1716029425171 588.0 0
1716029425673 589.0 0
1716029426194 590.0 0
1716029430965 591.0 0
1716029431475 592.0 0
1716029431973 593.0 0
1716029432480 594.0 0
1716029432970 595.0 0
1716029433461 596.0 0
1716029434004 597.0 0
1716029434495 598.0 0
1716029435012 599.0 0
1716029435492 600.0 0
1716029439777 601.0 0
1716029440278 602.0 0
1716029440768 603.0 0
1716029441260 604.0 0
1716029441752 605.0 0
1716029442247 606.0 0
1716029442716 607.0 0
1716029443169 608.0 0
1716029443638 609.0 0
1716029444122 610.0 0
1716029448593 611.0 0
1716029449144 612.0 0
1716029449672 613.0 0
1716029450195 614.0 0
1716029450706 615.0 0
1716029451219 616.0 0
1716029451742 617.0 0
1716029452263 618.0 0
1716029452761 619.0 0
1716029453301 620.0 0
1716029458031 621.0 0
1716029458553 622.0 0
1716029459065 623.0 0
1716029459573 624.0 0
1716029460048 625.0 0
1716029460560 626.0 0
1716029461081 627.0 0
1716029461591 628.0 0
1716029462102 629.0 0
1716029462595 630.0 0
1716029467012 631.0 0
1716029467492 632.0 0
1716029467964 633.0 0
1716029468465 634.0 0
1716029468956 635.0 0
1716029469440 636.0 0
1716029469924 637.0 0
1716029470414 638.0 0
1716029470885 639.0 0
1716029471361 640.0 0
1716029475173 641.0 0
1716029475685 642.0 0
1716029476181 643.0 0
1716029476716 644.0 0
1716029477217 645.0 0
1716029477734 646.0 0
1716029478276 647.0 0
1716029478779 648.0 0
1716029479296 649.0 0
1716029479807 650.0 0
1716029484151 651.0 0
1716029484656 652.0 0
1716029485162 653.0 0
1716029485680 654.0 0
1716029486157 655.0 0
1716029486676 656.0 0
1716029487247 657.0 0
1716029488036 658.0 0
1716029488542 659.0 0
1716029489050 660.0 0
1716029493597 661.0 0
1716029494097 662.0 0
1716029494610 663.0 0
1716029495115 664.0 0
1716029495621 665.0 0
1716029496126 666.0 0
1716029496632 667.0 0
1716029497131 668.0 0
1716029497650 669.0 0
1716029498179 670.0 0
1716029503331 671.0 0
1716029503841 672.0 0
1716029504352 673.0 0
1716029504860 674.0 0
1716029505362 675.0 0
1716029505881 676.0 0
1716029506377 677.0 0
1716029506868 678.0 0
1716029507376 679.0 0
1716029507875 680.0 0
1716029512858 681.0 0
1716029513372 682.0 0
1716029513863 683.0 0
1716029514351 684.0 0
1716029514832 685.0 0
1716029515312 686.0 0
1716029515817 687.0 0
1716029516302 688.0 0
1716029516796 689.0 0
1716029517278 690.0 0
1716029521835 691.0 0
1716029522356 692.0 0
1716029522883 693.0 0
1716029523383 694.0 0
1716029523911 695.0 0
1716029524407 696.0 0
1716029524919 697.0 0
1716029525423 698.0 0
1716029525926 699.0 0
1716029526418 700.0 0
1716029533208 701.0 0
1716029533721 702.0 0
1716029534212 703.0 0
1716029534701 704.0 0
1716029535171 705.0 0
1716029535663 706.0 0
1716029536157 707.0 0
1716029536641 708.0 0
1716029537120 709.0 0
1716029537596 710.0 0
1716029541380 711.0 0
1716029541893 712.0 0
1716029542392 713.0 0
1716029542865 714.0 0
1716029543370 715.0 0
1716029543864 716.0 0
1716029544352 717.0 0
1716029544841 718.0 0
1716029545321 719.0 0
1716029545811 720.0 0
1716029549355 721.0 0
1716029549876 722.0 0
1716029550365 723.0 0
1716029550867 724.0 0
1716029551347 725.0 0
1716029551828 726.0 0
1716029552321 727.0 0
1716029552814 728.0 0
1716029553299 729.0 0
1716029553793 730.0 0
1716029556827 731.0 0
1716029557334 732.0 0
1716029557828 733.0 0
1716029558302 734.0 0
1716029558799 735.0 0
1716029559291 736.0 0
1716029559774 737.0 0
1716029560264 738.0 0
1716029560752 739.0 0
1716029561239 740.0 0
1716029564796 741.0 0
1716029565293 742.0 0
1716029565791 743.0 0
1716029566282 744.0 0
1716029566771 745.0 0
1716029567257 746.0 0
1716029567742 747.0 0
1716029568230 748.0 0
1716029568717 749.0 0
1716029569199 750.0 0
1716029573540 751.0 0
1716029574046 752.0 0
1716029574545 753.0 0
1716029575048 754.0 0
1716029575539 755.0 0
1716029576035 756.0 0
1716029576528 757.0 0
1716029577025 758.0 0
1716029577522 759.0 0
1716029578028 760.0 0
1716029582848 761.0 0
1716029583378 762.0 0
1716029584067 763.0 0
1716029584695 764.0 0
1716029585267 765.0 0
1716029585791 766.0 0
1716029586295 767.0 0
1716029586794 768.0 0
1716029587292 769.0 0
