1716028909846 7.732227802276611 0
1716028910407 7.201658725738525 0
1716028910900 6.913604259490967 0
1716028911509 6.647439479827881 0
1716028912050 6.394460678100586 0
1716028912553 6.181339263916016 0
1716028913059 6.050523281097412 0
1716028913557 5.927836894989014 0
1716028914044 5.817934513092041 0
1716028914543 5.696885585784912 0
1716028920122 5.567277908325195 0
1716028920668 5.412890911102295 0
1716028921187 5.22611141204834 0
1716028921714 5.002664566040039 0
1716028922200 4.759498119354248 0
1716028922703 4.5126824378967285 0
1716028923216 4.309305191040039 0
1716028923759 4.112848281860352 0
1716028924314 3.908158302307129 0
1716028924860 3.7265994548797607 0
1716028929948 3.577183723449707 0
1716028930517 3.447347402572632 0
1716028931206 3.336444854736328 0
1716028931766 3.249636650085449 0
1716028932301 3.174386739730835 0
1716028932834 3.096712112426758 0
1716028933351 3.021393299102783 0
1716028933880 2.9549245834350586 0
1716028934391 2.9015965461730957 0
1716028934892 2.841439723968506 0
1716028939510 2.7864460945129395 0
1716028940040 2.7442963123321533 0
1716028940568 2.70245623588562 0
1716028941081 2.6609129905700684 0
1716028941594 2.626774549484253 0
1716028942095 2.59816312789917 0
1716028942585 2.5590176582336426 0
1716028943082 2.523862838745117 0
1716028943571 2.4887588024139404 0
1716028944085 2.4519262313842773 0
1716028948869 2.4204652309417725 0
1716028949391 2.384962320327759 0
1716028949882 2.3540871143341064 0
1716028950393 2.3202927112579346 0
1716028950901 2.288262367248535 0
1716028951410 2.2524399757385254 0
1716028951913 2.220673084259033 0
1716028952443 2.188544511795044 0
1716028952939 2.160219430923462 0
1716028953449 2.1290225982666016 0
1716028957760 2.1008379459381104 0
1716028958250 2.072235107421875 0
1716028958775 2.0470359325408936 0
1716028959271 2.023406982421875 0
1716028959754 1.9979994297027588 0
1716028960241 1.9738328456878662 0
1716028960734 1.951715111732483 0
1716028961243 1.9300686120986938 0
1716028961745 1.9080331325531006 0
1716028962250 1.8872849941253662 0
1716028966991 1.8670536279678345 0
1716028967502 1.8457670211791992 0
1716028968007 1.8248176574707031 0
1716028968509 1.8056281805038452 0
1716028969024 1.7861254215240479 0
1716028969541 1.7649036645889282 0
1716028970036 1.7458124160766602 0
1716028970545 1.7277541160583496 0
1716028971068 1.7081819772720337 0
1716028971569 1.6895869970321655 0
1716028976159 1.670928955078125 0
1716028976680 1.6516669988632202 0
1716028977179 1.6332969665527344 0
1716028977737 1.6154426336288452 0
1716028978254 1.5986371040344238 0
1716028978747 1.5819758176803589 0
1716028979235 1.570517897605896 0
1716028979818 1.55856454372406 0
1716028980419 1.5471525192260742 0
1716028980953 1.517059564590454 0
1716028986318 1.4973243474960327 0
1716028986848 1.4833898544311523 0
1716028987355 1.4670597314834595 0
1716028987858 1.444588303565979 0
1716028988378 1.4281665086746216 0
1716028988881 1.4158014059066772 0
1716028989372 1.394659161567688 0
1716028989879 1.3792184591293335 0
1716028990384 1.3676191568374634 0
1716028990902 1.3492927551269531 0
1716028995620 1.3346920013427734 0
1716028996137 1.3198916912078857 0
1716028996675 1.3028355836868286 0
1716028997193 1.2902038097381592 0
1716028997685 1.2713645696640015 0
1716028998167 1.2625585794448853 0
1716028998650 1.2426646947860718 0
1716028999134 1.2287286520004272 0
1716028999631 1.2135465145111084 0
1716029000116 1.19722318649292 0
1716029005133 1.1860015392303467 0
1716029005724 1.171405553817749 0
1716029006242 1.162156343460083 0
1716029006794 1.1456513404846191 0
1716029007292 1.1358720064163208 0
1716029007818 1.1215206384658813 0
1716029008312 1.1121031045913696 0
1716029008797 1.09678053855896 0
1716029009293 1.08447265625 0
1716029009816 1.0722535848617554 0
1716029014541 1.0615174770355225 0
1716029015088 1.0518521070480347 0
1716029015605 1.0416909456253052 0
1716029016145 1.0399465560913086 0
1716029016668 1.0353134870529175 0
1716029017175 1.0347480773925781 0
1716029017660 1.0183498859405518 0
1716029018153 0.9940435290336609 0
1716029018635 0.993437647819519 0
1716029019135 0.9994438886642456 0
1716029024061 0.9984071850776672 0
1716029024596 0.9705193042755127 0
1716029025107 0.9600613713264465 0
1716029025597 0.9673366546630859 0
1716029026092 0.9450215697288513 0
1716029026585 0.938273012638092 0
1716029027075 0.9311303496360779 0
1716029027560 0.9157016277313232 0
1716029028050 0.9110127091407776 0
1716029028538 0.9007841348648071 0
1716029032669 0.8904901742935181 0
1716029033183 0.8823310136795044 0
1716029033692 0.8779792189598083 0
1716029034216 0.8629505634307861 0
1716029034732 0.8607816100120544 0
1716029035216 0.850157618522644 0
1716029035724 0.8414406180381775 0
1716029036215 0.8373073935508728 0
1716029036709 0.8306770920753479 0
1716029037204 0.8218099474906921 0
1716029042230 0.8150501251220703 0
1716029042769 0.8088967800140381 0
1716029043294 0.7984814643859863 0
1716029043807 0.7935906648635864 0
1716029044329 0.7830345630645752 0
1716029044827 0.7791928648948669 0
1716029045347 0.7684710621833801 0
1716029045914 0.768390417098999 0
1716029046434 0.7730393409729004 0
1716029046944 0.7777885794639587 0
1716029051597 0.7838600873947144 0
1716029052100 0.7731032371520996 0
1716029052635 0.7620939612388611 0
1716029053171 0.7660109400749207 0
1716029053729 0.7458866834640503 0
1716029054256 0.7419080138206482 0
1716029054774 0.7327940464019775 0
1716029055280 0.7213738560676575 0
1716029055789 0.7159770131111145 0
1716029056302 0.7057081460952759 0
1716029060979 0.7011497616767883 0
1716029061491 0.6927199959754944 0
1716029062000 0.6819133162498474 0
1716029062533 0.6759940385818481 0
1716029063053 0.6690739989280701 0
1716029063567 0.6604251265525818 0
1716029064080 0.6548225283622742 0
1716029064603 0.648400068283081 0
1716029065117 0.6402466297149658 0
1716029065602 0.6334033012390137 0
1716029069980 0.6273400783538818 0
1716029070501 0.6216336488723755 0
1716029071009 0.6146907806396484 0
1716029071502 0.6069052219390869 0
1716029072000 0.602058470249176 0
1716029072517 0.595490574836731 0
1716029073051 0.5899766683578491 0
1716029073549 0.5833805203437805 0
1716029074059 0.5769012570381165 0
1716029074572 0.5715215802192688 0
1716029078953 0.5653449892997742 0
1716029079463 0.5593749284744263 0
1716029079962 0.5534908771514893 0
1716029080459 0.5478240847587585 0
1716029080956 0.5420209765434265 0
1716029081452 0.5364471673965454 0
1716029081945 0.5313485264778137 0
1716029082477 0.5267661809921265 0
1716029082986 0.5216434001922607 0
1716029083539 0.5164347290992737 0
1716029089169 0.5119044184684753 0
1716029089692 0.5062053203582764 0
1716029090246 0.5015506744384766 0
1716029090773 0.4960090219974518 0
1716029091306 0.4915603697299957 0
1716029091823 0.48754218220710754 0
1716029092327 0.4833541810512543 0
1716029092833 0.4799456298351288 0
1716029093325 0.47397398948669434 0
1716029093847 0.4697764813899994 0
1716029098500 0.466717004776001 0
1716029099027 0.46334224939346313 0
1716029099649 0.45878246426582336 0
1716029100212 0.45343345403671265 0
1716029100719 0.450507253408432 0
1716029101219 0.446985125541687 0
1716029101718 0.4438515305519104 0
1716029102231 0.4400957524776459 0
1716029102727 0.4357159435749054 0
1716029103222 0.434177041053772 0
1716029107758 0.4333435893058777 0
1716029108267 0.4295938014984131 0
1716029108776 0.4248247444629669 0
1716029109276 0.42212605476379395 0
1716029109777 0.4223916828632355 0
1716029110279 0.4182779788970947 0
1716029110771 0.4137304425239563 0
1716029111268 0.4110053479671478 0
1716029111770 0.40798699855804443 0
1716029112280 0.40442970395088196 0
1716029117211 0.4009276330471039 0
1716029117721 0.39923471212387085 0
1716029118230 0.39521169662475586 0
1716029118734 0.3937256336212158 0
1716029119269 0.39050400257110596 0
1716029119778 0.38820818066596985 0
1716029120335 0.38582879304885864 0
1716029120832 0.38310471177101135 0
1716029121354 0.38147708773612976 0
1716029121842 0.3787941038608551 0
1716029126362 0.37614455819129944 0
1716029126890 0.3732047379016876 0
1716029127416 0.37105533480644226 0
1716029127903 0.36925026774406433 0
1716029128416 0.3672535717487335 0
1716029128927 0.3650156259536743 0
1716029129453 0.3620853126049042 0
1716029129942 0.35990872979164124 0
1716029130437 0.3578980267047882 0
1716029131004 0.35619744658470154 0
1716029135828 0.3540956377983093 0
1716029136366 0.35166776180267334 0
1716029136869 0.34952136874198914 0
1716029137367 0.34747928380966187 0
1716029137866 0.34585240483283997 0
1716029138372 0.34390634298324585 0
1716029138880 0.3417995870113373 0
1716029139372 0.33985427021980286 0
1716029139890 0.33811283111572266 0
1716029140427 0.3364434838294983 0
1716029145684 0.3346002995967865 0
1716029146308 0.3327770233154297 0
1716029146808 0.3309869170188904 0
1716029147323 0.3293507695198059 0
1716029147816 0.3277808427810669 0
1716029148346 0.3260688781738281 0
1716029148843 0.32437777519226074 0
1716029149339 0.32273516058921814 0
1716029149837 0.321184366941452 0
1716029150345 0.31966930627822876 0
1716029154336 0.31807878613471985 0
1716029154839 0.31651872396469116 0
1716029155331 0.3149980902671814 0
1716029155845 0.31354671716690063 0
1716029156354 0.31209585070610046 0
1716029156863 0.3106323480606079 0
1716029157351 0.30916905403137207 0
1716029157840 0.3077532649040222 0
1716029158347 0.3063840866088867 0
1716029158847 0.3050077557563782 0
1716029163169 0.3036476671695709 0
1716029163698 0.30227795243263245 0
1716029164188 0.3009558916091919 0
1716029164728 0.29965513944625854 0
1716029165238 0.29836559295654297 0
1716029165736 0.2970809042453766 0
1716029166219 0.2958027124404907 0
1716029166709 0.2945576012134552 0
1716029167199 0.2933260500431061 0
1716029167688 0.2921123206615448 0
1716029171734 0.2909003794193268 0
1716029172291 0.2897028625011444 0
1716029172822 0.28852564096450806 0
1716029173331 0.28735998272895813 0
1716029173835 0.2862105667591095 0
1716029174334 0.28506553173065186 0
1716029174824 0.2839314639568329 0
1716029175417 0.28281164169311523 0
1716029175926 0.28170421719551086 0
1716029176424 0.28060606122016907 0
1716029180793 0.2795127034187317 0
1716029181283 0.2784280776977539 0
1716029181827 0.2773524820804596 0
1716029182324 0.276284396648407 0
1716029182835 0.2752242684364319 0
1716029183349 0.2741680443286896 0
1716029183876 0.2731163501739502 0
1716029184401 0.27207157015800476 0
1716029184959 0.2710320055484772 0
1716029185459 0.2700004279613495 0
1716029189883 0.26897433400154114 0
1716029190358 0.26795434951782227 0
1716029190878 0.2669420540332794 0
1716029191381 0.26593872904777527 0
1716029191886 0.2649451792240143 0
1716029192372 0.2639608085155487 0
1716029192864 0.2629864513874054 0
1716029193366 0.2620207965373993 0
1716029193862 0.26106584072113037 0
1716029194356 0.2601199448108673 0
1716029198447 0.2591838240623474 0
1716029198936 0.2582572400569916 0
1716029199433 0.2573390007019043 0
1716029199926 0.25643008947372437 0
1716029200414 0.2555317282676697 0
1716029200897 0.25464147329330444 0
1716029201377 0.25376105308532715 0
1716029201858 0.2528899312019348 0
1716029202347 0.2520272731781006 0
1716029202832 0.2511744201183319 0
1716029205633 0.2503308057785034 0
1716029206126 0.24949610233306885 0
1716029206650 0.2486702799797058 0
1716029207134 0.24785415828227997 0
1716029207628 0.2470465898513794 0
1716029208133 0.24624696373939514 0
1716029208629 0.24545633792877197 0
1716029209124 0.2446737438440323 0
1716029209642 0.243899405002594 0
1716029210136 0.24313345551490784 0
1716029214738 0.2423756718635559 0
1716029215242 0.2416248321533203 0
1716029215732 0.24088212847709656 0
1716029216217 0.2401467114686966 0
1716029216707 0.2394186556339264 0
1716029217197 0.23869691789150238 0
1716029217677 0.23798298835754395 0
1716029218164 0.2372753769159317 0
1716029218656 0.23657451570034027 0
1716029219157 0.2358800619840622 0
1716029222570 0.23519210517406464 0
1716029223051 0.23451025784015656 0
1716029223532 0.23383402824401855 0
1716029223998 0.23316437005996704 0
1716029224489 0.2325005978345871 0
1716029224980 0.2318422496318817 0
1716029225461 0.23118938505649567 0
1716029225938 0.23054203391075134 0
1716029226416 0.22990065813064575 0
1716029226903 0.2292640507221222 0
1716029229717 0.228632852435112 0
1716029230220 0.22800768911838531 0
1716029230712 0.22738777101039886 0
1716029231188 0.2267754226922989 0
1716029231700 0.2261713147163391 0
1716029232177 0.2255842387676239 0
1716029232658 0.2250303328037262 0
1716029233143 0.22457477450370789 0
1716029233625 0.22437748312950134 0
1716029234112 0.2254137396812439 0
1716029236826 0.23462389409542084 0
1716029237326 0.5791409611701965 0
1716029237827 0.3538152873516083 0
1716029238310 0.5317673087120056 0
1716029238793 0.3581883907318115 0
1716029239273 0.5857712030410767 0
1716029239750 0.4819405972957611 0
1716029240249 0.4652077257633209 0
1716029240735 0.45440277457237244 0
1716029241236 0.4846912920475006 0
1716029245807 0.3670969605445862 0
1716029246317 0.41352126002311707 0
1716029246807 0.38442158699035645 0
1716029247298 0.3438780903816223 0
1716029247843 0.3957318365573883 0
1716029248347 0.39166295528411865 0
1716029248869 0.36352893710136414 0
1716029249377 0.350005567073822 0
1716029249869 0.33101314306259155 0
1716029250369 0.316589891910553 0
1716029254604 0.30745401978492737 0
1716029255094 0.29833468794822693 0
1716029255616 0.2940637171268463 0
1716029256101 0.28662431240081787 0
1716029256600 0.27770790457725525 0
1716029257094 0.275501549243927 0
1716029257597 0.271655797958374 0
1716029258118 0.26589664816856384 0
1716029258610 0.260275661945343 0
1716029259112 0.2576892077922821 0
1716029263368 0.25437864661216736 0
1716029263859 0.24918502569198608 0
1716029264361 0.2445446401834488 0
1716029264853 0.24245017766952515 0
1716029265355 0.24123457074165344 0
1716029265862 0.23943790793418884 0
1716029266359 0.23596061766147614 0
1716029266855 0.23406751453876495 0
1716029267343 0.23194557428359985 0
1716029267829 0.22973312437534332 0
1716029271474 0.22824056446552277 0
1716029271956 0.2262698858976364 0
1716029272437 0.22425195574760437 0
1716029272916 0.22253629565238953 0
1716029273403 0.22168904542922974 0
1716029273886 0.22092294692993164 0
1716029274374 0.21950113773345947 0
1716029274865 0.21826039254665375 0
1716029275349 0.21723122894763947 0
1716029275841 0.21599717438220978 0
1716029278902 0.21489191055297852 0
1716029279392 0.21398548781871796 0
1716029279880 0.21330539882183075 0
1716029280373 0.21247628331184387 0
1716029280881 0.21155105531215668 0
1716029281372 0.2107473462820053 0
1716029281866 0.21002255380153656 0
1716029282352 0.20936216413974762 0
1716029282825 0.20873978734016418 0
1716029283293 0.2080794870853424 0
1716029286901 0.20744144916534424 0
1716029287392 0.2068464607000351 0
1716029287882 0.206271231174469 0
1716029288390 0.20567725598812103 0
1716029288876 0.20513677597045898 0
1716029289364 0.20460554957389832 0
1716029289846 0.2040923684835434 0
1716029290326 0.20360058546066284 0
1716029290816 0.20312154293060303 0
1716029291309 0.20262163877487183 0
1716029295320 0.20212550461292267 0
1716029295830 0.2016935497522354 0
1716029296305 0.2012777179479599 0
1716029296785 0.2008383870124817 0
1716029297266 0.20038959383964539 0
1716029297752 0.19995799660682678 0
1716029298228 0.19955022633075714 0
1716029298709 0.19915419816970825 0
1716029299191 0.19875869154930115 0
1716029299680 0.19835862517356873 0
1716029302756 0.19796030223369598 0
1716029303253 0.19757874310016632 0
1716029303739 0.19721060991287231 0
1716029304232 0.19683140516281128 0
1716029304733 0.19645439088344574 0
1716029305217 0.19609053432941437 0
1716029305734 0.19573168456554413 0
1716029306239 0.19537557661533356 0
1716029306746 0.19501973688602448 0
1716029307223 0.19466502964496613 0
1716029310404 0.19431477785110474 0
1716029310900 0.19396959245204926 0
1716029311400 0.1936284750699997 0
1716029311889 0.1932872086763382 0
1716029312381 0.1929454505443573 0
1716029312862 0.19260545074939728 0
1716029313349 0.19227121770381927 0
1716029313862 0.19193938374519348 0
1716029314344 0.19160757958889008 0
1716029314834 0.19127720594406128 0
1716029318220 0.19094862043857574 0
1716029318709 0.1906232088804245 0
1716029319222 0.1902989149093628 0
1716029319750 0.18997760117053986 0
1716029320246 0.18965619802474976 0
1716029320725 0.18933694064617157 0
1716029321218 0.18901917338371277 0
1716029321711 0.18870283663272858 0
1716029322227 0.18838855624198914 0
1716029322722 0.18807457387447357 0
1716029326194 0.1877627819776535 0
1716029326695 0.18745234608650208 0
1716029327217 0.18714286386966705 0
1716029327705 0.18683509528636932 0
1716029328189 0.18652719259262085 0
1716029328673 0.18622106313705444 0
1716029329158 0.1859169602394104 0
1716029329643 0.18561342358589172 0
1716029330134 0.1853109449148178 0
1716029330613 0.18500953912734985 0
1716029334246 0.18470938503742218 0
1716029334748 0.18440958857536316 0
1716029335252 0.1841110736131668 0
1716029335758 0.1838141679763794 0
1716029336256 0.18351784348487854 0
1716029336731 0.1832227110862732 0
1716029337231 0.18292804062366486 0
1716029337765 0.1826338768005371 0
1716029338258 0.18234136700630188 0
1716029338758 0.18204940855503082 0
1716029342827 0.18175843358039856 0
1716029343332 0.18146835267543793 0
1716029343834 0.18117865920066833 0
1716029344334 0.18088944256305695 0
1716029344816 0.18060186505317688 0
1716029345305 0.1803143173456192 0
1716029345801 0.18002735078334808 0
1716029346319 0.17974133789539337 0
1716029346836 0.17945607006549835 0
1716029347347 0.17917084693908691 0
1716029351453 0.1788870245218277 0
1716029351938 0.17860300838947296 0
1716029352427 0.1783197522163391 0
1716029352913 0.17803724110126495 0
1716029353398 0.17775531113147736 0
1716029353883 0.17747360467910767 0
1716029354376 0.17719298601150513 0
1716029354861 0.1769130975008011 0
1716029355346 0.17663294076919556 0
1716029355837 0.17635425925254822 0
1716029359607 0.17607639729976654 0
1716029360095 0.1757986694574356 0
1716029360611 0.17552202939987183 0
1716029361080 0.1752467304468155 0
1716029361570 0.17497041821479797 0
1716029362052 0.17469659447669983 0
1716029362540 0.1744229942560196 0
1716029363034 0.1741492599248886 0
1716029363507 0.1738772690296173 0
1716029363997 0.1736045628786087 0
1716029368573 0.17333346605300903 0
1716029369055 0.17306335270404816 0
1716029369555 0.17279301583766937 0
1716029370044 0.17252346873283386 0
1716029370526 0.17225518822669983 0
1716029371002 0.17198748886585236 0
1716029371481 0.17171962559223175 0
1716029371964 0.17145317792892456 0
1716029372456 0.1711864173412323 0
1716029372942 0.17092104256153107 0
1716029376654 0.1706562489271164 0
1716029377145 0.17039147019386292 0
1716029377632 0.17012807726860046 0
1716029378127 0.16986429691314697 0
1716029378609 0.16960187256336212 0
1716029379102 0.1693406105041504 0
1716029379587 0.16907885670661926 0
1716029380068 0.16881774365901947 0
1716029380550 0.1685577780008316 0
1716029381038 0.16829779744148254 0
1716029384466 0.16803796589374542 0
1716029384964 0.16777931153774261 0
1716029385469 0.16752158105373383 0
1716029385982 0.16726432740688324 0
1716029386470 0.16700692474842072 0
1716029386968 0.16675060987472534 0
1716029387474 0.16649459302425385 0
1716029387961 0.16623945534229279 0
1716029388470 0.16598430275917053 0
1716029388994 0.16572986543178558 0
1716029394954 0.16547709703445435 0
1716029395474 0.16522298753261566 0
1716029395993 0.16496992111206055 0
1716029396511 0.16471874713897705 0
1716029397011 0.16446663439273834 0
1716029397499 0.16421614587306976 0
1716029397999 0.16396519541740417 0
1716029398510 0.163715660572052 0
1716029399023 0.16346612572669983 0
1716029399515 0.16321715712547302 0
1716029403731 0.16296853125095367 0
1716029404222 0.16272062063217163 0
1716029404722 0.16247300803661346 0
1716029405213 0.16222713887691498 0
1716029405709 0.16198013722896576 0
1716029406193 0.16173528134822845 0
1716029406695 0.1614895612001419 0
1716029407192 0.16124536097049713 0
1716029407697 0.16100090742111206 0
1716029408191 0.16075794398784637 0
1716029412634 0.16051459312438965 0
1716029413133 0.16027188301086426 0
1716029413635 0.160030335187912 0
1716029414153 0.1597888320684433 0
1716029414654 0.1595468670129776 0
1716029415159 0.15930679440498352 0
1716029415662 0.15906567871570587 0
1716029416160 0.15882669389247894 0
1716029416682 0.15858811140060425 0
1716029417198 0.15834864974021912 0
1716029421566 0.15811078250408173 0
1716029422088 0.1578730344772339 0
1716029422584 0.15763485431671143 0
1716029423114 0.15739811956882477 0
1716029423618 0.15716132521629333 0
1716029424116 0.15692521631717682 0
1716029424652 0.15668877959251404 0
1716029425161 0.1564534306526184 0
1716029425660 0.15621833503246307 0
1716029426172 0.15598373115062714 0
1716029430955 0.15574948489665985 0
1716029431464 0.15551570057868958 0
1716029431959 0.15528208017349243 0
1716029432474 0.15504814684391022 0
1716029432957 0.15481548011302948 0
1716029433439 0.1545829325914383 0
1716029433999 0.15435081720352173 0
1716029434484 0.15411865711212158 0
1716029435003 0.15388710796833038 0
1716029435482 0.15365593135356903 0
1716029439766 0.15342463552951813 0
1716029440263 0.15319445729255676 0
1716029440753 0.15296447277069092 0
1716029441246 0.15273456275463104 0
1716029441735 0.1525048464536667 0
1716029442227 0.1522761583328247 0
1716029442712 0.15204750001430511 0
1716029443165 0.15181902050971985 0
1716029443625 0.15159077942371368 0
1716029444109 0.15136344730854034 0
1716029448562 0.15113647282123566 0
1716029449130 0.1509099006652832 0
1716029449640 0.15068376064300537 0
1716029450181 0.1504574567079544 0
1716029450692 0.15023240447044373 0
1716029451207 0.15000808238983154 0
1716029451723 0.1497831791639328 0
1716029452249 0.149558886885643 0
1716029452751 0.14933545887470245 0
1716029453273 0.14911258220672607 0
1716029458025 0.1488906890153885 0
1716029458534 0.1486685872077942 0
1716029459031 0.1484469175338745 0
1716029459562 0.14822664856910706 0
1716029460039 0.1480059027671814 0
1716029460547 0.14778657257556915 0
1716029461046 0.14756718277931213 0
1716029461580 0.14734888076782227 0
1716029462086 0.1471308022737503 0
1716029462580 0.14691287279129028 0
1716029467006 0.14669612050056458 0
1716029467473 0.14648012816905975 0
1716029467953 0.14626412093639374 0
1716029468447 0.14604897797107697 0
1716029468937 0.145834818482399 0
1716029469425 0.145621195435524 0
1716029469906 0.14540764689445496 0
1716029470399 0.14519557356834412 0
1716029470874 0.1449839472770691 0
1716029471349 0.1447739154100418 0
1716029475158 0.14456689357757568 0
1716029475651 0.14436082541942596 0
1716029476168 0.1441650092601776 0
1716029476692 0.14396654069423676 0
1716029477202 0.14381356537342072 0
1716029477712 0.14360548555850983 0
1716029478264 0.1435345560312271 0
1716029478764 0.14319589734077454 0
1716029479285 0.14296281337738037 0
1716029479785 0.14270170032978058 0
1716029484142 0.14249591529369354 0
1716029484630 0.14232730865478516 0
1716029485136 0.14213991165161133 0
1716029485653 0.1420084834098816 0
1716029486146 0.14172251522541046 0
1716029486655 0.1414908766746521 0
1716029487186 0.1412714719772339 0
1716029488032 0.1410788595676422 0
1716029488518 0.14090724289417267 0
1716029489034 0.14072315394878387 0
1716029493581 0.14059759676456451 0
1716029494083 0.1403367519378662 0
1716029494588 0.14014646410942078 0
1716029495104 0.1398991197347641 0
1716029495604 0.13968250155448914 0
1716029496109 0.1394832879304886 0
1716029496609 0.13929881155490875 0
1716029497118 0.13913117349147797 0
1716029497641 0.13894060254096985 0
1716029498172 0.13879816234111786 0
1716029503317 0.13856284320354462 0
1716029503825 0.13837338984012604 0
1716029504337 0.13813872635364532 0
1716029504854 0.13793054223060608 0
1716029505350 0.13773301243782043 0
1716029505867 0.13754555583000183 0
1716029506370 0.137367382645607 0
1716029506857 0.13718703389167786 0
1716029507363 0.13703587651252747 0
1716029507863 0.1368340253829956 0
1716029512853 0.13669537007808685 0
1716029513349 0.13644883036613464 0
1716029513844 0.1362609714269638 0
1716029514334 0.1360405683517456 0
1716029514822 0.1358407586812973 0
1716029515300 0.1356470137834549 0
1716029515788 0.13546122610569 0
1716029516288 0.1352822631597519 0
1716029516779 0.135104238986969 0
1716029517266 0.134940966963768 0
1716029521824 0.1347576081752777 0
1716029522331 0.13462287187576294 0
1716029522867 0.13441050052642822 0
1716029523365 0.13427549600601196 0
1716029523889 0.13402605056762695 0
1716029524393 0.13382861018180847 0
1716029524907 0.133621945977211 0
1716029525412 0.13343527913093567 0
1716029525914 0.13326098024845123 0
1716029526406 0.13309215009212494 0
1716029533202 0.13294361531734467 0
1716029533704 0.13275741040706635 0
1716029534195 0.13261888921260834 0
1716029534682 0.13239718973636627 0
1716029535155 0.13221900165081024 0
1716029535648 0.13201038539409637 0
1716029536133 0.13182149827480316 0
1716029536625 0.13164032995700836 0
1716029537107 0.13146422803401947 0
1716029537584 0.13129550218582153 0
1716029541370 0.13112756609916687 0
1716029541872 0.13097620010375977 0
1716029542380 0.1307993233203888 0
1716029542854 0.13066992163658142 0
1716029543346 0.13046079874038696 0
1716029543850 0.13031122088432312 0
1716029544341 0.13009145855903625 0
1716029544825 0.12990641593933105 0
1716029545309 0.12971776723861694 0
1716029545792 0.1295422911643982 0
1716029549342 0.129375621676445 0
1716029549863 0.12921307981014252 0
1716029550342 0.12906193733215332 0
1716029550849 0.12889191508293152 0
1716029551334 0.12875357270240784 0
1716029551817 0.12855955958366394 0
1716029552306 0.12840580940246582 0
1716029552798 0.1282055675983429 0
1716029553284 0.12802933156490326 0
1716029553772 0.12784984707832336 0
1716029556813 0.12767885625362396 0
1716029557316 0.12751172482967377 0
1716029557805 0.12735019624233246 0
1716029558289 0.12719199061393738 0
1716029558786 0.12703348696231842 0
1716029559274 0.1268889605998993 0
1716029559760 0.1267240196466446 0
1716029560249 0.12659800052642822 0
1716029560735 0.1264108419418335 0
1716029561223 0.12627673149108887 0
1716029564782 0.12607285380363464 0
1716029565280 0.1259041279554367 0
1716029565776 0.12572422623634338 0
1716029566261 0.12555749714374542 0
1716029566759 0.1253994256258011 0
1716029567241 0.12524649500846863 0
1716029567724 0.12510055303573608 0
1716029568213 0.12494832277297974 0
1716029568703 0.12481476366519928 0
1716029569184 0.1246475875377655 0
1716029573530 0.12451621890068054 0
1716029574042 0.12433455139398575 0
1716029574533 0.12418552488088608 0
1716029575028 0.12400826811790466 0
1716029575526 0.12384883314371109 0
1716029576019 0.12368592619895935 0
1716029576515 0.12352896481752396 0
1716029577007 0.12337449193000793 0
1716029577508 0.12322361022233963 0
1716029578010 0.12307471036911011 0
1716029582830 0.1229267343878746 0
1716029583358 0.1227848082780838 0
1716029583987 0.1226397231221199 0
1716029584663 0.12251611799001694 0
1716029585231 0.12236805260181427 0
1716029585782 0.12228238582611084 0
1716029586284 0.12209492921829224 0
1716029586788 0.12200561910867691 0
1716029587285 0.1217634305357933 0
