1716028909869 1.2577738761901855 0
1716028910424 0.55007004737854 0
1716028910932 0.5025956630706787 0
1716028911554 0.6075320243835449 0
1716028912073 0.5102720260620117 0
1716028912581 0.4998338222503662 0
1716028913087 0.4992859363555908 0
1716028913575 0.4828028678894043 0
1716028914072 0.49125003814697266 0
1716028914570 0.49019384384155273 0
1716028920145 1.5132160186767578 0
1716028920697 0.5484178066253662 0
1716028921204 0.5020010471343994 0
1716028921730 0.5213539600372314 0
1716028922228 0.4931027889251709 0
1716028922727 0.4910128116607666 0
1716028923239 0.5040929317474365 0
1716028923799 0.5564651489257812 0
1716028924324 0.5206191539764404 0
1716028924878 0.5504820346832275 0
1716028929969 1.333940029144287 0
1716028930613 0.636505126953125 0
1716028931247 0.6187729835510254 0
1716028931794 0.5429790019989014 0
1716028932323 0.5208868980407715 0
1716028932853 0.5252931118011475 0
1716028933376 0.5177638530731201 0
1716028933896 0.5160090923309326 0
1716028934408 0.5079538822174072 0
1716028934917 0.504457950592041 0
1716028939546 1.1160118579864502 0
1716028940057 0.5063750743865967 0
1716028940582 0.5193150043487549 0
1716028941103 0.51816725730896 0
1716028941615 0.5068199634552002 0
1716028942113 0.49210596084594727 0
1716028942605 0.48820018768310547 0
1716028943100 0.49025392532348633 0
1716028943588 0.4843151569366455 0
1716028944097 0.5041358470916748 0
1716028948883 1.0821688175201416 0
1716028949408 0.5212647914886475 0
1716028949907 0.4943685531616211 0
1716028950419 0.5084059238433838 0
1716028950921 0.497236967086792 0
1716028951429 0.5038111209869385 0
1716028951934 0.5017168521881104 0
1716028952463 0.5243959426879883 0
1716028952971 0.5030851364135742 0
1716028953461 0.48383092880249023 0
1716028957782 1.0197439193725586 0
1716028958297 0.5119361877441406 0
1716028958801 0.4976949691772461 0
1716028959290 0.4848818778991699 0
1716028959773 0.4788529872894287 0
1716028960263 0.48379993438720703 0
1716028960762 0.48893117904663086 0
1716028961267 0.49784398078918457 0
1716028961765 0.48977088928222656 0
1716028962270 0.4963688850402832 0
1716028967003 1.2646980285644531 0
1716028967520 0.5106449127197266 0
1716028968032 0.5081100463867188 0
1716028968521 0.484544038772583 0
1716028969048 0.5200290679931641 0
1716028969560 0.5084607601165771 0
1716028970053 0.48597288131713867 0
1716028970568 0.5111250877380371 0
1716028971085 0.5089550018310547 0
1716028971587 0.49715209007263184 0
1716028976174 1.0542259216308594 0
1716028976691 0.5108020305633545 0
1716028977241 0.5418639183044434 0
1716028977766 0.511174201965332 0
1716028978271 0.4962341785430908 0
1716028978764 0.4891059398651123 0
1716028979254 0.4862987995147705 0
1716028979874 0.6155946254730225 0
1716028980440 0.5618197917938232 0
1716028980963 0.5052280426025391 0
1716028986337 1.3476319313049316 0
1716028986864 0.5239739418029785 0
1716028987376 0.5018389225006104 0
1716028987886 0.5049271583557129 0
1716028988403 0.5126981735229492 0
1716028988900 0.4936099052429199 0
1716028989389 0.4848051071166992 0
1716028989896 0.5023820400238037 0
1716028990394 0.49343395233154297 0
1716028990934 0.5358061790466309 0
1716028995640 1.221055269241333 0
1716028996160 0.5166618824005127 0
1716028996700 0.5330040454864502 0
1716028997211 0.4996788501739502 0
1716028997705 0.4900038242340088 0
1716028998188 0.4779691696166992 0
1716028998667 0.47431278228759766 0
1716028999155 0.48067474365234375 0
1716028999642 0.4830601215362549 0
1716029000135 0.48410701751708984 0
1716029005157 1.0428619384765625 0
1716029005759 0.5975959300994873 0
1716029006287 0.5224399566650391 0
1716029006813 0.5210580825805664 0
1716029007331 0.514754056930542 0
1716029007841 0.5047950744628906 0
1716029008329 0.48188185691833496 0
1716029008815 0.4826228618621826 0
1716029009322 0.5030629634857178 0
1716029009834 0.5043892860412598 0
1716029014559 1.1255998611450195 0
1716029015107 0.5428190231323242 0
1716029015641 0.5308530330657959 0
1716029016165 0.5195960998535156 0
1716029016692 0.5173497200012207 0
1716029017191 0.4927330017089844 0
1716029017676 0.4813191890716553 0
1716029018169 0.4843568801879883 0
1716029018652 0.47935986518859863 0
1716029019152 0.4958760738372803 0
1716029024086 1.2641558647155762 0
1716029024620 0.5277848243713379 0
1716029025128 0.5004138946533203 0
1716029025618 0.4843111038208008 0
1716029026110 0.48636913299560547 0
1716029026608 0.4933147430419922 0
1716029027084 0.4698469638824463 0
1716029027582 0.4927990436553955 0
1716029028072 0.48106908798217773 0
1716029028563 0.4835798740386963 0
1716029032680 0.97170090675354 0
1716029033200 0.5155720710754395 0
1716029033716 0.5026412010192871 0
1716029034248 0.5268001556396484 0
1716029034748 0.49585914611816406 0
1716029035240 0.4889218807220459 0
1716029035745 0.5005209445953369 0
1716029036237 0.4867238998413086 0
1716029036735 0.4918789863586426 0
1716029037222 0.4797170162200928 0
1716029042242 1.2072908878326416 0
1716029042791 0.5400760173797607 0
1716029043321 0.5253119468688965 0
1716029043856 0.5251522064208984 0
1716029044356 0.4949350357055664 0
1716029044851 0.486875057220459 0
1716029045397 0.5213921070098877 0
1716029045936 0.5173509120941162 0
1716029046459 0.5148880481719971 0
1716029046972 0.5075740814208984 0
1716029051611 1.3732190132141113 0
1716029052120 0.4969358444213867 0
1716029052684 0.5542290210723877 0
1716029053202 0.5119678974151611 0
1716029053768 0.5338382720947266 0
1716029054286 0.5098190307617188 0
1716029054802 0.5090179443359375 0
1716029055307 0.4965090751647949 0
1716029055819 0.5029911994934082 0
1716029056323 0.49610114097595215 0
1716029061002 1.0494329929351807 0
1716029061510 0.5049312114715576 0
1716029062027 0.5003578662872314 0
1716029062561 0.5298421382904053 0
1716029063076 0.5095658302307129 0
1716029063589 0.5094470977783203 0
1716029064111 0.5160882472991943 0
1716029064628 0.5083608627319336 0
1716029065138 0.5010249614715576 0
1716029065626 0.4847099781036377 0
1716029069996 1.0004231929779053 0
1716029070526 0.5247528553009033 0
1716029071025 0.4941539764404297 0
1716029071523 0.4951040744781494 0
1716029072021 0.4923839569091797 0
1716029072549 0.5174798965454102 0
1716029073069 0.51509690284729 0
1716029073577 0.4978139400482178 0
1716029074085 0.5000948905944824 0
1716029074595 0.5013070106506348 0
1716029078968 0.9192636013031006 0
1716029079495 0.5229101181030273 0
1716029079997 0.4932839870452881 0
1716029080480 0.47588205337524414 0
1716029080981 0.4937009811401367 0
1716029081470 0.4819638729095459 0
1716029081966 0.48822689056396484 0
1716029082500 0.5262181758880615 0
1716029083005 0.4995698928833008 0
1716029083559 0.537898063659668 0
1716029089181 1.212838888168335 0
1716029089713 0.5274641513824463 0
1716029090268 0.5500671863555908 0
1716029090801 0.526339054107666 0
1716029091324 0.5172469615936279 0
1716029091842 0.5150573253631592 0
1716029092346 0.49976086616516113 0
1716029092851 0.4979829788208008 0
1716029093347 0.4902760982513428 0
1716029093857 0.5042269229888916 0
1716029098517 1.0433480739593506 0
1716029099057 0.535667896270752 0
1716029099690 0.6225910186767578 0
1716029100230 0.5287487506866455 0
1716029100741 0.5074901580810547 0
1716029101235 0.4896409511566162 0
1716029101747 0.5081977844238281 0
1716029102248 0.49612903594970703 0
1716029102750 0.49906206130981445 0
1716029103239 0.4847910404205322 0
1716029107773 0.9615671634674072 0
1716029108292 0.5153710842132568 0
1716029108790 0.49207496643066406 0
1716029109293 0.49894118309020996 0
1716029109792 0.49219512939453125 0
1716029110295 0.49891185760498047 0
1716029110793 0.4943709373474121 0
1716029111288 0.4905381202697754 0
1716029111786 0.4929831027984619 0
1716029112301 0.510591983795166 0
1716029117232 1.144831895828247 0
1716029117735 0.4987969398498535 0
1716029118251 0.510840892791748 0
1716029118758 0.5026888847351074 0
1716029119295 0.5244321823120117 0
1716029119798 0.4989943504333496 0
1716029120352 0.5495648384094238 0
1716029120857 0.49945926666259766 0
1716029121376 0.5138061046600342 0
1716029121865 0.4816300868988037 0
1716029126388 1.0149579048156738 0
1716029126929 0.5366847515106201 0
1716029127434 0.4906802177429199 0
1716029127929 0.4909689426422119 0
1716029128446 0.5089571475982666 0
1716029128962 0.5092780590057373 0
1716029129471 0.49349498748779297 0
1716029129961 0.4850311279296875 0
1716029130467 0.49918699264526367 0
1716029131029 0.5558028221130371 0
1716029135850 1.044550895690918 0
1716029136393 0.5368778705596924 0
1716029136897 0.49713683128356934 0
1716029137399 0.4942460060119629 0
1716029137894 0.4869801998138428 0
1716029138398 0.4969301223754883 0
1716029138899 0.49233031272888184 0
1716029139394 0.49083876609802246 0
1716029139914 0.5134739875793457 0
1716029140451 0.5283942222595215 0
1716029145791 1.322354793548584 0
1716029146326 0.5154950618743896 0
1716029146833 0.5023629665374756 0
1716029147336 0.4965071678161621 0
1716029147853 0.5117061138153076 0
1716029148362 0.5039279460906982 0
1716029148868 0.4988868236541748 0
1716029149361 0.48260974884033203 0
1716029149865 0.49543023109436035 0
1716029150375 0.500114917755127 0
1716029154352 0.8961870670318604 0
1716029154857 0.499392032623291 0
1716029155353 0.49204587936401367 0
1716029155872 0.5086960792541504 0
1716029156380 0.503119945526123 0
1716029156880 0.49007105827331543 0
1716029157376 0.49053478240966797 0
1716029157871 0.4873230457305908 0
1716029158374 0.4954686164855957 0
1716029158873 0.49019789695739746 0
1716029163194 1.3376576900482178 0
1716029163714 0.5169839859008789 0
1716029164221 0.500575065612793 0
1716029164750 0.5224790573120117 0
1716029165267 0.5032460689544678 0
1716029165763 0.48291587829589844 0
1716029166245 0.473142147064209 0
1716029166738 0.4860410690307617 0
1716029167231 0.48227810859680176 0
1716029167712 0.47164487838745117 0
1716029171764 0.9844090938568115 0
1716029172302 0.5328459739685059 0
1716029172840 0.5272152423858643 0
1716029173348 0.4999227523803711 0
1716029173855 0.5030217170715332 0
1716029174354 0.49472999572753906 0
1716029174886 0.5280439853668213 0
1716029175447 0.5521106719970703 0
1716029175940 0.4850940704345703 0
1716029176448 0.5032687187194824 0
1716029180808 1.0061249732971191 0
1716029181310 0.49773383140563965 0
1716029181857 0.541374921798706 0
1716029182341 0.4780111312866211 0
1716029182864 0.5155301094055176 0
1716029183387 0.5139899253845215 0
1716029183902 0.5062241554260254 0
1716029184434 0.5227420330047607 0
1716029184971 0.5267269611358643 0
1716029185469 0.4938480854034424 0
1716029189901 0.9964618682861328 0
1716029190380 0.47219204902648926 0
1716029190901 0.5121350288391113 0
1716029191410 0.5025529861450195 0
1716029191899 0.48040175437927246 0
1716029192393 0.4899308681488037 0
1716029192891 0.49539899826049805 0
1716029193392 0.49323010444641113 0
1716029193897 0.49578094482421875 0
1716029194383 0.47838425636291504 0
1716029198458 0.9430820941925049 0
1716029198970 0.5087080001831055 0
1716029199464 0.48510265350341797 0
1716029199958 0.4850749969482422 0
1716029200438 0.472667932510376 0
1716029200921 0.47454214096069336 0
1716029201397 0.46889400482177734 0
1716029201885 0.4794619083404541 0
1716029202376 0.48201966285705566 0
1716029202855 0.46996188163757324 0
1716029205647 0.5539641380310059 0
1716029206175 0.5243871212005615 0
1716029206675 0.4903092384338379 0
1716029207163 0.47988009452819824 0
1716029207660 0.48801612854003906 0
1716029208155 0.48783373832702637 0
1716029208657 0.48407816886901855 0
1716029209164 0.49716806411743164 0
1716029209672 0.5000100135803223 0
1716029210159 0.4788339138031006 0
1716029214756 1.1200838088989258 0
1716029215265 0.5020589828491211 0
1716029215758 0.4821469783782959 0
1716029216245 0.47986698150634766 0
1716029216736 0.48257899284362793 0
1716029217219 0.4734981060028076 0
1716029217704 0.4793431758880615 0
1716029218191 0.4784572124481201 0
1716029218681 0.4748508930206299 0
1716029219176 0.4872550964355469 0
1716029222581 0.7615478038787842 0
1716029223081 0.49609804153442383 0
1716029223550 0.4607119560241699 0
1716029224026 0.47120094299316406 0
1716029224511 0.4774811267852783 0
1716029225005 0.4863719940185547 0
1716029225486 0.4736630916595459 0
1716029225958 0.4639148712158203 0
1716029226442 0.4756159782409668 0
1716029226930 0.47919392585754395 0
1716029229728 0.5321860313415527 0
1716029230255 0.5219321250915527 0
1716029230736 0.4729926586151123 0
1716029231226 0.4826688766479492 0
1716029231718 0.48267698287963867 0
1716029232197 0.47632884979248047 0
1716029232681 0.47620177268981934 0
1716029233170 0.4819777011871338 0
1716029233655 0.4760589599609375 0
1716029234142 0.4802250862121582 0
1716029236849 0.513167142868042 0
1716029237357 0.5029449462890625 0
1716029237845 0.4801981449127197 0
1716029238332 0.47943806648254395 0
1716029238816 0.47366905212402344 0
1716029239294 0.4700169563293457 0
1716029239785 0.48181915283203125 0
1716029240280 0.4885990619659424 0
1716029240768 0.48022890090942383 0
1716029241254 0.47965002059936523 0
1716029245828 1.291700839996338 0
1716029246326 0.4913780689239502 0
1716029246824 0.4952869415283203 0
1716029247326 0.4961240291595459 0
1716029247867 0.5324082374572754 0
1716029248384 0.5085170269012451 0
1716029248890 0.4985380172729492 0
1716029249387 0.4882543087005615 0
1716029249881 0.4900779724121094 0
1716029250393 0.508033037185669 0
1716029254613 1.0023488998413086 0
1716029255132 0.515430212020874 0
1716029255630 0.48931193351745605 0
1716029256124 0.48577117919921875 0
1716029256625 0.49378395080566406 0
1716029257120 0.4867699146270752 0
1716029257628 0.49779701232910156 0
1716029258134 0.49747514724731445 0
1716029258639 0.4976778030395508 0
1716029259138 0.49129605293273926 0
1716029263379 1.1320838928222656 0
1716029263881 0.49930691719055176 0
1716029264376 0.48710012435913086 0
1716029264880 0.4977900981903076 0
1716029265381 0.488173246383667 0
1716029265882 0.49219417572021484 0
1716029266388 0.4970433712005615 0
1716029266876 0.48099422454833984 0
1716029267365 0.48158884048461914 0
1716029267851 0.47792482376098633 0
1716029271491 0.5569660663604736 0
1716029271980 0.48266124725341797 0
1716029272450 0.45688891410827637 0
1716029272946 0.48919105529785156 0
1716029273429 0.4743211269378662 0
1716029273913 0.47592902183532715 0
1716029274402 0.4796607494354248 0
1716029274888 0.47655415534973145 0
1716029275376 0.47950124740600586 0
1716029275867 0.4822268486022949 0
1716029278916 0.7958710193634033 0
1716029279417 0.4972879886627197 0
1716029279904 0.4793710708618164 0
1716029280397 0.4851558208465576 0
1716029280899 0.49774813652038574 0
1716029281405 0.49451422691345215 0
1716029281892 0.477553129196167 0
1716029282373 0.47390103340148926 0
1716029282835 0.454071044921875 0
1716029283312 0.47211694717407227 0
1716029286917 0.9133129119873047 0
1716029287419 0.49770307540893555 0
1716029287923 0.49506378173828125 0
1716029288414 0.4821953773498535 0
1716029288906 0.4843289852142334 0
1716029289386 0.47211599349975586 0
1716029289866 0.47229695320129395 0
1716029290355 0.4820210933685303 0
1716029290849 0.48461198806762695 0
1716029291335 0.47876596450805664 0
1716029295338 0.936722993850708 0
1716029295848 0.5053951740264893 0
1716029296332 0.4802279472351074 0
1716029296814 0.47542786598205566 0
1716029297290 0.46768999099731445 0
1716029297779 0.4801180362701416 0
1716029298250 0.46399903297424316 0
1716029298732 0.47453904151916504 0
1716029299221 0.4807906150817871 0
1716029299704 0.4738738536834717 0
1716029302769 0.5346848964691162 0
1716029303275 0.49804115295410156 0
1716029303761 0.48094964027404785 0
1716029304261 0.4927699565887451 0
1716029304752 0.4841299057006836 0
1716029305243 0.4880251884460449 0
1716029305759 0.5079391002655029 0
1716029306267 0.4985818862915039 0
1716029306755 0.48026490211486816 0
1716029307245 0.48665285110473633 0
1716029310413 0.5101199150085449 0
1716029310934 0.5172910690307617 0
1716029311429 0.4846537113189697 0
1716029311919 0.4820289611816406 0
1716029312404 0.4774048328399658 0
1716029312890 0.4778156280517578 0
1716029313380 0.4820590019226074 0
1716029313883 0.49434924125671387 0
1716029314371 0.4792439937591553 0
1716029314864 0.48525500297546387 0
1716029318230 0.8931348323822021 0
1716029318756 0.5222311019897461 0
1716029319279 0.518488883972168 0
1716029319771 0.48229312896728516 0
1716029320264 0.48821091651916504 0
1716029320755 0.4821939468383789 0
1716029321245 0.48270273208618164 0
1716029321748 0.4940199851989746 0
1716029322258 0.5024380683898926 0
1716029322748 0.4861440658569336 0
1716029326207 0.5413517951965332 0
1716029326724 0.5135219097137451 0
1716029327242 0.48332905769348145 0
1716029327737 0.4865128993988037 0
1716029328213 0.46868205070495605 0
1716029328698 0.47663378715515137 0
1716029329185 0.47361302375793457 0
1716029329670 0.47638583183288574 0
1716029330157 0.4795100688934326 0
1716029330636 0.46997976303100586 0
1716029334259 1.15665602684021 0
1716029334766 0.5031781196594238 0
1716029335270 0.4986410140991211 0
1716029335783 0.5078039169311523 0
1716029336264 0.47711896896362305 0
1716029336739 0.47094035148620605 0
1716029337257 0.5142080783843994 0
1716029337779 0.5139191150665283 0
1716029338287 0.49817800521850586 0
1716029338767 0.47202205657958984 0
1716029342837 0.9572398662567139 0
1716029343364 0.5234229564666748 0
1716029343867 0.4955730438232422 0
1716029344354 0.47776007652282715 0
1716029344840 0.4817068576812744 0
1716029345336 0.48807287216186523 0
1716029345832 0.48917675018310547 0
1716029346349 0.5082240104675293 0
1716029346872 0.5160489082336426 0
1716029347374 0.4933609962463379 0
1716029351463 0.9588170051574707 0
1716029351970 0.502842903137207 0
1716029352442 0.4645869731903076 0
1716029352936 0.4874560832977295 0
1716029353420 0.4773538112640381 0
1716029353910 0.4825282096862793 0
1716029354405 0.488206148147583 0
1716029354883 0.4696519374847412 0
1716029355373 0.4821200370788574 0
1716029355861 0.4793710708618164 0
1716029359620 0.8898842334747314 0
1716029360146 0.5226430892944336 0
1716029360617 0.4635779857635498 0
1716029361103 0.4830038547515869 0
1716029361592 0.48133397102355957 0
1716029362077 0.4769418239593506 0
1716029362563 0.4773678779602051 0
1716029363050 0.47702670097351074 0
1716029363532 0.4782569408416748 0
1716029364018 0.47832822799682617 0
1716029368594 1.2220301628112793 0
1716029369092 0.49357008934020996 0
1716029369580 0.47988295555114746 0
1716029370062 0.46649169921875 0
1716029370542 0.4759252071380615 0
1716029371027 0.47745418548583984 0
1716029371504 0.46843886375427246 0
1716029371996 0.48287367820739746 0
1716029372483 0.47976088523864746 0
1716029372971 0.47972679138183594 0
1716029376670 0.9351060390472412 0
1716029377173 0.5000579357147217 0
1716029377665 0.4841787815093994 0
1716029378153 0.4799323081970215 0
1716029378637 0.47535014152526855 0
1716029379128 0.48270511627197266 0
1716029379608 0.465806245803833 0
1716029380091 0.4739542007446289 0
1716029380575 0.47594285011291504 0
1716029381063 0.4797861576080322 0
1716029384487 1.0808050632476807 0
1716029384993 0.5009832382202148 0
1716029385497 0.4965519905090332 0
1716029386000 0.49786376953125 0
1716029386502 0.49858880043029785 0
1716029386992 0.4814608097076416 0
1716029387492 0.489948034286499 0
1716029387991 0.49556803703308105 0
1716029388513 0.5124390125274658 0
1716029389025 0.5061221122741699 0
1716029394976 1.2311952114105225 0
1716029395505 0.5255579948425293 0
1716029396015 0.5025548934936523 0
1716029396532 0.5132701396942139 0
1716029397034 0.4976999759674072 0
1716029397523 0.48101210594177246 0
1716029398043 0.5101010799407959 0
1716029398528 0.47684288024902344 0
1716029399045 0.5104901790618896 0
1716029399544 0.4918808937072754 0
1716029403743 0.9919259548187256 0
1716029404256 0.5092980861663818 0
1716029404745 0.4814918041229248 0
1716029405240 0.48137402534484863 0
1716029405728 0.4793081283569336 0
1716029406218 0.48433995246887207 0
1716029406715 0.4893529415130615 0
1716029407217 0.4971921443939209 0
1716029407731 0.506587028503418 0
1716029408214 0.4757659435272217 0
1716029412646 1.0793020725250244 0
1716029413155 0.5050868988037109 0
1716029413685 0.5208888053894043 0
1716029414185 0.4928250312805176 0
1716029414688 0.4920840263366699 0
1716029415180 0.48488402366638184 0
1716029415686 0.49706506729125977 0
1716029416191 0.49680209159851074 0
1716029416716 0.5160708427429199 0
1716029417231 0.5081498622894287 0
1716029421582 1.0924537181854248 0
1716029422108 0.5219318866729736 0
1716029422615 0.5017619132995605 0
1716029423135 0.5015869140625 0
1716029423641 0.49866795539855957 0
1716029424142 0.4922938346862793 0
1716029424678 0.5272989273071289 0
1716029425184 0.5001509189605713 0
1716029425691 0.4996800422668457 0
1716029426202 0.5033459663391113 0
1716029430986 1.2516348361968994 0
1716029431486 0.49582791328430176 0
1716029431996 0.5012619495391846 0
1716029432486 0.4822719097137451 0
1716029432973 0.48165464401245117 0
1716029433475 0.4986238479614258 0
1716029434008 0.5262022018432617 0
1716029434505 0.4923717975616455 0
1716029435022 0.4932270050048828 0
1716029435496 0.4653759002685547 0
1716029439788 0.9645991325378418 0
1716029440287 0.4921901226043701 0
1716029440782 0.48770689964294434 0
1716029441268 0.47979116439819336 0
1716029441763 0.4854710102081299 0
1716029442257 0.48485398292541504 0
1716029442719 0.453110933303833 0
1716029443172 0.4499671459197998 0
1716029443647 0.4723989963531494 0
1716029444132 0.4766089916229248 0
1716029448599 1.3619129657745361 0
1716029449149 0.5450167655944824 0
1716029449677 0.523115873336792 0
1716029450202 0.519320011138916 0
1716029450714 0.4974651336669922 0
1716029451223 0.5020279884338379 0
1716029451746 0.5194737911224365 0
1716029452270 0.5186870098114014 0
1716029452779 0.503166913986206 0
1716029453310 0.5252170562744141 0
1716029458040 1.2165729999542236 0
1716029458561 0.515444278717041 0
1716029459075 0.5055670738220215 0
1716029459579 0.49877405166625977 0
1716029460055 0.4722299575805664 0
1716029460569 0.5096800327301025 0
1716029461088 0.5051729679107666 0
1716029461599 0.5044662952423096 0
1716029462110 0.5042109489440918 0
1716029462612 0.49846720695495605 0
1716029467015 0.9590530395507812 0
1716029467501 0.4825761318206787 0
1716029467976 0.4686570167541504 0
1716029468471 0.4862940311431885 0
1716029468966 0.4898369312286377 0
1716029469449 0.47428083419799805 0
1716029469937 0.4808640480041504 0
1716029470424 0.4795827865600586 0
1716029470894 0.4623851776123047 0
1716029471370 0.46788787841796875 0
1716029475178 1.015429973602295 0
1716029475692 0.5108449459075928 0
1716029476189 0.490541934967041 0
1716029476720 0.5244688987731934 0
1716029477222 0.49799323081970215 0
1716029477743 0.5157229900360107 0
1716029478282 0.5313501358032227 0
1716029478786 0.4945681095123291 0
1716029479303 0.5046432018280029 0
1716029479815 0.5029199123382568 0
1716029484155 1.0010161399841309 0
1716029484665 0.5052380561828613 0
1716029485170 0.49744296073913574 0
1716029485683 0.5054788589477539 0
1716029486174 0.4875059127807617 0
1716029486682 0.4995601177215576 0
1716029487513 0.8244588375091553 0
1716029488039 0.51216721534729 0
1716029488548 0.5051672458648682 0
1716029489058 0.503972053527832 0
1716029493601 0.9923319816589355 0
1716029494114 0.5089130401611328 0
1716029494619 0.49361371994018555 0
1716029495127 0.4995760917663574 0
1716029495634 0.4973628520965576 0
1716029496130 0.4865689277648926 0
1716029496635 0.5019729137420654 0
1716029497147 0.5063989162445068 0
1716029497655 0.5011610984802246 0
1716029498184 0.5255477428436279 0
1716029503337 1.1529650688171387 0
1716029503848 0.5075979232788086 0
1716029504361 0.5078139305114746 0
1716029504866 0.486555814743042 0
1716029505378 0.5031411647796631 0
1716029505891 0.5046358108520508 0
1716029506382 0.4824368953704834 0
1716029506890 0.5023298263549805 0
1716029507385 0.48613500595092773 0
1716029507893 0.49323105812072754 0
1716029512862 1.0163922309875488 0
1716029513381 0.5149881839752197 0
1716029513872 0.4818150997161865 0
1716029514358 0.47887372970581055 0
1716029514840 0.4752802848815918 0
1716029515328 0.48108911514282227 0
1716029515824 0.4884810447692871 0
1716029516312 0.4823150634765625 0
1716029516806 0.4850592613220215 0
1716029517288 0.47356510162353516 0
1716029521838 1.2190897464752197 0
1716029522384 0.542712926864624 0
1716029522893 0.5014729499816895 0
1716029523401 0.4999358654022217 0
1716029523914 0.5035371780395508 0
1716029524428 0.5106661319732666 0
1716029524936 0.49836206436157227 0
1716029525433 0.4893167018890381 0
1716029525936 0.4958350658416748 0
1716029526428 0.48430895805358887 0
1716029533212 1.1665019989013672 0
1716029533727 0.5091209411621094 0
1716029534223 0.4849579334259033 0
1716029534705 0.47390317916870117 0
1716029535182 0.4733140468597412 0
1716029535671 0.48058009147644043 0
1716029536166 0.487260103225708 0
1716029536649 0.4757058620452881 0
1716029537130 0.47245025634765625 0
1716029537605 0.46750593185424805 0
1716029541389 0.6948590278625488 0
1716029541903 0.506417989730835 0
1716029542402 0.4871079921722412 0
1716029542882 0.4733293056488037 0
1716029543381 0.4914371967315674 0
1716029543877 0.48702311515808105 0
1716029544362 0.4736299514770508 0
1716029544850 0.479996919631958 0
1716029545332 0.47457385063171387 0
1716029545822 0.48258423805236816 0
1716029549366 0.7863678932189941 0
1716029549882 0.5078859329223633 0
1716029550374 0.4862039089202881 0
1716029550878 0.49055004119873047 0
1716029551359 0.4713170528411865 0
1716029551839 0.4707977771759033 0
1716029552332 0.4835519790649414 0
1716029552825 0.4816129207611084 0
1716029553309 0.47536683082580566 0
1716029553805 0.48731398582458496 0
1716029556841 0.5726199150085449 0
1716029557343 0.49558281898498535 0
1716029557837 0.4873683452606201 0
1716029558312 0.4662821292877197 0
1716029558808 0.48879218101501465 0
1716029559302 0.4853048324584961 0
1716029559784 0.4734659194946289 0
1716029560274 0.4762890338897705 0
1716029560764 0.4790687561035156 0
1716029561250 0.4772350788116455 0
1716029564804 0.8991549015045166 0
1716029565304 0.4951019287109375 0
1716029565799 0.48678112030029297 0
1716029566299 0.4902679920196533 0
1716029566780 0.4732780456542969 0
1716029567266 0.47739291191101074 0
1716029567753 0.4785621166229248 0
1716029568242 0.4811668395996094 0
1716029568725 0.4745631217956543 0
1716029569205 0.47412800788879395 0
1716029573547 1.171010971069336 0
1716029574049 0.4967007637023926 0
1716029574549 0.496337890625 0
1716029575055 0.49903011322021484 0
1716029575549 0.48252272605895996 0
1716029576045 0.48827385902404785 0
1716029576538 0.48465418815612793 0
1716029577034 0.48803281784057617 0
1716029577532 0.4877650737762451 0
1716029578041 0.4986531734466553 0
1716029582854 1.2006421089172363 0
1716029583384 0.5242280960083008 0
1716029584073 0.6808452606201172 0
1716029584700 0.6033899784088135 0
1716029585271 0.5644512176513672 0
1716029585796 0.5194511413574219 0
1716029586300 0.49963998794555664 0
1716029586800 0.4951150417327881 0
1716029587302 0.49280595779418945 0
