1716293045355 1.0 0
1716293050637 2.0 0
1716293055148 3.0 0
1716293059280 4.0 0
1716293062776 5.0 0
1716293066184 6.0 0
1716293069433 7.0 0
1716293072273 8.0 0
1716293076641 9.0 0
1716293079918 10.0 0
1716293086918 11.0 0
1716293091443 12.0 0
1716293096276 13.0 0
1716293100954 14.0 0
1716293105782 15.0 0
1716293110137 16.0 0
1716293112818 17.0 0
1716293115450 18.0 0
1716293118734 19.0 0
1716293121382 20.0 0
1716293126875 21.0 0
1716293130459 22.0 0
1716293133322 23.0 0
1716293136839 24.0 0
1716293139874 25.0 0
1716293142308 26.0 0
1716293144712 27.0 0
1716293147191 28.0 0
1716293150163 29.0 0
1716293152582 30.0 0
1716293157825 31.0 0
1716293161247 32.0 0
1716293164013 33.0 0
1716293166668 34.0 0
1716293169031 35.0 0
1716293171333 36.0 0
1716293173674 37.0 0
1716293175927 38.0 0
1716293178233 39.0 0
1716293180879 40.0 0
1716293186237 41.0 0
1716293188487 42.0 0
1716293190731 43.0 0
1716293192923 44.0 0
1716293195148 45.0 0
1716293197558 46.0 0
1716293199830 47.0 0
1716293202311 48.0 0
1716293204730 49.0 0
1716293208275 50.0 0
