1716293045327 7.44571590423584 0
1716293050571 7.405019283294678 0
1716293055125 7.381415843963623 0
1716293059260 7.363373756408691 0
1716293062761 7.347360610961914 0
1716293066161 7.332319736480713 0
1716293069407 7.31797456741333 0
1716293072264 7.304331302642822 0
1716293076596 7.291430473327637 0
1716293079901 7.279244422912598 0
1716293086901 7.267693042755127 0
1716293091406 7.256692409515381 0
1716293095980 7.2461748123168945 0
1716293100924 7.236072540283203 0
1716293105759 7.226329803466797 0
1716293110110 7.216907978057861 0
1716293112795 7.207754135131836 0
1716293115429 7.198836803436279 0
1716293118726 7.190120697021484 0
1716293121363 7.181577205657959 0
1716293126861 7.173196315765381 0
1716293130441 7.164967060089111 0
1716293133308 7.156883239746094 0
1716293136807 7.148952484130859 0
1716293139851 7.141183853149414 0
1716293142272 7.133569240570068 0
1716293144698 7.126095771789551 0
1716293147167 7.1187543869018555 0
1716293150150 7.111527919769287 0
1716293152561 7.104397296905518 0
1716293157809 7.097348690032959 0
1716293161223 7.090370178222656 0
1716293164001 7.083453178405762 0
1716293166631 7.076589584350586 0
1716293169016 7.0697712898254395 0
1716293171314 7.062979698181152 0
1716293173661 7.056212425231934 0
1716293175910 7.049459934234619 0
1716293178206 7.0427117347717285 0
1716293180844 7.035961151123047 0
1716293186223 7.029191493988037 0
1716293188469 7.022380352020264 0
1716293190714 7.015525817871094 0
1716293192904 7.008602142333984 0
1716293195128 7.001585483551025 0
1716293197539 6.994448184967041 0
1716293199814 6.98715877532959 0
1716293202289 6.979668617248535 0
1716293204714 6.971935272216797 0
1716293208259 6.963879585266113 0
