1716293045362 2.385719060897827 0
1716293050649 1.5790526866912842 0
1716293055154 1.4723031520843506 0
1716293059289 1.1339828968048096 0
1716293062783 1.1487421989440918 0
1716293066199 1.151723861694336 0
1716293069437 1.220512866973877 0
1716293072279 0.7454032897949219 0
1716293076648 1.2943849563598633 0
1716293079922 1.3219640254974365 0
1716293086923 1.9703009128570557 0
1716293091454 1.3348159790039062 0
1716293096304 1.8335258960723877 0
1716293100961 1.6777398586273193 0
1716293105788 1.4608359336853027 0
1716293110170 1.5333411693572998 0
1716293112824 0.6268689632415771 0
1716293115458 0.7633311748504639 0
1716293118737 1.2695667743682861 0
1716293121388 0.7461271286010742 0
1716293126890 1.1967520713806152 0
1716293130476 1.2487218379974365 0
1716293133327 0.6695330142974854 0
1716293136849 1.3216779232025146 0
1716293139886 0.9366416931152344 0
1716293142318 0.5851209163665771 0
1716293144718 0.5970208644866943 0
1716293147197 0.5679919719696045 0
1716293150169 0.9710907936096191 0
1716293152606 0.6742370128631592 0
1716293157834 1.248917818069458 0
1716293161257 1.2643787860870361 0
1716293164021 1.0113847255706787 0
1716293166677 0.6569280624389648 0
1716293169037 0.6482267379760742 0
1716293171340 0.5774850845336914 0
1716293173681 0.5952839851379395 0
1716293175941 0.5898187160491943 0
1716293178245 0.6174051761627197 0
1716293180885 0.5810000896453857 0
1716293186245 1.3552777767181396 0
1716293188497 0.5672521591186523 0
1716293190743 0.5757558345794678 0
1716293192930 0.5534090995788574 0
1716293195154 0.5753052234649658 0
1716293197566 0.6794099807739258 0
1716293199837 0.6488661766052246 0
1716293202327 0.6135811805725098 0
1716293204737 0.597935676574707 0
1716293208279 1.2370960712432861 0
