1715018601443 0.5516214370727539 0
1715018603282 0.5516214370727539 0
1715018605179 0.5516214966773987 0
1715018607128 0.5516214966773987 0
1715018608617 0.5516214370727539 0
1715018610106 0.5516214966773987 0
1715018611699 0.5516214966773987 0
1715018613876 0.5516215562820435 0
1715018617462 0.5516216158866882 0
1715018621188 0.5516214966773987 0
1715018632167 0.5516214966773987 0
1715018633741 0.5516214370727539 0
1715018635618 0.5516215562820435 0
1715018637958 0.5516216158866882 0
1715018639550 0.5516216158866882 0
1715018641500 0.5516214370727539 0
1715018642860 0.5516214966773987 0
1715018644218 0.5516214966773987 0
1715018645642 0.5516217350959778 0
1715018647058 0.5516215562820435 0
1715018648605 0.5516215562820435 0
1715018649983 0.5516216158866882 0
1715018651442 0.551621675491333 0
1715018652791 0.5516217350959778 0
1715018654243 0.5516214370727539 0
1715018655847 0.5516213774681091 0
1715018657227 0.5516215562820435 0
1715018658686 0.5516214370727539 0
1715018660705 0.5516215562820435 0
1715018662096 0.5516215562820435 0
1715018664420 0.5516214370727539 0
1715018665811 0.5516214370727539 0
1715018667214 0.5516215562820435 0
1715018668572 0.5516214966773987 0
1715018669963 0.5516217350959778 0
1715018671300 0.5516217947006226 0
1715018672701 0.5516215562820435 0
1715018674047 0.5516214966773987 0
1715018675944 0.5516214966773987 0
1715018677558 0.5516214370727539 0
1715018679090 0.5516214966773987 0
1715018680634 0.5516216158866882 0
1715018682113 0.551621675491333 0
1715018685091 0.5516216158866882 0
1715018686538 0.5516216158866882 0
1715018688631 0.5516214966773987 0
1715018690341 0.5516214370727539 0
1715018691789 0.5516216158866882 0
1715018693171 0.5516216158866882 0
1715018694991 0.5516215562820435 0
1715018696791 0.5516213774681091 0
1715018699342 0.5516214966773987 0
1715018700846 0.5516216158866882 0
1715018702763 0.5516215562820435 0
1715018704707 0.5516215562820435 0
1715018706328 0.5516215562820435 0
1715018708088 0.5516214966773987 0
1715018709760 0.5516215562820435 0
1715018712427 0.5516214966773987 0
1715018715387 0.5516216158866882 0
1715018719603 0.5516218543052673 0
1715018722479 0.5516218543052673 0
1715018726082 0.5516219139099121 0
1715018727703 0.5516219139099121 0
1715018729227 0.5516219139099121 0
1715018732028 0.5516219735145569 0
1715018735132 0.5516219735145569 0
1715018736960 0.5516220331192017 0
1715018739392 0.5516220927238464 0
