1715018601495 2.020341157913208 0
1715018603510 1.9983618259429932 0
1715018605684 2.0075149536132812 0
1715018607193 1.5013821125030518 0
1715018608679 1.469310998916626 0
1715018610175 1.4917523860931396 0
1715018611981 1.7783019542694092 0
1715018614125 2.0456058979034424 0
1715018617539 3.403212785720825 0
1715018621248 3.701418876647949 0
1715018632251 10.088077068328857 0
1715018633914 1.5753660202026367 0
1715018635803 1.8852109909057617 0
1715018638077 2.2676889896392822 0
1715018640019 1.9125490188598633 0
1715018641538 1.475383996963501 0
1715018642910 1.3674018383026123 0
1715018644285 1.370483160018921 0
1715018645688 1.3973472118377686 0
1715018647104 1.4093430042266846 0
1715018648656 1.4030699729919434 0
1715018650077 1.4124131202697754 0
1715018651476 1.3931310176849365 0
1715018652852 1.371654748916626 0
1715018654346 1.4827218055725098 0
1715018655878 1.5257070064544678 0
1715018657271 1.3855926990509033 0
1715018659064 1.7877590656280518 0
1715018660740 1.670544147491455 0
1715018662866 2.1217668056488037 0
1715018664455 1.4540889263153076 0
1715018665872 1.4136919975280762 0
1715018667267 1.3912699222564697 0
1715018668612 1.3379688262939453 0
1715018670004 1.3882067203521729 0
1715018671340 1.330599308013916 0
1715018672731 1.3868227005004883 0
1715018674075 1.3381099700927734 0
1715018675986 1.9069807529449463 0
1715018677584 1.5933449268341064 0
1715018679121 1.376391887664795 0
1715018680715 1.5891520977020264 0
1715018682175 1.455301284790039 0
1715018685130 2.9476118087768555 0
1715018686986 1.849078893661499 0
1715018688732 1.7388041019439697 0
1715018690395 1.6276729106903076 0
1715018691850 1.448714017868042 0
1715018693220 1.3652958869934082 0
1715018695030 1.8023488521575928 0
1715018697616 2.4611918926239014 0
1715018699377 1.7526540756225586 0
1715018700883 1.5020420551300049 0
1715018702805 1.915780782699585 0
1715018704739 1.9296319484710693 0
1715018706388 1.644747018814087 0
1715018708153 1.7618718147277832 0
1715018710166 2.007000207901001 0
1715018712528 2.3566842079162598 0
1715018716118 3.583915948867798 0
1715018719911 3.456934928894043 0
1715018723695 3.728116989135742 0
1715018726230 2.501882791519165 0
1715018727815 1.578268051147461 0
1715018729298 1.4781370162963867 0
1715018732237 2.9336440563201904 0
1715018735203 2.869141101837158 0
1715018737078 1.8705039024353027 0
1715018740204 3.0212340354919434 0
