1715612477151 7.44571590423584 0
1715612478038 7.0728983879089355 0
1715612478749 6.7560906410217285 0
1715612479625 6.488503932952881 0
1715612480516 6.345115661621094 0
1715612481227 6.211260795593262 0
1715612481937 6.077359676361084 0
1715612482707 5.942010402679443 0
1715612483435 5.799293518066406 0
1715612484562 5.624174118041992 0
1715612495306 5.4305033683776855 0
1715612496267 5.21151065826416 0
1715612497453 4.949103355407715 0
1715612498727 4.6557536125183105 0
1715612499820 4.332218647003174 0
1715612501597 4.087732315063477 0
1715612504723 3.9034643173217773 0
1715612505704 3.732449531555176 0
1715612506549 3.5517373085021973 0
1715612507526 3.4008753299713135 0
1715612515047 3.286367177963257 0
1715612515900 3.19537353515625 0
1715612516952 3.123800754547119 0
