1715612477164 1.0172247886657715 0
1715612478048 0.4911491870880127 0
1715612478756 0.49173998832702637 0
1715612479654 0.5521142482757568 0
1715612480541 0.5159101486206055 0
1715612481247 0.49056577682495117 0
1715612481977 0.5227220058441162 0
1715612482722 0.5007197856903076 0
1715612483463 0.5309808254241943 0
1715612484576 0.5426738262176514 0
1715612495325 1.4069738388061523 0
1715612496285 0.5288221836090088 0
1715612497468 0.5123670101165771 0
1715612498743 0.49644899368286133 0
1715612499835 0.5466508865356445 0
1715612501639 0.6907470226287842 0
1715612504753 1.9383411407470703 0
1715612505720 0.5024850368499756 0
1715612506574 0.5180881023406982 0
1715612507534 0.5235462188720703 0
1715612515052 1.0917439460754395 0
1715612515932 0.5172510147094727 0
1715612517063 0.8212940692901611 0
