1716272523737 1.0 0
1716272524378 2.0 0
1716272524950 3.0 0
1716272525465 4.0 0
1716272526050 5.0 0
1716272526605 6.0 0
1716272527156 7.0 0
1716272527713 8.0 0
1716272528235 9.0 0
1716272528815 10.0 0
1716272537157 11.0 0
1716272537724 12.0 0
1716272538259 13.0 0
1716272538838 14.0 0
1716272539364 15.0 0
1716272539916 16.0 0
1716272540448 17.0 0
1716272540990 18.0 0
1716272541542 19.0 0
1716272542095 20.0 0
1716272549568 21.0 0
1716272550209 22.0 0
1716272550738 23.0 0
1716272551288 24.0 0
1716272551851 25.0 0
1716272552424 26.0 0
1716272552985 27.0 0
1716272553586 28.0 0
1716272554160 29.0 0
1716272554744 30.0 0
1716272562617 31.0 0
1716272563270 32.0 0
1716272563854 33.0 0
1716272564457 34.0 0
1716272565078 35.0 0
1716272565730 36.0 0
1716272568106 37.0 0
1716272568735 38.0 0
1716272569389 39.0 0
1716272569973 40.0 0
1716272577755 41.0 0
1716272578338 42.0 0
1716272578885 43.0 0
1716272579429 44.0 0
1716272580024 45.0 0
1716272580592 46.0 0
1716272581118 47.0 0
1716272581685 48.0 0
1716272582219 49.0 0
1716272582763 50.0 0
1716272589959 51.0 0
1716272590537 52.0 0
1716272591142 53.0 0
1716272591693 54.0 0
1716272592235 55.0 0
1716272592793 56.0 0
1716272593381 57.0 0
1716272593925 58.0 0
1716272594494 59.0 0
1716272595094 60.0 0
1716272602279 61.0 0
1716272602803 62.0 0
1716272603338 63.0 0
1716272603853 64.0 0
1716272604482 65.0 0
1716272605094 66.0 0
1716272605719 67.0 0
1716272606311 68.0 0
1716272606859 69.0 0
1716272607428 70.0 0
1716272617277 71.0 0
1716272617845 72.0 0
1716272618390 73.0 0
1716272618924 74.0 0
1716272619450 75.0 0
1716272620039 76.0 0
1716272620588 77.0 0
1716272621105 78.0 0
1716272621626 79.0 0
1716272622151 80.0 0
1716272629442 81.0 0
1716272630018 82.0 0
1716272630530 83.0 0
1716272631062 84.0 0
1716272631585 85.0 0
1716272632122 86.0 0
1716272632677 87.0 0
1716272633227 88.0 0
1716272633791 89.0 0
1716272634325 90.0 0
1716272641106 91.0 0
1716272641642 92.0 0
1716272642211 93.0 0
1716272642767 94.0 0
1716272643333 95.0 0
1716272643909 96.0 0
1716272644464 97.0 0
1716272645054 98.0 0
1716272645627 99.0 0
1716272646180 100.0 0
1716272653475 101.0 0
1716272654105 102.0 0
1716272654679 103.0 0
1716272655204 104.0 0
1716272655790 105.0 0
1716272656384 106.0 0
1716272656892 107.0 0
1716272657447 108.0 0
1716272658032 109.0 0
1716272658560 110.0 0
1716272667586 111.0 0
1716272668180 112.0 0
1716272668780 113.0 0
1716272669327 114.0 0
1716272669882 115.0 0
1716272670421 116.0 0
1716272670962 117.0 0
1716272671464 118.0 0
1716272672052 119.0 0
1716272672620 120.0 0
1716272679352 121.0 0
1716272679887 122.0 0
1716272680453 123.0 0
1716272680989 124.0 0
1716272681539 125.0 0
1716272682063 126.0 0
1716272682605 127.0 0
1716272683107 128.0 0
1716272683675 129.0 0
1716272684207 130.0 0
1716272690726 131.0 0
1716272691299 132.0 0
1716272691894 133.0 0
1716272692520 134.0 0
1716272693050 135.0 0
1716272693600 136.0 0
1716272694109 137.0 0
1716272694615 138.0 0
1716272695116 139.0 0
1716272695652 140.0 0
1716272701974 141.0 0
1716272702534 142.0 0
1716272703115 143.0 0
1716272703680 144.0 0
1716272704196 145.0 0
1716272704757 146.0 0
1716272705290 147.0 0
1716272705801 148.0 0
1716272706297 149.0 0
1716272706864 150.0 0
1716272713904 151.0 0
1716272714448 152.0 0
1716272715002 153.0 0
1716272715546 154.0 0
1716272716104 155.0 0
1716272716649 156.0 0
1716272717215 157.0 0
1716272717771 158.0 0
1716272718302 159.0 0
1716272718848 160.0 0
1716272727471 161.0 0
1716272728066 162.0 0
1716272728658 163.0 0
1716272729233 164.0 0
1716272729802 165.0 0
1716272730350 166.0 0
1716272730897 167.0 0
1716272731456 168.0 0
1716272732017 169.0 0
1716272732604 170.0 0
1716272739839 171.0 0
1716272740446 172.0 0
1716272741016 173.0 0
1716272741589 174.0 0
1716272742152 175.0 0
1716272742736 176.0 0
1716272743294 177.0 0
1716272743869 178.0 0
1716272744439 179.0 0
1716272745031 180.0 0
1716272752137 181.0 0
1716272752762 182.0 0
1716272753395 183.0 0
1716272754201 184.0 0
1716272754784 185.0 0
1716272755420 186.0 0
1716272756058 187.0 0
1716272756702 188.0 0
1716272757479 189.0 0
1716272758080 190.0 0
1716272765895 191.0 0
1716272766472 192.0 0
1716272767143 193.0 0
1716272767795 194.0 0
1716272768457 195.0 0
1716272769155 196.0 0
1716272769742 197.0 0
1716272770341 198.0 0
1716272771198 199.0 0
1716272771826 200.0 0
1716272780700 201.0 0
1716272781337 202.0 0
1716272781888 203.0 0
1716272782423 204.0 0
1716272782984 205.0 0
1716272783552 206.0 0
1716272784175 207.0 0
1716272784788 208.0 0
1716272785366 209.0 0
1716272785897 210.0 0
1716272792673 211.0 0
1716272793230 212.0 0
1716272793717 213.0 0
1716272794203 214.0 0
1716272794705 215.0 0
1716272795279 216.0 0
1716272795835 217.0 0
1716272796335 218.0 0
1716272796879 219.0 0
1716272797372 220.0 0
1716272805234 221.0 0
1716272805753 222.0 0
1716272806298 223.0 0
1716272806804 224.0 0
1716272807356 225.0 0
1716272807865 226.0 0
1716272808387 227.0 0
1716272808890 228.0 0
1716272809394 229.0 0
1716272809900 230.0 0
1716272816285 231.0 0
1716272816771 232.0 0
1716272817363 233.0 0
1716272817853 234.0 0
1716272818358 235.0 0
1716272818880 236.0 0
1716272819360 237.0 0
1716272819856 238.0 0
1716272820419 239.0 0
1716272820983 240.0 0
1716272827254 241.0 0
1716272827786 242.0 0
1716272828300 243.0 0
1716272828817 244.0 0
1716272829372 245.0 0
1716272829912 246.0 0
1716272830408 247.0 0
1716272830944 248.0 0
1716272831478 249.0 0
1716272832030 250.0 0
1716272838387 251.0 0
1716272838914 252.0 0
1716272839397 253.0 0
1716272839911 254.0 0
1716272840404 255.0 0
1716272840932 256.0 0
1716272841442 257.0 0
1716272841940 258.0 0
1716272842483 259.0 0
1716272842972 260.0 0
1716272849250 261.0 0
1716272849733 262.0 0
1716272850252 263.0 0
1716272850759 264.0 0
1716272851272 265.0 0
1716272851793 266.0 0
1716272852327 267.0 0
1716272852844 268.0 0
1716272853334 269.0 0
1716272853852 270.0 0
1716272860088 271.0 0
1716272860608 272.0 0
1716272861505 273.0 0
1716272862031 274.0 0
1716272862589 275.0 0
1716272863121 276.0 0
1716272863633 277.0 0
1716272864241 278.0 0
1716272864788 279.0 0
1716272865306 280.0 0
1716272873615 281.0 0
1716272874217 282.0 0
1716272874736 283.0 0
1716272875339 284.0 0
1716272875935 285.0 0
1716272876487 286.0 0
1716272877001 287.0 0
1716272877558 288.0 0
1716272878127 289.0 0
1716272878790 290.0 0
1716272885889 291.0 0
1716272886706 292.0 0
1716272887268 293.0 0
1716272887797 294.0 0
1716272888317 295.0 0
1716272888846 296.0 0
1716272889391 297.0 0
1716272889946 298.0 0
1716272890488 299.0 0
1716272890999 300.0 0
1716272899889 301.0 0
1716272900451 302.0 0
1716272901002 303.0 0
1716272901569 304.0 0
1716272902175 305.0 0
1716272902823 306.0 0
1716272903511 307.0 0
1716272904144 308.0 0
1716272904763 309.0 0
1716272905353 310.0 0
1716272912705 311.0 0
1716272913252 312.0 0
1716272913762 313.0 0
1716272914323 314.0 0
1716272914926 315.0 0
1716272915495 316.0 0
1716272916087 317.0 0
1716272916651 318.0 0
1716272917194 319.0 0
1716272917747 320.0 0
1716272924693 321.0 0
1716272925272 322.0 0
1716272925818 323.0 0
1716272926326 324.0 0
1716272926815 325.0 0
1716272927359 326.0 0
1716272927922 327.0 0
1716272928507 328.0 0
1716272929042 329.0 0
1716272929615 330.0 0
1716272936380 331.0 0
1716272937564 332.0 0
1716272938199 333.0 0
1716272938757 334.0 0
1716272939333 335.0 0
1716272939948 336.0 0
1716272940547 337.0 0
1716272941145 338.0 0
1716272941724 339.0 0
1716272942327 340.0 0
1716272951162 341.0 0
1716272951782 342.0 0
1716272952429 343.0 0
1716272952955 344.0 0
1716272953495 345.0 0
1716272954047 346.0 0
1716272954618 347.0 0
1716272955218 348.0 0
1716272955779 349.0 0
1716272956410 350.0 0
1716272963812 351.0 0
1716272964333 352.0 0
1716272964844 353.0 0
1716272965382 354.0 0
1716272965964 355.0 0
1716272966549 356.0 0
1716272967088 357.0 0
1716272967606 358.0 0
1716272968188 359.0 0
1716272968692 360.0 0
1716272975670 361.0 0
1716272976159 362.0 0
1716272976693 363.0 0
1716272977257 364.0 0
1716272977750 365.0 0
1716272978263 366.0 0
1716272978822 367.0 0
1716272979342 368.0 0
1716272979856 369.0 0
1716272980385 370.0 0
1716272990061 371.0 0
1716272990870 372.0 0
1716272991659 373.0 0
1716272992363 374.0 0
1716272992995 375.0 0
1716272993568 376.0 0
1716272994190 377.0 0
1716272994773 378.0 0
1716272995320 379.0 0
1716272995861 380.0 0
1716273003999 381.0 0
1716273004500 382.0 0
1716273005053 383.0 0
1716273005560 384.0 0
1716273006100 385.0 0
1716273006655 386.0 0
1716273007233 387.0 0
1716273007793 388.0 0
1716273008323 389.0 0
1716273008895 390.0 0
1716273017871 391.0 0
1716273018415 392.0 0
1716273018908 393.0 0
1716273019414 394.0 0
1716273019945 395.0 0
1716273020474 396.0 0
1716273021081 397.0 0
1716273021616 398.0 0
1716273022159 399.0 0
1716273022697 400.0 0
1716273030109 401.0 0
1716273030632 402.0 0
1716273031201 403.0 0
1716273031796 404.0 0
1716273032360 405.0 0
1716273032917 406.0 0
1716273033501 407.0 0
1716273034116 408.0 0
1716273034680 409.0 0
1716273035206 410.0 0
1716273042614 411.0 0
1716273043375 412.0 0
1716273043988 413.0 0
1716273044600 414.0 0
1716273045144 415.0 0
1716273045642 416.0 0
1716273046172 417.0 0
1716273046680 418.0 0
1716273047245 419.0 0
1716273047794 420.0 0
1716273056652 421.0 0
1716273057605 422.0 0
1716273058134 423.0 0
1716273058708 424.0 0
1716273059255 425.0 0
1716273059840 426.0 0
1716273060375 427.0 0
1716273060908 428.0 0
1716273061450 429.0 0
1716273061994 430.0 0
1716273069235 431.0 0
1716273069863 432.0 0
1716273070378 433.0 0
1716273071006 434.0 0
1716273071510 435.0 0
1716273072052 436.0 0
1716273072600 437.0 0
1716273073164 438.0 0
1716273073751 439.0 0
1716273074337 440.0 0
1716273081468 441.0 0
1716273081979 442.0 0
1716273082546 443.0 0
1716273083102 444.0 0
1716273083624 445.0 0
1716273084162 446.0 0
1716273084687 447.0 0
1716273085288 448.0 0
1716273085890 449.0 0
1716273086507 450.0 0
1716273094898 451.0 0
1716273095671 452.0 0
1716273096280 453.0 0
1716273096826 454.0 0
1716273097371 455.0 0
1716273097973 456.0 0
1716273098575 457.0 0
1716273099102 458.0 0
1716273099712 459.0 0
1716273100301 460.0 0
1716273109225 461.0 0
1716273109869 462.0 0
1716273110440 463.0 0
1716273111022 464.0 0
1716273111597 465.0 0
1716273112127 466.0 0
1716273112723 467.0 0
1716273113262 468.0 0
1716273113823 469.0 0
1716273114387 470.0 0
1716273121919 471.0 0
1716273122460 472.0 0
1716273123148 473.0 0
1716273123716 474.0 0
1716273124239 475.0 0
1716273124842 476.0 0
1716273125402 477.0 0
1716273125970 478.0 0
1716273126525 479.0 0
1716273127280 480.0 0
1716273135812 481.0 0
1716273136373 482.0 0
1716273136885 483.0 0
1716273137459 484.0 0
1716273138186 485.0 0
1716273138722 486.0 0
1716273139287 487.0 0
1716273139915 488.0 0
1716273140475 489.0 0
1716273141010 490.0 0
1716273149827 491.0 0
1716273150545 492.0 0
1716273151097 493.0 0
1716273151654 494.0 0
1716273152208 495.0 0
1716273152789 496.0 0
1716273153360 497.0 0
1716273153889 498.0 0
1716273154416 499.0 0
1716273154950 500.0 0
1716273162731 501.0 0
1716273163450 502.0 0
1716273164003 503.0 0
1716273164562 504.0 0
1716273165091 505.0 0
1716273165606 506.0 0
1716273166174 507.0 0
1716273166732 508.0 0
1716273167304 509.0 0
1716273167870 510.0 0
