1716272523645 2.4386415481567383 0
1716272524333 2.549696683883667 0
1716272524920 2.446120023727417 0
1716272525449 2.4318008422851562 0
1716272526011 2.382603883743286 0
1716272526575 2.3440189361572266 0
1716272527122 2.324460029602051 0
1716272527695 2.2747280597686768 0
1716272528223 2.234891176223755 0
1716272528775 2.182929754257202 0
1716272537056 2.1654913425445557 0
1716272537692 2.1263411045074463 0
1716272538239 2.101029634475708 0
1716272538820 2.061152458190918 0
1716272539335 2.0219273567199707 0
1716272539895 1.9984272718429565 0
1716272540420 1.966576099395752 0
1716272540968 1.933164358139038 0
1716272541524 1.8999240398406982 0
1716272542063 1.8903456926345825 0
1716272549520 1.879333257675171 0
1716272550183 1.839306116104126 0
1716272550721 1.8260074853897095 0
1716272551264 1.8029558658599854 0
1716272551822 1.7680869102478027 0
1716272552386 1.7529774904251099 0
1716272552962 1.7134792804718018 0
1716272553555 1.6970268487930298 0
1716272554125 1.660695195198059 0
1716272554699 1.6395299434661865 0
1716272562555 1.6110074520111084 0
1716272563233 1.5909267663955688 0
1716272563822 1.564211130142212 0
1716272564422 1.5455694198608398 0
1716272565036 1.5184218883514404 0
1716272565686 1.5034363269805908 0
1716272567990 1.4761738777160645 0
1716272568696 1.4552050828933716 0
1716272569347 1.436948537826538 0
1716272569940 1.4131726026535034 0
1716272577706 1.3978872299194336 0
1716272578322 1.3810278177261353 0
1716272578859 1.3566017150878906 0
1716272579405 1.3388023376464844 0
1716272579985 1.3174158334732056 0
1716272580573 1.2975709438323975 0
1716272581104 1.2753784656524658 0
1716272581667 1.2567259073257446 0
1716272582204 1.2442601919174194 0
1716272582750 1.2601141929626465 0
1716272589923 1.3029398918151855 0
1716272590505 1.3802130222320557 0
1716272591104 1.3939591646194458 0
1716272591672 1.4290624856948853 0
1716272592209 1.3048746585845947 0
1716272592764 1.3471091985702515 0
1716272593330 1.371127724647522 0
1716272593899 1.3758008480072021 0
1716272594445 1.341763973236084 0
1716272595062 1.3151371479034424 0
1716272602245 1.3092901706695557 0
1716272602786 1.2979494333267212 0
1716272603307 1.2847148180007935 0
1716272603841 1.2510868310928345 0
1716272604427 1.2492424249649048 0
1716272605056 1.2262080907821655 0
1716272605691 1.2142174243927002 0
1716272606281 1.1870031356811523 0
1716272606826 1.1841213703155518 0
1716272607391 1.1587731838226318 0
1716272617243 1.1523469686508179 0
1716272617812 1.1286152601242065 0
1716272618352 1.1247996091842651 0
1716272618889 1.1143993139266968 0
1716272619439 1.0962510108947754 0
1716272620015 1.0934585332870483 0
1716272620559 1.069752812385559 0
1716272621081 1.0645325183868408 0
1716272621582 1.0494749546051025 0
1716272622131 1.0374481678009033 0
1716272629417 1.0303730964660645 0
1716272629990 1.0157771110534668 0
1716272630521 1.013213872909546 0
1716272631030 1.0011823177337646 0
1716272631566 0.9877926707267761 0
1716272632088 0.9863096475601196 0
1716272632649 0.9705762267112732 0
1716272633199 0.9617853760719299 0
1716272633742 0.9565239548683167 0
1716272634294 0.9427932500839233 0
1716272641083 0.9366859197616577 0
1716272641613 0.9261504411697388 0
1716272642175 0.9169058203697205 0
1716272642749 0.9109681844711304 0
1716272643290 0.9002179503440857 0
1716272643869 0.8915575742721558 0
1716272644428 0.8853894472122192 0
1716272645020 0.876727283000946 0
1716272645598 0.8676642179489136 0
1716272646146 0.8605767488479614 0
1716272653436 0.8528357744216919 0
1716272654083 0.8461998701095581 0
1716272654644 0.8389731645584106 0
1716272655193 0.8307851552963257 0
1716272655759 0.8241499662399292 0
1716272656353 0.8222948908805847 0
1716272656877 0.8220182657241821 0
1716272657428 0.8239524364471436 0
1716272657996 0.8172878623008728 0
1716272658545 0.8049048781394958 0
1716272667499 0.7879968881607056 0
1716272668137 0.7885528802871704 0
1716272668729 0.7874382734298706 0
1716272669292 0.7737859487533569 0
1716272669855 0.7648657560348511 0
1716272670384 0.7705402374267578 0
1716272670929 0.7574555277824402 0
1716272671451 0.7485695481300354 0
1716272672019 0.742457389831543 0
1716272672557 0.738641083240509 0
1716272679327 0.7288162708282471 0
1716272679862 0.7218915224075317 0
1716272680425 0.7192270755767822 0
1716272680960 0.7129580974578857 0
1716272681518 0.7100248336791992 0
1716272682041 0.7005744576454163 0
1716272682581 0.695745587348938 0
1716272683078 0.686790943145752 0
1716272683623 0.6843869090080261 0
1716272684186 0.6829224228858948 0
1716272690637 0.7204095721244812 0
1716272691252 0.7286717891693115 0
1716272691869 0.71937096118927 0
1716272692488 0.6815750002861023 0
1716272693022 0.686477541923523 0
1716272693549 0.6872767806053162 0
1716272694095 0.6715453267097473 0
1716272694598 0.6711112260818481 0
1716272695098 0.6768171191215515 0
1716272695619 0.6523396372795105 0
1716272701886 0.6644694805145264 0
1716272702512 0.6390745043754578 0
1716272703081 0.6561378240585327 0
1716272703640 0.6397597193717957 0
1716272704178 0.6449196934700012 0
1716272704725 0.6275781989097595 0
1716272705271 0.6303611993789673 0
1716272705783 0.6216838359832764 0
1716272706282 0.6141999959945679 0
1716272706817 0.6114946603775024 0
1716272713877 0.6073343753814697 0
1716272714422 0.8683996796607971 0
1716272714968 0.7376049757003784 0
1716272715512 0.717237651348114 0
1716272716082 0.7224452495574951 0
1716272716621 0.7269238829612732 0
1716272717193 0.7183462977409363 0
1716272717737 0.7059770822525024 0
1716272718274 0.6813252568244934 0
1716272718813 0.677507758140564 0
1716272727444 0.653642475605011 0
1716272728041 0.655897855758667 0
1716272728630 0.6380557417869568 0
1716272729207 0.6252151727676392 0
1716272729771 0.6210509538650513 0
1716272730322 0.6195710301399231 0
1716272730869 0.6043670177459717 0
1716272731427 0.5937203168869019 0
1716272731949 0.5927496552467346 0
1716272732564 0.5818577408790588 0
1716272739782 0.5733809471130371 0
1716272740407 0.5629345774650574 0
1716272740999 0.5629706978797913 0
1716272741556 0.5576566457748413 0
1716272742126 0.5530892610549927 0
1716272742701 0.5426574349403381 0
1716272743264 0.5428385734558105 0
1716272743830 0.5324645042419434 0
1716272744422 0.530390739440918 0
1716272744981 0.5262882709503174 0
1716272752113 0.5183154940605164 0
1716272752723 0.5176196694374084 0
1716272753356 0.5105215907096863 0
1716272754165 0.5083031058311462 0
1716272754754 0.5003727078437805 0
1716272755392 0.5002275109291077 0
1716272756028 0.4956556558609009 0
1716272756653 0.4916748106479645 0
1716272757452 0.48621484637260437 0
1716272758042 0.48321157693862915 0
1716272765867 0.4803978502750397 0
1716272766432 0.47686734795570374 0
1716272767102 0.47330033779144287 0
1716272767764 0.4690794050693512 0
1716272768377 0.46662023663520813 0
1716272769122 0.46260392665863037 0
1716272769699 0.4604146480560303 0
1716272770312 0.4563722610473633 0
1716272771110 0.4539009630680084 0
1716272771788 0.45008185505867004 0
1716272780663 0.44807690382003784 0
1716272781307 0.44545575976371765 0
1716272781879 0.442287802696228 0
1716272782395 0.43982893228530884 0
1716272782953 0.4360634684562683 0
1716272783511 0.4343155324459076 0
1716272784125 0.43102192878723145 0
1716272784759 0.4285883605480194 0
1716272785329 0.42615392804145813 0
1716272785888 0.42330366373062134 0
1716272792627 0.4213028848171234 0
1716272793184 0.4186970293521881 0
1716272793711 0.4166700541973114 0
1716272794193 0.41412806510925293 0
1716272794699 0.4117204248905182 0
1716272795243 0.40994518995285034 0
1716272795808 0.40771520137786865 0
1716272796325 0.4053382873535156 0
1716272796854 0.4029875695705414 0
1716272797357 0.4016408622264862 0
1716272805202 0.4019812047481537 0
1716272805719 0.3987594246864319 0
1716272806268 0.396291047334671 0
1716272806792 0.395065039396286 0
1716272807343 0.3915303945541382 0
1716272807833 0.3905583620071411 0
1716272808357 0.38938194513320923 0
1716272808875 0.38634321093559265 0
1716272809381 0.3856286406517029 0
1716272809881 0.3836144506931305 0
1716272816268 0.38200148940086365 0
1716272816759 0.3799108564853668 0
1716272817318 0.377383828163147 0
1716272817836 0.3768499493598938 0
1716272818333 0.3741573989391327 0
1716272818868 0.3731091618537903 0
1716272819351 0.37088704109191895 0
1716272819832 0.3690848648548126 0
1716272820377 0.36840131878852844 0
1716272820938 0.3676207661628723 0
1716272827225 0.3656576871871948 0
1716272827769 0.36361151933670044 0
1716272828279 0.3619799017906189 0
1716272828793 0.36080092191696167 0
1716272829350 0.3589712381362915 0
1716272829893 0.357779324054718 0
1716272830395 0.3563043177127838 0
1716272830926 0.3545350134372711 0
1716272831439 0.3535722494125366 0
1716272832012 0.35199812054634094 0
1716272838345 0.35041987895965576 0
1716272838886 0.34885984659194946 0
1716272839374 0.34723952412605286 0
1716272839885 0.34617704153060913 0
1716272840375 0.3446538746356964 0
1716272840905 0.34364640712738037 0
1716272841435 0.3430231809616089 0
1716272841918 0.34146207571029663 0
1716272842452 0.34209874272346497 0
1716272842962 0.3411681652069092 0
1716272849231 0.3475816249847412 0
1716272849725 0.35388216376304626 0
1716272850221 0.3872445821762085 0
1716272850729 0.35886749625205994 0
1716272851245 0.3516354560852051 0
1716272851778 0.3558327853679657 0
1716272852281 0.35484951734542847 0
1716272852809 0.3543960452079773 0
1716272853321 0.47327762842178345 0
1716272853846 0.5246068239212036 0
1716272859974 0.6964805126190186 0
1716272860587 0.531542181968689 0
1716272861484 0.5616432428359985 0
1716272862018 0.5563902258872986 0
1716272862572 0.49839216470718384 0
1716272863111 0.48853328824043274 0
1716272863614 0.4708011746406555 0
1716272864197 0.47051653265953064 0
1716272864772 0.4552284777164459 0
1716272865286 0.4322979152202606 0
1716272873544 0.42995700240135193 0
1716272874177 0.4235970377922058 0
1716272874720 0.41866669058799744 0
1716272875300 0.4007622301578522 0
1716272875903 0.39403650164604187 0
1716272876463 0.38281771540641785 0
1716272876983 0.38000452518463135 0
1716272877530 0.3731289803981781 0
1716272878088 0.3666830360889435 0
1716272878747 0.361841082572937 0
1716272885838 0.3588990271091461 0
1716272886388 0.3584270179271698 0
1716272887240 0.35324347019195557 0
1716272887780 0.3460528552532196 0
1716272888295 0.3411996364593506 0
1716272888816 0.33699867129325867 0
1716272889350 0.33539289236068726 0
1716272889923 0.3322499692440033 0
1716272890465 0.32888349890708923 0
1716272890981 0.32478228211402893 0
1716272899849 0.32242265343666077 0
1716272900420 0.320361852645874 0
1716272900971 0.31775179505348206 0
1716272901537 0.3153836727142334 0
1716272902141 0.31267380714416504 0
1716272902788 0.3106786012649536 0
1716272903444 0.3091732859611511 0
1716272904105 0.30723509192466736 0
1716272904700 0.30500808358192444 0
1716272905327 0.3035709261894226 0
1716272912679 0.30188822746276855 0
1716272913223 0.3001088500022888 0
1716272913746 0.2987564206123352 0
1716272914292 0.29750850796699524 0
1716272914895 0.2963178753852844 0
1716272915470 0.29494792222976685 0
1716272916050 0.29361483454704285 0
1716272916622 0.29247692227363586 0
1716272917158 0.291251540184021 0
1716272917723 0.2901368737220764 0
1716272924668 0.2890634536743164 0
1716272925232 0.287922739982605 0
1716272925806 0.2869478166103363 0
1716272926307 0.28591859340667725 0
1716272926803 0.2849828004837036 0
1716272927340 0.2840280830860138 0
1716272927899 0.2830529510974884 0
1716272928482 0.28212398290634155 0
1716272929019 0.2811826169490814 0
1716272929579 0.2802847921848297 0
1716272936324 0.27943506836891174 0
1716272937087 0.2786429524421692 0
1716272938171 0.27782130241394043 0
1716272938734 0.2769789695739746 0
1716272939310 0.27614063024520874 0
1716272939922 0.2753370404243469 0
1716272940517 0.2745802402496338 0
1716272941122 0.27379685640335083 0
1716272941682 0.2730378210544586 0
1716272942286 0.272286593914032 0
1716272950934 0.2715299725532532 0
1716272951759 0.2707877457141876 0
1716272952385 0.2700541913509369 0
1716272952945 0.26934272050857544 0
1716272953460 0.2686127722263336 0
1716272954019 0.26788997650146484 0
1716272954599 0.2671791613101959 0
1716272955191 0.2664681375026703 0
1716272955741 0.2657732367515564 0
1716272956374 0.26508215069770813 0
1716272963774 0.26438581943511963 0
1716272964316 0.26369112730026245 0
1716272964826 0.2630067467689514 0
1716272965363 0.2623263895511627 0
1716272965915 0.2616539001464844 0
1716272966514 0.26097914576530457 0
1716272967062 0.2603111267089844 0
1716272967592 0.25964635610580444 0
1716272968154 0.258985310792923 0
1716272968679 0.25832879543304443 0
1716272975642 0.25767749547958374 0
1716272976150 0.25703269243240356 0
1716272976669 0.2563883066177368 0
1716272977230 0.2557483911514282 0
1716272977741 0.2551121115684509 0
1716272978233 0.25447940826416016 0
1716272978777 0.25385037064552307 0
1716272979329 0.2532247304916382 0
1716272979841 0.25260472297668457 0
1716272980361 0.2519860565662384 0
1716272989007 0.25137045979499817 0
1716272990846 0.2507578432559967 0
1716272991574 0.2501482367515564 0
1716272992272 0.24954161047935486 0
1716272992967 0.24893765151500702 0
1716272993540 0.2483360767364502 0
1716272994162 0.24773775041103363 0
1716272994733 0.24714085459709167 0
1716272995306 0.24654708802700043 0
1716272995837 0.24595610797405243 0
1716273003956 0.24536757171154022 0
1716273004482 0.24478140473365784 0
1716273005029 0.24419690668582916 0
1716273005532 0.24361468851566315 0
1716273006078 0.24303384125232697 0
1716273006628 0.24245604872703552 0
1716273007179 0.24187980592250824 0
1716273007740 0.24130500853061676 0
1716273008290 0.24073241651058197 0
1716273008868 0.24016153812408447 0
1716273017832 0.2395918071269989 0
1716273018392 0.2390243113040924 0
1716273018896 0.23845884203910828 0
1716273019396 0.23789569735527039 0
1716273019925 0.23733435571193695 0
1716273020450 0.23677480220794678 0
1716273021043 0.2362171858549118 0
1716273021603 0.23566143214702606 0
1716273022145 0.23510786890983582 0
1716273022674 0.23455549776554108 0
1716273030073 0.23400670289993286 0
1716273030615 0.2334597259759903 0
1716273031160 0.23291410505771637 0
1716273031744 0.23237104713916779 0
1716273032327 0.23183073103427887 0
1716273032877 0.2312917858362198 0
1716273033433 0.2307552546262741 0
1716273034091 0.23022149503231049 0
1716273034650 0.2296900600194931 0
1716273035180 0.22916017472743988 0
1716273042521 0.2286335825920105 0
1716273043341 0.22810736298561096 0
1716273043938 0.22758488357067108 0
1716273044571 0.2270646095275879 0
1716273045107 0.2265462577342987 0
1716273045624 0.2260313332080841 0
1716273046140 0.2255188673734665 0
1716273046654 0.22500821948051453 0
1716273047219 0.2245016247034073 0
1716273047765 0.22399599850177765 0
1716273056534 0.2234940081834793 0
1716273057590 0.22299402952194214 0
1716273058117 0.22249741852283478 0
1716273058684 0.2220018208026886 0
1716273059231 0.2215101420879364 0
1716273059798 0.22102013230323792 0
1716273060342 0.22053231298923492 0
1716273060882 0.2200474739074707 0
1716273061431 0.21956589818000793 0
1716273061957 0.2190849334001541 0
1716273069105 0.2186068743467331 0
1716273069803 0.21813112497329712 0
1716273070360 0.21765850484371185 0
1716273070958 0.21718651056289673 0
1716273071498 0.21671800315380096 0
1716273072022 0.21625016629695892 0
1716273072574 0.21578602492809296 0
1716273073138 0.21532246470451355 0
1716273073729 0.21486210823059082 0
1716273074285 0.21440377831459045 0
1716273081435 0.21394754946231842 0
1716273081966 0.213491752743721 0
1716273082504 0.2130398452281952 0
1716273083070 0.21258942782878876 0
1716273083612 0.21214020252227783 0
1716273084151 0.2116939276456833 0
1716273084656 0.21124905347824097 0
1716273085264 0.21080586314201355 0
1716273085842 0.21036551892757416 0
1716273086474 0.20992615818977356 0
1716273094696 0.20948787033557892 0
1716273095632 0.20905232429504395 0
1716273096232 0.20861808955669403 0
1716273096776 0.20818589627742767 0
1716273097343 0.20775510370731354 0
1716273097921 0.20732608437538147 0
1716273098545 0.20689916610717773 0
1716273099092 0.206474170088768 0
1716273099671 0.20605024695396423 0
1716273100264 0.2056279331445694 0
1716273109188 0.20520734786987305 0
1716273109844 0.20478834211826324 0
1716273110407 0.20437107980251312 0
1716273110991 0.20395541191101074 0
1716273111561 0.20354075729846954 0
1716273112108 0.20312903821468353 0
1716273112702 0.20271727442741394 0
1716273113248 0.2023085206747055 0
1716273113806 0.20190127193927765 0
1716273114370 0.20149464905261993 0
1716273121884 0.2010899782180786 0
1716273122433 0.20068706572055817 0
1716273123120 0.2002856731414795 0
1716273123688 0.19988569617271423 0
1716273124211 0.19948838651180267 0
1716273124815 0.19909095764160156 0
1716273125360 0.19869697093963623 0
1716273125931 0.19830353558063507 0
1716273126484 0.19791200757026672 0
1716273127213 0.1975228637456894 0
1716273135673 0.19713494181632996 0
1716273136352 0.1967492550611496 0
1716273136875 0.1963645964860916 0
1716273137434 0.1959819495677948 0
1716273138127 0.1956009864807129 0
1716273138709 0.19522219896316528 0
1716273139259 0.19484418630599976 0
1716273139884 0.19446928799152374 0
1716273140424 0.19409525394439697 0
1716273140985 0.19372354447841644 0
1716273149771 0.19335304200649261 0
1716273150331 0.19298578798770905 0
1716273151068 0.1926187425851822 0
1716273151638 0.1922536939382553 0
1716273152192 0.1918915957212448 0
1716273152752 0.1915297955274582 0
1716273153320 0.19117066264152527 0
1716273153864 0.19081349670886993 0
1716273154404 0.19045719504356384 0
1716273154926 0.1901026964187622 0
1716273162694 0.1897500604391098 0
1716273163416 0.18939891457557678 0
1716273163949 0.18905009329319 0
1716273164513 0.18870216608047485 0
1716273165078 0.1883564293384552 0
1716273165587 0.18801206350326538 0
1716273166158 0.1876690536737442 0
1716273166691 0.18732702732086182 0
1716273167277 0.18698750436306 0
1716273167834 0.18664970993995667 0
