1716272523741 1.8744261264801025 0
1716272524411 0.6638150215148926 0
1716272524956 0.5407021045684814 0
1716272525504 0.5419690608978271 0
1716272526057 0.5471539497375488 0
1716272526613 0.5492441654205322 0
1716272527164 0.5376691818237305 0
1716272527719 0.5458152294158936 0
1716272528244 0.5111031532287598 0
1716272528822 0.5718271732330322 0
1716272537163 1.6067750453948975 0
1716272537729 0.5525648593902588 0
1716272538265 0.532365083694458 0
1716272538847 0.562140941619873 0
1716272539380 0.5260827541351318 0
1716272539925 0.5376338958740234 0
1716272540454 0.5231828689575195 0
1716272540997 0.5298540592193604 0
1716272541565 0.5540850162506104 0
1716272542101 0.5296657085418701 0
1716272549579 1.5928349494934082 0
1716272550219 0.6353487968444824 0
1716272550744 0.516859769821167 0
1716272551295 0.5446820259094238 0
1716272551859 0.5501470565795898 0
1716272552441 0.5750372409820557 0
1716272552994 0.5400869846343994 0
1716272553601 0.6007480621337891 0
1716272554171 0.5547947883605957 0
1716272554757 0.5670530796051025 0
1716272562621 1.6344208717346191 0
1716272563280 0.6540288925170898 0
1716272563877 0.5886368751525879 0
1716272564465 0.5777361392974854 0
1716272565092 0.6009151935577393 0
1716272565762 0.6574110984802246 0
1716272568117 2.345947027206421 0
1716272568760 0.6250450611114502 0
1716272569399 0.6116199493408203 0
1716272569983 0.5777163505554199 0
1716272577775 1.592444896697998 0
1716272578362 0.5586879253387451 0
1716272578897 0.5197670459747314 0
1716272579456 0.5408899784088135 0
1716272580034 0.5707440376281738 0
1716272580600 0.5498166084289551 0
1716272581133 0.5222659111022949 0
1716272581702 0.540740966796875 0
1716272582240 0.5238399505615234 0
1716272582772 0.5175228118896484 0
1716272589968 1.637044906616211 0
1716272590550 0.5748841762542725 0
1716272591160 0.5889720916748047 0
1716272591718 0.5479648113250732 0
1716272592247 0.5179390907287598 0
1716272592803 0.5445799827575684 0
1716272593389 0.5709540843963623 0
1716272593931 0.532271146774292 0
1716272594505 0.5684528350830078 0
1716272595142 0.6293749809265137 0
1716272602290 1.5270118713378906 0
1716272602814 0.5157408714294434 0
1716272603349 0.5253069400787354 0
1716272603873 0.5150039196014404 0
1716272604492 0.5971198081970215 0
1716272605105 0.59881591796875 0
1716272605724 0.6103200912475586 0
1716272606316 0.58333420753479 0
1716272606868 0.5482969284057617 0
1716272607431 0.5555109977722168 0
1716272617282 1.6332542896270752 0
1716272617852 0.5659220218658447 0
1716272618404 0.5473008155822754 0
1716272618947 0.5369710922241211 0
1716272619495 0.5323939323425293 0
1716272620051 0.5361640453338623 0
1716272620594 0.5345180034637451 0
1716272621112 0.5114588737487793 0
1716272621634 0.5151822566986084 0
1716272622175 0.5322401523590088 0
1716272629449 1.5428261756896973 0
1716272630037 0.5730156898498535 0
1716272630536 0.4904029369354248 0
1716272631072 0.5288152694702148 0
1716272631597 0.5149309635162354 0
1716272632135 0.5184588432312012 0
1716272632684 0.5413711071014404 0
1716272633234 0.5329718589782715 0
1716272633798 0.5518879890441895 0
1716272634330 0.5268590450286865 0
1716272641116 1.5184640884399414 0
1716272641648 0.5259239673614502 0
1716272642224 0.5696377754211426 0
1716272642789 0.5565040111541748 0
1716272643346 0.5514078140258789 0
1716272643912 0.5549659729003906 0
1716272644474 0.5584299564361572 0
1716272645080 0.5826840400695801 0
1716272645634 0.546165943145752 0
1716272646184 0.5408940315246582 0
1716272653497 1.6234328746795654 0
1716272654116 0.6116640567779541 0
1716272654694 0.5708191394805908 0
1716272655213 0.5116767883300781 0
1716272655807 0.5803091526031494 0
1716272656390 0.569098949432373 0
1716272656914 0.5177350044250488 0
1716272657452 0.5327520370483398 0
1716272658036 0.572368860244751 0
1716272658568 0.5277876853942871 0
1716272667590 1.7469029426574707 0
1716272668190 0.5960671901702881 0
1716272668784 0.5864250659942627 0
1716272669332 0.5444800853729248 0
1716272669896 0.5518620014190674 0
1716272670427 0.5236420631408691 0
1716272670968 0.5337069034576416 0
1716272671480 0.5039308071136475 0
1716272672058 0.5388889312744141 0
1716272672630 0.5554931163787842 0
1716272679358 1.4913890361785889 0
1716272679929 0.5637960433959961 0
1716272680460 0.5273170471191406 0
1716272681017 0.5495128631591797 0
1716272681550 0.5138208866119385 0
1716272682075 0.5133428573608398 0
1716272682610 0.5179431438446045 0
1716272683119 0.5022828578948975 0
1716272683681 0.5514638423919678 0
1716272684218 0.530876874923706 0
1716272690733 1.5025358200073242 0
1716272691308 0.5677671432495117 0
1716272691929 0.6113793849945068 0
1716272692527 0.5697817802429199 0
1716272693057 0.5229899883270264 0
1716272693609 0.5365209579467773 0
1716272694114 0.4960629940032959 0
1716272694623 0.5028979778289795 0
1716272695126 0.4948439598083496 0
1716272695668 0.5307948589324951 0
1716272701982 1.546661138534546 0
1716272702563 0.5705471038818359 0
1716272703137 0.5647890567779541 0
1716272703689 0.5426480770111084 0
1716272704214 0.5143098831176758 0
1716272704766 0.5394272804260254 0
1716272705297 0.5149080753326416 0
1716272705807 0.4956960678100586 0
1716272706309 0.49500322341918945 0
1716272706872 0.549152135848999 0
1716272713919 1.4870028495788574 0
1716272714454 0.5273792743682861 0
1716272715008 0.5282878875732422 0
1716272715573 0.5586843490600586 0
1716272716111 0.5251600742340088 0
1716272716657 0.530555009841919 0
1716272717222 0.5569808483123779 0
1716272717777 0.5380690097808838 0
1716272718308 0.5239698886871338 0
1716272718861 0.5466272830963135 0
1716272727480 1.5839650630950928 0
1716272728082 0.5848278999328613 0
1716272728666 0.5752649307250977 0
1716272729239 0.5620870590209961 0
1716272729812 0.5645630359649658 0
1716272730356 0.5348889827728271 0
1716272730903 0.539680004119873 0
1716272731461 0.5494461059570312 0
1716272732052 0.5841090679168701 0
1716272732621 0.5600669384002686 0
1716272739863 1.6734569072723389 0
1716272740460 0.5922298431396484 0
1716272741024 0.5527610778808594 0
1716272741601 0.5598299503326416 0
1716272742165 0.5571959018707275 0
1716272742744 0.5721054077148438 0
1716272743301 0.548835039138794 0
1716272743875 0.5574331283569336 0
1716272744448 0.5658550262451172 0
1716272745050 0.5880250930786133 0
1716272752144 1.554776668548584 0
1716272752780 0.628852367401123 0
1716272753497 0.691666841506958 0
1716272754215 0.69989013671875 0
1716272754808 0.5864601135253906 0
1716272755441 0.6147608757019043 0
1716272756065 0.613842248916626 0
1716272756731 0.6551501750946045 0
1716272757485 0.746877908706665 0
1716272758089 0.5908339023590088 0
1716272765900 1.605907917022705 0
1716272766481 0.57763671875 0
1716272767155 0.6449222564697266 0
1716272767806 0.6252932548522949 0
1716272768471 0.6572129726409912 0
1716272769162 0.6635100841522217 0
1716272769749 0.58030104637146 0
1716272770366 0.6099629402160645 0
1716272771209 0.8188090324401855 0
1716272771840 0.622596025466919 0
1716272780722 1.672126054763794 0
1716272781343 0.6160221099853516 0
1716272781895 0.5366358757019043 0
1716272782442 0.5402379035949707 0
1716272782996 0.5409557819366455 0
1716272783563 0.5580432415008545 0
1716272784181 0.6041169166564941 0
1716272784797 0.6095983982086182 0
1716272785376 0.5711369514465332 0
1716272785906 0.5138990879058838 0
1716272792680 1.5571918487548828 0
1716272793235 0.5479302406311035 0
1716272793725 0.48361873626708984 0
1716272794210 0.47871899604797363 0
1716272794712 0.4953789710998535 0
1716272795286 0.5635788440704346 0
1716272795846 0.5459401607513428 0
1716272796353 0.5001702308654785 0
1716272796893 0.5279688835144043 0
1716272797378 0.4788329601287842 0
1716272805238 1.4686038494110107 0
1716272805760 0.5162720680236816 0
1716272806305 0.5364909172058105 0
1716272806832 0.5143048763275146 0
1716272807362 0.515106201171875 0
1716272807872 0.5040450096130371 0
1716272808399 0.5207409858703613 0
1716272808899 0.4936671257019043 0
1716272809403 0.49249982833862305 0
1716272809905 0.4938621520996094 0
1716272816291 1.488703966140747 0
1716272816783 0.485537052154541 0
1716272817369 0.5493130683898926 0
1716272817862 0.48899316787719727 0
1716272818367 0.4957542419433594 0
1716272818886 0.49750709533691406 0
1716272819365 0.47088193893432617 0
1716272819863 0.4917030334472656 0
1716272820430 0.5590479373931885 0
1716272820993 0.5518019199371338 0
1716272827260 1.3403351306915283 0
1716272827793 0.5260999202728271 0
1716272828304 0.5033249855041504 0
1716272828870 0.560093879699707 0
1716272829385 0.5065908432006836 0
1716272829918 0.5256791114807129 0
1716272830428 0.5038199424743652 0
1716272830951 0.5090351104736328 0
1716272831486 0.524550199508667 0
1716272832042 0.541079044342041 0
1716272838390 1.3688809871673584 0
1716272838917 0.5242068767547607 0
1716272839408 0.48269009590148926 0
1716272839917 0.4981718063354492 0
1716272840413 0.49027085304260254 0
1716272840944 0.5230541229248047 0
1716272841446 0.49012112617492676 0
1716272841956 0.5031139850616455 0
1716272842495 0.5236501693725586 0
1716272842979 0.47852516174316406 0
1716272849256 1.5115282535552979 0
1716272849749 0.48074865341186523 0
1716272850264 0.5028500556945801 0
1716272850767 0.4974801540374756 0
1716272851283 0.5088839530944824 0
1716272851802 0.5083401203155518 0
1716272852333 0.5219089984893799 0
1716272852852 0.5124917030334473 0
1716272853370 0.5106570720672607 0
1716272853858 0.47901177406311035 0
1716272860097 1.5771310329437256 0
1716272860955 0.8468570709228516 0
1716272861517 0.5471627712249756 0
1716272862049 0.5112988948822021 0
1716272862602 0.5166611671447754 0
1716272863127 0.5014708042144775 0
1716272863648 0.504547119140625 0
1716272864248 0.560462236404419 0
1716272864794 0.5363960266113281 0
1716272865319 0.5185339450836182 0
1716272873623 1.866081953048706 0
1716272874229 0.5845849514007568 0
1716272874748 0.5132980346679688 0
1716272875356 0.6005778312683105 0
1716272875947 0.5636117458343506 0
1716272876500 0.5481979846954346 0
1716272877007 0.5021328926086426 0
1716272877564 0.550832986831665 0
1716272878133 0.561608076095581 0
1716272878816 0.6770477294921875 0
1716272885908 1.5523951053619385 0
1716272886711 0.7964460849761963 0
1716272887281 0.5512619018554688 0
1716272887805 0.5116572380065918 0
1716272888323 0.5069787502288818 0
1716272888855 0.5254189968109131 0
1716272889397 0.5355918407440186 0
1716272889957 0.5467383861541748 0
1716272890501 0.5373260974884033 0
1716272891007 0.5018141269683838 0
1716272899898 1.5771682262420654 0
1716272900458 0.5558819770812988 0
1716272901008 0.5380251407623291 0
1716272901584 0.5689547061920166 0
1716272902218 0.6260218620300293 0
1716272902846 0.620236873626709 0
1716272903515 0.6605780124664307 0
1716272904148 0.6284031867980957 0
1716272904783 0.6302518844604492 0
1716272905359 0.5612540245056152 0
1716272912717 1.48555588722229 0
1716272913261 0.5365831851959229 0
1716272913774 0.5053539276123047 0
1716272914329 0.5316028594970703 0
1716272914934 0.5984971523284912 0
1716272915519 0.5777390003204346 0
1716272916110 0.5837750434875488 0
1716272916657 0.5402748584747314 0
1716272917215 0.550818681716919 0
1716272917764 0.5444519519805908 0
1716272924699 1.5284998416900635 0
1716272925287 0.575484037399292 0
1716272925827 0.5331881046295166 0
1716272926334 0.4986097812652588 0
1716272926820 0.47819089889526367 0
1716272927370 0.5433170795440674 0
1716272927950 0.5590159893035889 0
1716272928515 0.5444209575653076 0
1716272929050 0.5264167785644531 0
1716272929620 0.5638887882232666 0
1716272936407 1.5966320037841797 0
1716272937584 1.166337013244629 0
1716272938212 0.5884850025177002 0
1716272938762 0.5425841808319092 0
1716272939341 0.5663931369781494 0
1716272939956 0.6066899299621582 0
1716272940567 0.5938620567321777 0
1716272941153 0.5721127986907959 0
1716272941738 0.5718991756439209 0
1716272942340 0.5930140018463135 0
1716272951179 2.0167078971862793 0
1716272951811 0.6184179782867432 0
1716272952440 0.6194970607757568 0
1716272952962 0.5122311115264893 0
1716272953505 0.5350980758666992 0
1716272954064 0.5481610298156738 0
1716272954627 0.5513198375701904 0
1716272955228 0.589057207107544 0
1716272955789 0.5536179542541504 0
1716272956421 0.6020269393920898 0
1716272963819 1.521285057067871 0
1716272964340 0.5152959823608398 0
1716272964856 0.4939446449279785 0
1716272965400 0.5090739727020264 0
1716272965984 0.5747661590576172 0
1716272966565 0.5707979202270508 0
1716272967100 0.5248219966888428 0
1716272967618 0.5037569999694824 0
1716272968195 0.5570149421691895 0
1716272968710 0.5083649158477783 0
1716272975677 1.4943459033966064 0
1716272976172 0.48856496810913086 0
1716272976732 0.5469739437103271 0
1716272977267 0.5204031467437744 0
1716272977757 0.48190808296203613 0
1716272978290 0.5225570201873779 0
1716272978829 0.5291719436645508 0
1716272979350 0.5028810501098633 0
1716272979866 0.5057671070098877 0
1716272980395 0.5199511051177979 0
1716272990077 2.8796017169952393 0
1716272990973 0.842803955078125 0
1716272991678 0.7005069255828857 0
1716272992397 0.6948857307434082 0
1716272993004 0.5774440765380859 0
1716272993598 0.5706911087036133 0
1716272994197 0.5886139869689941 0
1716272994792 0.5904867649078369 0
1716272995336 0.5370879173278809 0
1716272995867 0.5191879272460938 0
1716273004006 1.4958877563476562 0
1716273004522 0.5112650394439697 0
1716273005059 0.5155110359191895 0
1716273005586 0.518967866897583 0
1716273006111 0.5100510120391846 0
1716273006661 0.5307447910308838 0
1716273007246 0.5781857967376709 0
1716273007803 0.5412552356719971 0
1716273008334 0.521284818649292 0
1716273008915 0.5470640659332275 0
1716273017878 1.5207428932189941 0
1716273018424 0.5236213207244873 0
1716273018919 0.48589301109313965 0
1716273019425 0.48703503608703613 0
1716273019951 0.514430046081543 0
1716273020480 0.522191047668457 0
1716273021100 0.5633800029754639 0
1716273021625 0.513864278793335 0
1716273022182 0.5388178825378418 0
1716273022710 0.5152709484100342 0
1716273030116 1.5791969299316406 0
1716273030647 0.5056157112121582 0
1716273031212 0.5571048259735107 0
1716273031805 0.5823028087615967 0
1716273032367 0.5452799797058105 0
1716273032923 0.5478427410125732 0
1716273033541 0.611630916595459 0
1716273034134 0.5448551177978516 0
1716273034686 0.5308148860931396 0
1716273035217 0.5177087783813477 0
1716273042643 1.9379708766937256 0
1716273043385 0.714897871017456 0
1716273044004 0.6116490364074707 0
1716273044608 0.5837669372558594 0
1716273045153 0.5395412445068359 0
1716273045650 0.49071216583251953 0
1716273046180 0.52205491065979 0
1716273046691 0.5037510395050049 0
1716273047252 0.5514678955078125 0
1716273047800 0.5409553050994873 0
1716273056670 1.9416592121124268 0
1716273057610 0.8810789585113525 0
1716273058155 0.5324270725250244 0
1716273058725 0.5302300453186035 0
1716273059271 0.5328578948974609 0
1716273059849 0.5666511058807373 0
1716273060395 0.5374221801757812 0
1716273060922 0.5149388313293457 0
1716273061460 0.5274431705474854 0
1716273061997 0.5272560119628906 0
1716273069247 1.759634017944336 0
1716273069868 0.6152498722076416 0
1716273070415 0.5425848960876465 0
1716273071012 0.5728499889373779 0
1716273071521 0.503636360168457 0
1716273072069 0.5370852947235107 0
1716273072610 0.5314149856567383 0
1716273073215 0.5958459377288818 0
1716273073760 0.5385160446166992 0
1716273074348 0.5774579048156738 0
1716273081477 1.6182870864868164 0
1716273081990 0.5012362003326416 0
1716273082557 0.5409181118011475 0
1716273083117 0.5478811264038086 0
1716273083648 0.51938796043396 0
1716273084174 0.5128631591796875 0
1716273084720 0.5337569713592529 0
1716273085313 0.5764439105987549 0
1716273085899 0.5803570747375488 0
1716273086525 0.6057307720184326 0
1716273094959 2.0538177490234375 0
1716273095711 0.7174680233001709 0
1716273096284 0.5689918994903564 0
1716273096836 0.5479748249053955 0
1716273097378 0.5355789661407471 0
1716273097978 0.5744688510894775 0
1716273098590 0.57790207862854 0
1716273099109 0.5096879005432129 0
1716273099720 0.5938186645507812 0
1716273100308 0.5752601623535156 0
1716273109229 1.6221470832824707 0
1716273109891 0.6579248905181885 0
1716273110448 0.5489318370819092 0
1716273111032 0.5605812072753906 0
1716273111613 0.5741088390350342 0
1716273112147 0.529090166091919 0
1716273112732 0.5529918670654297 0
1716273113272 0.5287768840789795 0
1716273113862 0.5745041370391846 0
1716273114404 0.5299990177154541 0
1716273121944 1.54972505569458 0
1716273122602 0.6491050720214844 0
1716273123164 0.5373990535736084 0
1716273123727 0.5372021198272705 0
1716273124266 0.5256848335266113 0
1716273124859 0.5813541412353516 0
1716273125414 0.5428400039672852 0
1716273125986 0.5612437725067139 0
1716273126569 0.5717349052429199 0
1716273127317 0.7194550037384033 0
1716273135821 1.6661458015441895 0
1716273136380 0.5521368980407715 0
1716273136900 0.5128262042999268 0
1716273137573 0.6473128795623779 0
1716273138200 0.6037769317626953 0
1716273138740 0.5298628807067871 0
1716273139295 0.5440881252288818 0
1716273139921 0.5795960426330566 0
1716273140487 0.5586581230163574 0
1716273141018 0.518787145614624 0
1716273149832 1.7065470218658447 0
1716273150555 0.717893123626709 0
1716273151152 0.5794999599456787 0
1716273151674 0.5121328830718994 0
1716273152217 0.5184457302093506 0
1716273152804 0.5719001293182373 0
1716273153367 0.5529170036315918 0
1716273153920 0.5467560291290283 0
1716273154425 0.49844980239868164 0
1716273154996 0.5637125968933105 0
1716273162741 1.5666260719299316 0
1716273163460 0.709784746170044 0
1716273164013 0.5482010841369629 0
1716273164590 0.568300724029541 0
1716273165098 0.49463820457458496 0
1716273165644 0.5288419723510742 0
1716273166187 0.5247361660003662 0
1716273166746 0.5515449047088623 0
1716273167316 0.5585262775421143 0
1716273167880 0.5587382316589355 0
