1716961401986 7.232943058013916 0
1716961403210 7.199887275695801 0
1716961403958 7.172370433807373 0
1716961404757 7.147064685821533 0
1716961406786 7.123042583465576 0
1716961408263 7.099963188171387 0
1716961409127 7.077661037445068 0
1716961410193 7.056054592132568 0
1716961412342 7.035080909729004 0
1716961415360 7.014695167541504 0
1716961443876 6.994849681854248 0
1716961444577 6.97551155090332 0
1716961445285 6.95664119720459 0
1716961449212 6.9382100105285645 0
1716961450050 6.9201812744140625 0
1716961451057 6.902512550354004 0
1716961452721 6.88517951965332 0
1716961453838 6.868142604827881 0
1716961455036 6.851370811462402 0
1716961457224 6.8348388671875 0
