1716961402068 6.574543237686157 0
1716961403312 1.2095930576324463 0
1716961403987 0.6589128971099854 0
1716961404851 0.8485360145568848 0
1716961406908 1.988382339477539 0
1716961408312 1.2852091789245605 0
1716961409223 0.8805837631225586 0
1716961410392 1.1457972526550293 0
1716961413295 2.8370468616485596 0
1716961415728 2.194652795791626 0
1716961443977 2.847151279449463 0
1716961444614 0.6250479221343994 0
1716961445424 0.790241003036499 0
1716961449287 3.7908639907836914 0
1716961450158 0.8313188552856445 0
1716961451127 0.950268030166626 0
1716961452830 1.6839680671691895 0
1716961453941 1.0860648155212402 0
1716961455157 1.1543309688568115 0
1716961457261 2.0637052059173584 0
