1715019128059 7.44571590423584 0
1715019128559 7.2720136642456055 0
1715019129020 7.171238899230957 0
1715019129521 7.0991411209106445 0
1715019130005 7.036098480224609 0
1715019130477 6.972249984741211 0
1715019130945 6.890467643737793 0
1715019131416 6.727297782897949 0
1715019131887 6.608315944671631 0
1715019132347 6.574065208435059 0
1715019132962 6.543230056762695 0
1715019133441 6.512558937072754 0
1715019133908 6.481137752532959 0
1715019134370 6.448920249938965 0
1715019134844 6.416313648223877 0
1715019135319 6.383780479431152 0
1715019135786 6.351474761962891 0
1715019136253 6.319327354431152 0
1715019136733 6.287593841552734 0
1715019137209 6.2571492195129395 0
1715019137744 6.2288947105407715 0
1715019138215 6.2030792236328125 0
1715019138705 6.179271221160889 0
1715019139176 6.156861305236816 0
1715019139669 6.135390281677246 0
1715019140139 6.1145429611206055 0
1715019140607 6.094127655029297 0
1715019141076 6.073988914489746 0
1715019141551 6.054035663604736 0
1715019142014 6.034163951873779 0
1715019142546 6.014303684234619 0
1715019143017 5.99437141418457 0
1715019143492 5.9742655754089355 0
1715019143958 5.953854560852051 0
1715019144424 5.932955265045166 0
1715019144897 5.911319732666016 0
1715019145385 5.888568878173828 0
1715019145857 5.864084720611572 0
1715019146327 5.836717128753662 0
1715019146795 5.803914546966553 0
1715019147328 5.758260250091553 0
1715019147827 5.666711330413818 0
1715019148398 5.2610273361206055 0
1715019148936 5.248827934265137 0
1715019149457 6.1839213371276855 0
1715019149979 5.142284393310547 0
1715019150482 5.832029819488525 0
1715019150969 4.233477592468262 0
1715019151476 4.029706954956055 0
1715019151979 3.902383327484131 0
1715019152547 3.8077876567840576 0
1715019153053 3.7289812564849854 0
1715019153560 3.6585276126861572 0
1715019154036 3.5921993255615234 0
1715019154514 3.5307388305664062 0
1715019155010 3.4750094413757324 0
1715019155491 3.4240198135375977 0
1715019156001 3.3783557415008545 0
1715019156510 3.336942672729492 0
1715019156986 3.2994327545166016 0
1715019157526 3.2657110691070557 0
1715019157994 3.2355446815490723 0
1715019158479 3.2094504833221436 0
1715019158977 3.208630323410034 0
1715019159463 3.172487497329712 0
1715019159946 3.1453359127044678 0
1715019160500 3.1247787475585938 0
1715019160987 3.106389284133911 0
1715019161474 3.092085599899292 0
1715019161978 3.0911383628845215 0
1715019162546 3.0667455196380615 0
1715019163015 3.0496277809143066 0
1715019163499 3.035235643386841 0
1715019163981 3.0229244232177734 0
1715019164507 3.016197919845581 0
1715019164995 3.0531184673309326 0
1715019165485 3.0121076107025146 0
1715019165986 2.9865617752075195 0
1715019166483 2.9725918769836426 0
1715019166999 2.959984064102173 0
1715019167599 2.948019504547119 0
1715019168094 2.9365453720092773 0
1715019168566 2.9255025386810303 0
1715019169065 2.9147965908050537 0
1715019169551 2.904346227645874 0
1715019170040 2.894139289855957 0
1715019170532 2.8842384815216064 0
1715019171015 2.874628782272339 0
1715019171501 2.8652548789978027 0
1715019171988 2.856074094772339 0
1715019172523 2.8470704555511475 0
1715019172987 2.83821439743042 0
1715019173456 2.8294403553009033 0
1715019173931 2.820643901824951 0
1715019174398 2.8121259212493896 0
1715019174863 2.8066763877868652 0
1715019175326 2.8197388648986816 0
1715019175794 2.801255226135254 0
1715019176250 2.785736083984375 0
1715019176718 2.7747020721435547 0
1715019177249 2.7650580406188965 0
1715019177700 2.755805492401123 0
1715019178162 2.7466869354248047 0
1715019178639 2.737638473510742 0
1715019179124 2.728663444519043 0
1715019179596 2.7199337482452393 0
1715019180063 2.7115893363952637 0
1715019180531 2.703814744949341 0
1715019181010 2.697577714920044 0
1715019181474 2.692391872406006 0
1715019182001 2.6936709880828857 0
1715019182467 2.695002317428589 0
1715019182939 2.7159390449523926 0
1715019183401 2.7159388065338135 0
1715019183869 2.718998432159424 0
1715019184333 2.6811418533325195 0
1715019184796 2.667280912399292 0
1715019185266 2.6554887294769287 0
1715019185730 2.635793924331665 0
1715019186194 2.6243746280670166 0
1715019186724 2.637024402618408 0
1715019187182 2.6225082874298096 0
1715019187655 2.622211217880249 0
1715019188117 2.6100220680236816 0
1715019188587 2.6233837604522705 0
1715019189053 2.6013593673706055 0
1715019189524 2.618852376937866 0
1715019189988 2.5903069972991943 0
1715019190452 2.6038401126861572 0
1715019190918 2.576155662536621 0
1715019191443 2.586649179458618 0
1715019191900 2.56394362449646 0
1715019192368 2.575441360473633 0
1715019192836 2.5538036823272705 0
1715019193303 2.5667409896850586 0
1715019193773 2.5438802242279053 0
1715019194240 2.5568909645080566 0
1715019194704 2.5338034629821777 0
1715019195164 2.546278953552246 0
1715019195628 2.5238051414489746 0
1715019196155 2.535490036010742 0
1715019196613 2.5138401985168457 0
1715019197084 2.524397373199463 0
1715019197545 2.503673553466797 0
1715019198013 2.5127081871032715 0
1715019198480 2.4929311275482178 0
1715019198948 2.5001540184020996 0
1715019199410 2.481248617172241 0
1715019199875 2.4867160320281982 0
1715019200337 2.468672513961792 0
1715019200866 2.4729700088500977 0
1715019201321 2.45599627494812 0
1715019201791 2.4602086544036865 0
1715019202251 2.444408893585205 0
1715019202726 2.4500138759613037 0
1715019203185 2.4348840713500977 0
1715019203658 2.444089889526367 0
1715019204118 2.4283573627471924 0
1715019204586 2.444705009460449 0
1715019205046 2.4253127574920654 0
1715019205581 2.451855182647705 0
1715019206044 2.4223837852478027 0
1715019206514 2.4543256759643555 0
1715019206978 2.4136276245117188 0
1715019207442 2.439593553543091 0
1715019207905 2.4003419876098633 0
1715019208380 2.4206743240356445 0
1715019208846 2.3887717723846436 0
1715019209310 2.411381244659424 0
1715019209771 2.382107973098755 0
1715019210292 2.414365530014038 0
1715019210748 2.3792874813079834 0
1715019211218 2.4217352867126465 0
1715019211678 2.374990701675415 0
1715019212143 2.4169576168060303 0
1715019212606 2.366286516189575 0
1715019213073 2.401276111602783 0
1715019213536 2.3557815551757812 0
1715019214007 2.3899621963500977 0
1715019214485 2.3462536334991455 0
1715019215010 2.3879165649414062 0
1715019215470 2.33849835395813 0
1715019215937 2.3853986263275146 0
1715019216401 2.332975387573242 0
1715019216868 2.386915445327759 0
1715019217338 2.329824447631836 0
1715019217805 2.38478422164917 0
1715019218278 2.3323817253112793 0
1715019218754 2.3936538696289062 0
1715019219217 2.370723247528076 0
1715019219763 2.4445440769195557 0
1715019220218 2.551703691482544 0
1715019220694 2.61525559425354 0
1715019221153 2.5083224773406982 0
1715019221632 2.4410088062286377 0
1715019222093 2.3246216773986816 0
1715019222560 2.3045711517333984 0
1715019223032 2.285973310470581 0
1715019223496 2.2820663452148438 0
1715019223967 2.2868356704711914 0
1715019224523 2.4779417514801025 0
1715019224980 2.2911036014556885 0
1715019225454 2.256643056869507 0
1715019225936 2.24267840385437 0
1715019226386 2.2542366981506348 0
1715019226850 2.2598273754119873 0
1715019227319 2.411404848098755 0
1715019227789 2.2354965209960938 0
1715019228253 2.236463785171509 0
1715019228716 2.2518837451934814 0
1715019229247 2.4176416397094727 0
1715019229717 2.2197980880737305 0
1715019230190 2.212996244430542 0
1715019230658 2.2258782386779785 0
1715019231124 2.3832669258117676 0
1715019231596 2.211538791656494 0
1715019232086 2.2215633392333984 0
1715019232568 2.234714984893799 0
1715019233060 2.469076156616211 0
1715019233542 2.2064831256866455 0
1715019234084 2.1701533794403076 0
1715019234551 2.163517713546753 0
1715019235019 2.1980316638946533 0
1715019235490 2.2221901416778564 0
1715019235963 2.5373079776763916 0
1715019236443 2.2747340202331543 0
1715019236914 2.236560821533203 0
1715019237381 2.1828877925872803 0
1715019237851 2.188964366912842 0
1715019238326 2.1914238929748535 0
1715019238848 2.4118635654449463 0
1715019239314 2.163559913635254 0
1715019239790 2.1269803047180176 0
1715019240257 2.1210315227508545 0
1715019240726 2.1445417404174805 0
1715019241188 2.2183403968811035 0
1715019241663 2.6876611709594727 0
1715019242139 2.454651355743408 0
1715019242613 2.3410515785217285 0
1715019243079 2.2821619510650635 0
1715019243768 2.1949219703674316 0
1715019244241 2.1343393325805664 0
1715019244712 2.1150152683258057 0
1715019245184 2.1106624603271484 0
1715019245668 2.1547396183013916 0
1715019246167 2.2065412998199463 0
1715019246649 2.7051236629486084 0
1715019247140 2.350130081176758 0
1715019247628 2.177821636199951 0
1715019248119 2.1165196895599365 0
1715019248684 2.0883610248565674 0
1715019249151 2.0761666297912598 0
1715019249638 2.073836088180542 0
1715019250113 2.090609073638916 0
1715019250593 2.190183639526367 0
1715019251071 2.227512836456299 0
1715019251542 2.75919771194458 0
1715019252020 2.833975076675415 0
1715019252491 2.929824113845825 0
1715019252969 2.3894336223602295 0
1715019253512 2.287121295928955 0
1715019253972 2.239058256149292 0
1715019254445 2.199065685272217 0
1715019254924 2.164400100708008 0
1715019255398 2.1334216594696045 0
1715019255874 2.107816457748413 0
1715019256348 2.0876693725585938 0
1715019256823 2.0717732906341553 0
1715019257303 2.058976173400879 0
1715019257769 2.0481226444244385 0
1715019258316 2.0386884212493896 0
1715019258785 2.033271074295044 0
1715019259264 2.0561370849609375 0
1715019259742 2.1841647624969482 0
1715019260225 2.7523226737976074 0
1715019260711 2.4194629192352295 0
1715019261186 2.256373405456543 0
1715019261660 2.1402511596679688 0
1715019262136 2.0739903450012207 0
1715019262615 2.032811403274536 0
1715019263158 2.0152127742767334 0
1715019263620 2.021693706512451 0
1715019264091 2.0639994144439697 0
1715019264565 2.3002984523773193 0
1715019265043 2.041616916656494 0
1715019265528 2.0021591186523438 0
1715019266006 2.0202715396881104 0
1715019266485 2.0297129154205322 0
1715019266964 2.2070324420928955 0
1715019267520 2.0096051692962646 0
1715019268173 2.0085248947143555 0
1715019268685 2.0825209617614746 0
1715019269152 2.152773857116699 0
1715019269616 2.058396339416504 0
1715019270106 2.346388816833496 0
1715019270619 2.0075511932373047 0
1715019271083 1.9945944547653198 0
1715019271582 2.0586490631103516 0
1715019272054 1.9829306602478027 0
1715019272518 2.0841662883758545 0
