1715019128073 0.828650951385498 0
1715019128563 0.48388195037841797 0
1715019129030 0.46269679069519043 0
1715019129543 0.5092999935150146 0
1715019130016 0.4684107303619385 0
1715019130485 0.46036314964294434 0
1715019130956 0.4588911533355713 0
1715019131431 0.46042490005493164 0
1715019131896 0.45648193359375 0
1715019132358 0.4545881748199463 0
1715019132969 0.4593961238861084 0
1715019133452 0.4584481716156006 0
1715019133918 0.45928382873535156 0
1715019134380 0.45407605171203613 0
1715019134853 0.4649500846862793 0
1715019135331 0.46936702728271484 0
1715019135794 0.4546542167663574 0
1715019136261 0.45905280113220215 0
1715019136741 0.45534205436706543 0
1715019137217 0.4687769412994385 0
1715019137752 0.4833817481994629 0
1715019138223 0.46498608589172363 0
1715019138718 0.4840202331542969 0
1715019139194 0.4685089588165283 0
1715019139679 0.4624900817871094 0
1715019140149 0.4626309871673584 0
1715019140616 0.4581270217895508 0
1715019141087 0.4623243808746338 0
1715019141560 0.4655330181121826 0
1715019142022 0.4586470127105713 0
1715019142555 0.4664592742919922 0
1715019143027 0.46050405502319336 0
1715019143499 0.45826220512390137 0
1715019143967 0.45925116539001465 0
1715019144435 0.46073484420776367 0
1715019144911 0.46740198135375977 0
1715019145396 0.4729039669036865 0
1715019145868 0.464263916015625 0
1715019146337 0.46028637886047363 0
1715019146807 0.46173596382141113 0
1715019147340 0.46237707138061523 0
1715019147852 0.5047318935394287 0
1715019148432 0.5601298809051514 0
1715019148972 0.5342469215393066 0
1715019149485 0.5046889781951904 0
1715019149997 0.5017719268798828 0
1715019150501 0.49317097663879395 0
1715019151015 0.507662296295166 0
1715019151486 0.46054601669311523 0
1715019152003 0.504777193069458 0
1715019152581 0.5015509128570557 0
1715019153075 0.4860086441040039 0
1715019153582 0.4963560104370117 0
1715019154050 0.46071600914001465 0
1715019154528 0.4662959575653076 0
1715019155025 0.4869229793548584 0
1715019155514 0.47673606872558594 0
1715019156022 0.4947800636291504 0
1715019156524 0.4876108169555664 0
1715019156997 0.46451592445373535 0
1715019157550 0.47733402252197266 0
1715019158011 0.45610785484313965 0
1715019158518 0.49474477767944336 0
1715019158991 0.46500492095947266 0
1715019159476 0.47159385681152344 0
1715019159959 0.47304320335388184 0
1715019160520 0.5509181022644043 0
1715019161007 0.48264193534851074 0
1715019161509 0.4917769432067871 0
1715019162006 0.4866189956665039 0
1715019162558 0.4639322757720947 0
1715019163027 0.4591500759124756 0
1715019163519 0.47980213165283203 0
1715019164010 0.4805781841278076 0
1715019164529 0.506533145904541 0
1715019165013 0.476809024810791 0
1715019165499 0.47426509857177734 0
1715019166002 0.4921448230743408 0
1715019166507 0.4955019950866699 0
1715019167027 0.5085639953613281 0
1715019167614 0.4959878921508789 0
1715019168110 0.4840507507324219 0
1715019168579 0.46393489837646484 0
1715019169079 0.4662020206451416 0
1715019169567 0.4759049415588379 0
1715019170066 0.48668813705444336 0
1715019170542 0.4638807773590088 0
1715019171041 0.4857029914855957 0
1715019171519 0.46733808517456055 0
1715019171998 0.46205711364746094 0
1715019172538 0.46285581588745117 0
1715019173004 0.4558720588684082 0
1715019173474 0.4565129280090332 0
1715019173950 0.4616379737854004 0
1715019174414 0.45226216316223145 0
1715019174875 0.4489428997039795 0
1715019175345 0.459118127822876 0
1715019175806 0.4502861499786377 0
1715019176267 0.4514801502227783 0
1715019176735 0.4559202194213867 0
1715019177258 0.44971299171447754 0
1715019177711 0.44740796089172363 0
1715019178179 0.456118106842041 0
1715019178654 0.4539201259613037 0
1715019179141 0.4756510257720947 0
1715019179614 0.46007800102233887 0
1715019180088 0.4625248908996582 0
1715019180557 0.46441006660461426 0
1715019181026 0.4560089111328125 0
1715019181485 0.4463679790496826 0
1715019182012 0.470383882522583 0
1715019182489 0.46673107147216797 0
1715019182950 0.4460890293121338 0
1715019183419 0.4574148654937744 0
1715019183884 0.4527900218963623 0
1715019184349 0.45403385162353516 0
1715019184813 0.4528813362121582 0
1715019185280 0.45252299308776855 0
1715019185746 0.45439720153808594 0
1715019186210 0.45259904861450195 0
1715019186737 0.4540219306945801 0
1715019187200 0.45375895500183105 0
1715019187671 0.45320606231689453 0
1715019188136 0.45209193229675293 0
1715019188602 0.45380401611328125 0
1715019189072 0.45594191551208496 0
1715019189540 0.4554307460784912 0
1715019190004 0.45092082023620605 0
1715019190468 0.4525289535522461 0
1715019190938 0.453732967376709 0
1715019191455 0.448559045791626 0
1715019191923 0.4595210552215576 0
1715019192386 0.4532756805419922 0
1715019192853 0.45412302017211914 0
1715019193321 0.45604610443115234 0
1715019193791 0.45600318908691406 0
1715019194254 0.4493420124053955 0
1715019194716 0.44838929176330566 0
1715019195177 0.44979000091552734 0
1715019195644 0.45270824432373047 0
1715019196168 0.4536418914794922 0
1715019196633 0.4562830924987793 0
1715019197100 0.4551990032196045 0
1715019197562 0.4493579864501953 0
1715019198030 0.4549858570098877 0
1715019198498 0.4559309482574463 0
1715019198964 0.4531421661376953 0
1715019199427 0.4512488842010498 0
1715019199891 0.4515042304992676 0
1715019200354 0.4514470100402832 0
1715019200878 0.45201992988586426 0
1715019201340 0.45293593406677246 0
1715019201800 0.4460017681121826 0
1715019202274 0.46399617195129395 0
1715019202742 0.4558861255645752 0
1715019203195 0.44565701484680176 0
1715019203672 0.4676990509033203 0
1715019204135 0.451984167098999 0
1715019204598 0.45071887969970703 0
1715019205065 0.4538140296936035 0
1715019205601 0.46210670471191406 0
1715019206065 0.45492100715637207 0
1715019206531 0.45239901542663574 0
1715019206994 0.4528219699859619 0
1715019207458 0.4527561664581299 0
1715019207931 0.46273088455200195 0
1715019208398 0.4556562900543213 0
1715019208859 0.45006799697875977 0
1715019209325 0.45599913597106934 0
1715019209788 0.4512789249420166 0
1715019210305 0.4514586925506592 0
1715019210767 0.45288920402526855 0
1715019211229 0.44957399368286133 0
1715019211695 0.4545474052429199 0
1715019212160 0.45468688011169434 0
1715019212624 0.45426392555236816 0
1715019213085 0.44826507568359375 0
1715019213554 0.4574000835418701 0
1715019214025 0.46002626419067383 0
1715019214502 0.46059203147888184 0
1715019215023 0.45053601264953613 0
1715019215487 0.45612025260925293 0
1715019215955 0.4561190605163574 0
1715019216418 0.45305490493774414 0
1715019216887 0.4560830593109131 0
1715019217356 0.45650506019592285 0
1715019217827 0.4591069221496582 0
1715019218305 0.46640801429748535 0
1715019218766 0.45360398292541504 0
1715019219227 0.44866323471069336 0
1715019219772 0.467634916305542 0
1715019220235 0.4587111473083496 0
1715019220706 0.4631078243255615 0
1715019221184 0.4694080352783203 0
1715019221643 0.45006799697875977 0
1715019222104 0.4496760368347168 0
1715019222573 0.45821404457092285 0
1715019223047 0.46283602714538574 0
1715019223506 0.45069098472595215 0
1715019223977 0.460543155670166 0
1715019224535 0.47081589698791504 0
1715019224997 0.45709896087646484 0
1715019225476 0.4621291160583496 0
1715019225943 0.45735812187194824 0
1715019226397 0.44931626319885254 0
1715019226870 0.4616866111755371 0
1715019227334 0.4551510810852051 0
1715019227805 0.45882487297058105 0
1715019228269 0.45279598236083984 0
1715019228732 0.45195770263671875 0
1715019229266 0.4641141891479492 0
1715019229735 0.46058011054992676 0
1715019230202 0.453474760055542 0
1715019230662 0.44896602630615234 0
1715019231137 0.466480016708374 0
1715019231614 0.4653940200805664 0
1715019232105 0.4782731533050537 0
1715019232589 0.47800588607788086 0
1715019233084 0.48476696014404297 0
1715019233559 0.46634793281555176 0
1715019234096 0.46221423149108887 0
1715019234567 0.45960330963134766 0
1715019235043 0.46488094329833984 0
1715019235508 0.45357799530029297 0
1715019235985 0.4622938632965088 0
1715019236459 0.4624359607696533 0
1715019236925 0.44942212104797363 0
1715019237398 0.4571068286895752 0
1715019237871 0.46160888671875 0
1715019238342 0.45952486991882324 0
1715019238866 0.46152496337890625 0
1715019239337 0.4636998176574707 0
1715019239800 0.4495539665222168 0
1715019240268 0.44983410835266113 0
1715019240737 0.4567899703979492 0
1715019241208 0.4596421718597412 0
1715019241682 0.4617609977722168 0
1715019242165 0.4712948799133301 0
1715019242631 0.4549827575683594 0
1715019243097 0.4539361000061035 0
1715019243787 0.46424174308776855 0
1715019244259 0.4595789909362793 0
1715019244733 0.46057796478271484 0
1715019245198 0.4531819820404053 0
1715019245705 0.4942021369934082 0
1715019246190 0.4758107662200928 0
1715019246667 0.46807408332824707 0
1715019247158 0.48369407653808594 0
1715019247651 0.485759973526001 0
1715019248142 0.48366713523864746 0
1715019248689 0.4548020362854004 0
1715019249173 0.4794797897338867 0
1715019249654 0.47028112411499023 0
1715019250124 0.45957303047180176 0
1715019250614 0.470919132232666 0
1715019251087 0.463184118270874 0
1715019251562 0.46359801292419434 0
1715019252037 0.46271800994873047 0
1715019252512 0.46459412574768066 0
1715019252989 0.46250414848327637 0
1715019253524 0.4557521343231201 0
1715019253992 0.4574849605560303 0
1715019254467 0.46279072761535645 0
1715019254941 0.4626758098602295 0
1715019255421 0.4685063362121582 0
1715019255890 0.45752406120300293 0
1715019256368 0.4675920009613037 0
1715019256842 0.46246910095214844 0
1715019257316 0.4598579406738281 0
1715019257780 0.4528367519378662 0
1715019258325 0.4709959030151367 0
1715019258796 0.46556687355041504 0
1715019259283 0.4724271297454834 0
1715019259761 0.4660959243774414 0
1715019260253 0.4820668697357178 0
1715019260729 0.4654350280761719 0
1715019261204 0.4640209674835205 0
1715019261673 0.4583859443664551 0
1715019262151 0.46436190605163574 0
1715019262635 0.4697558879852295 0
1715019263174 0.4629487991333008 0
1715019263638 0.454010009765625 0
1715019264115 0.46552276611328125 0
1715019264582 0.45668768882751465 0
1715019265064 0.4721810817718506 0
1715019265542 0.466871976852417 0
1715019266026 0.47031092643737793 0
1715019266509 0.47246885299682617 0
1715019266983 0.46452784538269043 0
1715019267552 0.5559089183807373 0
1715019268197 0.5415589809417725 0
1715019268689 0.48830199241638184 0
1715019269161 0.4682290554046631 0
1715019269640 0.4737999439239502 0
1715019270118 0.4716982841491699 0
1715019270625 0.5019431114196777 0
1715019271109 0.4794960021972656 0
1715019271590 0.4704399108886719 0
1715019272059 0.465059757232666 0
1715019272528 0.46415066719055176 0
