1715611720171 7.44571590423584 0
1715611721484 7.0728983879089355 0
1715611722289 6.7560906410217285 0
1715611723058 6.488503932952881 0
1715611723988 6.345115661621094 0
1715611724783 6.211260795593262 0
1715611725546 6.077359676361084 0
1715611726289 5.942010402679443 0
1715611727037 5.799293518066406 0
1715611727974 5.624174118041992 0
1715611734998 5.4305033683776855 0
1715611735836 5.21151065826416 0
1715611736636 4.949103355407715 0
1715611737701 4.6557536125183105 0
1715611738399 4.332218647003174 0
1715611739119 4.087732315063477 0
