1715611720222 1.3548088073730469 0
1715611721493 0.6869680881500244 0
1715611722309 0.5705559253692627 0
1715611723083 0.5551600456237793 0
1715611724011 0.5251507759094238 0
1715611724800 0.5087580680847168 0
1715611725554 0.5293021202087402 0
1715611726312 0.5419881343841553 0
1715611727046 0.5190162658691406 0
1715611727994 0.5250821113586426 0
1715611735015 1.3394670486450195 0
1715611735862 0.5807008743286133 0
1715611736657 0.5484919548034668 0
1715611737708 0.5055639743804932 0
1715611738407 0.49647092819213867 0
1715611739127 0.4974632263183594 0
