1716892205485 1.0 0
1716892206343 2.0 0
1716892206883 3.0 0
1716892207402 4.0 0
1716892207944 5.0 0
1716892208489 6.0 0
1716892209059 7.0 0
1716892209662 8.0 0
1716892210279 9.0 0
1716892210901 10.0 0
1716892218446 11.0 0
1716892219956 12.0 0
1716892220516 13.0 0
1716892221082 14.0 0
1716892221627 15.0 0
1716892222166 16.0 0
1716892222739 17.0 0
1716892223343 18.0 0
1716892223931 19.0 0
1716892224605 20.0 0
1716892230674 21.0 0
1716892231142 22.0 0
1716892231607 23.0 0
1716892232084 24.0 0
1716892232554 25.0 0
1716892233027 26.0 0
1716892233493 27.0 0
1716892233979 28.0 0
1716892234469 29.0 0
1716892234925 30.0 0
1716892239040 31.0 0
1716892239525 32.0 0
1716892240009 33.0 0
1716892240486 34.0 0
1716892240951 35.0 0
1716892241407 36.0 0
1716892241855 37.0 0
1716892242317 38.0 0
1716892242806 39.0 0
1716892243349 40.0 0
1716892248168 41.0 0
1716892248644 42.0 0
1716892249112 43.0 0
1716892249566 44.0 0
1716892250041 45.0 0
1716892250486 46.0 0
1716892250961 47.0 0
1716892251470 48.0 0
1716892251942 49.0 0
1716892252472 50.0 0
1716892256995 51.0 0
1716892257482 52.0 0
1716892257929 53.0 0
1716892258380 54.0 0
1716892258855 55.0 0
1716892259318 56.0 0
1716892259791 57.0 0
1716892260291 58.0 0
1716892260771 59.0 0
1716892261225 60.0 0
1716892266238 61.0 0
1716892266715 62.0 0
1716892267194 63.0 0
1716892267656 64.0 0
1716892268131 65.0 0
1716892268589 66.0 0
1716892269041 67.0 0
1716892269507 68.0 0
1716892269964 69.0 0
1716892270406 70.0 0
1716892275249 71.0 0
1716892275703 72.0 0
1716892276154 73.0 0
1716892276619 74.0 0
1716892277084 75.0 0
1716892277544 76.0 0
1716892277997 77.0 0
1716892278455 78.0 0
1716892278917 79.0 0
1716892279367 80.0 0
1716892284118 81.0 0
1716892284589 82.0 0
1716892285051 83.0 0
1716892285511 84.0 0
1716892285975 85.0 0
1716892286439 86.0 0
1716892286914 87.0 0
1716892287374 88.0 0
1716892287827 89.0 0
1716892288281 90.0 0
1716892292578 91.0 0
1716892293111 92.0 0
1716892293573 93.0 0
1716892294035 94.0 0
1716892294477 95.0 0
1716892294954 96.0 0
1716892295414 97.0 0
1716892295890 98.0 0
1716892296323 99.0 0
1716892296764 100.0 0
1716892300652 101.0 0
1716892301133 102.0 0
1716892301585 103.0 0
1716892302053 104.0 0
1716892302507 105.0 0
1716892302967 106.0 0
1716892303422 107.0 0
1716892303876 108.0 0
1716892304323 109.0 0
1716892304783 110.0 0
1716892308666 111.0 0
1716892309118 112.0 0
1716892309570 113.0 0
1716892310027 114.0 0
1716892310456 115.0 0
1716892310907 116.0 0
1716892311366 117.0 0
1716892311826 118.0 0
1716892312283 119.0 0
1716892312758 120.0 0
1716892316778 121.0 0
1716892317239 122.0 0
1716892317700 123.0 0
1716892318157 124.0 0
1716892318633 125.0 0
1716892319092 126.0 0
1716892319564 127.0 0
1716892320020 128.0 0
1716892320485 129.0 0
1716892320945 130.0 0
1716892325093 131.0 0
1716892325564 132.0 0
1716892326013 133.0 0
1716892326473 134.0 0
1716892326937 135.0 0
1716892327407 136.0 0
1716892327885 137.0 0
1716892328353 138.0 0
1716892328809 139.0 0
1716892329259 140.0 0
1716892334167 141.0 0
1716892334632 142.0 0
1716892335079 143.0 0
1716892335536 144.0 0
1716892336000 145.0 0
1716892336450 146.0 0
1716892336904 147.0 0
1716892337365 148.0 0
1716892337821 149.0 0
1716892338279 150.0 0
1716892343026 151.0 0
1716892343490 152.0 0
1716892343947 153.0 0
1716892344401 154.0 0
1716892344850 155.0 0
1716892345296 156.0 0
1716892345762 157.0 0
1716892346225 158.0 0
1716892346675 159.0 0
1716892347133 160.0 0
1716892351118 161.0 0
1716892351584 162.0 0
1716892352039 163.0 0
1716892352511 164.0 0
1716892352965 165.0 0
1716892353414 166.0 0
1716892353869 167.0 0
1716892354332 168.0 0
1716892354785 169.0 0
1716892355229 170.0 0
1716892359117 171.0 0
1716892359604 172.0 0
1716892360074 173.0 0
1716892360543 174.0 0
1716892361003 175.0 0
1716892361465 176.0 0
1716892361925 177.0 0
1716892362390 178.0 0
1716892362849 179.0 0
1716892363299 180.0 0
1716892367928 181.0 0
1716892368386 182.0 0
1716892368832 183.0 0
1716892369292 184.0 0
1716892369741 185.0 0
1716892370199 186.0 0
1716892370642 187.0 0
1716892371102 188.0 0
1716892371563 189.0 0
1716892372015 190.0 0
1716892375996 191.0 0
1716892376450 192.0 0
1716892376929 193.0 0
1716892377404 194.0 0
1716892377867 195.0 0
1716892378329 196.0 0
1716892378783 197.0 0
1716892379305 198.0 0
1716892379789 199.0 0
1716892380326 200.0 0
1716892386649 201.0 0
1716892387123 202.0 0
1716892387595 203.0 0
1716892388062 204.0 0
1716892388559 205.0 0
1716892389029 206.0 0
1716892389519 207.0 0
1716892390009 208.0 0
1716892390499 209.0 0
1716892391032 210.0 0
1716892396418 211.0 0
1716892396911 212.0 0
1716892397429 213.0 0
1716892397910 214.0 0
1716892398403 215.0 0
1716892398876 216.0 0
1716892399377 217.0 0
1716892399871 218.0 0
1716892400384 219.0 0
1716892400972 220.0 0
1716892406476 221.0 0
1716892407011 222.0 0
1716892407580 223.0 0
1716892408081 224.0 0
1716892408619 225.0 0
1716892409159 226.0 0
1716892409713 227.0 0
1716892410248 228.0 0
1716892410835 229.0 0
1716892411405 230.0 0
1716892417342 231.0 0
1716892417859 232.0 0
1716892418381 233.0 0
1716892418877 234.0 0
1716892419375 235.0 0
1716892419917 236.0 0
1716892420412 237.0 0
1716892420897 238.0 0
1716892421397 239.0 0
1716892421885 240.0 0
1716892427040 241.0 0
1716892427521 242.0 0
1716892428027 243.0 0
1716892428532 244.0 0
1716892429015 245.0 0
1716892429500 246.0 0
1716892429973 247.0 0
1716892430461 248.0 0
1716892430923 249.0 0
1716892431391 250.0 0
1716892437644 251.0 0
1716892438112 252.0 0
1716892438600 253.0 0
1716892439145 254.0 0
1716892439657 255.0 0
1716892440177 256.0 0
1716892440673 257.0 0
1716892441142 258.0 0
1716892441628 259.0 0
1716892442116 260.0 0
1716892447514 261.0 0
1716892448020 262.0 0
1716892448490 263.0 0
1716892448960 264.0 0
1716892449435 265.0 0
1716892449913 266.0 0
1716892450370 267.0 0
1716892450840 268.0 0
1716892451308 269.0 0
1716892451793 270.0 0
1716892457036 271.0 0
1716892457526 272.0 0
1716892457993 273.0 0
1716892458475 274.0 0
1716892458946 275.0 0
1716892459440 276.0 0
1716892459904 277.0 0
1716892460373 278.0 0
1716892460840 279.0 0
1716892461310 280.0 0
1716892466689 281.0 0
1716892467191 282.0 0
1716892467739 283.0 0
1716892468253 284.0 0
1716892468728 285.0 0
1716892469204 286.0 0
1716892469671 287.0 0
1716892470124 288.0 0
1716892470582 289.0 0
1716892471061 290.0 0
1716892476041 291.0 0
1716892476515 292.0 0
1716892476989 293.0 0
1716892477484 294.0 0
1716892477994 295.0 0
1716892478526 296.0 0
1716892479005 297.0 0
1716892479478 298.0 0
1716892480064 299.0 0
1716892480710 300.0 0
1716892485812 301.0 0
1716892486285 302.0 0
1716892486768 303.0 0
1716892487249 304.0 0
1716892487741 305.0 0
1716892488218 306.0 0
1716892488692 307.0 0
1716892489176 308.0 0
1716892489658 309.0 0
1716892490164 310.0 0
1716892495495 311.0 0
1716892495978 312.0 0
1716892496462 313.0 0
1716892496941 314.0 0
1716892497408 315.0 0
1716892497872 316.0 0
1716892498343 317.0 0
1716892498835 318.0 0
1716892499321 319.0 0
1716892499873 320.0 0
1716892505468 321.0 0
1716892505944 322.0 0
1716892506392 323.0 0
1716892506870 324.0 0
1716892507357 325.0 0
1716892507827 326.0 0
1716892508320 327.0 0
1716892508798 328.0 0
1716892509274 329.0 0
1716892509772 330.0 0
1716892515923 331.0 0
1716892516412 332.0 0
1716892516895 333.0 0
1716892517372 334.0 0
1716892517849 335.0 0
1716892518363 336.0 0
1716892518815 337.0 0
1716892519306 338.0 0
1716892519814 339.0 0
1716892520298 340.0 0
1716892525314 341.0 0
1716892525787 342.0 0
1716892526254 343.0 0
1716892526738 344.0 0
1716892527222 345.0 0
1716892527696 346.0 0
1716892528209 347.0 0
1716892528699 348.0 0
1716892529173 349.0 0
1716892529672 350.0 0
1716892534632 351.0 0
1716892535128 352.0 0
1716892535601 353.0 0
1716892536074 354.0 0
1716892536541 355.0 0
1716892537031 356.0 0
1716892537526 357.0 0
1716892538013 358.0 0
1716892538484 359.0 0
1716892538963 360.0 0
1716892543600 361.0 0
1716892544080 362.0 0
1716892544558 363.0 0
1716892545031 364.0 0
1716892545509 365.0 0
1716892545976 366.0 0
1716892546441 367.0 0
1716892546910 368.0 0
1716892547398 369.0 0
1716892547883 370.0 0
1716892553375 371.0 0
1716892553863 372.0 0
1716892554363 373.0 0
1716892554894 374.0 0
1716892555463 375.0 0
1716892555955 376.0 0
1716892556498 377.0 0
1716892557017 378.0 0
1716892557516 379.0 0
1716892557982 380.0 0
1716892563157 381.0 0
1716892563639 382.0 0
1716892564115 383.0 0
1716892564586 384.0 0
1716892565081 385.0 0
1716892565597 386.0 0
1716892566085 387.0 0
1716892566602 388.0 0
1716892567074 389.0 0
1716892567557 390.0 0
1716892572896 391.0 0
1716892573371 392.0 0
1716892573869 393.0 0
1716892574358 394.0 0
1716892574840 395.0 0
1716892575371 396.0 0
1716892575872 397.0 0
1716892576363 398.0 0
1716892576855 399.0 0
1716892577359 400.0 0
1716892582616 401.0 0
1716892583110 402.0 0
1716892583647 403.0 0
1716892584146 404.0 0
1716892584638 405.0 0
1716892585133 406.0 0
1716892585618 407.0 0
1716892586095 408.0 0
1716892586603 409.0 0
1716892587101 410.0 0
1716892592331 411.0 0
1716892592815 412.0 0
1716892593318 413.0 0
1716892593787 414.0 0
1716892594280 415.0 0
1716892594823 416.0 0
1716892595304 417.0 0
1716892595798 418.0 0
1716892596324 419.0 0
1716892596818 420.0 0
1716892603118 421.0 0
1716892603615 422.0 0
1716892604099 423.0 0
1716892604565 424.0 0
1716892605030 425.0 0
1716892605506 426.0 0
1716892605996 427.0 0
1716892606494 428.0 0
1716892606990 429.0 0
1716892607487 430.0 0
1716892612677 431.0 0
1716892613176 432.0 0
1716892613655 433.0 0
1716892614149 434.0 0
1716892614609 435.0 0
1716892615128 436.0 0
1716892615604 437.0 0
1716892616110 438.0 0
1716892616589 439.0 0
1716892617091 440.0 0
1716892622124 441.0 0
1716892622610 442.0 0
1716892623066 443.0 0
1716892623600 444.0 0
1716892624072 445.0 0
1716892624532 446.0 0
1716892625014 447.0 0
1716892625520 448.0 0
1716892626010 449.0 0
1716892626489 450.0 0
1716892631848 451.0 0
1716892632317 452.0 0
1716892632808 453.0 0
1716892633294 454.0 0
1716892633783 455.0 0
1716892634314 456.0 0
1716892634790 457.0 0
1716892635344 458.0 0
1716892635867 459.0 0
1716892636339 460.0 0
1716892641272 461.0 0
1716892641760 462.0 0
1716892642248 463.0 0
1716892642723 464.0 0
1716892643214 465.0 0
1716892643713 466.0 0
1716892644185 467.0 0
1716892644675 468.0 0
1716892645143 469.0 0
1716892645649 470.0 0
1716892650623 471.0 0
1716892651106 472.0 0
1716892651570 473.0 0
1716892652060 474.0 0
1716892652535 475.0 0
1716892653028 476.0 0
1716892653502 477.0 0
1716892653994 478.0 0
1716892654470 479.0 0
1716892654946 480.0 0
1716892660104 481.0 0
1716892660630 482.0 0
1716892661167 483.0 0
1716892661673 484.0 0
1716892662165 485.0 0
1716892662666 486.0 0
1716892663156 487.0 0
1716892663631 488.0 0
1716892664113 489.0 0
1716892664587 490.0 0
1716892669408 491.0 0
1716892669876 492.0 0
1716892670363 493.0 0
1716892670850 494.0 0
1716892671330 495.0 0
1716892671831 496.0 0
1716892672306 497.0 0
1716892672842 498.0 0
1716892673339 499.0 0
1716892673862 500.0 0
1716892678931 501.0 0
1716892679403 502.0 0
1716892679889 503.0 0
1716892680360 504.0 0
1716892680828 505.0 0
1716892681316 506.0 0
1716892681782 507.0 0
1716892682254 508.0 0
1716892682740 509.0 0
1716892683230 510.0 0
1716892687884 511.0 0
1716892688361 512.0 0
1716892688853 513.0 0
1716892689329 514.0 0
1716892689796 515.0 0
1716892690255 516.0 0
1716892690748 517.0 0
1716892691245 518.0 0
1716892691748 519.0 0
1716892692274 520.0 0
1716892697006 521.0 0
1716892697477 522.0 0
1716892697964 523.0 0
1716892698443 524.0 0
1716892698905 525.0 0
1716892699387 526.0 0
1716892699844 527.0 0
1716892700306 528.0 0
1716892700785 529.0 0
1716892701263 530.0 0
1716892705820 531.0 0
1716892706295 532.0 0
1716892706794 533.0 0
1716892707277 534.0 0
1716892707860 535.0 0
1716892708369 536.0 0
1716892708894 537.0 0
1716892709407 538.0 0
1716892709926 539.0 0
1716892710464 540.0 0
1716892720364 541.0 0
1716892720897 542.0 0
1716892721442 543.0 0
1716892721967 544.0 0
1716892722496 545.0 0
1716892723040 546.0 0
1716892723558 547.0 0
1716892724052 548.0 0
1716892724571 549.0 0
1716892725105 550.0 0
1716892730096 551.0 0
1716892730575 552.0 0
1716892731080 553.0 0
1716892731564 554.0 0
1716892732037 555.0 0
1716892732541 556.0 0
1716892733044 557.0 0
1716892733542 558.0 0
1716892734043 559.0 0
1716892734534 560.0 0
1716892739654 561.0 0
1716892740155 562.0 0
1716892740661 563.0 0
1716892741153 564.0 0
1716892741620 565.0 0
1716892742099 566.0 0
1716892742565 567.0 0
1716892743020 568.0 0
1716892743498 569.0 0
1716892743967 570.0 0
1716892748889 571.0 0
1716892749365 572.0 0
1716892749842 573.0 0
1716892750316 574.0 0
1716892750788 575.0 0
1716892751284 576.0 0
1716892751777 577.0 0
1716892752253 578.0 0
1716892752738 579.0 0
1716892753268 580.0 0
1716892758963 581.0 0
1716892759512 582.0 0
1716892760016 583.0 0
1716892760536 584.0 0
1716892761071 585.0 0
1716892761619 586.0 0
1716892762113 587.0 0
1716892762615 588.0 0
1716892763136 589.0 0
1716892763666 590.0 0
1716892768876 591.0 0
1716892769370 592.0 0
1716892769916 593.0 0
1716892770419 594.0 0
1716892770932 595.0 0
1716892771491 596.0 0
1716892772013 597.0 0
1716892772573 598.0 0
1716892773118 599.0 0
1716892773646 600.0 0
1716892778938 601.0 0
1716892779410 602.0 0
1716892779891 603.0 0
1716892780380 604.0 0
1716892780899 605.0 0
1716892781384 606.0 0
1716892781913 607.0 0
1716892782446 608.0 0
1716892782956 609.0 0
1716892783453 610.0 0
1716892788493 611.0 0
1716892788972 612.0 0
1716892789460 613.0 0
1716892789961 614.0 0
1716892790423 615.0 0
1716892790908 616.0 0
1716892791373 617.0 0
1716892791865 618.0 0
1716892792339 619.0 0
1716892792842 620.0 0
1716892797562 621.0 0
1716892798030 622.0 0
1716892798558 623.0 0
1716892799059 624.0 0
1716892799537 625.0 0
1716892800031 626.0 0
1716892800504 627.0 0
1716892800972 628.0 0
1716892801441 629.0 0
1716892801934 630.0 0
1716892807076 631.0 0
1716892807555 632.0 0
1716892808055 633.0 0
1716892808603 634.0 0
1716892809195 635.0 0
1716892809708 636.0 0
1716892810208 637.0 0
1716892810725 638.0 0
1716892811230 639.0 0
1716892811756 640.0 0
1716892817295 641.0 0
1716892817773 642.0 0
1716892818276 643.0 0
1716892818766 644.0 0
1716892819269 645.0 0
1716892819781 646.0 0
1716892820263 647.0 0
1716892820790 648.0 0
1716892821312 649.0 0
1716892821821 650.0 0
1716892826957 651.0 0
1716892827449 652.0 0
1716892827956 653.0 0
1716892828421 654.0 0
1716892828892 655.0 0
1716892829363 656.0 0
1716892829826 657.0 0
1716892830281 658.0 0
1716892830796 659.0 0
1716892831282 660.0 0
1716892836140 661.0 0
1716892836631 662.0 0
1716892837134 663.0 0
1716892837615 664.0 0
1716892838126 665.0 0
1716892838623 666.0 0
1716892839105 667.0 0
1716892839588 668.0 0
1716892840102 669.0 0
1716892840592 670.0 0
1716892845851 671.0 0
1716892846330 672.0 0
1716892846835 673.0 0
1716892847328 674.0 0
1716892847803 675.0 0
1716892848299 676.0 0
1716892848778 677.0 0
1716892849265 678.0 0
1716892849737 679.0 0
1716892850213 680.0 0
1716892855164 681.0 0
1716892855622 682.0 0
1716892856087 683.0 0
1716892856578 684.0 0
1716892857085 685.0 0
1716892857557 686.0 0
1716892858053 687.0 0
1716892858520 688.0 0
1716892858992 689.0 0
1716892859471 690.0 0
1716892866961 691.0 0
1716892867462 692.0 0
1716892867986 693.0 0
1716892868541 694.0 0
1716892869145 695.0 0
1716892869734 696.0 0
1716892870308 697.0 0
1716892870898 698.0 0
1716892871401 699.0 0
1716892871892 700.0 0
1716892877085 701.0 0
1716892877571 702.0 0
1716892878059 703.0 0
1716892878574 704.0 0
1716892879085 705.0 0
1716892879583 706.0 0
1716892880075 707.0 0
1716892880573 708.0 0
1716892881075 709.0 0
1716892881552 710.0 0
1716892886330 711.0 0
1716892886817 712.0 0
1716892887286 713.0 0
1716892887772 714.0 0
1716892888254 715.0 0
1716892888741 716.0 0
1716892889224 717.0 0
1716892889714 718.0 0
1716892890206 719.0 0
1716892890702 720.0 0
1716892895844 721.0 0
1716892896325 722.0 0
1716892896826 723.0 0
1716892897281 724.0 0
1716892897764 725.0 0
1716892898254 726.0 0
1716892898736 727.0 0
1716892899296 728.0 0
1716892899799 729.0 0
1716892900335 730.0 0
1716892907701 731.0 0
1716892908179 732.0 0
1716892908674 733.0 0
1716892909157 734.0 0
1716892909642 735.0 0
1716892910121 736.0 0
1716892910620 737.0 0
1716892911102 738.0 0
1716892911574 739.0 0
1716892912074 740.0 0
1716892918214 741.0 0
1716892918723 742.0 0
1716892919212 743.0 0
1716892919731 744.0 0
1716892920248 745.0 0
1716892920741 746.0 0
1716892921227 747.0 0
1716892921727 748.0 0
1716892922216 749.0 0
1716892922730 750.0 0
1716892928487 751.0 0
1716892928992 752.0 0
1716892929460 753.0 0
1716892929933 754.0 0
1716892930426 755.0 0
1716892930898 756.0 0
1716892931389 757.0 0
1716892931889 758.0 0
1716892932398 759.0 0
1716892932907 760.0 0
1716892938421 761.0 0
1716892938901 762.0 0
1716892939374 763.0 0
1716892939837 764.0 0
1716892940320 765.0 0
1716892940812 766.0 0
1716892941309 767.0 0
1716892941794 768.0 0
1716892942276 769.0 0
1716892942742 770.0 0
1716892947698 771.0 0
1716892948189 772.0 0
1716892948651 773.0 0
1716892949149 774.0 0
1716892949624 775.0 0
1716892950104 776.0 0
1716892950553 777.0 0
1716892951008 778.0 0
1716892951499 779.0 0
1716892951982 780.0 0
1716892957010 781.0 0
1716892957492 782.0 0
1716892957957 783.0 0
1716892958415 784.0 0
1716892958885 785.0 0
1716892959344 786.0 0
1716892959816 787.0 0
1716892960303 788.0 0
1716892960811 789.0 0
1716892961276 790.0 0
1716892966589 791.0 0
1716892967079 792.0 0
1716892967558 793.0 0
1716892968043 794.0 0
1716892968500 795.0 0
1716892968976 796.0 0
1716892969453 797.0 0
1716892969908 798.0 0
1716892970369 799.0 0
1716892970827 800.0 0
1716892976130 801.0 0
1716892976607 802.0 0
1716892977101 803.0 0
1716892977569 804.0 0
1716892978028 805.0 0
1716892978489 806.0 0
1716892978951 807.0 0
1716892979410 808.0 0
1716892979874 809.0 0
1716892980342 810.0 0
1716892984626 811.0 0
1716892985088 812.0 0
1716892985559 813.0 0
1716892986022 814.0 0
1716892986475 815.0 0
1716892986929 816.0 0
1716892987390 817.0 0
1716892987851 818.0 0
1716892988314 819.0 0
1716892988781 820.0 0
1716892993142 821.0 0
1716892993602 822.0 0
1716892994075 823.0 0
1716892994544 824.0 0
1716892994996 825.0 0
1716892995464 826.0 0
1716892995936 827.0 0
1716892996398 828.0 0
1716892996861 829.0 0
1716892997327 830.0 0
1716893001730 831.0 0
1716893002197 832.0 0
1716893002672 833.0 0
1716893003135 834.0 0
1716893003588 835.0 0
1716893004059 836.0 0
1716893004522 837.0 0
1716893004984 838.0 0
1716893005451 839.0 0
1716893005915 840.0 0
1716893009554 841.0 0
1716893010029 842.0 0
1716893010551 843.0 0
1716893011037 844.0 0
1716893011522 845.0 0
1716893012009 846.0 0
1716893012544 847.0 0
1716893013086 848.0 0
1716893013615 849.0 0
1716893014139 850.0 0
1716893019105 851.0 0
1716893019584 852.0 0
1716893020095 853.0 0
1716893020589 854.0 0
1716893021075 855.0 0
1716893021558 856.0 0
1716893022032 857.0 0
1716893022527 858.0 0
1716893022996 859.0 0
1716893023457 860.0 0
1716893027900 861.0 0
1716893028391 862.0 0
1716893028859 863.0 0
1716893029363 864.0 0
1716893029816 865.0 0
1716893030277 866.0 0
1716893030744 867.0 0
1716893031229 868.0 0
1716893031716 869.0 0
1716893032186 870.0 0
1716893039542 871.0 0
1716893040041 872.0 0
1716893040516 873.0 0
1716893041011 874.0 0
1716893041487 875.0 0
1716893041966 876.0 0
1716893042431 877.0 0
1716893042932 878.0 0
1716893043432 879.0 0
1716893043931 880.0 0
1716893048900 881.0 0
1716893049381 882.0 0
1716893049867 883.0 0
1716893050347 884.0 0
1716893050842 885.0 0
1716893051318 886.0 0
1716893051790 887.0 0
1716893052265 888.0 0
1716893052742 889.0 0
1716893053221 890.0 0
1716893058027 891.0 0
1716893058511 892.0 0
1716893058983 893.0 0
1716893059455 894.0 0
1716893059922 895.0 0
1716893060383 896.0 0
1716893060839 897.0 0
1716893061315 898.0 0
1716893061794 899.0 0
1716893062271 900.0 0
1716893066779 901.0 0
1716893067257 902.0 0
1716893067736 903.0 0
1716893068251 904.0 0
1716893068737 905.0 0
1716893069219 906.0 0
1716893069715 907.0 0
1716893070219 908.0 0
1716893070727 909.0 0
1716893071256 910.0 0
1716893076162 911.0 0
1716893076638 912.0 0
1716893077105 913.0 0
1716893077580 914.0 0
1716893078055 915.0 0
1716893078536 916.0 0
1716893079017 917.0 0
1716893079488 918.0 0
1716893079970 919.0 0
1716893080491 920.0 0
1716893085157 921.0 0
1716893085629 922.0 0
1716893086117 923.0 0
1716893086599 924.0 0
1716893087067 925.0 0
1716893087534 926.0 0
1716893087996 927.0 0
1716893088464 928.0 0
1716893088926 929.0 0
1716893089403 930.0 0
1716893093398 931.0 0
1716893093901 932.0 0
1716893094393 933.0 0
1716893094887 934.0 0
1716893095368 935.0 0
1716893095862 936.0 0
1716893096332 937.0 0
1716893096826 938.0 0
1716893097293 939.0 0
1716893097763 940.0 0
1716893102256 941.0 0
1716893102739 942.0 0
1716893103325 943.0 0
1716893103926 944.0 0
1716893104456 945.0 0
1716893104939 946.0 0
1716893105398 947.0 0
1716893105883 948.0 0
1716893106365 949.0 0
1716893106897 950.0 0
1716893112333 951.0 0
1716893112860 952.0 0
1716893113331 953.0 0
1716893113788 954.0 0
1716893114263 955.0 0
1716893114746 956.0 0
1716893115258 957.0 0
1716893115755 958.0 0
1716893116233 959.0 0
1716893116712 960.0 0
1716893122008 961.0 0
1716893122502 962.0 0
1716893123338 963.0 0
1716893123949 964.0 0
1716893124743 965.0 0
1716893125452 966.0 0
1716893126042 967.0 0
1716893126802 968.0 0
1716893127550 969.0 0
1716893128279 970.0 0
1716893135549 971.0 0
1716893136102 972.0 0
1716893136594 973.0 0
1716893137083 974.0 0
1716893137595 975.0 0
1716893138117 976.0 0
1716893138678 977.0 0
1716893139311 978.0 0
1716893139913 979.0 0
1716893140462 980.0 0
1716893147212 981.0 0
1716893147813 982.0 0
1716893148411 983.0 0
1716893149014 984.0 0
1716893149566 985.0 0
1716893150127 986.0 0
1716893150707 987.0 0
1716893151254 988.0 0
1716893151856 989.0 0
1716893152477 990.0 0
1716893159062 991.0 0
1716893159586 992.0 0
1716893160089 993.0 0
1716893160630 994.0 0
1716893161211 995.0 0
1716893161741 996.0 0
1716893162235 997.0 0
1716893162733 998.0 0
1716893163281 999.0 0
1716893163748 1000.0 0
1716893169844 1001.0 0
1716893170335 1002.0 0
1716893170834 1003.0 0
1716893171324 1004.0 0
1716893171834 1005.0 0
1716893172316 1006.0 0
1716893172831 1007.0 0
1716893173385 1008.0 0
1716893173973 1009.0 0
1716893174550 1010.0 0
1716893180737 1011.0 0
1716893181230 1012.0 0
1716893181711 1013.0 0
1716893182180 1014.0 0
1716893182673 1015.0 0
1716893183166 1016.0 0
1716893183667 1017.0 0
1716893184158 1018.0 0
1716893184637 1019.0 0
1716893185136 1020.0 0
1716893190200 1021.0 0
1716893190698 1022.0 0
1716893191181 1023.0 0
1716893191663 1024.0 0
1716893192135 1025.0 0
1716893192626 1026.0 0
1716893193106 1027.0 0
1716893193596 1028.0 0
1716893194101 1029.0 0
1716893194610 1030.0 0
1716893199693 1031.0 0
1716893200167 1032.0 0
1716893200655 1033.0 0
1716893201156 1034.0 0
1716893201623 1035.0 0
1716893202103 1036.0 0
1716893202574 1037.0 0
1716893203049 1038.0 0
1716893203550 1039.0 0
1716893204020 1040.0 0
1716893208875 1041.0 0
1716893209413 1042.0 0
1716893209923 1043.0 0
1716893210470 1044.0 0
1716893210967 1045.0 0
1716893211496 1046.0 0
1716893212006 1047.0 0
1716893212522 1048.0 0
1716893213015 1049.0 0
1716893213554 1050.0 0
1716893219121 1051.0 0
1716893219661 1052.0 0
1716893220161 1053.0 0
1716893220691 1054.0 0
1716893221216 1055.0 0
1716893221731 1056.0 0
1716893222223 1057.0 0
1716893222737 1058.0 0
1716893223293 1059.0 0
1716893223772 1060.0 0
1716893229574 1061.0 0
1716893230044 1062.0 0
1716893230532 1063.0 0
1716893231065 1064.0 0
1716893231579 1065.0 0
1716893232068 1066.0 0
1716893232601 1067.0 0
1716893233127 1068.0 0
1716893233606 1069.0 0
1716893234129 1070.0 0
1716893239699 1071.0 0
1716893240169 1072.0 0
1716893240689 1073.0 0
1716893241168 1074.0 0
1716893241639 1075.0 0
1716893242120 1076.0 0
1716893242623 1077.0 0
1716893243113 1078.0 0
1716893243579 1079.0 0
1716893244058 1080.0 0
1716893249373 1081.0 0
1716893249884 1082.0 0
1716893250386 1083.0 0
1716893250894 1084.0 0
1716893251362 1085.0 0
1716893251829 1086.0 0
1716893252295 1087.0 0
1716893252769 1088.0 0
1716893253251 1089.0 0
1716893253736 1090.0 0
1716893258656 1091.0 0
1716893259184 1092.0 0
1716893259670 1093.0 0
1716893260192 1094.0 0
1716893260680 1095.0 0
1716893261185 1096.0 0
1716893261700 1097.0 0
1716893262212 1098.0 0
1716893262708 1099.0 0
1716893263210 1100.0 0
1716893273151 1101.0 0
1716893273639 1102.0 0
1716893274174 1103.0 0
1716893274660 1104.0 0
1716893275148 1105.0 0
1716893275658 1106.0 0
1716893276155 1107.0 0
1716893276659 1108.0 0
1716893277144 1109.0 0
1716893277698 1110.0 0
1716893283180 1111.0 0
1716893283703 1112.0 0
1716893284200 1113.0 0
1716893284671 1114.0 0
1716893285162 1115.0 0
1716893285646 1116.0 0
1716893286125 1117.0 0
1716893286580 1118.0 0
1716893287037 1119.0 0
1716893287570 1120.0 0
1716893293297 1121.0 0
1716893293783 1122.0 0
1716893294311 1123.0 0
1716893294808 1124.0 0
1716893295370 1125.0 0
1716893295892 1126.0 0
1716893296443 1127.0 0
1716893296998 1128.0 0
1716893297525 1129.0 0
1716893298217 1130.0 0
1716893304181 1131.0 0
1716893304675 1132.0 0
1716893305170 1133.0 0
1716893305672 1134.0 0
1716893306171 1135.0 0
1716893306666 1136.0 0
1716893307155 1137.0 0
1716893307638 1138.0 0
1716893308128 1139.0 0
1716893308622 1140.0 0
1716893313465 1141.0 0
1716893313954 1142.0 0
1716893314443 1143.0 0
1716893314954 1144.0 0
1716893315562 1145.0 0
1716893316090 1146.0 0
1716893316580 1147.0 0
1716893317083 1148.0 0
1716893317563 1149.0 0
1716893318063 1150.0 0
1716893323464 1151.0 0
1716893323975 1152.0 0
1716893324479 1153.0 0
1716893324966 1154.0 0
1716893325441 1155.0 0
1716893325933 1156.0 0
1716893326421 1157.0 0
1716893326922 1158.0 0
1716893327425 1159.0 0
1716893327916 1160.0 0
1716893333751 1161.0 0
1716893334275 1162.0 0
1716893334774 1163.0 0
1716893335264 1164.0 0
1716893335765 1165.0 0
1716893336279 1166.0 0
1716893336751 1167.0 0
1716893337222 1168.0 0
1716893337691 1169.0 0
1716893338209 1170.0 0
1716893343076 1171.0 0
1716893343571 1172.0 0
1716893344045 1173.0 0
1716893344509 1174.0 0
1716893345004 1175.0 0
1716893345511 1176.0 0
1716893345984 1177.0 0
1716893346460 1178.0 0
1716893346921 1179.0 0
1716893347397 1180.0 0
1716893352816 1181.0 0
1716893353360 1182.0 0
1716893353867 1183.0 0
1716893354394 1184.0 0
1716893354939 1185.0 0
1716893355422 1186.0 0
1716893355906 1187.0 0
1716893356413 1188.0 0
1716893356891 1189.0 0
1716893357389 1190.0 0
1716893362894 1191.0 0
1716893363388 1192.0 0
1716893363866 1193.0 0
1716893364357 1194.0 0
1716893364854 1195.0 0
1716893365370 1196.0 0
1716893365881 1197.0 0
1716893366388 1198.0 0
1716893366864 1199.0 0
1716893367342 1200.0 0
1716893372534 1201.0 0
1716893373029 1202.0 0
1716893373507 1203.0 0
1716893373994 1204.0 0
1716893374550 1205.0 0
1716893375092 1206.0 0
1716893375587 1207.0 0
1716893376078 1208.0 0
1716893376561 1209.0 0
1716893377026 1210.0 0
1716893382798 1211.0 0
1716893383283 1212.0 0
1716893383782 1213.0 0
1716893384264 1214.0 0
1716893384750 1215.0 0
1716893385220 1216.0 0
1716893385731 1217.0 0
1716893386244 1218.0 0
1716893386754 1219.0 0
1716893387211 1220.0 0
1716893391767 1221.0 0
1716893392235 1222.0 0
1716893392696 1223.0 0
1716893393180 1224.0 0
1716893393684 1225.0 0
1716893394180 1226.0 0
1716893394656 1227.0 0
1716893395123 1228.0 0
1716893395597 1229.0 0
1716893396079 1230.0 0
1716893400085 1231.0 0
1716893400568 1232.0 0
1716893401044 1233.0 0
1716893401536 1234.0 0
1716893402032 1235.0 0
1716893402542 1236.0 0
1716893403019 1237.0 0
1716893403553 1238.0 0
1716893404103 1239.0 0
1716893404702 1240.0 0
1716893410394 1241.0 0
1716893410881 1242.0 0
1716893411365 1243.0 0
1716893411851 1244.0 0
1716893412374 1245.0 0
1716893412898 1246.0 0
1716893413430 1247.0 0
1716893413944 1248.0 0
1716893414490 1249.0 0
1716893415038 1250.0 0
1716893420418 1251.0 0
1716893420884 1252.0 0
1716893421389 1253.0 0
1716893421889 1254.0 0
1716893422405 1255.0 0
1716893422942 1256.0 0
1716893423424 1257.0 0
1716893423924 1258.0 0
1716893424402 1259.0 0
1716893424907 1260.0 0
1716893429921 1261.0 0
1716893430400 1262.0 0
1716893430900 1263.0 0
1716893431401 1264.0 0
1716893431922 1265.0 0
1716893432416 1266.0 0
1716893432929 1267.0 0
1716893433411 1268.0 0
1716893433949 1269.0 0
1716893434512 1270.0 0
1716893440169 1271.0 0
1716893440659 1272.0 0
1716893441179 1273.0 0
1716893441683 1274.0 0
1716893442209 1275.0 0
1716893442704 1276.0 0
1716893443184 1277.0 0
1716893443719 1278.0 0
1716893444233 1279.0 0
1716893444746 1280.0 0
1716893450019 1281.0 0
1716893450532 1282.0 0
1716893451041 1283.0 0
1716893451510 1284.0 0
1716893452011 1285.0 0
1716893452510 1286.0 0
1716893452978 1287.0 0
1716893453460 1288.0 0
1716893453932 1289.0 0
1716893454398 1290.0 0
1716893458969 1291.0 0
1716893459451 1292.0 0
1716893459945 1293.0 0
1716893460467 1294.0 0
1716893460941 1295.0 0
1716893461421 1296.0 0
1716893461921 1297.0 0
1716893462432 1298.0 0
1716893462905 1299.0 0
1716893463416 1300.0 0
1716893468456 1301.0 0
1716893468971 1302.0 0
1716893469470 1303.0 0
1716893469964 1304.0 0
1716893470438 1305.0 0
1716893470914 1306.0 0
1716893471390 1307.0 0
1716893471866 1308.0 0
1716893472359 1309.0 0
1716893472875 1310.0 0
1716893477909 1311.0 0
1716893478405 1312.0 0
1716893478887 1313.0 0
1716893479356 1314.0 0
1716893479810 1315.0 0
1716893480273 1316.0 0
1716893480753 1317.0 0
1716893481231 1318.0 0
1716893481711 1319.0 0
1716893482221 1320.0 0
1716893486734 1321.0 0
1716893487237 1322.0 0
1716893487743 1323.0 0
1716893488238 1324.0 0
1716893488707 1325.0 0
1716893489193 1326.0 0
1716893489682 1327.0 0
1716893490170 1328.0 0
1716893490643 1329.0 0
1716893491111 1330.0 0
1716893496263 1331.0 0
1716893496781 1332.0 0
1716893497301 1333.0 0
1716893497829 1334.0 0
1716893498359 1335.0 0
1716893498929 1336.0 0
1716893499408 1337.0 0
1716893499906 1338.0 0
1716893500374 1339.0 0
1716893500992 1340.0 0
1716893506220 1341.0 0
1716893506716 1342.0 0
1716893507231 1343.0 0
1716893507729 1344.0 0
1716893508229 1345.0 0
1716893508715 1346.0 0
1716893509219 1347.0 0
1716893509702 1348.0 0
1716893510207 1349.0 0
1716893510701 1350.0 0
1716893516126 1351.0 0
1716893516649 1352.0 0
1716893517158 1353.0 0
1716893517661 1354.0 0
1716893518174 1355.0 0
1716893518639 1356.0 0
1716893519149 1357.0 0
1716893519655 1358.0 0
1716893520152 1359.0 0
1716893520649 1360.0 0
1716893526173 1361.0 0
1716893526645 1362.0 0
1716893527150 1363.0 0
1716893527658 1364.0 0
1716893528157 1365.0 0
1716893528685 1366.0 0
1716893529215 1367.0 0
1716893529724 1368.0 0
1716893530217 1369.0 0
1716893530702 1370.0 0
1716893536546 1371.0 0
1716893537089 1372.0 0
1716893537643 1373.0 0
1716893538222 1374.0 0
1716893538780 1375.0 0
1716893539319 1376.0 0
1716893539887 1377.0 0
1716893540376 1378.0 0
1716893540864 1379.0 0
1716893541342 1380.0 0
1716893554509 1381.0 0
1716893555077 1382.0 0
1716893555578 1383.0 0
1716893556129 1384.0 0
1716893556676 1385.0 0
1716893557166 1386.0 0
1716893557685 1387.0 0
1716893558209 1388.0 0
1716893558752 1389.0 0
1716893559251 1390.0 0
1716893564642 1391.0 0
1716893565130 1392.0 0
1716893565627 1393.0 0
1716893566095 1394.0 0
1716893566575 1395.0 0
1716893567061 1396.0 0
1716893567557 1397.0 0
1716893568052 1398.0 0
1716893568526 1399.0 0
1716893569005 1400.0 0
1716893573807 1401.0 0
1716893574283 1402.0 0
1716893574749 1403.0 0
1716893575233 1404.0 0
1716893575723 1405.0 0
1716893576207 1406.0 0
1716893576690 1407.0 0
1716893577167 1408.0 0
1716893577638 1409.0 0
1716893578112 1410.0 0
1716893582618 1411.0 0
1716893583099 1412.0 0
1716893583622 1413.0 0
1716893584095 1414.0 0
1716893584555 1415.0 0
1716893585040 1416.0 0
1716893585529 1417.0 0
1716893586020 1418.0 0
1716893586499 1419.0 0
1716893586989 1420.0 0
1716893592183 1421.0 0
1716893592673 1422.0 0
1716893593153 1423.0 0
1716893593665 1424.0 0
1716893594167 1425.0 0
1716893594687 1426.0 0
1716893595158 1427.0 0
1716893595623 1428.0 0
1716893596227 1429.0 0
1716893596813 1430.0 0
1716893603149 1431.0 0
1716893603705 1432.0 0
1716893604232 1433.0 0
1716893604733 1434.0 0
1716893605236 1435.0 0
1716893605748 1436.0 0
1716893606303 1437.0 0
1716893606824 1438.0 0
1716893607358 1439.0 0
1716893607853 1440.0 0
1716893613079 1441.0 0
1716893613581 1442.0 0
1716893614071 1443.0 0
1716893614553 1444.0 0
1716893615053 1445.0 0
1716893615522 1446.0 0
1716893615988 1447.0 0
1716893616464 1448.0 0
1716893616955 1449.0 0
1716893617481 1450.0 0
1716893622595 1451.0 0
1716893623101 1452.0 0
1716893623621 1453.0 0
1716893624181 1454.0 0
1716893624693 1455.0 0
1716893625271 1456.0 0
1716893625833 1457.0 0
1716893626325 1458.0 0
1716893626826 1459.0 0
1716893627314 1460.0 0
1716893632690 1461.0 0
1716893633169 1462.0 0
1716893633686 1463.0 0
1716893634155 1464.0 0
1716893634628 1465.0 0
1716893635119 1466.0 0
1716893635597 1467.0 0
1716893636061 1468.0 0
1716893636591 1469.0 0
1716893637096 1470.0 0
1716893641912 1471.0 0
1716893642392 1472.0 0
1716893642906 1473.0 0
1716893643384 1474.0 0
1716893643857 1475.0 0
1716893644347 1476.0 0
1716893644837 1477.0 0
1716893645348 1478.0 0
1716893645848 1479.0 0
1716893646379 1480.0 0
1716893651916 1481.0 0
1716893652398 1482.0 0
1716893652892 1483.0 0
1716893653398 1484.0 0
1716893653887 1485.0 0
1716893654382 1486.0 0
1716893654853 1487.0 0
1716893655333 1488.0 0
1716893655803 1489.0 0
1716893656275 1490.0 0
1716893661199 1491.0 0
1716893661685 1492.0 0
1716893662174 1493.0 0
1716893662650 1494.0 0
1716893663146 1495.0 0
1716893663623 1496.0 0
1716893664096 1497.0 0
1716893664559 1498.0 0
1716893665031 1499.0 0
1716893665510 1500.0 0
1716893670040 1501.0 0
1716893670520 1502.0 0
1716893671045 1503.0 0
1716893671552 1504.0 0
1716893672067 1505.0 0
1716893672582 1506.0 0
1716893673057 1507.0 0
1716893673538 1508.0 0
1716893674020 1509.0 0
1716893674542 1510.0 0
1716893679868 1511.0 0
1716893680353 1512.0 0
1716893680836 1513.0 0
1716893681355 1514.0 0
1716893681861 1515.0 0
1716893682373 1516.0 0
1716893682849 1517.0 0
1716893683337 1518.0 0
1716893683838 1519.0 0
1716893684328 1520.0 0
1716893689014 1521.0 0
1716893689487 1522.0 0
1716893689983 1523.0 0
1716893690474 1524.0 0
1716893690955 1525.0 0
1716893691437 1526.0 0
1716893691959 1527.0 0
1716893692452 1528.0 0
1716893692981 1529.0 0
1716893693467 1530.0 0
1716893698836 1531.0 0
1716893699312 1532.0 0
1716893699817 1533.0 0
1716893700373 1534.0 0
1716893700921 1535.0 0
1716893701422 1536.0 0
1716893701929 1537.0 0
1716893702427 1538.0 0
1716893702922 1539.0 0
1716893703386 1540.0 0
1716893708605 1541.0 0
1716893709170 1542.0 0
1716893709670 1543.0 0
1716893710163 1544.0 0
1716893710649 1545.0 0
1716893711171 1546.0 0
1716893711683 1547.0 0
1716893712178 1548.0 0
1716893712699 1549.0 0
1716893713215 1550.0 0
1716893718590 1551.0 0
1716893719056 1552.0 0
1716893719543 1553.0 0
1716893720030 1554.0 0
1716893720514 1555.0 0
1716893721032 1556.0 0
1716893721494 1557.0 0
1716893721991 1558.0 0
1716893722464 1559.0 0
1716893722963 1560.0 0
1716893728473 1561.0 0
1716893728965 1562.0 0
1716893729476 1563.0 0
1716893729966 1564.0 0
1716893730451 1565.0 0
1716893730927 1566.0 0
1716893731429 1567.0 0
1716893731908 1568.0 0
1716893732385 1569.0 0
1716893732876 1570.0 0
1716893738038 1571.0 0
1716893738544 1572.0 0
1716893739037 1573.0 0
1716893739507 1574.0 0
1716893739990 1575.0 0
1716893740458 1576.0 0
1716893740927 1577.0 0
1716893741388 1578.0 0
1716893741903 1579.0 0
1716893742413 1580.0 0
1716893747208 1581.0 0
1716893747692 1582.0 0
1716893748178 1583.0 0
1716893748682 1584.0 0
1716893749165 1585.0 0
1716893749636 1586.0 0
1716893750129 1587.0 0
1716893750616 1588.0 0
1716893751114 1589.0 0
1716893751594 1590.0 0
1716893756458 1591.0 0
1716893756951 1592.0 0
1716893757426 1593.0 0
1716893757942 1594.0 0
1716893758431 1595.0 0
1716893758908 1596.0 0
1716893759380 1597.0 0
1716893759872 1598.0 0
1716893760379 1599.0 0
1716893760850 1600.0 0
1716893765756 1601.0 0
1716893766238 1602.0 0
1716893766720 1603.0 0
1716893767191 1604.0 0
1716893767665 1605.0 0
1716893768149 1606.0 0
1716893768613 1607.0 0
1716893769082 1608.0 0
1716893769557 1609.0 0
1716893770026 1610.0 0
1716893774464 1611.0 0
1716893774946 1612.0 0
1716893775437 1613.0 0
1716893775962 1614.0 0
1716893776447 1615.0 0
1716893776950 1616.0 0
1716893777421 1617.0 0
1716893777902 1618.0 0
1716893778377 1619.0 0
1716893778858 1620.0 0
1716893783244 1621.0 0
1716893783716 1622.0 0
1716893784201 1623.0 0
1716893784725 1624.0 0
1716893785230 1625.0 0
1716893785726 1626.0 0
1716893786197 1627.0 0
1716893786673 1628.0 0
1716893787135 1629.0 0
1716893787620 1630.0 0
1716893792204 1631.0 0
1716893792665 1632.0 0
1716893793182 1633.0 0
1716893793661 1634.0 0
1716893794180 1635.0 0
1716893794687 1636.0 0
1716893795173 1637.0 0
1716893795658 1638.0 0
1716893796128 1639.0 0
1716893796595 1640.0 0
1716893801268 1641.0 0
1716893801738 1642.0 0
1716893802235 1643.0 0
1716893802705 1644.0 0
1716893803167 1645.0 0
1716893803640 1646.0 0
1716893804123 1647.0 0
1716893804586 1648.0 0
1716893805055 1649.0 0
1716893805530 1650.0 0
1716893810090 1651.0 0
1716893810593 1652.0 0
1716893811087 1653.0 0
1716893811588 1654.0 0
1716893812058 1655.0 0
1716893812526 1656.0 0
1716893813001 1657.0 0
1716893813474 1658.0 0
1716893813946 1659.0 0
1716893814411 1660.0 0
1716893818671 1661.0 0
1716893819169 1662.0 0
1716893819654 1663.0 0
1716893820136 1664.0 0
1716893820605 1665.0 0
1716893821075 1666.0 0
1716893821547 1667.0 0
1716893822034 1668.0 0
1716893822526 1669.0 0
1716893822999 1670.0 0
1716893827451 1671.0 0
1716893827928 1672.0 0
1716893828420 1673.0 0
1716893828928 1674.0 0
1716893829421 1675.0 0
1716893829910 1676.0 0
1716893830398 1677.0 0
1716893830902 1678.0 0
1716893831368 1679.0 0
1716893831859 1680.0 0
1716893836684 1681.0 0
1716893837174 1682.0 0
1716893837658 1683.0 0
1716893838170 1684.0 0
1716893838644 1685.0 0
1716893839171 1686.0 0
1716893839640 1687.0 0
1716893840148 1688.0 0
1716893840654 1689.0 0
1716893841163 1690.0 0
1716893846227 1691.0 0
1716893846716 1692.0 0
1716893847200 1693.0 0
1716893847684 1694.0 0
1716893848146 1695.0 0
1716893848653 1696.0 0
1716893849116 1697.0 0
1716893849580 1698.0 0
1716893850055 1699.0 0
1716893850581 1700.0 0
1716893855804 1701.0 0
1716893856286 1702.0 0
1716893856784 1703.0 0
1716893857256 1704.0 0
1716893857744 1705.0 0
1716893858217 1706.0 0
1716893858726 1707.0 0
1716893859235 1708.0 0
1716893859723 1709.0 0
1716893860211 1710.0 0
1716893865353 1711.0 0
1716893865875 1712.0 0
1716893866408 1713.0 0
1716893866970 1714.0 0
1716893867501 1715.0 0
1716893868017 1716.0 0
1716893868538 1717.0 0
1716893869164 1718.0 0
1716893869759 1719.0 0
1716893870294 1720.0 0
1716893876759 1721.0 0
1716893877248 1722.0 0
1716893877845 1723.0 0
1716893878430 1724.0 0
1716893878984 1725.0 0
1716893879587 1726.0 0
1716893880223 1727.0 0
1716893880784 1728.0 0
1716893881372 1729.0 0
1716893881868 1730.0 0
1716893898472 1731.0 0
1716893899057 1732.0 0
1716893899576 1733.0 0
1716893900093 1734.0 0
1716893900583 1735.0 0
1716893901073 1736.0 0
1716893901571 1737.0 0
1716893902071 1738.0 0
1716893902552 1739.0 0
1716893903030 1740.0 0
1716893908226 1741.0 0
1716893908687 1742.0 0
1716893909182 1743.0 0
1716893909662 1744.0 0
1716893910136 1745.0 0
1716893910610 1746.0 0
1716893911091 1747.0 0
1716893911623 1748.0 0
1716893912139 1749.0 0
1716893912608 1750.0 0
1716893917885 1751.0 0
1716893918362 1752.0 0
1716893918859 1753.0 0
1716893919328 1754.0 0
1716893919838 1755.0 0
1716893920303 1756.0 0
1716893920778 1757.0 0
1716893921271 1758.0 0
1716893921769 1759.0 0
1716893922268 1760.0 0
1716893927590 1761.0 0
1716893928069 1762.0 0
1716893928557 1763.0 0
1716893929035 1764.0 0
1716893929509 1765.0 0
1716893929987 1766.0 0
1716893930461 1767.0 0
1716893930956 1768.0 0
1716893931428 1769.0 0
1716893931915 1770.0 0
1716893936260 1771.0 0
1716893936744 1772.0 0
1716893937234 1773.0 0
1716893937728 1774.0 0
1716893938194 1775.0 0
1716893938674 1776.0 0
1716893939155 1777.0 0
1716893939680 1778.0 0
1716893940167 1779.0 0
1716893940699 1780.0 0
1716893946115 1781.0 0
1716893946589 1782.0 0
1716893947093 1783.0 0
1716893947565 1784.0 0
1716893948032 1785.0 0
1716893948562 1786.0 0
1716893949044 1787.0 0
1716893949537 1788.0 0
1716893950050 1789.0 0
1716893950544 1790.0 0
1716893956033 1791.0 0
1716893956551 1792.0 0
1716893957058 1793.0 0
1716893957553 1794.0 0
1716893958047 1795.0 0
1716893958536 1796.0 0
1716893959017 1797.0 0
1716893959507 1798.0 0
1716893960008 1799.0 0
1716893960518 1800.0 0
1716893965748 1801.0 0
1716893966272 1802.0 0
1716893966811 1803.0 0
1716893967356 1804.0 0
1716893967837 1805.0 0
1716893968376 1806.0 0
1716893968885 1807.0 0
1716893969381 1808.0 0
1716893969866 1809.0 0
1716893970372 1810.0 0
1716893976554 1811.0 0
1716893977048 1812.0 0
1716893977544 1813.0 0
1716893978057 1814.0 0
1716893978564 1815.0 0
1716893979048 1816.0 0
1716893979536 1817.0 0
1716893980045 1818.0 0
1716893980544 1819.0 0
1716893981057 1820.0 0
1716893986734 1821.0 0
1716893987236 1822.0 0
1716893987783 1823.0 0
1716893988273 1824.0 0
1716893988766 1825.0 0
1716893989359 1826.0 0
1716893989867 1827.0 0
1716893990363 1828.0 0
1716893990937 1829.0 0
1716893991426 1830.0 0
1716893996876 1831.0 0
1716893997355 1832.0 0
1716893997848 1833.0 0
1716893998310 1834.0 0
1716893998809 1835.0 0
1716893999287 1836.0 0
1716893999778 1837.0 0
1716894000261 1838.0 0
1716894000750 1839.0 0
1716894001233 1840.0 0
1716894006530 1841.0 0
1716894007043 1842.0 0
1716894007544 1843.0 0
1716894008043 1844.0 0
1716894008514 1845.0 0
1716894009015 1846.0 0
1716894009502 1847.0 0
1716894009978 1848.0 0
1716894010481 1849.0 0
1716894011039 1850.0 0
1716894015877 1851.0 0
1716894016365 1852.0 0
1716894016836 1853.0 0
1716894017322 1854.0 0
1716894017796 1855.0 0
1716894018271 1856.0 0
1716894018754 1857.0 0
1716894019236 1858.0 0
1716894019698 1859.0 0
1716894020164 1860.0 0
1716894024984 1861.0 0
1716894025464 1862.0 0
1716894025993 1863.0 0
1716894026509 1864.0 0
1716894027001 1865.0 0
1716894027525 1866.0 0
1716894028052 1867.0 0
1716894028572 1868.0 0
1716894029070 1869.0 0
1716894029596 1870.0 0
1716894035277 1871.0 0
1716894035775 1872.0 0
1716894036261 1873.0 0
1716894036762 1874.0 0
1716894037243 1875.0 0
1716894037726 1876.0 0
1716894038225 1877.0 0
1716894038725 1878.0 0
1716894039247 1879.0 0
1716894039800 1880.0 0
1716894045755 1881.0 0
1716894046248 1882.0 0
1716894046772 1883.0 0
1716894047285 1884.0 0
1716894047787 1885.0 0
1716894048276 1886.0 0
1716894048796 1887.0 0
1716894049316 1888.0 0
1716894049843 1889.0 0
1716894050437 1890.0 0
1716894055669 1891.0 0
1716894056139 1892.0 0
1716894056646 1893.0 0
1716894057137 1894.0 0
1716894057627 1895.0 0
1716894058141 1896.0 0
1716894058685 1897.0 0
1716894059199 1898.0 0
1716894059769 1899.0 0
1716894060259 1900.0 0
1716894065652 1901.0 0
1716894066150 1902.0 0
1716894066644 1903.0 0
1716894067136 1904.0 0
1716894067621 1905.0 0
1716894068101 1906.0 0
1716894068599 1907.0 0
1716894069098 1908.0 0
1716894069600 1909.0 0
1716894070091 1910.0 0
1716894075499 1911.0 0
1716894075983 1912.0 0
1716894076522 1913.0 0
1716894077033 1914.0 0
1716894077526 1915.0 0
1716894078009 1916.0 0
1716894078496 1917.0 0
1716894078999 1918.0 0
1716894079489 1919.0 0
1716894080029 1920.0 0
1716894085141 1921.0 0
1716894085636 1922.0 0
1716894086159 1923.0 0
1716894086628 1924.0 0
1716894087094 1925.0 0
1716894087566 1926.0 0
1716894088027 1927.0 0
1716894088500 1928.0 0
1716894088963 1929.0 0
1716894089438 1930.0 0
1716894093762 1931.0 0
1716894094229 1932.0 0
1716894094710 1933.0 0
1716894095192 1934.0 0
1716894095674 1935.0 0
1716894096167 1936.0 0
1716894096644 1937.0 0
1716894097117 1938.0 0
1716894097586 1939.0 0
1716894098093 1940.0 0
1716894102342 1941.0 0
1716894102829 1942.0 0
1716894103339 1943.0 0
1716894103840 1944.0 0
1716894104367 1945.0 0
1716894104881 1946.0 0
1716894105402 1947.0 0
1716894105885 1948.0 0
1716894106366 1949.0 0
1716894106842 1950.0 0
1716894112125 1951.0 0
1716894112676 1952.0 0
1716894113175 1953.0 0
1716894113686 1954.0 0
1716894114169 1955.0 0
1716894114648 1956.0 0
1716894115139 1957.0 0
1716894115630 1958.0 0
1716894116144 1959.0 0
1716894116647 1960.0 0
1716894122144 1961.0 0
1716894122617 1962.0 0
1716894123095 1963.0 0
1716894123626 1964.0 0
1716894124193 1965.0 0
1716894124817 1966.0 0
1716894125370 1967.0 0
1716894125948 1968.0 0
1716894126480 1969.0 0
1716894126963 1970.0 0
1716894132427 1971.0 0
1716894132930 1972.0 0
1716894133418 1973.0 0
1716894133909 1974.0 0
1716894134388 1975.0 0
1716894134892 1976.0 0
1716894135390 1977.0 0
1716894135887 1978.0 0
1716894136367 1979.0 0
1716894136865 1980.0 0
1716894142578 1981.0 0
1716894143062 1982.0 0
1716894143586 1983.0 0
1716894144113 1984.0 0
1716894144595 1985.0 0
1716894145077 1986.0 0
1716894145572 1987.0 0
1716894146061 1988.0 0
1716894146531 1989.0 0
1716894147037 1990.0 0
1716894152125 1991.0 0
1716894152608 1992.0 0
1716894153110 1993.0 0
1716894153597 1994.0 0
1716894154064 1995.0 0
1716894154537 1996.0 0
1716894155012 1997.0 0
1716894155506 1998.0 0
1716894156004 1999.0 0
1716894156494 2000.0 0
1716894161821 2001.0 0
1716894162305 2002.0 0
1716894162819 2003.0 0
1716894163318 2004.0 0
1716894163810 2005.0 0
1716894164298 2006.0 0
1716894164776 2007.0 0
1716894165263 2008.0 0
1716894165743 2009.0 0
1716894166235 2010.0 0
1716894172060 2011.0 0
1716894172572 2012.0 0
1716894173062 2013.0 0
1716894173601 2014.0 0
1716894174110 2015.0 0
1716894174607 2016.0 0
1716894175106 2017.0 0
1716894175601 2018.0 0
1716894176080 2019.0 0
1716894176571 2020.0 0
1716894181942 2021.0 0
1716894182481 2022.0 0
1716894182996 2023.0 0
1716894183566 2024.0 0
1716894184032 2025.0 0
1716894184522 2026.0 0
1716894185006 2027.0 0
1716894185513 2028.0 0
1716894186030 2029.0 0
1716894186521 2030.0 0
1716894191782 2031.0 0
1716894192274 2032.0 0
1716894192781 2033.0 0
1716894193252 2034.0 0
1716894193742 2035.0 0
1716894194230 2036.0 0
1716894194701 2037.0 0
1716894195196 2038.0 0
1716894195721 2039.0 0
1716894196216 2040.0 0
1716894201527 2041.0 0
1716894202000 2042.0 0
1716894202533 2043.0 0
1716894203075 2044.0 0
1716894203571 2045.0 0
1716894204084 2046.0 0
1716894204564 2047.0 0
1716894205035 2048.0 0
1716894205504 2049.0 0
1716894205980 2050.0 0
1716894210539 2051.0 0
1716894211041 2052.0 0
1716894211528 2053.0 0
1716894212020 2054.0 0
1716894212504 2055.0 0
1716894212999 2056.0 0
1716894213498 2057.0 0
1716894213978 2058.0 0
1716894214480 2059.0 0
1716894214996 2060.0 0
1716894220644 2061.0 0
1716894221132 2062.0 0
1716894221628 2063.0 0
1716894222142 2064.0 0
1716894222662 2065.0 0
1716894223228 2066.0 0
1716894223792 2067.0 0
1716894224296 2068.0 0
1716894224834 2069.0 0
1716894225427 2070.0 0
1716894230858 2071.0 0
1716894231334 2072.0 0
1716894231853 2073.0 0
1716894232387 2074.0 0
1716894232874 2075.0 0
1716894233368 2076.0 0
1716894233861 2077.0 0
1716894234361 2078.0 0
1716894234873 2079.0 0
1716894235419 2080.0 0
1716894240617 2081.0 0
1716894241105 2082.0 0
1716894241598 2083.0 0
1716894242095 2084.0 0
1716894242603 2085.0 0
1716894243125 2086.0 0
1716894243624 2087.0 0
1716894244098 2088.0 0
1716894244600 2089.0 0
1716894245081 2090.0 0
1716894250211 2091.0 0
1716894250685 2092.0 0
1716894251147 2093.0 0
1716894251639 2094.0 0
1716894252146 2095.0 0
1716894252631 2096.0 0
1716894253133 2097.0 0
1716894253664 2098.0 0
1716894254152 2099.0 0
1716894254645 2100.0 0
1716894260746 2101.0 0
1716894261231 2102.0 0
1716894261751 2103.0 0
1716894262286 2104.0 0
1716894262803 2105.0 0
1716894263276 2106.0 0
1716894263787 2107.0 0
1716894264368 2108.0 0
1716894264871 2109.0 0
1716894265371 2110.0 0
1716894270501 2111.0 0
1716894270988 2112.0 0
1716894271510 2113.0 0
1716894272004 2114.0 0
1716894272492 2115.0 0
1716894273017 2116.0 0
1716894273515 2117.0 0
1716894273992 2118.0 0
1716894274474 2119.0 0
1716894275055 2120.0 0
1716894280296 2121.0 0
1716894280788 2122.0 0
1716894281268 2123.0 0
1716894281756 2124.0 0
1716894282264 2125.0 0
1716894282767 2126.0 0
1716894283257 2127.0 0
1716894283810 2128.0 0
1716894284346 2129.0 0
1716894284866 2130.0 0
1716894290896 2131.0 0
1716894291401 2132.0 0
1716894291899 2133.0 0
1716894292383 2134.0 0
1716894292874 2135.0 0
1716894293385 2136.0 0
1716894293915 2137.0 0
1716894294409 2138.0 0
1716894294980 2139.0 0
1716894295537 2140.0 0
1716894301144 2141.0 0
1716894301635 2142.0 0
1716894302110 2143.0 0
1716894302599 2144.0 0
1716894303104 2145.0 0
1716894303599 2146.0 0
1716894304082 2147.0 0
1716894304577 2148.0 0
1716894305075 2149.0 0
1716894305565 2150.0 0
1716894333894 2151.0 0
1716894334775 2152.0 0
1716894335355 2153.0 0
1716894335926 2154.0 0
1716894336460 2155.0 0
1716894336967 2156.0 0
1716894337484 2157.0 0
1716894337997 2158.0 0
1716894338499 2159.0 0
1716894339011 2160.0 0
1716894346388 2161.0 0
1716894346963 2162.0 0
1716894347424 2163.0 0
1716894347956 2164.0 0
1716894348470 2165.0 0
1716894348995 2166.0 0
1716894349453 2167.0 0
1716894349916 2168.0 0
1716894350388 2169.0 0
1716894350844 2170.0 0
1716894356199 2171.0 0
1716894356702 2172.0 0
1716894357224 2173.0 0
1716894357727 2174.0 0
1716894358289 2175.0 0
1716894358816 2176.0 0
1716894359403 2177.0 0
1716894360002 2178.0 0
1716894360550 2179.0 0
1716894361014 2180.0 0
1716894368784 2181.0 0
1716894369399 2182.0 0
1716894370022 2183.0 0
1716894370579 2184.0 0
1716894371067 2185.0 0
1716894371585 2186.0 0
1716894372109 2187.0 0
1716894372623 2188.0 0
1716894373153 2189.0 0
1716894373636 2190.0 0
1716894379927 2191.0 0
1716894380404 2192.0 0
1716894380919 2193.0 0
1716894381439 2194.0 0
1716894381995 2195.0 0
1716894382521 2196.0 0
1716894383018 2197.0 0
1716894383489 2198.0 0
1716894383975 2199.0 0
1716894384447 2200.0 0
1716894389785 2201.0 0
1716894390293 2202.0 0
1716894390792 2203.0 0
1716894391275 2204.0 0
1716894391768 2205.0 0
1716894392316 2206.0 0
1716894392825 2207.0 0
1716894393347 2208.0 0
1716894393833 2209.0 0
1716894394366 2210.0 0
1716894400717 2211.0 0
1716894401219 2212.0 0
1716894401709 2213.0 0
1716894402207 2214.0 0
1716894402711 2215.0 0
1716894403223 2216.0 0
1716894403753 2217.0 0
1716894404244 2218.0 0
1716894404728 2219.0 0
1716894405221 2220.0 0
1716894411067 2221.0 0
1716894411566 2222.0 0
1716894412077 2223.0 0
1716894412565 2224.0 0
1716894413105 2225.0 0
1716894413592 2226.0 0
1716894414078 2227.0 0
1716894414565 2228.0 0
1716894415038 2229.0 0
1716894415511 2230.0 0
1716894420558 2231.0 0
1716894421048 2232.0 0
1716894421527 2233.0 0
1716894422030 2234.0 0
1716894422511 2235.0 0
1716894422995 2236.0 0
1716894423530 2237.0 0
1716894424012 2238.0 0
1716894424500 2239.0 0
1716894424986 2240.0 0
1716894430320 2241.0 0
1716894430819 2242.0 0
1716894431294 2243.0 0
1716894431781 2244.0 0
1716894432259 2245.0 0
1716894432744 2246.0 0
1716894433252 2247.0 0
1716894433737 2248.0 0
1716894434236 2249.0 0
1716894434726 2250.0 0
1716894439949 2251.0 0
1716894440424 2252.0 0
1716894440890 2253.0 0
1716894441354 2254.0 0
1716894441824 2255.0 0
1716894442385 2256.0 0
1716894442897 2257.0 0
1716894443403 2258.0 0
1716894443946 2259.0 0
1716894444469 2260.0 0
1716894450087 2261.0 0
1716894450588 2262.0 0
1716894451071 2263.0 0
1716894451553 2264.0 0
1716894452041 2265.0 0
1716894452514 2266.0 0
1716894453009 2267.0 0
1716894453542 2268.0 0
1716894454031 2269.0 0
1716894454519 2270.0 0
1716894459791 2271.0 0
1716894460271 2272.0 0
1716894460743 2273.0 0
1716894461233 2274.0 0
1716894461729 2275.0 0
1716894462206 2276.0 0
1716894462703 2277.0 0
1716894463213 2278.0 0
1716894463741 2279.0 0
1716894464240 2280.0 0
1716894469775 2281.0 0
1716894470249 2282.0 0
1716894470818 2283.0 0
1716894471365 2284.0 0
1716894471879 2285.0 0
1716894472383 2286.0 0
1716894472888 2287.0 0
1716894473380 2288.0 0
1716894473870 2289.0 0
1716894474332 2290.0 0
1716894479593 2291.0 0
1716894480097 2292.0 0
1716894480580 2293.0 0
1716894481069 2294.0 0
1716894481548 2295.0 0
1716894482016 2296.0 0
1716894482489 2297.0 0
1716894482959 2298.0 0
1716894483459 2299.0 0
1716894483924 2300.0 0
1716894489211 2301.0 0
1716894489682 2302.0 0
1716894490177 2303.0 0
1716894490659 2304.0 0
1716894491125 2305.0 0
1716894491618 2306.0 0
1716894492118 2307.0 0
1716894492613 2308.0 0
1716894493089 2309.0 0
1716894493570 2310.0 0
1716894498637 2311.0 0
1716894499121 2312.0 0
1716894499640 2313.0 0
1716894500123 2314.0 0
1716894500587 2315.0 0
1716894501067 2316.0 0
1716894501545 2317.0 0
1716894502008 2318.0 0
1716894502478 2319.0 0
1716894502945 2320.0 0
1716894507281 2321.0 0
1716894507759 2322.0 0
1716894508230 2323.0 0
1716894508720 2324.0 0
1716894509241 2325.0 0
1716894509750 2326.0 0
1716894510240 2327.0 0
1716894510727 2328.0 0
1716894511201 2329.0 0
1716894511718 2330.0 0
1716894516265 2331.0 0
1716894516729 2332.0 0
1716894517237 2333.0 0
1716894517757 2334.0 0
1716894518237 2335.0 0
1716894518767 2336.0 0
1716894519276 2337.0 0
1716894519785 2338.0 0
1716894520273 2339.0 0
1716894520741 2340.0 0
1716894525960 2341.0 0
1716894526443 2342.0 0
1716894526991 2343.0 0
1716894527490 2344.0 0
1716894528028 2345.0 0
1716894528535 2346.0 0
1716894529014 2347.0 0
1716894529577 2348.0 0
1716894530053 2349.0 0
1716894530540 2350.0 0
1716894535654 2351.0 0
1716894536136 2352.0 0
1716894536640 2353.0 0
1716894537198 2354.0 0
1716894537692 2355.0 0
1716894538196 2356.0 0
1716894538658 2357.0 0
1716894539146 2358.0 0
1716894539634 2359.0 0
1716894540132 2360.0 0
1716894545831 2361.0 0
1716894546309 2362.0 0
1716894546852 2363.0 0
1716894547370 2364.0 0
1716894547893 2365.0 0
1716894548405 2366.0 0
1716894548902 2367.0 0
1716894549439 2368.0 0
1716894550002 2369.0 0
1716894550489 2370.0 0
1716894556162 2371.0 0
1716894556653 2372.0 0
1716894557137 2373.0 0
1716894557655 2374.0 0
1716894558158 2375.0 0
1716894558658 2376.0 0
1716894559194 2377.0 0
1716894559700 2378.0 0
1716894560202 2379.0 0
1716894560686 2380.0 0
1716894566824 2381.0 0
1716894567354 2382.0 0
1716894567924 2383.0 0
1716894568514 2384.0 0
1716894569021 2385.0 0
1716894569542 2386.0 0
1716894570028 2387.0 0
1716894570523 2388.0 0
1716894571040 2389.0 0
1716894571546 2390.0 0
1716894576940 2391.0 0
1716894577431 2392.0 0
1716894577925 2393.0 0
1716894578418 2394.0 0
1716894578915 2395.0 0
1716894579488 2396.0 0
1716894580064 2397.0 0
1716894580612 2398.0 0
1716894581182 2399.0 0
1716894581751 2400.0 0
1716894588065 2401.0 0
1716894588562 2402.0 0
1716894589073 2403.0 0
1716894589545 2404.0 0
1716894590015 2405.0 0
1716894590501 2406.0 0
1716894590969 2407.0 0
1716894591459 2408.0 0
1716894591953 2409.0 0
1716894592418 2410.0 0
1716894597681 2411.0 0
1716894598156 2412.0 0
1716894598627 2413.0 0
1716894599151 2414.0 0
1716894599619 2415.0 0
1716894600102 2416.0 0
1716894600561 2417.0 0
1716894601046 2418.0 0
1716894601524 2419.0 0
1716894602013 2420.0 0
1716894607643 2421.0 0
1716894608114 2422.0 0
1716894608611 2423.0 0
1716894609117 2424.0 0
1716894609596 2425.0 0
1716894610075 2426.0 0
1716894610548 2427.0 0
1716894611026 2428.0 0
1716894611506 2429.0 0
1716894612011 2430.0 0
1716894617175 2431.0 0
1716894617672 2432.0 0
1716894618179 2433.0 0
1716894618652 2434.0 0
1716894619128 2435.0 0
1716894619608 2436.0 0
1716894620077 2437.0 0
1716894620562 2438.0 0
1716894621059 2439.0 0
1716894621528 2440.0 0
1716894626113 2441.0 0
1716894626592 2442.0 0
1716894627105 2443.0 0
1716894627602 2444.0 0
1716894628094 2445.0 0
1716894628571 2446.0 0
1716894629047 2447.0 0
1716894629535 2448.0 0
1716894630005 2449.0 0
1716894630489 2450.0 0
1716894635577 2451.0 0
1716894636056 2452.0 0
1716894636538 2453.0 0
1716894637026 2454.0 0
1716894637493 2455.0 0
1716894637978 2456.0 0
1716894638479 2457.0 0
1716894638971 2458.0 0
1716894639479 2459.0 0
1716894639972 2460.0 0
1716894645170 2461.0 0
1716894645648 2462.0 0
1716894646137 2463.0 0
1716894646630 2464.0 0
1716894647095 2465.0 0
1716894647549 2466.0 0
1716894648056 2467.0 0
1716894648582 2468.0 0
1716894649056 2469.0 0
1716894649559 2470.0 0
1716894654895 2471.0 0
1716894655386 2472.0 0
1716894655914 2473.0 0
1716894656408 2474.0 0
1716894656879 2475.0 0
1716894657364 2476.0 0
1716894657838 2477.0 0
1716894658303 2478.0 0
1716894658787 2479.0 0
1716894659273 2480.0 0
1716894664438 2481.0 0
1716894664904 2482.0 0
1716894665390 2483.0 0
1716894665894 2484.0 0
1716894666390 2485.0 0
1716894666875 2486.0 0
1716894667384 2487.0 0
1716894667925 2488.0 0
1716894668417 2489.0 0
1716894668930 2490.0 0
1716894674418 2491.0 0
1716894674889 2492.0 0
1716894675388 2493.0 0
1716894675882 2494.0 0
1716894676392 2495.0 0
1716894676891 2496.0 0
1716894677355 2497.0 0
1716894677846 2498.0 0
1716894678328 2499.0 0
1716894678828 2500.0 0
1716894684020 2501.0 0
1716894684506 2502.0 0
1716894684986 2503.0 0
1716894685480 2504.0 0
1716894685949 2505.0 0
1716894686456 2506.0 0
1716894686982 2507.0 0
1716894687506 2508.0 0
1716894688000 2509.0 0
1716894688560 2510.0 0
1716894694723 2511.0 0
1716894695216 2512.0 0
1716894695726 2513.0 0
1716894696231 2514.0 0
1716894696767 2515.0 0
1716894697577 2516.0 0
1716894698184 2517.0 0
1716894698750 2518.0 0
1716894699233 2519.0 0
1716894699733 2520.0 0
1716894706904 2521.0 0
1716894707435 2522.0 0
1716894707988 2523.0 0
1716894708558 2524.0 0
1716894709099 2525.0 0
1716894709575 2526.0 0
1716894710061 2527.0 0
1716894710569 2528.0 0
1716894711082 2529.0 0
1716894711566 2530.0 0
