1716892205427 7.426350116729736 0
1716892206325 6.942994594573975 0
1716892206867 6.465172290802002 0
1716892207377 6.229814052581787 0
1716892207915 5.9785542488098145 0
1716892208462 5.842434883117676 0
1716892209026 5.754672050476074 0
1716892209645 5.668551445007324 0
1716892210227 5.591634273529053 0
1716892210881 5.5135040283203125 0
1716892218223 5.429964542388916 0
1716892219930 5.329084396362305 0
1716892220501 5.221023082733154 0
1716892221054 5.097476959228516 0
1716892221596 4.939384460449219 0
1716892222147 4.749322891235352 0
1716892222701 4.451783657073975 0
1716892223306 4.373586654663086 0
1716892223889 3.916757106781006 0
1716892224573 3.784799575805664 0
1716892230647 3.625696897506714 0
1716892231131 3.4364070892333984 0
1716892231595 3.3157296180725098 0
1716892232072 3.2297885417938232 0
1716892232543 3.153604507446289 0
1716892233014 3.0778350830078125 0
1716892233480 3.006138563156128 0
1716892233965 2.946894407272339 0
1716892234457 2.895113468170166 0
1716892234915 2.845266103744507 0
1716892239026 2.796780824661255 0
1716892239496 2.7522377967834473 0
1716892239995 2.7124478816986084 0
1716892240470 2.678990125656128 0
1716892240936 2.6524064540863037 0
1716892241397 2.628553628921509 0
1716892241844 2.6021728515625 0
1716892242305 2.5732009410858154 0
1716892242799 2.5446228981018066 0
1716892243324 2.5194313526153564 0
1716892248149 2.496225357055664 0
1716892248627 2.472468614578247 0
1716892249100 2.4474973678588867 0
1716892249562 2.4224512577056885 0
1716892250037 2.398786783218384 0
1716892250481 2.3774280548095703 0
1716892250956 2.3582160472869873 0
1716892251436 2.339827537536621 0
1716892251922 2.321082592010498 0
1716892252458 2.3017797470092773 0
1716892256973 2.282287836074829 0
1716892257473 2.26302433013916 0
1716892257923 2.2443971633911133 0
1716892258370 2.226271152496338 0
1716892258839 2.2085156440734863 0
1716892259310 2.191065788269043 0
1716892259782 2.1736700534820557 0
1716892260279 2.1563141345977783 0
1716892260765 2.13919734954834 0
1716892261212 2.121974468231201 0
1716892266225 2.104707956314087 0
1716892266695 2.0874826908111572 0
1716892267180 2.070033550262451 0
1716892267649 2.051630735397339 0
1716892268117 2.0320966243743896 0
1716892268582 2.0124804973602295 0
1716892269034 1.9935249090194702 0
1716892269498 1.9743328094482422 0
1716892269956 1.9554928541183472 0
1716892270399 1.9372670650482178 0
1716892275229 1.919191837310791 0
1716892275685 1.9009437561035156 0
1716892276144 1.8830071687698364 0
1716892276607 1.8648806810379028 0
1716892277068 1.8465547561645508 0
1716892277534 1.8286738395690918 0
1716892277987 1.8106482028961182 0
1716892278446 1.7925026416778564 0
1716892278906 1.774957299232483 0
1716892279360 1.757757544517517 0
1716892284101 1.74062979221344 0
1716892284567 1.7240055799484253 0
1716892285041 1.7074328660964966 0
1716892285500 1.6912555694580078 0
1716892285967 1.6747301816940308 0
1716892286423 1.658077359199524 0
1716892286897 1.6414028406143188 0
1716892287364 1.6249574422836304 0
1716892287815 1.6087604761123657 0
1716892288271 1.5926389694213867 0
1716892292568 1.5766494274139404 0
1716892293027 1.5605132579803467 0
1716892293562 1.544392466545105 0
1716892294025 1.528228998184204 0
1716892294473 1.511979103088379 0
1716892294940 1.4955695867538452 0
1716892295402 1.478971004486084 0
1716892295887 1.4623817205429077 0
1716892296319 1.4457277059555054 0
1716892296760 1.4287209510803223 0
1716892300637 1.4113849401474 0
1716892301123 1.3937385082244873 0
1716892301575 1.3757257461547852 0
1716892302043 1.3574737310409546 0
1716892302495 1.3392990827560425 0
1716892302956 1.3210631608963013 0
1716892303411 1.3025407791137695 0
1716892303866 1.2838789224624634 0
1716892304316 1.2652238607406616 0
1716892304772 1.2468857765197754 0
1716892308649 1.228693962097168 0
1716892309110 1.2107090950012207 0
1716892309565 1.1930068731307983 0
1716892310022 1.1759008169174194 0
1716892310452 1.159020185470581 0
1716892310893 1.1424497365951538 0
1716892311354 1.1270146369934082 0
1716892311817 1.1173605918884277 0
1716892312275 1.1370186805725098 0
1716892312736 1.222557544708252 0
1716892316767 1.1772947311401367 0
1716892317228 1.2181344032287598 0
1716892317684 1.2149147987365723 0
1716892318148 1.26619553565979 0
1716892318623 1.1747742891311646 0
1716892319082 1.177908182144165 0
1716892319552 1.1823875904083252 0
1716892320009 1.1094063520431519 0
1716892320474 1.099297046661377 0
1716892320935 1.1014643907546997 0
1716892325081 1.0769957304000854 0
1716892325554 1.044299840927124 0
1716892326009 1.0285003185272217 0
1716892326456 1.0107927322387695 0
1716892326924 0.9889282584190369 0
1716892327392 0.98062664270401 0
1716892327865 0.9781715869903564 0
1716892328343 0.9539443850517273 0
1716892328801 0.9269318580627441 0
1716892329249 0.9212471842765808 0
1716892334152 0.9122262597084045 0
1716892334626 0.8949500918388367 0
1716892335069 0.8849817514419556 0
1716892335525 0.8762729167938232 0
1716892335990 0.8570358157157898 0
1716892336439 0.8421660661697388 0
1716892336894 0.8377055525779724 0
1716892337356 0.822009801864624 0
1716892337810 0.8129917979240417 0
1716892338268 0.8018513321876526 0
1716892343016 0.7901179194450378 0
1716892343474 0.7820591926574707 0
1716892343938 0.7743914127349854 0
1716892344392 0.763752818107605 0
1716892344841 0.7543966770172119 0
1716892345287 0.7463734149932861 0
1716892345748 0.7369157671928406 0
1716892346212 0.7299282550811768 0
1716892346665 0.7199163436889648 0
1716892347123 0.7134636044502258 0
1716892351108 0.7058437466621399 0
1716892351571 0.6986412405967712 0
1716892352026 0.6911360621452332 0
1716892352498 0.6829959154129028 0
1716892352955 0.6763202548027039 0
1716892353407 0.6688958406448364 0
1716892353854 0.6621351838111877 0
1716892354321 0.6545621752738953 0
1716892354780 0.6483387351036072 0
1716892355222 0.6410166025161743 0
1716892359104 0.6348282694816589 0
1716892359581 0.6277875304222107 0
1716892360064 0.6211103796958923 0
1716892360528 0.6144224405288696 0
1716892360988 0.6080598831176758 0
1716892361457 0.6017658114433289 0
1716892361915 0.5955482125282288 0
1716892362377 0.5894803404808044 0
1716892362840 0.5834314823150635 0
1716892363291 0.5777864456176758 0
1716892367914 0.5718855261802673 0
1716892368375 0.5663624405860901 0
1716892368823 0.560758113861084 0
1716892369275 0.5553905963897705 0
1716892369738 0.5499155521392822 0
1716892370192 0.5446665287017822 0
1716892370630 0.5394408106803894 0
1716892371092 0.534450113773346 0
1716892371552 0.5294464230537415 0
1716892372003 0.5246430039405823 0
1716892375983 0.5198972225189209 0
1716892376435 0.5152683854103088 0
1716892376906 0.5106721520423889 0
1716892377392 0.506228506565094 0
1716892377856 0.5018508434295654 0
1716892378312 0.49757829308509827 0
1716892378774 0.4933432340621948 0
1716892379283 0.48924341797828674 0
1716892379779 0.48518794775009155 0
1716892380291 0.4812139868736267 0
1716892386613 0.4772909879684448 0
1716892387115 0.4734211564064026 0
1716892387581 0.46963346004486084 0
1716892388051 0.4658840000629425 0
1716892388547 0.46221688389778137 0
1716892389009 0.45856988430023193 0
1716892389510 0.4550180733203888 0
1716892389993 0.451485276222229 0
1716892390485 0.4480324983596802 0
1716892391012 0.44460824131965637 0
1716892396385 0.44125398993492126 0
1716892396903 0.437936395406723 0
1716892397391 0.4346888065338135 0
1716892397892 0.43148764967918396 0
1716892398387 0.4283372163772583 0
1716892398861 0.42524075508117676 0
1716892399361 0.4221988618373871 0
1716892399854 0.41920971870422363 0
1716892400361 0.4162667989730835 0
1716892400951 0.4133714735507965 0
1716892406435 0.41051918268203735 0
1716892406996 0.4077173173427582 0
1716892407556 0.4049513041973114 0
1716892408069 0.4022262692451477 0
1716892408594 0.3995422422885895 0
1716892409137 0.396893173456192 0
1716892409668 0.3942830264568329 0
1716892410232 0.39170461893081665 0
1716892410805 0.3891705274581909 0
1716892411378 0.38666802644729614 0
1716892417313 0.38419878482818604 0
1716892417848 0.381765216588974 0
1716892418354 0.379364013671875 0
1716892418863 0.3769936263561249 0
1716892419357 0.3746585547924042 0
1716892419887 0.37235215306282043 0
1716892420401 0.3700774013996124 0
1716892420874 0.3678305149078369 0
1716892421362 0.3656168580055237 0
1716892421874 0.3634301722049713 0
1716892427017 0.3612689673900604 0
1716892427509 0.3591324985027313 0
1716892428010 0.3570249676704407 0
1716892428497 0.35494476556777954 0
1716892428996 0.3528847098350525 0
1716892429487 0.35085180401802063 0
1716892429963 0.34884360432624817 0
1716892430446 0.3468533158302307 0
1716892430915 0.34488341212272644 0
1716892431380 0.34294018149375916 0
1716892437615 0.3410147428512573 0
1716892438106 0.33911043405532837 0
1716892438578 0.33722564578056335 0
1716892439113 0.3353610038757324 0
1716892439624 0.33351582288742065 0
1716892440156 0.33169135451316833 0
1716892440660 0.32988405227661133 0
1716892441126 0.3280948996543884 0
1716892441604 0.32632720470428467 0
1716892442098 0.32457631826400757 0
1716892447472 0.3228468894958496 0
1716892448011 0.3211354911327362 0
1716892448472 0.3194386661052704 0
1716892448951 0.31776323914527893 0
1716892449416 0.31610530614852905 0
1716892449904 0.31446173787117004 0
1716892450359 0.3128334581851959 0
1716892450831 0.31122925877571106 0
1716892451300 0.3096383512020111 0
1716892451774 0.30806052684783936 0
1716892457010 0.3064921200275421 0
1716892457517 0.30494225025177 0
1716892457978 0.30340948700904846 0
1716892458463 0.30188730359077454 0
1716892458933 0.3003775179386139 0
1716892459430 0.29888516664505005 0
1716892459897 0.29740193486213684 0
1716892460363 0.2959308326244354 0
1716892460833 0.29447296261787415 0
1716892461291 0.2930309474468231 0
1716892466577 0.2915969789028168 0
1716892467158 0.29017388820648193 0
1716892467705 0.2887616455554962 0
1716892468236 0.28736233711242676 0
1716892468715 0.2859759032726288 0
1716892469195 0.28459811210632324 0
1716892469653 0.28322935104370117 0
1716892470113 0.2818712890148163 0
1716892470571 0.2805272042751312 0
1716892471049 0.27918899059295654 0
1716892475997 0.27785834670066833 0
1716892476504 0.2765412926673889 0
1716892476974 0.2752353250980377 0
1716892477471 0.2739364206790924 0
1716892477972 0.2726476788520813 0
1716892478509 0.27136990427970886 0
1716892478990 0.2701047360897064 0
1716892479465 0.26884499192237854 0
1716892480032 0.26759567856788635 0
1716892480644 0.26635733246803284 0
1716892485790 0.2651263475418091 0
1716892486276 0.2639058232307434 0
1716892486754 0.2626991271972656 0
1716892487237 0.26149982213974 0
1716892487720 0.26030880212783813 0
1716892488205 0.2591344118118286 0
1716892488682 0.25796985626220703 0
1716892489154 0.25681570172309875 0
1716892489641 0.25567352771759033 0
1716892490140 0.2545415759086609 0
1716892495471 0.2534215450286865 0
1716892495960 0.2523142099380493 0
1716892496442 0.251222163438797 0
1716892496920 0.25013506412506104 0
1716892497400 0.24906374514102936 0
1716892497856 0.2480044960975647 0
1716892498328 0.24695731699466705 0
1716892498824 0.24592216312885284 0
1716892499307 0.24489791691303253 0
1716892499845 0.24388505518436432 0
1716892505197 0.24288511276245117 0
1716892505930 0.24189692735671997 0
1716892506385 0.2409188151359558 0
1716892506860 0.23995372653007507 0
1716892507336 0.23900018632411957 0
1716892507809 0.23805829882621765 0
1716892508305 0.23712709546089172 0
1716892508786 0.2362070083618164 0
1716892509265 0.23529823124408722 0
1716892509748 0.23439881205558777 0
1716892515903 0.23351144790649414 0
1716892516399 0.23263172805309296 0
1716892516884 0.23176531493663788 0
1716892517355 0.23090431094169617 0
1716892517833 0.23005691170692444 0
1716892518339 0.2292151153087616 0
1716892518804 0.2283855676651001 0
1716892519287 0.22756171226501465 0
1716892519799 0.22675026953220367 0
1716892520286 0.22594311833381653 0
1716892525293 0.2251480519771576 0
1716892525777 0.2243584394454956 0
1716892526237 0.2235793024301529 0
1716892526712 0.22280623018741608 0
1716892527210 0.22204333543777466 0
1716892527687 0.22128799557685852 0
1716892528173 0.2205415666103363 0
1716892528686 0.21980145573616028 0
1716892529150 0.21907153725624084 0
1716892529657 0.21834799647331238 0
1716892534600 0.2176336944103241 0
1716892535114 0.2169269472360611 0
1716892535582 0.21622686088085175 0
1716892536062 0.21553577482700348 0
1716892536533 0.21485194563865662 0
1716892537020 0.21417470276355743 0
1716892537499 0.21350538730621338 0
1716892537983 0.21284347772598267 0
1716892538468 0.2121889889240265 0
1716892538944 0.21154123544692993 0
1716892543578 0.21090339124202728 0
1716892544068 0.2102719247341156 0
1716892544537 0.20965206623077393 0
1716892545008 0.20903727412223816 0
1716892545479 0.20844002068042755 0
1716892545967 0.20784884691238403 0
1716892546425 0.20728689432144165 0
1716892546897 0.20673036575317383 0
1716892547388 0.20623648166656494 0
1716892547868 0.20575417578220367 0
1716892553348 0.2054477483034134 0
1716892553856 0.2052716314792633 0
1716892554350 0.20633840560913086 0
1716892554879 0.21942412853240967 0
1716892555440 0.4441988170146942 0
1716892555947 2.481762409210205 0
1716892556462 1.7978436946868896 0
1716892557002 1.8173208236694336 0
1716892557489 1.6079320907592773 0
1716892557975 1.5933079719543457 0
1716892563112 1.5788416862487793 0
1716892563622 1.448606252670288 0
1716892564104 1.343639612197876 0
1716892564576 1.2987619638442993 0
1716892565064 1.239404320716858 0
1716892565577 1.1655478477478027 0
1716892566072 1.104914665222168 0
1716892566569 1.0522549152374268 0
1716892567061 1.001565933227539 0
1716892567548 0.9618344306945801 0
1716892572736 0.9261113405227661 0
1716892573362 0.8747860193252563 0
1716892573840 0.8188339471817017 0
1716892574343 0.7652444243431091 0
1716892574828 0.7177937030792236 0
1716892575332 0.6911922097206116 0
1716892575859 0.6635829210281372 0
1716892576353 0.6386854648590088 0
1716892576835 0.6139678955078125 0
1716892577343 0.5871781706809998 0
1716892582589 0.5637822151184082 0
1716892583099 0.5435430407524109 0
1716892583611 0.5215465426445007 0
1716892584129 0.49973252415657043 0
1716892584621 0.48310622572898865 0
1716892585121 0.4694756865501404 0
1716892585607 0.45554885268211365 0
1716892586085 0.4404430091381073 0
1716892586579 0.42795753479003906 0
1716892587094 0.41747185587882996 0
1716892592310 0.40636107325553894 0
1716892592803 0.39547663927078247 0
1716892593306 0.38481029868125916 0
1716892593778 0.3745994567871094 0
1716892594266 0.36607909202575684 0
1716892594785 0.3582666516304016 0
1716892595290 0.3499402105808258 0
1716892595776 0.34257566928863525 0
1716892596311 0.3364521861076355 0
1716892596806 0.3298870921134949 0
1716892603091 0.32299715280532837 0
1716892603590 0.3166859745979309 0
1716892604091 0.3110162615776062 0
1716892604555 0.3057539463043213 0
1716892605021 0.30084165930747986 0
1716892605485 0.29663294553756714 0
1716892605982 0.29233068227767944 0
1716892606487 0.28760915994644165 0
1716892606951 0.2832448184490204 0
1716892607477 0.2794424593448639 0
1716892612653 0.2756776511669159 0
1716892613162 0.27184879779815674 0
1716892613645 0.2683970332145691 0
1716892614129 0.2653637230396271 0
1716892614603 0.26241663098335266 0
1716892615093 0.25964951515197754 0
1716892615592 0.25712913274765015 0
1716892616077 0.2546811103820801 0
1716892616575 0.25212550163269043 0
1716892617069 0.24959717690944672 0
1716892622103 0.2473127841949463 0
1716892622597 0.2451755255460739 0
1716892623054 0.2431163191795349 0
1716892623591 0.24118714034557343 0
1716892624057 0.23940327763557434 0
1716892624528 0.23768794536590576 0
1716892624988 0.23598605394363403 0
1716892625486 0.2343674600124359 0
1716892626000 0.23277699947357178 0
1716892626474 0.23120158910751343 0
1716892631822 0.22968557476997375 0
1716892632304 0.2282731831073761 0
1716892632785 0.22691050171852112 0
1716892633283 0.22556281089782715 0
1716892633767 0.22428855299949646 0
1716892634302 0.22307291626930237 0
1716892634778 0.2218717634677887 0
1716892635247 0.2206709235906601 0
1716892635847 0.21952009201049805 0
1716892636325 0.21842050552368164 0
1716892641233 0.21734532713890076 0
1716892641739 0.21629935503005981 0
1716892642239 0.2152872383594513 0
1716892642699 0.2143077552318573 0
1716892643189 0.21334625780582428 0
1716892643695 0.2124086320400238 0
1716892644173 0.2114945352077484 0
1716892644668 0.21059726178646088 0
1716892645117 0.20972855389118195 0
1716892645611 0.20889030396938324 0
1716892650601 0.20807337760925293 0
1716892651090 0.2072746753692627 0
1716892651556 0.20649731159210205 0
1716892652040 0.20574042201042175 0
1716892652523 0.20499983429908752 0
1716892653015 0.20427650213241577 0
1716892653490 0.20357435941696167 0
1716892653960 0.20288415253162384 0
1716892654457 0.20220676064491272 0
1716892654934 0.2015446126461029 0
1716892660075 0.20089584589004517 0
1716892660613 0.200259268283844 0
1716892661132 0.1996353566646576 0
1716892661648 0.19902373850345612 0
1716892662147 0.19842369854450226 0
1716892662650 0.19783546030521393 0
1716892663142 0.1972554475069046 0
1716892663620 0.19668474793434143 0
1716892664101 0.1961212158203125 0
1716892664574 0.1955662965774536 0
1716892669387 0.19501367211341858 0
1716892669864 0.19446808099746704 0
1716892670344 0.1939423680305481 0
1716892670833 0.19342739880084991 0
1716892671315 0.19290387630462646 0
1716892671812 0.19238954782485962 0
1716892672293 0.19189457595348358 0
1716892672823 0.19140282273292542 0
1716892673327 0.19091150164604187 0
1716892673849 0.19043079018592834 0
1716892678896 0.18996083736419678 0
1716892679385 0.18948639929294586 0
1716892679877 0.18902544677257538 0
1716892680348 0.18856818974018097 0
1716892680809 0.18811282515525818 0
1716892681304 0.1876649558544159 0
1716892681769 0.18722330033779144 0
1716892682237 0.1867813616991043 0
1716892682722 0.18635194003582 0
1716892683197 0.18592101335525513 0
1716892687858 0.18549424409866333 0
1716892688340 0.18507535755634308 0
1716892688835 0.18465587496757507 0
1716892689314 0.1842442750930786 0
1716892689784 0.18383389711380005 0
1716892690244 0.1834283471107483 0
1716892690734 0.18302616477012634 0
1716892691225 0.18262571096420288 0
1716892691735 0.18223190307617188 0
1716892692239 0.18183724582195282 0
1716892696990 0.18144811689853668 0
1716892697463 0.18106083571910858 0
1716892697938 0.18067805469036102 0
1716892698431 0.18029585480690002 0
1716892698887 0.17991730570793152 0
1716892699375 0.17954108119010925 0
1716892699835 0.17916780710220337 0
1716892700288 0.17879535257816315 0
1716892700768 0.17842629551887512 0
1716892701247 0.17805828154087067 0
1716892705799 0.17769354581832886 0
1716892706280 0.17732921242713928 0
1716892706768 0.17696845531463623 0
1716892707266 0.1766076534986496 0
1716892707739 0.17624957859516144 0
1716892708349 0.17589275538921356 0
1716892708863 0.17553889751434326 0
1716892709395 0.17518675327301025 0
1716892709916 0.17483606934547424 0
1716892710450 0.17448937892913818 0
1716892720330 0.17414401471614838 0
1716892720870 0.17380191385746002 0
1716892721429 0.17346225678920746 0
1716892721934 0.17312368750572205 0
1716892722462 0.17278842628002167 0
1716892723025 0.17245477437973022 0
1716892723519 0.17212527990341187 0
1716892724041 0.1717972308397293 0
1716892724533 0.17147140204906464 0
1716892725066 0.17114654183387756 0
1716892730066 0.17082704603672028 0
1716892730552 0.1705062985420227 0
1716892731052 0.17019023001194 0
1716892731549 0.16987554728984833 0
1716892732030 0.1695617437362671 0
1716892732517 0.16925115883350372 0
1716892733029 0.1689421832561493 0
1716892733530 0.16863591969013214 0
1716892734029 0.16833050549030304 0
1716892734515 0.1680285632610321 0
1716892739624 0.1677282154560089 0
1716892740114 0.16742882132530212 0
1716892740646 0.16713321208953857 0
1716892741131 0.1668376326560974 0
1716892741606 0.16654449701309204 0
1716892742083 0.16625353693962097 0
1716892742553 0.16596409678459167 0
1716892743015 0.16567745804786682 0
1716892743485 0.16539119184017181 0
1716892743955 0.16510725021362305 0
1716892748849 0.16482506692409515 0
1716892749342 0.16454452276229858 0
1716892749828 0.16426602005958557 0
1716892750304 0.16398894786834717 0
1716892750775 0.16371296346187592 0
1716892751262 0.16343939304351807 0
1716892751759 0.16316667199134827 0
1716892752243 0.1628960371017456 0
1716892752727 0.16262751817703247 0
1716892753235 0.16235922276973724 0
1716892758931 0.16209395229816437 0
1716892759483 0.16182905435562134 0
1716892759997 0.16156621277332306 0
1716892760525 0.16130493581295013 0
1716892761059 0.16104476153850555 0
1716892761608 0.16078606247901917 0
1716892762094 0.16052904725074768 0
1716892762604 0.16027337312698364 0
1716892763122 0.16001902520656586 0
1716892763642 0.15976601839065552 0
1716892768848 0.15951497852802277 0
1716892769360 0.1592644453048706 0
1716892769880 0.15901733934879303 0
1716892770395 0.15876886248588562 0
1716892770918 0.15852242708206177 0
1716892771457 0.15827754139900208 0
1716892771983 0.158034086227417 0
1716892772540 0.15779072046279907 0
1716892773086 0.15754930675029755 0
1716892773613 0.1573106348514557 0
1716892778916 0.15707239508628845 0
1716892779391 0.15683364868164062 0
1716892779878 0.1565975695848465 0
1716892780370 0.1563640832901001 0
1716892780888 0.15612834692001343 0
1716892781376 0.15589676797389984 0
1716892781895 0.15566769242286682 0
1716892782419 0.1554369479417801 0
1716892782945 0.15520411729812622 0
1716892783441 0.1549767255783081 0
1716892788469 0.15474838018417358 0
1716892788952 0.154524028301239 0
1716892789442 0.15429486334323883 0
1716892789933 0.15406987071037292 0
1716892790409 0.15384791791439056 0
1716892790891 0.15362541377544403 0
1716892791361 0.15340660512447357 0
1716892791851 0.1531955748796463 0
1716892792325 0.15296629071235657 0
1716892792816 0.1529088169336319 0
1716892797537 0.15308627486228943 0
1716892798019 0.15328606963157654 0
1716892798541 0.1534416526556015 0
1716892799046 0.15338343381881714 0
1716892799523 0.15314017236232758 0
1716892800019 0.15278932452201843 0
1716892800490 0.15240252017974854 0
1716892800962 0.15205606818199158 0
1716892801427 0.1517278254032135 0
1716892801908 0.15145640075206757 0
1716892807055 0.1512065827846527 0
1716892807545 0.1509452760219574 0
1716892808035 0.1506967544555664 0
1716892808590 0.15046773850917816 0
1716892809153 0.15023794770240784 0
1716892809671 0.14999517798423767 0
1716892810195 0.1497504711151123 0
1716892810711 0.1494922935962677 0
1716892811207 0.14922505617141724 0
1716892811744 0.14896874129772186 0
1716892817273 0.14873559772968292 0
1716892817752 0.14852125942707062 0
1716892818260 0.14830726385116577 0
1716892818754 0.14810317754745483 0
1716892819249 0.1479005217552185 0
1716892819772 0.14768840372562408 0
1716892820253 0.1474696397781372 0
1716892820759 0.14725467562675476 0
1716892821292 0.1470472514629364 0
1716892821802 0.14684417843818665 0
1716892826936 0.14664378762245178 0
1716892827430 0.1464442014694214 0
1716892827944 0.14624588191509247 0
1716892828413 0.1460501104593277 0
1716892828875 0.14585450291633606 0
1716892829351 0.14565512537956238 0
1716892829812 0.14546114206314087 0
1716892830270 0.14527109265327454 0
1716892830730 0.14507997035980225 0
1716892831267 0.14488929510116577 0
1716892836120 0.14470094442367554 0
1716892836614 0.14451129734516144 0
1716892837121 0.1443251669406891 0
1716892837602 0.14414365589618683 0
1716892838098 0.14395537972450256 0
1716892838610 0.14377211034297943 0
1716892839086 0.14358745515346527 0
1716892839573 0.143403559923172 0
1716892840062 0.14322233200073242 0
1716892840578 0.14304037392139435 0
1716892845828 0.14286163449287415 0
1716892846313 0.1426812708377838 0
1716892846820 0.14250676333904266 0
1716892847301 0.14232602715492249 0
1716892847790 0.14214879274368286 0
1716892848285 0.14197668433189392 0
1716892848765 0.14179812371730804 0
1716892849240 0.141622856259346 0
1716892849724 0.14144819974899292 0
1716892850201 0.1412704586982727 0
1716892855144 0.14110025763511658 0
1716892855607 0.1409267634153366 0
1716892856068 0.14075446128845215 0
1716892856559 0.14058436453342438 0
1716892857050 0.14040985703468323 0
1716892857543 0.14024560153484344 0
1716892858035 0.14007410407066345 0
1716892858507 0.13990232348442078 0
1716892858977 0.13973943889141083 0
1716892859454 0.13957007229328156 0
1716892866928 0.13939842581748962 0
1716892867444 0.1392362117767334 0
1716892867971 0.1390717327594757 0
1716892868489 0.13890030980110168 0
1716892869111 0.13873837888240814 0
1716892869703 0.13857389986515045 0
1716892870272 0.13841170072555542 0
1716892870858 0.13824421167373657 0
1716892871389 0.13808098435401917 0
1716892871878 0.13791897892951965 0
1716892877064 0.13775460422039032 0
1716892877560 0.13759711384773254 0
1716892878049 0.13743630051612854 0
1716892878541 0.1372717171907425 0
1716892879037 0.1371115893125534 0
1716892879563 0.13695606589317322 0
1716892880060 0.13679492473602295 0
1716892880552 0.13663581013679504 0
1716892881063 0.1364799290895462 0
1716892881536 0.13632190227508545 0
1716892886312 0.13616225123405457 0
1716892886789 0.13600939512252808 0
1716892887272 0.1358519196510315 0
1716892887755 0.13569915294647217 0
1716892888242 0.13554498553276062 0
1716892888729 0.1353907287120819 0
1716892889205 0.13523314893245697 0
1716892889693 0.1350785195827484 0
1716892890193 0.134930819272995 0
1716892890685 0.13477499783039093 0
1716892895821 0.1346207708120346 0
1716892896302 0.13447336852550507 0
1716892896796 0.13431920111179352 0
1716892897268 0.13416814804077148 0
1716892897752 0.1340174376964569 0
1716892898242 0.1338689774274826 0
1716892898728 0.13371798396110535 0
1716892899256 0.1335730254650116 0
1716892899775 0.1334218978881836 0
1716892900317 0.1332734376192093 0
1716892907672 0.1331237256526947 0
1716892908159 0.1329823136329651 0
1716892908656 0.13283243775367737 0
1716892909134 0.13268646597862244 0
1716892909628 0.1325421929359436 0
1716892910109 0.1323976069688797 0
1716892910607 0.13224665820598602 0
1716892911088 0.13210585713386536 0
1716892911564 0.13196316361427307 0
1716892912063 0.13181743025779724 0
1716892918185 0.13167452812194824 0
1716892918708 0.13153378665447235 0
1716892919200 0.13138774037361145 0
1716892919720 0.13124683499336243 0
1716892920218 0.13110245764255524 0
1716892920730 0.130961075425148 0
1716892921219 0.1308232843875885 0
1716892921703 0.13068273663520813 0
1716892922207 0.13054139912128448 0
1716892922718 0.13040153682231903 0
1716892928467 0.13026268780231476 0
1716892928975 0.13012364506721497 0
1716892929450 0.12998715043067932 0
1716892929922 0.1298486441373825 0
1716892930417 0.12970899045467377 0
1716892930887 0.12957558035850525 0
1716892931380 0.12943677604198456 0
1716892931861 0.1293007880449295 0
1716892932381 0.12916484475135803 0
1716892932896 0.1290273666381836 0
1716892938401 0.12889288365840912 0
1716892938891 0.12876072525978088 0
1716892939360 0.12862932682037354 0
1716892939826 0.12849049270153046 0
1716892940307 0.12836241722106934 0
1716892940796 0.12822137773036957 0
1716892941286 0.12808862328529358 0
1716892941773 0.12795792520046234 0
1716892942264 0.1278223693370819 0
1716892942729 0.12769447267055511 0
1716892947677 0.12756116688251495 0
1716892948167 0.127424418926239 0
1716892948636 0.12729811668395996 0
1716892949127 0.12716667354106903 0
1716892949607 0.12703564763069153 0
1716892950093 0.1269049495458603 0
1716892950541 0.12677596509456635 0
1716892950995 0.12664492428302765 0
1716892951488 0.12651093304157257 0
1716892951967 0.12638495862483978 0
1716892956984 0.12625479698181152 0
1716892957474 0.1261257827281952 0
1716892957946 0.12600192427635193 0
1716892958402 0.1258687973022461 0
1716892958876 0.1257416158914566 0
1716892959332 0.12561459839344025 0
1716892959798 0.12548689544200897 0
1716892960278 0.12536485493183136 0
1716892960795 0.12523572146892548 0
1716892961265 0.1251087784767151 0
1716892966569 0.12497984617948532 0
1716892967051 0.1248563677072525 0
1716892967542 0.12473425269126892 0
1716892968020 0.12460295855998993 0
1716892968488 0.1244838684797287 0
1716892968966 0.12436084449291229 0
1716892969443 0.1242290511727333 0
1716892969898 0.1241123378276825 0
1716892970359 0.12398642301559448 0
1716892970817 0.12385815382003784 0
1716892976102 0.1237386167049408 0
1716892976588 0.1236104965209961 0
1716892977081 0.12349167466163635 0
1716892977558 0.12336809933185577 0
1716892978015 0.12324371933937073 0
1716892978466 0.12312778830528259 0
1716892978939 0.12300173938274384 0
1716892979397 0.12288348376750946 0
1716892979853 0.1227591261267662 0
1716892980320 0.12263934314250946 0
1716892984614 0.12252222001552582 0
1716892985068 0.12239629030227661 0
1716892985546 0.12228691577911377 0
1716892986010 0.12216275185346603 0
1716892986466 0.12204326689243317 0
1716892986918 0.12193126231431961 0
1716892987379 0.12180902808904648 0
1716892987837 0.12169311940670013 0
1716892988302 0.12157677114009857 0
1716892988768 0.1214645504951477 0
1716892993118 0.12134486436843872 0
1716892993589 0.12122683227062225 0
1716892994062 0.12111799418926239 0
1716892994536 0.12099890410900116 0
1716892994985 0.12087877094745636 0
1716892995452 0.12076513469219208 0
1716892995925 0.12064793705940247 0
1716892996385 0.12052924931049347 0
1716892996848 0.12041884660720825 0
1716892997306 0.12030398845672607 0
1716893001694 0.12019311636686325 0
1716893002178 0.1200844943523407 0
1716893002649 0.11996349692344666 0
1716893003120 0.11985237151384354 0
1716893003575 0.11974214762449265 0
1716893004048 0.11962613463401794 0
1716893004507 0.1195187121629715 0
1716893004971 0.11941079795360565 0
1716893005439 0.11929407715797424 0
1716893005901 0.11918239295482635 0
1716893009534 0.11906762421131134 0
1716893010013 0.11895844340324402 0
1716893010536 0.11884687840938568 0
1716893011009 0.11873126775026321 0
1716893011512 0.11862912774085999 0
1716893012001 0.118519127368927 0
1716893012516 0.11840778589248657 0
1716893013065 0.11829805374145508 0
1716893013603 0.11818638443946838 0
1716893014124 0.1180853396654129 0
1716893019085 0.11797645688056946 0
1716893019571 0.11786215007305145 0
1716893020071 0.11776110529899597 0
1716893020573 0.11765773594379425 0
1716893021058 0.11754730343818665 0
1716893021538 0.11743967235088348 0
1716893022018 0.11732854694128036 0
1716893022517 0.11722546815872192 0
1716893022986 0.11711819469928741 0
1716893023446 0.11700884252786636 0
1716893027872 0.11691172420978546 0
1716893028372 0.11680320650339127 0
1716893028848 0.1166938841342926 0
1716893029349 0.11659400165081024 0
1716893029806 0.11648240685462952 0
1716893030264 0.11638200283050537 0
1716893030729 0.11627545952796936 0
1716893031214 0.11616963148117065 0
1716893031695 0.11607075482606888 0
1716893032171 0.11596433818340302 0
1716893039514 0.11586089432239532 0
1716893040020 0.11575495451688766 0
1716893040499 0.11565089225769043 0
1716893040989 0.11555458605289459 0
1716893041474 0.11544658243656158 0
1716893041953 0.11534734070301056 0
1716893042419 0.11524690687656403 0
1716893042920 0.11514292657375336 0
1716893043421 0.11504073441028595 0
1716893043923 0.11493472754955292 0
1716893048879 0.1148432046175003 0
1716893049360 0.1147415041923523 0
1716893049854 0.11463546007871628 0
1716893050334 0.11454450339078903 0
1716893050807 0.11444423347711563 0
1716893051302 0.1143462136387825 0
1716893051774 0.11423802375793457 0
1716893052252 0.11414048820734024 0
1716893052727 0.11404849588871002 0
1716893053205 0.11394784599542618 0
1716893058003 0.11384543776512146 0
1716893058485 0.11374817788600922 0
1716893058971 0.11364665627479553 0
1716893059440 0.11354856938123703 0
1716893059909 0.1134510487318039 0
1716893060374 0.11334899812936783 0
1716893060826 0.11325682699680328 0
1716893061295 0.11315439641475677 0
1716893061783 0.11305563151836395 0
1716893062249 0.11295969784259796 0
1716893066763 0.11285679042339325 0
1716893067237 0.11277158558368683 0
1716893067725 0.11267552524805069 0
1716893068233 0.11256681382656097 0
1716893068721 0.11247184127569199 0
1716893069198 0.11237916350364685 0
1716893069705 0.11228238046169281 0
1716893070198 0.11218126118183136 0
1716893070714 0.11209236830472946 0
1716893071231 0.11200384050607681 0
1716893076141 0.11189888417720795 0
1716893076629 0.11179696023464203 0
1716893077092 0.11170762032270432 0
1716893077565 0.11160969734191895 0
1716893078037 0.11151288449764252 0
1716893078521 0.1114223450422287 0
1716893078996 0.11133365333080292 0
1716893079472 0.11123452335596085 0
1716893079959 0.11114004254341125 0
1716893080465 0.11104514449834824 0
1716893085133 0.11094952374696732 0
1716893085615 0.11085455119609833 0
1716893086094 0.11076317727565765 0
1716893086588 0.11066846549510956 0
1716893087051 0.11057436466217041 0
1716893087521 0.11048673093318939 0
1716893087984 0.11039359122514725 0
1716893088451 0.11030213534832001 0
1716893088910 0.11020994186401367 0
1716893089390 0.11011607944965363 0
1716893093377 0.11002594232559204 0
1716893093866 0.10993492603302002 0
1716893094366 0.10984007269144058 0
1716893094862 0.10975466668605804 0
1716893095353 0.10966911166906357 0
1716893095845 0.10957524180412292 0
1716893096317 0.10947628319263458 0
1716893096810 0.10939635336399078 0
1716893097281 0.10930418223142624 0
1716893097751 0.1092091053724289 0
1716893102236 0.1091151013970375 0
1716893102726 0.10903050005435944 0
1716893103288 0.10893819481134415 0
1716893103903 0.10885484516620636 0
1716893104437 0.10876652598381042 0
1716893104931 0.10867257416248322 0
1716893105388 0.10857850313186646 0
1716893105857 0.10849794745445251 0
1716893106357 0.10840950906276703 0
1716893106880 0.10832387208938599 0
1716893112293 0.10823176056146622 0
1716893112839 0.10813926160335541 0
1716893113319 0.10805238038301468 0
1716893113778 0.10796791315078735 0
1716893114243 0.10787149518728256 0
1716893114723 0.10778464376926422 0
1716893115205 0.10769793391227722 0
1716893115742 0.10760709643363953 0
1716893116217 0.10751865059137344 0
1716893116699 0.10743759572505951 0
1716893121988 0.10735087841749191 0
1716893122481 0.10725484788417816 0
1716893123235 0.10716967284679413 0
1716893123919 0.10708653926849365 0
1716893124676 0.10699385404586792 0
1716893125409 0.10690838098526001 0
1716893126000 0.10682525485754013 0
1716893126724 0.10674040019512177 0
1716893127512 0.1066436618566513 0
1716893128244 0.10656753182411194 0
1716893135521 0.10648548603057861 0
1716893136080 0.10640104115009308 0
1716893136568 0.10630956292152405 0
1716893137062 0.10622172802686691 0
1716893137581 0.10614095628261566 0
1716893138100 0.10606170445680618 0
1716893138653 0.1059725284576416 0
1716893139273 0.10588382184505463 0
1716893139867 0.10579964518547058 0
1716893140438 0.10571734607219696 0
1716893146879 0.10563492774963379 0
1716893147768 0.10555703192949295 0
1716893148359 0.10546550154685974 0
1716893148985 0.1053774505853653 0
1716893149530 0.10529280453920364 0
1716893150092 0.10520848631858826 0
1716893150657 0.1051223874092102 0
1716893151220 0.10503546893596649 0
1716893151806 0.10495081543922424 0
1716893152436 0.1048734039068222 0
1716893159037 0.10478575527667999 0
1716893159572 0.10470496118068695 0
1716893160075 0.10462680459022522 0
1716893160617 0.10454242676496506 0
1716893161186 0.10445411503314972 0
1716893161731 0.10437943041324615 0
1716893162217 0.10429726541042328 0
1716893162709 0.10420921444892883 0
1716893163227 0.10413148999214172 0
1716893163742 0.10405120998620987 0
1716893169819 0.10397292673587799 0
1716893170324 0.10388100892305374 0
1716893170825 0.10380441695451736 0
1716893171290 0.10372324287891388 0
1716893171822 0.10363946855068207 0
1716893172304 0.1035647764801979 0
1716893172815 0.10348011553287506 0
1716893173374 0.10340188443660736 0
1716893173953 0.10332126915454865 0
1716893174516 0.10324110835790634 0
1716893180712 0.10316503793001175 0
1716893181198 0.10308077931404114 0
1716893181697 0.10299772024154663 0
1716893182169 0.10292329639196396 0
1716893182651 0.10284590721130371 0
1716893183148 0.10276336967945099 0
1716893183655 0.10268422961235046 0
1716893184142 0.10260845720767975 0
1716893184617 0.10252492874860764 0
1716893185124 0.10245320200920105 0
1716893190180 0.10238035023212433 0
1716893190676 0.10229088366031647 0
1716893191160 0.1022169440984726 0
1716893191651 0.10214661061763763 0
1716893192117 0.10205943882465363 0
1716893192602 0.10198718309402466 0
1716893193093 0.10191971063613892 0
1716893193583 0.10182924568653107 0
1716893194087 0.1017528846859932 0
1716893194576 0.10167968273162842 0
1716893199668 0.10159517824649811 0
1716893200155 0.10152560472488403 0
1716893200632 0.10144967585802078 0
1716893201137 0.10136695206165314 0
1716893201611 0.10129091143608093 0
1716893202090 0.10121925920248032 0
1716893202561 0.10113920271396637 0
1716893203031 0.10106779634952545 0
1716893203536 0.10099300742149353 0
1716893204005 0.10091623663902283 0
1716893208851 0.10083961486816406 0
1716893209401 0.10077117383480072 0
1716893209910 0.10069471597671509 0
1716893210442 0.10062301158905029 0
1716893210954 0.10054448992013931 0
1716893211485 0.10046785324811935 0
1716893211986 0.10039816796779633 0
1716893212486 0.10032925009727478 0
1716893213004 0.10024704039096832 0
1716893213518 0.1001661866903305 0
1716893219096 0.10009562969207764 0
1716893219627 0.10002025961875916 0
1716893220150 0.09995271265506744 0
1716893220667 0.0998818576335907 0
1716893221201 0.0998028814792633 0
1716893221717 0.09973032772541046 0
1716893222212 0.09965874254703522 0
1716893222722 0.09957984834909439 0
1716893223270 0.09950977563858032 0
1716893223762 0.09944534301757812 0
1716893229547 0.09936710447072983 0
1716893230033 0.09929497539997101 0
1716893230521 0.09922325611114502 0
1716893231042 0.09915076196193695 0
1716893231553 0.09908300638198853 0
1716893232050 0.09901387244462967 0
1716893232576 0.09893548488616943 0
1716893233103 0.09886781871318817 0
1716893233595 0.09879900515079498 0
1716893234111 0.09872345626354218 0
1716893239662 0.09865212440490723 0
1716893240159 0.09859049320220947 0
1716893240659 0.09851458668708801 0
1716893241155 0.09844303131103516 0
1716893241629 0.09836806356906891 0
1716893242104 0.09829963743686676 0
1716893242616 0.09822990000247955 0
1716893243090 0.09816241264343262 0
1716893243564 0.09808856248855591 0
1716893244046 0.09801927208900452 0
1716893249342 0.09794872999191284 0
1716893249866 0.09787583351135254 0
1716893250367 0.09780921041965485 0
1716893250876 0.09774689376354218 0
1716893251350 0.09766951203346252 0
1716893251817 0.09760043025016785 0
1716893252280 0.0975351631641388 0
1716893252755 0.09746699035167694 0
1716893253236 0.09739610552787781 0
1716893253716 0.09733013808727264 0
1716893258630 0.0972568690776825 0
1716893259166 0.09719087183475494 0
1716893259653 0.09711933135986328 0
1716893260162 0.09705062210559845 0
1716893260670 0.0969855934381485 0
1716893261162 0.09692269563674927 0
1716893261684 0.09684976190328598 0
1716893262196 0.0967811718583107 0
1716893262697 0.09672001004219055 0
1716893263189 0.09664297103881836 0
1716893273116 0.09658887982368469 0
1716893273611 0.09652528166770935 0
1716893274119 0.09644626080989838 0
1716893274645 0.09638123959302902 0
1716893275134 0.09631714224815369 0
1716893275643 0.09624969959259033 0
1716893276143 0.09618724882602692 0
1716893276626 0.09611964225769043 0
1716893277129 0.09604724496603012 0
1716893277666 0.0959833487868309 0
1716893283158 0.09591485559940338 0
1716893283675 0.09585000574588776 0
1716893284194 0.09578678756952286 0
1716893284667 0.0957150086760521 0
1716893285128 0.09564864635467529 0
1716893285632 0.0955965518951416 0
1716893286109 0.09552018344402313 0
1716893286569 0.09545347094535828 0
1716893287025 0.09539753943681717 0
1716893287555 0.09532909095287323 0
1716893293253 0.0952509343624115 0
1716893293768 0.09520502388477325 0
1716893294284 0.09513773024082184 0
1716893294799 0.09506396949291229 0
1716893295346 0.09500078111886978 0
1716893295876 0.09494341909885406 0
1716893296408 0.09487581253051758 0
1716893296963 0.09480966627597809 0
1716893297499 0.09473635256290436 0
1716893298180 0.09468305110931396 0
1716893304160 0.09461788833141327 0
1716893304646 0.09454523772001266 0
1716893305157 0.09448716044425964 0
1716893305641 0.09443198144435883 0
1716893306156 0.09435334801673889 0
1716893306648 0.09428715705871582 0
1716893307134 0.09423421323299408 0
1716893307627 0.09416168183088303 0
1716893308111 0.09409214556217194 0
1716893308605 0.09404753893613815 0
1716893313446 0.09397928416728973 0
1716893313937 0.09390852600336075 0
1716893314425 0.09384780377149582 0
1716893314909 0.09378498792648315 0
1716893315550 0.09371350705623627 0
1716893316056 0.09365436434745789 0
1716893316554 0.0935947522521019 0
1716893317051 0.09353400766849518 0
1716893317545 0.09346969425678253 0
1716893318042 0.09340235590934753 0
1716893323439 0.09334059059619904 0
1716893323955 0.09328338503837585 0
1716893324456 0.09321603924036026 0
1716893324954 0.09316008538007736 0
1716893325431 0.0930996835231781 0
1716893325923 0.09302817285060883 0
1716893326403 0.09296144545078278 0
1716893326902 0.09291344881057739 0
1716893327404 0.0928448736667633 0
1716893327903 0.09277518093585968 0
1716893333730 0.09272703528404236 0
1716893334253 0.0926637127995491 0
1716893334758 0.0925910621881485 0
1716893335251 0.09253916144371033 0
1716893335753 0.09247458726167679 0
1716893336257 0.09241184592247009 0
1716893336739 0.09234925359487534 0
1716893337209 0.09229296445846558 0
1716893337679 0.09223021566867828 0
1716893338192 0.09217303991317749 0
1716893343054 0.09210711717605591 0
1716893343559 0.09205165505409241 0
1716893344037 0.09199026226997375 0
1716893344497 0.09192515909671783 0
1716893344991 0.09186623990535736 0
1716893345496 0.09181735664606094 0
1716893345965 0.0917443186044693 0
1716893346446 0.0916890799999237 0
1716893346906 0.0916392058134079 0
1716893347384 0.09156911820173264 0
1716893352795 0.09149542450904846 0
1716893353334 0.09145472198724747 0
1716893353828 0.09139300882816315 0
1716893354378 0.09132120013237 0
1716893354920 0.09126701951026917 0
1716893355414 0.0912102684378624 0
1716893355894 0.09114482253789902 0
1716893356386 0.09108938276767731 0
1716893356881 0.09102706611156464 0
1716893357375 0.09097215533256531 0
1716893362879 0.09091532230377197 0
1716893363374 0.09085088968276978 0
1716893363853 0.09078938513994217 0
1716893364337 0.0907435491681099 0
1716893364840 0.09067371487617493 0
1716893365354 0.09061184525489807 0
1716893365861 0.09055574238300323 0
1716893366376 0.09049110114574432 0
1716893366850 0.09043672680854797 0
1716893367326 0.09037713706493378 0
1716893372509 0.09032101929187775 0
1716893372993 0.09026055037975311 0
1716893373487 0.09020306169986725 0
1716893373984 0.09014490991830826 0
1716893374521 0.09007343649864197 0
1716893375053 0.090020090341568 0
1716893375565 0.08996452391147614 0
1716893376061 0.08990202844142914 0
1716893376540 0.08984344452619553 0
1716893377011 0.08978742361068726 0
1716893382778 0.08973336219787598 0
1716893383254 0.08967438340187073 0
1716893383748 0.08960981667041779 0
1716893384246 0.08956031501293182 0
1716893384734 0.0895024761557579 0
1716893385204 0.08943971991539001 0
1716893385700 0.08938669413328171 0
1716893386223 0.0893322303891182 0
1716893386745 0.08927524089813232 0
1716893387197 0.08922234922647476 0
1716893391744 0.08916055411100388 0
1716893392223 0.08909659832715988 0
1716893392684 0.0890410840511322 0
1716893393156 0.0889819860458374 0
1716893393671 0.08892914652824402 0
1716893394166 0.08886775374412537 0
1716893394638 0.08882167935371399 0
1716893395108 0.0887659415602684 0
1716893395579 0.08870571851730347 0
1716893396065 0.08866040408611298 0
1716893400058 0.08860045671463013 0
1716893400554 0.0885409414768219 0
1716893401026 0.08848671615123749 0
1716893401523 0.08843132853507996 0
1716893402012 0.08837665617465973 0
1716893402523 0.08832329511642456 0
1716893403000 0.08826647698879242 0
1716893403532 0.08821087330579758 0
1716893404067 0.08815552294254303 0
1716893404678 0.08810253441333771 0
1716893410374 0.08803941309452057 0
1716893410868 0.0879870057106018 0
1716893411354 0.08794059604406357 0
1716893411830 0.08788014203310013 0
1716893412348 0.08782760798931122 0
1716893412877 0.0877666175365448 0
1716893413396 0.08771083503961563 0
1716893413932 0.08766550570726395 0
1716893414474 0.08760486543178558 0
1716893415018 0.0875500738620758 0
1716893420384 0.08749347925186157 0
1716893420865 0.08744506537914276 0
1716893421368 0.08739136159420013 0
1716893421860 0.08733539283275604 0
1716893422392 0.087282694876194 0
1716893422909 0.08722645789384842 0
1716893423402 0.08717474341392517 0
1716893423907 0.0871225893497467 0
1716893424387 0.08705925196409225 0
1716893424888 0.08701108396053314 0
1716893429899 0.08696050941944122 0
1716893430380 0.0869082435965538 0
1716893430888 0.08685211837291718 0
1716893431382 0.08679502457380295 0
1716893431871 0.08674663305282593 0
1716893432403 0.08670030534267426 0
1716893432913 0.08664114028215408 0
1716893433391 0.08658483624458313 0
1716893433917 0.0865277498960495 0
1716893434473 0.08648613095283508 0
1716893440146 0.08643129467964172 0
1716893440646 0.08637310564517975 0
1716893441134 0.08632100373506546 0
1716893441663 0.08626784384250641 0
1716893442177 0.08622612059116364 0
1716893442676 0.08617064356803894 0
1716893443170 0.08611144125461578 0
1716893443711 0.08605872094631195 0
1716893444219 0.08601035922765732 0
1716893444736 0.08596551418304443 0
1716893449982 0.08590894937515259 0
1716893450492 0.08585376292467117 0
1716893451033 0.08580459654331207 0
1716893451495 0.08575400710105896 0
1716893451997 0.08570602536201477 0
1716893452492 0.08565055578947067 0
1716893452965 0.08559456467628479 0
1716893453441 0.08554765582084656 0
1716893453916 0.0854949876666069 0
1716893454386 0.08543811738491058 0
1716893458959 0.0853940099477768 0
1716893459441 0.08534222096204758 0
1716893459924 0.08529825508594513 0
1716893460439 0.08524952083826065 0
1716893460925 0.08519315719604492 0
1716893461406 0.0851404219865799 0
1716893461908 0.08508831262588501 0
1716893462394 0.08504581451416016 0
1716893462889 0.08499133586883545 0
1716893463405 0.08493824303150177 0
1716893468434 0.08489207178354263 0
1716893468948 0.08484256267547607 0
1716893469444 0.08478786051273346 0
1716893469951 0.08473777770996094 0
1716893470425 0.08469434082508087 0
1716893470900 0.0846429169178009 0
1716893471371 0.08459941297769547 0
1716893471850 0.08454234153032303 0
1716893472340 0.0844869315624237 0
1716893472850 0.0844438374042511 0
1716893477880 0.08441218733787537 0
1716893478378 0.08435223996639252 0
1716893478873 0.08429579436779022 0
1716893479343 0.08424200862646103 0
1716893479802 0.08420874178409576 0
1716893480251 0.08415541052818298 0
1716893480736 0.08409984409809113 0
1716893481215 0.0840548723936081 0
1716893481697 0.08401146531105042 0
1716893482190 0.08396662771701813 0
1716893486717 0.08391204476356506 0
1716893487200 0.08386576175689697 0
1716893487731 0.08382035791873932 0
1716893488224 0.08376986533403397 0
1716893488696 0.08372369408607483 0
1716893489173 0.08367511630058289 0
1716893489663 0.0836198627948761 0
1716893490152 0.0835723727941513 0
1716893490630 0.0835392102599144 0
1716893491101 0.08348261564970016 0
1716893496239 0.08342847228050232 0
1716893496757 0.08338355273008347 0
1716893497289 0.08333878219127655 0
1716893497817 0.08329188823699951 0
1716893498347 0.0832357332110405 0
1716893498877 0.08320054411888123 0
1716893499394 0.08315564692020416 0
1716893499892 0.08310508728027344 0
1716893500362 0.08306066691875458 0
1716893500958 0.08301423490047455 0
1716893506182 0.08296144008636475 0
1716893506687 0.08290982246398926 0
1716893507208 0.08287779986858368 0
1716893507708 0.08282147347927094 0
1716893508212 0.08277500420808792 0
1716893508702 0.08273443579673767 0
1716893509182 0.08269020915031433 0
1716893509688 0.08264376223087311 0
1716893510198 0.0825892984867096 0
1716893510671 0.08254766464233398 0
1716893516102 0.08250025659799576 0
1716893516612 0.08245230466127396 0
1716893517126 0.08241069316864014 0
1716893517649 0.08236176520586014 0
1716893518151 0.08231919258832932 0
1716893518625 0.08227134495973587 0
1716893519138 0.08223340660333633 0
1716893519633 0.08218248188495636 0
1716893520142 0.08212539553642273 0
1716893520634 0.08208960294723511 0
1716893526134 0.0820470005273819 0
1716893526625 0.08198795467615128 0
1716893527135 0.08195342123508453 0
1716893527639 0.08191941678524017 0
1716893528137 0.08187192678451538 0
1716893528671 0.08182608336210251 0
1716893529196 0.08177673816680908 0
1716893529702 0.08172917366027832 0
1716893530208 0.08168278634548187 0
1716893530692 0.08163754642009735 0
1716893536521 0.08159494400024414 0
1716893537077 0.0815519243478775 0
1716893537592 0.08150871098041534 0
1716893538185 0.08147169649600983 0
1716893538756 0.08142483234405518 0
1716893539293 0.0813719853758812 0
1716893539848 0.08132705092430115 0
1716893540353 0.0812937468290329 0
1716893540857 0.08124173432588577 0
1716893541317 0.08118831366300583 0
1716893554425 0.08115657418966293 0
1716893555066 0.08111882209777832 0
1716893555551 0.08106984198093414 0
1716893556108 0.08102034032344818 0
1716893556651 0.08098216354846954 0
1716893557134 0.08093462139368057 0
1716893557670 0.08088568598031998 0
1716893558195 0.08084772527217865 0
1716893558717 0.08080203086137772 0
1716893559229 0.08075754344463348 0
1716893564617 0.08071616291999817 0
1716893565118 0.0806833803653717 0
1716893565616 0.0806342214345932 0
1716893566075 0.08058944344520569 0
1716893566566 0.0805526003241539 0
1716893567048 0.08050155639648438 0
1716893567530 0.08045992255210876 0
1716893568036 0.0804053395986557 0
1716893568516 0.08037720620632172 0
1716893568991 0.08033468574285507 0
1716893573783 0.08028975874185562 0
1716893574273 0.08025219291448593 0
1716893574738 0.08020715415477753 0
1716893575215 0.08015567064285278 0
1716893575711 0.08010970056056976 0
1716893576190 0.08007961511611938 0
1716893576672 0.08002905547618866 0
1716893577154 0.07998217642307281 0
1716893577622 0.0799495130777359 0
1716893578094 0.07991606742143631 0
1716893582598 0.07987004518508911 0
1716893583091 0.0798170268535614 0
1716893583606 0.07977581024169922 0
1716893584088 0.07973817735910416 0
1716893584543 0.07969941198825836 0
1716893585028 0.07964359223842621 0
1716893585518 0.07960794866085052 0
1716893586001 0.07957583665847778 0
1716893586487 0.07953228056430817 0
1716893586961 0.07948940247297287 0
1716893592158 0.07943964749574661 0
1716893592660 0.07939983904361725 0
1716893593134 0.07936246693134308 0
1716893593635 0.07931950688362122 0
1716893594145 0.07927030324935913 0
1716893594667 0.07923531532287598 0
1716893595141 0.0792093425989151 0
1716893595616 0.07916203886270523 0
1716893596190 0.07911661267280579 0
1716893596784 0.07908864319324493 0
1716893603125 0.07904267311096191 0
1716893603664 0.07898996025323868 0
1716893604207 0.07895313203334808 0
1716893604719 0.07891826331615448 0
1716893605220 0.07888848334550858 0
1716893605735 0.07885576039552689 0
1716893606271 0.07884542644023895 0
1716893606808 0.07886698842048645 0
1716893607320 0.07895781099796295 0
1716893607837 0.07947549223899841 0
1716893613043 0.08490613102912903 0
1716893613561 0.1471785604953766 0
1716893614057 0.9290710687637329 0
1716893614536 1.541226863861084 0
1716893615034 1.5427347421646118 0
1716893615507 1.3435298204421997 0
1716893615975 1.1679364442825317 0
1716893616445 1.1647580862045288 0
1716893616940 1.120352864265442 0
1716893617448 1.0252169370651245 0
1716893622575 0.9102396368980408 0
1716893623068 0.8254863023757935 0
1716893623589 0.7692627906799316 0
1716893624160 0.7096704840660095 0
1716893624675 0.6759042739868164 0
1716893625233 0.6409991979598999 0
1716893625813 0.5934562087059021 0
1716893626315 0.5276375412940979 0
1716893626811 0.4729456603527069 0
1716893627305 0.4599844515323639 0
1716893632669 0.43622902035713196 0
1716893633151 0.42287513613700867 0
1716893633671 0.391599178314209 0
1716893634144 0.36855167150497437 0
1716893634605 0.3448466360569 0
1716893635094 0.33573827147483826 0
1716893635578 0.32439541816711426 0
1716893636049 0.30509334802627563 0
1716893636568 0.28971046209335327 0
1716893637074 0.27219274640083313 0
1716893641885 0.25662949681282043 0
1716893642368 0.24462546408176422 0
1716893642895 0.23726153373718262 0
1716893643374 0.22475813329219818 0
1716893643841 0.21482910215854645 0
1716893644333 0.2094985395669937 0
1716893644825 0.2023909091949463 0
1716893645327 0.19427506625652313 0
1716893645832 0.1908658742904663 0
1716893646358 0.1865566372871399 0
1716893651885 0.18042393028736115 0
1716893652387 0.17546497285366058 0
1716893652872 0.17136487364768982 0
1716893653377 0.16706982254981995 0
1716893653870 0.16268761456012726 0
1716893654355 0.15843231976032257 0
1716893654836 0.15511122345924377 0
1716893655320 0.15249896049499512 0
1716893655784 0.15016815066337585 0
1716893656263 0.14775846898555756 0
1716893661183 0.1451595425605774 0
1716893661663 0.14281237125396729 0
1716893662147 0.14082972705364227 0
1716893662639 0.13886737823486328 0
1716893663131 0.13677126169204712 0
1716893663608 0.1347595453262329 0
1716893664078 0.1329871118068695 0
1716893664547 0.13140495121479034 0
1716893665005 0.1297895312309265 0
1716893665494 0.12816709280014038 0
1716893670021 0.12673889100551605 0
1716893670508 0.12541735172271729 0
1716893671029 0.1241561770439148 0
1716893671540 0.12299901247024536 0
1716893672054 0.12188765406608582 0
1716893672554 0.12077546119689941 0
1716893673045 0.11972230672836304 0
1716893673525 0.11875655502080917 0
1716893674005 0.11782301962375641 0
1716893674520 0.11691530048847198 0
1716893679844 0.11606553196907043 0
1716893680330 0.11528481543064117 0
1716893680822 0.11453743278980255 0
1716893681335 0.11377845704555511 0
1716893681848 0.1130102127790451 0
1716893682358 0.11230337619781494 0
1716893682837 0.11163216829299927 0
1716893683320 0.11096556484699249 0
1716893683809 0.11031805723905563 0
1716893684313 0.10970252007246017 0
1716893688990 0.10910502076148987 0
1716893689474 0.10852779448032379 0
1716893689970 0.10797818005084991 0
1716893690459 0.10744532942771912 0
1716893690938 0.10692480206489563 0
1716893691424 0.10641992092132568 0
1716893691944 0.105934277176857 0
1716893692428 0.10547391325235367 0
1716893692951 0.10501950979232788 0
1716893693437 0.10456489026546478 0
1716893698813 0.10413244366645813 0
1716893699299 0.10371682047843933 0
1716893699804 0.1033070981502533 0
1716893700351 0.10290154069662094 0
1716893700867 0.10250720381736755 0
1716893701414 0.10212410241365433 0
1716893701908 0.10174790769815445 0
1716893702412 0.10138058662414551 0
1716893702902 0.10102121531963348 0
1716893703380 0.10066879540681839 0
1716893708568 0.10032355040311813 0
1716893709161 0.09998545050621033 0
1716893709658 0.0996624305844307 0
1716893710144 0.09933886677026749 0
1716893710630 0.09901873767375946 0
1716893711134 0.09870953857898712 0
1716893711639 0.09840859472751617 0
1716893712165 0.09811350703239441 0
1716893712669 0.0978214293718338 0
1716893713186 0.09753435850143433 0
1716893718568 0.09725186228752136 0
1716893719045 0.09697344154119492 0
1716893719519 0.09669956564903259 0
1716893720019 0.0964306890964508 0
1716893720494 0.09616969525814056 0
1716893721017 0.09591300040483475 0
1716893721482 0.0956566110253334 0
1716893721976 0.09540553390979767 0
1716893722450 0.0951603576540947 0
1716893722946 0.09491848945617676 0
1716893728453 0.09467998147010803 0
1716893728952 0.09444515407085419 0
1716893729456 0.09421410411596298 0
1716893729953 0.09398616850376129 0
1716893730429 0.09376080334186554 0
1716893730916 0.09353803098201752 0
1716893731403 0.09331773221492767 0
1716893731899 0.09310048818588257 0
1716893732367 0.09289305657148361 0
1716893732861 0.0926877111196518 0
1716893738012 0.09247289597988129 0
1716893738524 0.09227097034454346 0
1716893739018 0.09207363426685333 0
1716893739491 0.09187823534011841 0
1716893739978 0.09168317914009094 0
1716893740443 0.09148885309696198 0
1716893740916 0.09129507839679718 0
1716893741378 0.09110337495803833 0
1716893741885 0.09091414511203766 0
1716893742400 0.09073549509048462 0
1716893747176 0.09055439382791519 0
1716893747673 0.09036783128976822 0
1716893748165 0.09019444137811661 0
1716893748667 0.09002196788787842 0
1716893749155 0.08985035121440887 0
1716893749623 0.08967965096235275 0
1716893750112 0.08950953185558319 0
1716893750603 0.08934038877487183 0
1716893751099 0.08917635679244995 0
1716893751580 0.08900971710681915 0
1716893756432 0.0888492614030838 0
1716893756936 0.08869153261184692 0
1716893757411 0.08853989094495773 0
1716893757925 0.08838194608688354 0
1716893758416 0.08822430670261383 0
1716893758894 0.08807056397199631 0
1716893759368 0.08791850507259369 0
1716893759856 0.0877758264541626 0
1716893760365 0.08762757480144501 0
1716893760839 0.08747684955596924 0
1716893765728 0.08733322471380234 0
1716893766219 0.08718995749950409 0
1716893766699 0.08704738318920135 0
1716893767179 0.08690501749515533 0
1716893767643 0.08677133917808533 0
1716893768135 0.08663168549537659 0
1716893768599 0.08648981153964996 0
1716893769070 0.08635635673999786 0
1716893769542 0.08622576296329498 0
1716893770007 0.08609363436698914 0
1716893774451 0.0859639048576355 0
1716893774924 0.08583389222621918 0
1716893775422 0.08570381999015808 0
1716893775945 0.08557352423667908 0
1716893776434 0.08545192331075668 0
1716893776938 0.08532653748989105 0
1716893777403 0.08520059287548065 0
1716893777888 0.08508013933897018 0
1716893778363 0.08496110886335373 0
1716893778842 0.08484090864658356 0
1716893783224 0.0847194641828537 0
1716893783694 0.08459760993719101 0
1716893784187 0.08448456227779388 0
1716893784673 0.08436658978462219 0
1716893785212 0.08424451947212219 0
1716893785710 0.08413054794073105 0
1716893786184 0.0840240865945816 0
1716893786659 0.08390964567661285 0
1716893787121 0.08379136025905609 0
1716893787603 0.08368542790412903 0
1716893792185 0.08357487618923187 0
1716893792651 0.0834675133228302 0
1716893793166 0.08336228877305984 0
1716893793642 0.08325576782226562 0
1716893794168 0.08314745128154755 0
1716893794667 0.08303847908973694 0
1716893795154 0.08293727040290833 0
1716893795641 0.08283242583274841 0
1716893796109 0.08273039758205414 0
1716893796582 0.08263275772333145 0
1716893801242 0.0825333371758461 0
1716893801717 0.0824330598115921 0
1716893802219 0.08233124017715454 0
1716893802694 0.08224017173051834 0
1716893803154 0.08214086294174194 0
1716893803622 0.08203697204589844 0
1716893804109 0.08194857090711594 0
1716893804573 0.08185389637947083 0
1716893805039 0.08175554871559143 0
1716893805513 0.08166131377220154 0
1716893810065 0.0815713107585907 0
1716893810560 0.08147995173931122 0
1716893811068 0.08139045536518097 0
1716893811576 0.08129791915416718 0
1716893812046 0.08120788633823395 0
1716893812514 0.08112044632434845 0
1716893812987 0.08103339374065399 0
1716893813460 0.08094765245914459 0
1716893813930 0.08086193352937698 0
1716893814399 0.08077871799468994 0
1716893818654 0.0806913673877716 0
1716893819149 0.08060738444328308 0
1716893819642 0.08052437752485275 0
1716893820122 0.0804411917924881 0
1716893820591 0.08036071062088013 0
1716893821063 0.08027598261833191 0
1716893821530 0.08020047843456268 0
1716893822020 0.08012114465236664 0
1716893822515 0.08003665506839752 0
1716893822985 0.07995980978012085 0
1716893827425 0.07988061010837555 0
1716893827907 0.0797993466258049 0
1716893828407 0.0797252357006073 0
1716893828908 0.07964646816253662 0
1716893829405 0.07957011461257935 0
1716893829895 0.07949865609407425 0
1716893830385 0.07942499220371246 0
1716893830889 0.07934913039207458 0
1716893831357 0.0792781263589859 0
1716893831843 0.07920321822166443 0
1716893836661 0.07912606000900269 0
1716893837162 0.07905545830726624 0
1716893837638 0.0789828896522522 0
1716893838158 0.078910231590271 0
1716893838631 0.0788445919752121 0
1716893839142 0.07877428829669952 0
1716893839630 0.07870140671730042 0
1716893840125 0.0786333829164505 0
1716893840619 0.07856655865907669 0
1716893841128 0.07849425077438354 0
1716893846205 0.07842911034822464 0
1716893846698 0.07836310565471649 0
1716893847188 0.07829339802265167 0
1716893847671 0.0782301127910614 0
1716893848137 0.07816337049007416 0
1716893848630 0.0780942291021347 0
1716893849103 0.07803462445735931 0
1716893849563 0.07796549797058105 0
1716893850044 0.07790422439575195 0
1716893850544 0.07784377783536911 0
1716893855772 0.07777979969978333 0
1716893856272 0.07771749794483185 0
1716893856770 0.07765186578035355 0
1716893857242 0.07758711278438568 0
1716893857731 0.07752756774425507 0
1716893858204 0.07746812701225281 0
1716893858700 0.07740318775177002 0
1716893859217 0.07734160870313644 0
1716893859710 0.0772823840379715 0
1716893860188 0.07722149789333344 0
1716893865329 0.07716011255979538 0
1716893865856 0.07710321247577667 0
1716893866393 0.07704353332519531 0
1716893866949 0.07698365300893784 0
1716893867474 0.07692910730838776 0
1716893867993 0.07686839997768402 0
1716893868524 0.07681195437908173 0
1716893869129 0.07675948739051819 0
1716893869721 0.07670223712921143 0
1716893870265 0.07664282619953156 0
1716893876728 0.07658419013023376 0
1716893877231 0.07652654498815536 0
1716893877799 0.07647772133350372 0
1716893878392 0.07642579078674316 0
1716893878953 0.0763641744852066 0
1716893879545 0.07630909979343414 0
1716893880184 0.07625627517700195 0
1716893880742 0.07620338350534439 0
1716893881339 0.07615120708942413 0
1716893881855 0.07610033452510834 0
1716893898440 0.07604119181632996 0
1716893899002 0.07598286867141724 0
1716893899547 0.07593581080436707 0
1716893900072 0.07588641345500946 0
1716893900565 0.0758296549320221 0
1716893901054 0.07577307522296906 0
1716893901556 0.07572503387928009 0
1716893902048 0.07567694038152695 0
1716893902536 0.0756208747625351 0
1716893903018 0.07557638734579086 0
1716893908211 0.07551978528499603 0
1716893908673 0.07547043263912201 0
1716893909168 0.07542112469673157 0
1716893909651 0.07536838948726654 0
1716893910124 0.07531751692295074 0
1716893910598 0.0752657875418663 0
1716893911066 0.07522277534008026 0
1716893911605 0.07517290115356445 0
1716893912119 0.07512199878692627 0
1716893912596 0.07507164776325226 0
1716893917861 0.07502911239862442 0
1716893918350 0.0749797597527504 0
1716893918850 0.07492871582508087 0
1716893919308 0.07487969845533371 0
1716893919823 0.07483239471912384 0
1716893920290 0.07478809356689453 0
1716893920764 0.07473719120025635 0
1716893921251 0.07469437271356583 0
1716893921750 0.07464699447154999 0
1716893922245 0.07459577918052673 0
1716893927560 0.07455259561538696 0
1716893928045 0.07451049983501434 0
1716893928544 0.07446622103452682 0
1716893929021 0.07442235946655273 0
1716893929495 0.07437371462583542 0
1716893929969 0.0743245854973793 0
1716893930444 0.07427683472633362 0
1716893930933 0.07424190640449524 0
1716893931417 0.07419075071811676 0
1716893931899 0.07414576411247253 0
1716893936227 0.07410740852355957 0
1716893936722 0.07406385242938995 0
1716893937222 0.0740198940038681 0
1716893937716 0.07396778464317322 0
1716893938183 0.07392793893814087 0
1716893938658 0.07389301061630249 0
1716893939130 0.07384565472602844 0
1716893939664 0.07379843294620514 0
1716893940142 0.07375296950340271 0
1716893940683 0.07371295988559723 0
1716893946094 0.07366997003555298 0
1716893946577 0.07363258302211761 0
1716893947081 0.07358399033546448 0
1716893947553 0.07354093343019485 0
1716893948018 0.07350628823041916 0
1716893948521 0.07346836477518082 0
1716893949025 0.0734240710735321 0
1716893949516 0.07337332516908646 0
1716893950035 0.07333394140005112 0
1716893950524 0.07329826802015305 0
1716893955995 0.07325490564107895 0
1716893956533 0.07321028411388397 0
1716893957025 0.07317142188549042 0
1716893957543 0.07312960922718048 0
1716893958030 0.07308212667703629 0
1716893958524 0.07304864376783371 0
1716893959008 0.07300465553998947 0
1716893959490 0.07296275347471237 0
1716893959984 0.07292765378952026 0
1716893960500 0.07288661599159241 0
1716893965726 0.07284440100193024 0
1716893966251 0.07280808687210083 0
1716893966794 0.07276619970798492 0
1716893967322 0.07272367179393768 0
1716893967819 0.07268863916397095 0
1716893968335 0.07265166938304901 0
1716893968857 0.0726093053817749 0
1716893969362 0.07257542014122009 0
1716893969847 0.07252984493970871 0
1716893970351 0.07249274849891663 0
1716893976528 0.07245555520057678 0
1716893977040 0.07241743803024292 0
1716893977522 0.07237975299358368 0
1716893978034 0.07234705984592438 0
1716893978539 0.07230276614427567 0
1716893979038 0.07226298004388809 0
1716893979524 0.07222805917263031 0
1716893980033 0.0721845030784607 0
1716893980529 0.07214515656232834 0
1716893981029 0.07211384177207947 0
1716893986704 0.07207583636045456 0
1716893987223 0.07203690707683563 0
1716893987750 0.07200312614440918 0
1716893988263 0.07196329534053802 0
1716893988740 0.07192588597536087 0
1716893989313 0.07189110666513443 0
1716893989851 0.07185517251491547 0
1716893990342 0.07181847840547562 0
1716893990907 0.0717867761850357 0
1716893991417 0.07174856960773468 0
1716893996850 0.07170461863279343 0
1716893997333 0.07167001068592072 0
1716893997831 0.07164740562438965 0
1716893998299 0.0716070607304573 0
1716893998790 0.07156108319759369 0
1716893999272 0.07153098285198212 0
1716893999760 0.07149628549814224 0
1716894000251 0.07146894931793213 0
1716894000729 0.0714268609881401 0
1716894001209 0.07138130068778992 0
1716894006498 0.07135631144046783 0
1716894007027 0.07131954282522202 0
1716894007525 0.07127199321985245 0
1716894008031 0.07124438881874084 0
1716894008502 0.07121409475803375 0
1716894009000 0.07117819041013718 0
1716894009489 0.07113781571388245 0
1716894009962 0.07110103219747543 0
1716894010465 0.07107791304588318 0
1716894011013 0.07104596495628357 0
1716894015845 0.07100042700767517 0
1716894016343 0.07096481323242188 0
1716894016821 0.07093648612499237 0
1716894017305 0.07090169936418533 0
1716894017785 0.07086272537708282 0
1716894018257 0.07082197070121765 0
1716894018737 0.07079175114631653 0
1716894019216 0.07076200097799301 0
1716894019685 0.07072308659553528 0
1716894020152 0.07069025933742523 0
1716894024934 0.07066047191619873 0
1716894025452 0.07062417268753052 0
1716894025970 0.07059334218502045 0
1716894026465 0.0705547034740448 0
1716894026981 0.07052405178546906 0
1716894027515 0.0704951137304306 0
1716894028039 0.07045333087444305 0
1716894028560 0.07042499631643295 0
1716894029059 0.0703904777765274 0
1716894029573 0.07035814225673676 0
1716894035242 0.0703224390745163 0
1716894035756 0.0702826976776123 0
1716894036224 0.0702664852142334 0
1716894036748 0.07022763788700104 0
1716894037232 0.07019506394863129 0
1716894037714 0.07016406953334808 0
1716894038214 0.07013291120529175 0
1716894038701 0.07010578364133835 0
1716894039212 0.07006370276212692 0
1716894039766 0.07002244889736176 0
1716894045729 0.07001376897096634 0
1716894046226 0.06997948884963989 0
1716894046725 0.06993479281663895 0
1716894047246 0.06990374624729156 0
1716894047769 0.06987932324409485 0
1716894048255 0.06985288858413696 0
1716894048779 0.06981456279754639 0
1716894049292 0.06977863609790802 0
1716894049809 0.06973783671855927 0
1716894050379 0.06970556080341339 0
1716894055652 0.06967909634113312 0
1716894056123 0.06963671743869781 0
1716894056633 0.06961311399936676 0
1716894057119 0.06957928091287613 0
1716894057611 0.06954503059387207 0
1716894058107 0.06951417773962021 0
1716894058655 0.06948256492614746 0
1716894059183 0.06945213675498962 0
1716894059754 0.0694187581539154 0
1716894060247 0.06938736140727997 0
1716894065619 0.06935694068670273 0
1716894066136 0.0693286657333374 0
1716894066632 0.06928843259811401 0
1716894067117 0.06926707923412323 0
1716894067606 0.06923633813858032 0
1716894068088 0.06920314580202103 0
1716894068587 0.06917452067136765 0
1716894069082 0.06914226710796356 0
1716894069583 0.06911220401525497 0
1716894070078 0.06907811760902405 0
1716894075477 0.06904108822345734 0
1716894075961 0.06902317702770233 0
1716894076500 0.0689949244260788 0
1716894077002 0.06896091997623444 0
1716894077507 0.06892211735248566 0
1716894077997 0.06889533996582031 0
1716894078480 0.06886222958564758 0
1716894078989 0.06882954388856888 0
1716894079473 0.06879930198192596 0
1716894079991 0.0687745213508606 0
1716894085114 0.06873771548271179 0
1716894085613 0.06871013343334198 0
1716894086139 0.06867820769548416 0
1716894086615 0.06864921748638153 0
1716894087080 0.06861977279186249 0
1716894087552 0.06858901679515839 0
1716894088015 0.06855760514736176 0
1716894088487 0.06852978467941284 0
1716894088949 0.06850193440914154 0
1716894089424 0.06847105175256729 0
1716894093731 0.06843902170658112 0
1716894094214 0.06841617822647095 0
1716894094695 0.06838610768318176 0
1716894095179 0.0683567076921463 0
1716894095659 0.06831974536180496 0
1716894096146 0.0682942271232605 0
1716894096627 0.06826426088809967 0
1716894097105 0.06823468208312988 0
1716894097568 0.0682024210691452 0
1716894098075 0.0681750476360321 0
1716894102310 0.06814281642436981 0
1716894102818 0.06811274588108063 0
1716894103317 0.06808596849441528 0
1716894103832 0.06805358827114105 0
1716894104352 0.06802462041378021 0
1716894104869 0.06799690425395966 0
1716894105363 0.06796900928020477 0
1716894105873 0.0679374486207962 0
1716894106347 0.06791050732135773 0
1716894106831 0.06787948310375214 0
1716894112095 0.06785056740045547 0
1716894112645 0.0678260549902916 0
1716894113159 0.06779246032238007 0
1716894113648 0.06776270270347595 0
1716894114159 0.06773737072944641 0
1716894114631 0.06771229952573776 0
1716894115121 0.06768153607845306 0
1716894115618 0.06764890253543854 0
1716894116122 0.06762771308422089 0
1716894116628 0.06760147213935852 0
1716894122123 0.06757061183452606 0
1716894122596 0.06753502786159515 0
1716894123087 0.06750868260860443 0
1716894123599 0.06748207658529282 0
1716894124156 0.06745167076587677 0
1716894124781 0.06742340326309204 0
1716894125356 0.06739764660596848 0
1716894125915 0.06736627221107483 0
1716894126454 0.06734060496091843 0
1716894126951 0.06731678545475006 0
1716894132407 0.0672842264175415 0
1716894132893 0.06725430488586426 0
1716894133405 0.06722493469715118 0
1716894133886 0.06719878315925598 0
1716894134374 0.06716638058423996 0
1716894134877 0.0671447142958641 0
1716894135376 0.0671195536851883 0
1716894135872 0.06708703935146332 0
1716894136351 0.06705804914236069 0
1716894136848 0.06703013926744461 0
1716894142552 0.06700330972671509 0
1716894143046 0.06697043776512146 0
1716894143555 0.06694671511650085 0
1716894144090 0.06692320108413696 0
1716894144578 0.06689618527889252 0
1716894145062 0.06686168909072876 0
1716894145554 0.06683313846588135 0
1716894146040 0.06681348383426666 0
1716894146518 0.06677810847759247 0
1716894147015 0.06675206124782562 0
1716894152101 0.06672538816928864 0
1716894152585 0.0667012631893158 0
1716894153086 0.06666800379753113 0
1716894153584 0.0666433572769165 0
1716894154051 0.06661945581436157 0
1716894154524 0.0665845200419426 0
1716894155000 0.06656214594841003 0
1716894155484 0.06653496623039246 0
1716894155991 0.06650722771883011 0
1716894156478 0.0664772316813469 0
1716894161800 0.06645209342241287 0
1716894162285 0.0664282888174057 0
1716894162802 0.0663994550704956 0
1716894163302 0.0663699209690094 0
1716894163790 0.06634466350078583 0
1716894164275 0.06632158160209656 0
1716894164759 0.06628793478012085 0
1716894165243 0.06626385450363159 0
1716894165724 0.06623712927103043 0
1716894166220 0.06620952486991882 0
1716894172041 0.06618304550647736 0
1716894172561 0.06615686416625977 0
1716894173040 0.06612840294837952 0
1716894173578 0.06609965115785599 0
1716894174089 0.06607910990715027 0
1716894174595 0.06605027616024017 0
1716894175092 0.06601935625076294 0
1716894175588 0.06599293649196625 0
1716894176063 0.06597061455249786 0
1716894176556 0.06594015657901764 0
1716894181921 0.06590999662876129 0
1716894182463 0.06589128077030182 0
1716894182982 0.06586550176143646 0
1716894183556 0.06583955883979797 0
1716894184017 0.06580353528261185 0
1716894184517 0.06578001379966736 0
1716894184988 0.06575192511081696 0
1716894185490 0.06572462618350983 0
1716894186015 0.06569834053516388 0
1716894186496 0.06567680090665817 0
1716894191761 0.06564870476722717 0
1716894192262 0.06562333554029465 0
1716894192768 0.06560294330120087 0
1716894193236 0.06557142734527588 0
1716894193708 0.06554163992404938 0
1716894194196 0.06551764905452728 0
1716894194691 0.06549504399299622 0
1716894195178 0.06546644866466522 0
1716894195705 0.06543635576963425 0
1716894196197 0.06541712582111359 0
1716894201506 0.0653938502073288 0
1716894201987 0.06536556035280228 0
1716894202497 0.06533023715019226 0
1716894203052 0.06530580669641495 0
1716894203557 0.0652836412191391 0
1716894204073 0.06525781750679016 0
1716894204552 0.06522952020168304 0
1716894205021 0.06520331650972366 0
1716894205491 0.06517969071865082 0
1716894205965 0.06515361368656158 0
1716894210505 0.06512488424777985 0
1716894211028 0.06509915739297867 0
1716894211514 0.06507453322410583 0
1716894212001 0.065046526491642 0
1716894212488 0.0650261715054512 0
1716894212987 0.06500323116779327 0
1716894213461 0.06497286260128021 0
1716894213965 0.0649465024471283 0
1716894214454 0.06492415070533752 0
1716894214983 0.064896360039711 0
1716894220609 0.0648655891418457 0
1716894221113 0.06484158337116241 0
1716894221607 0.0648147389292717 0
1716894222133 0.06478927284479141 0
1716894222634 0.06476964056491852 0
1716894223198 0.06474199891090393 0
1716894223781 0.06471933424472809 0
1716894224273 0.06469167768955231 0
1716894224813 0.0646645575761795 0
1716894225396 0.06463668495416641 0
1716894230832 0.064615897834301 0
1716894231315 0.06459084153175354 0
1716894231842 0.06456009298563004 0
1716894232363 0.06454567611217499 0
1716894232857 0.06451569497585297 0
1716894233345 0.06448982656002045 0
1716894233847 0.06446325778961182 0
1716894234346 0.06443627178668976 0
1716894234855 0.06441231817007065 0
1716894235395 0.06438590586185455 0
1716894240588 0.06436467170715332 0
1716894241082 0.06433488428592682 0
1716894241578 0.06431227922439575 0
1716894242069 0.06429212540388107 0
1716894242588 0.06426131725311279 0
1716894243108 0.06423498690128326 0
1716894243613 0.0642114132642746 0
1716894244093 0.06418239325284958 0
1716894244580 0.06416663527488708 0
1716894245070 0.06413682550191879 0
1716894250196 0.06411267071962357 0
1716894250672 0.06408504396677017 0
1716894251139 0.06406174600124359 0
1716894251621 0.06403788924217224 0
1716894252128 0.06401081383228302 0
1716894252607 0.0639917403459549 0
1716894253119 0.06396157294511795 0
1716894253628 0.06393842399120331 0
1716894254130 0.06391759216785431 0
1716894254635 0.06388542056083679 0
1716894260714 0.06386561691761017 0
1716894261210 0.06384117901325226 0
1716894261709 0.06381134688854218 0
1716894262257 0.06379400938749313 0
1716894262788 0.06376759707927704 0
1716894263262 0.0637398511171341 0
1716894263758 0.06371622532606125 0
1716894264350 0.0636894702911377 0
1716894264844 0.06367174535989761 0
1716894265343 0.06364550441503525 0
1716894270482 0.06362566351890564 0
1716894270969 0.06359992921352386 0
1716894271491 0.06356967985630035 0
1716894271992 0.0635504424571991 0
1716894272481 0.06352178752422333 0
1716894272984 0.06349445134401321 0
1716894273498 0.06347882002592087 0
1716894273970 0.06344608217477798 0
1716894274458 0.06342386454343796 0
1716894274933 0.06340041756629944 0
1716894280275 0.06337213516235352 0
1716894280767 0.06335318088531494 0
1716894281250 0.06332842260599136 0
1716894281743 0.06330668926239014 0
1716894282237 0.06327640265226364 0
1716894282752 0.06325182318687439 0
1716894283245 0.06322915107011795 0
1716894283788 0.06320156157016754 0
1716894284335 0.06318510323762894 0
1716894284853 0.06315590441226959 0
1716894290865 0.06313180923461914 0
1716894291377 0.06311045587062836 0
1716894291887 0.06307968497276306 0
1716894292369 0.06306169927120209 0
1716894292861 0.06303516030311584 0
1716894293366 0.0630093440413475 0
1716894293860 0.06299343705177307 0
1716894294393 0.06296449899673462 0
1716894294939 0.06294141709804535 0
1716894295516 0.06291977316141129 0
1716894301124 0.06289730221033096 0
1716894301618 0.06287060678005219 0
1716894302097 0.06284347176551819 0
1716894302583 0.06282401829957962 0
1716894303088 0.06279805302619934 0
1716894303590 0.06276966631412506 0
1716894304069 0.06275062263011932 0
1716894304560 0.06272149085998535 0
1716894305063 0.06270084530115128 0
1716894305544 0.06267432868480682 0
1716894333770 0.062649667263031 0
1716894334728 0.06262975931167603 0
1716894335268 0.06260347366333008 0
1716894335902 0.06258060783147812 0
1716894336426 0.06256066262722015 0
1716894336933 0.06253889948129654 0
1716894337470 0.06251057982444763 0
1716894337963 0.06248513236641884 0
1716894338487 0.06246916204690933 0
1716894338987 0.06244226545095444 0
1716894346344 0.06241271644830704 0
1716894346907 0.06239684671163559 0
1716894347416 0.06237444281578064 0
1716894347902 0.06235351413488388 0
1716894348443 0.06232037395238876 0
1716894348951 0.062297139316797256 0
1716894349444 0.062277570366859436 0
1716894349897 0.06224688142538071 0
1716894350365 0.06222846359014511 0
1716894350833 0.062203455716371536 0
1716894356173 0.06217873841524124 0
1716894356667 0.06215668469667435 0
1716894357211 0.06213114410638809 0
1716894357701 0.06211145967245102 0
1716894358244 0.06208428740501404 0
1716894358769 0.06206154450774193 0
1716894359351 0.06204085052013397 0
1716894359980 0.06201271712779999 0
1716894360524 0.06199156120419502 0
1716894360998 0.06196628510951996 0
1716894368707 0.061946261674165726 0
1716894369363 0.06192821264266968 0
1716894369989 0.061897873878479004 0
1716894370558 0.06187792122364044 0
1716894371051 0.06185518950223923 0
1716894371565 0.0618257075548172 0
1716894372085 0.061811067163944244 0
1716894372586 0.06178753450512886 0
1716894373126 0.06176511198282242 0
1716894373612 0.061735473573207855 0
1716894379898 0.06171824783086777 0
1716894380388 0.06169823557138443 0
1716894380904 0.061668649315834045 0
1716894381426 0.06164504587650299 0
1716894381966 0.06162204220890999 0
1716894382509 0.06159929558634758 0
1716894382992 0.06157345324754715 0
1716894383474 0.061554182320833206 0
1716894383962 0.061536796391010284 0
1716894384436 0.06150589883327484 0
1716894389754 0.06148705258965492 0
1716894390271 0.061465516686439514 0
1716894390775 0.061441995203495026 0
1716894391264 0.061414685100317 0
1716894391751 0.06139056757092476 0
1716894392291 0.061373740434646606 0
1716894392804 0.061347223818302155 0
1716894393311 0.061322279274463654 0
1716894393821 0.06130600720643997 0
1716894394339 0.06127738952636719 0
1716894400686 0.06125427037477493 0
1716894401191 0.06123567372560501 0
1716894401696 0.061210427433252335 0
1716894402188 0.061184361577034 0
1716894402698 0.061160072684288025 0
1716894403196 0.061145566403865814 0
1716894403705 0.06112305819988251 0
1716894404221 0.061095260083675385 0
1716894404712 0.061074115335941315 0
1716894405203 0.06104743480682373 0
1716894411034 0.06102824956178665 0
1716894411556 0.061006173491477966 0
1716894412036 0.060984332114458084 0
1716894412545 0.0609649159014225 0
1716894413035 0.06093139573931694 0
1716894413581 0.06091543287038803 0
1716894414066 0.06089966744184494 0
1716894414544 0.060864150524139404 0
1716894415019 0.06085049360990524 0
1716894415498 0.06082993745803833 0
1716894420535 0.06080809608101845 0
1716894421041 0.06078124791383743 0
1716894421508 0.06075001135468483 0
1716894422006 0.06073836237192154 0
1716894422498 0.06070315092802048 0
1716894422981 0.060686975717544556 0
1716894423510 0.06066814810037613 0
1716894423996 0.06063983961939812 0
1716894424473 0.06062181293964386 0
1716894424971 0.06058972328901291 0
1716894430296 0.06057380884885788 0
1716894430798 0.060554370284080505 0
1716894431284 0.06053212285041809 0
1716894431759 0.06050988286733627 0
1716894432243 0.06048058718442917 0
1716894432729 0.06046587601304054 0
1716894433236 0.06044099107384682 0
1716894433719 0.06041529029607773 0
1716894434219 0.06039608642458916 0
1716894434706 0.06037648394703865 0
1716894439930 0.0603509247303009 0
1716894440410 0.060335367918014526 0
1716894440876 0.06030189245939255 0
1716894441341 0.06029605120420456 0
1716894441809 0.060276538133621216 0
1716894442352 0.06024067848920822 0
1716894442864 0.06021872162818909 0
1716894443387 0.06019454449415207 0
1716894443916 0.06017337739467621 0
1716894444458 0.06015164032578468 0
1716894450047 0.06012250483036041 0
1716894450557 0.060108788311481476 0
1716894451057 0.06008899211883545 0
1716894451538 0.060064706951379776 0
1716894452028 0.060036152601242065 0
1716894452503 0.06002442166209221 0
1716894452979 0.05999637395143509 0
1716894453490 0.05996691435575485 0
1716894454016 0.05994285270571709 0
1716894454495 0.05993153154850006 0
1716894459759 0.05991211533546448 0
1716894460255 0.05988747999072075 0
1716894460725 0.05985616147518158 0
1716894461219 0.059842854738235474 0
1716894461706 0.05982295796275139 0
1716894462195 0.05979384481906891 0
1716894462694 0.059764981269836426 0
1716894463190 0.059749942272901535 0
1716894463705 0.05973707139492035 0
1716894464225 0.059706561267375946 0
1716894469751 0.05968204140663147 0
1716894470229 0.05966506898403168 0
1716894470778 0.059639204293489456 0
1716894471326 0.05962152034044266 0
1716894471864 0.05958681181073189 0
1716894472360 0.0595746710896492 0
1716894472871 0.059557367116212845 0
1716894473365 0.05953055992722511 0
1716894473857 0.059504974633455276 0
1716894474316 0.059488676488399506 0
1716894479570 0.0594676174223423 0
1716894480072 0.059444379061460495 0
1716894480565 0.05941767990589142 0
1716894481041 0.0593983456492424 0
1716894481534 0.05938174948096275 0
1716894481998 0.05935295671224594 0
1716894482476 0.05933193117380142 0
1716894482948 0.059312209486961365 0
1716894483448 0.05929515138268471 0
1716894483911 0.05927048251032829 0
1716894489191 0.0592406764626503 0
1716894489663 0.059228308498859406 0
1716894490165 0.05920717492699623 0
1716894490647 0.05917888134717941 0
1716894491113 0.05915679410099983 0
1716894491599 0.059140510857105255 0
1716894492085 0.05912148207426071 0
1716894492596 0.05909738689661026 0
1716894493078 0.05907009169459343 0
1716894493551 0.05905026197433472 0
1716894498618 0.05903882533311844 0
1716894499101 0.05900421738624573 0
1716894499610 0.05898458510637283 0
1716894500099 0.05896545946598053 0
1716894500575 0.058950453996658325 0
1716894501050 0.05892348289489746 0
1716894501539 0.058897145092487335 0
1716894501993 0.05887850001454353 0
1716894502463 0.05886010825634003 0
1716894502932 0.05883634462952614 0
1716894507240 0.05881122499704361 0
1716894507745 0.05880028009414673 0
1716894508217 0.05878683179616928 0
1716894508709 0.05876243859529495 0
1716894509199 0.05873039364814758 0
1716894509717 0.058705925941467285 0
1716894510224 0.05869380384683609 0
1716894510710 0.05866639316082001 0
1716894511181 0.05864114314317703 0
1716894511704 0.058628469705581665 0
1716894516244 0.0586075596511364 0
1716894516716 0.05858531594276428 0
1716894517200 0.0585494264960289 0
1716894517745 0.058534905314445496 0
1716894518221 0.05851195007562637 0
1716894518746 0.0584895983338356 0
1716894519265 0.05847775936126709 0
1716894519746 0.058465659618377686 0
1716894520261 0.05843910574913025 0
1716894520729 0.0584108866751194 0
1716894525935 0.058384284377098083 0
1716894526435 0.058362312614917755 0
1716894526975 0.0583416149020195 0
1716894527462 0.05832207202911377 0
1716894528005 0.05830037221312523 0
1716894528524 0.05827596038579941 0
1716894528999 0.058247096836566925 0
1716894529547 0.058231934905052185 0
1716894530035 0.058204054832458496 0
1716894530526 0.05818713456392288 0
1716894535635 0.058176834136247635 0
1716894536123 0.05815752223134041 0
1716894536599 0.058127183467149734 0
1716894537160 0.05810562148690224 0
1716894537672 0.05808430537581444 0
1716894538178 0.05806143581867218 0
1716894538646 0.05803811550140381 0
1716894539136 0.0580231137573719 0
1716894539617 0.058001719415187836 0
1716894540120 0.05798503756523132 0
1716894545809 0.05795536935329437 0
1716894546291 0.0579359233379364 0
1716894546828 0.057910412549972534 0
1716894547360 0.05789317190647125 0
1716894547867 0.057875510305166245 0
1716894548391 0.05785977840423584 0
1716894548882 0.05783313140273094 0
1716894549392 0.0578082874417305 0
1716894549959 0.05778573453426361 0
1716894550471 0.05776543542742729 0
1716894556140 0.05774332582950592 0
1716894556641 0.05773239582777023 0
1716894557128 0.057708196341991425 0
1716894557635 0.057685092091560364 0
1716894558146 0.057660821825265884 0
1716894558645 0.05764206498861313 0
1716894559181 0.05761563777923584 0
1716894559662 0.05759976804256439 0
1716894560191 0.05758242309093475 0
1716894560669 0.057562701404094696 0
1716894566773 0.057536765933036804 0
1716894567339 0.0575115829706192 0
1716894567886 0.05749306082725525 0
1716894568480 0.05747780576348305 0
1716894569012 0.0574527382850647 0
1716894569516 0.05743648111820221 0
1716894570017 0.057417288422584534 0
1716894570511 0.05739229544997215 0
1716894571018 0.057366691529750824 0
1716894571526 0.05735339969396591 0
1716894576918 0.05732686445116997 0
1716894577409 0.057309094816446304 0
1716894577911 0.057289108633995056 0
1716894578406 0.05727069079875946 0
1716894578881 0.057244524359703064 0
1716894579461 0.057222552597522736 0
1716894580035 0.05720437318086624 0
1716894580578 0.05718167871236801 0
1716894581150 0.05715930834412575 0
1716894581714 0.05715174227952957 0
1716894588041 0.05712758004665375 0
1716894588532 0.057100437581539154 0
1716894589060 0.05708292871713638 0
1716894589531 0.05706598237156868 0
1716894589995 0.05703723430633545 0
1716894590481 0.05701705068349838 0
1716894590954 0.05700010806322098 0
1716894591444 0.056979790329933167 0
1716894591928 0.056956931948661804 0
1716894592405 0.05693143606185913 0
1716894597660 0.056916020810604095 0
1716894598145 0.0568905770778656 0
1716894598607 0.05687672644853592 0
1716894599134 0.056859057396650314 0
1716894599607 0.056835636496543884 0
1716894600086 0.056818969547748566 0
1716894600550 0.056794606149196625 0
1716894601032 0.0567765086889267 0
1716894601510 0.05674668774008751 0
1716894601989 0.05673858895897865 0
1716894607617 0.056720104068517685 0
1716894608089 0.0566909983754158 0
1716894608585 0.05666714906692505 0
1716894609105 0.05664476007223129 0
1716894609583 0.05662495270371437 0
1716894610063 0.05660276859998703 0
1716894610534 0.05658205598592758 0
1716894611011 0.0565640926361084 0
1716894611489 0.05654684454202652 0
1716894611984 0.05652153491973877 0
1716894617153 0.0564960315823555 0
1716894617651 0.056482307612895966 0
1716894618167 0.05646346136927605 0
1716894618638 0.056437112390995026 0
1716894619114 0.056419964879751205 0
1716894619593 0.05640299618244171 0
1716894620062 0.056378498673439026 0
1716894620540 0.05635564774274826 0
1716894621043 0.056340645998716354 0
1716894621515 0.056319765746593475 0
1716894626085 0.056295350193977356 0
1716894626576 0.05627875030040741 0
1716894627091 0.056264448910951614 0
1716894627589 0.05623675137758255 0
1716894628076 0.05621511861681938 0
1716894628559 0.056203171610832214 0
1716894629026 0.05618159472942352 0
1716894629514 0.05615292489528656 0
1716894629993 0.0561397485435009 0
1716894630476 0.056122586131095886 0
1716894635554 0.05609632283449173 0
1716894636035 0.05607511103153229 0
1716894636525 0.056059785187244415 0
1716894637010 0.05603964626789093 0
1716894637478 0.056011542677879333 0
1716894637963 0.05599820613861084 0
1716894638462 0.055979177355766296 0
1716894638953 0.055957719683647156 0
1716894639465 0.05593115836381912 0
1716894639933 0.055918317288160324 0
1716894645137 0.05589775741100311 0
1716894645635 0.05587190017104149 0
1716894646122 0.05585433542728424 0
1716894646605 0.05584028363227844 0
1716894647088 0.05581437796354294 0
1716894647532 0.055793412029743195 0
1716894648025 0.0557827465236187 0
1716894648548 0.0557594820857048 0
1716894649042 0.05573078244924545 0
1716894649548 0.055717580020427704 0
1716894654876 0.05569968745112419 0
1716894655373 0.05567191541194916 0
1716894655873 0.05565665289759636 0
1716894656396 0.055639542639255524 0
1716894656867 0.05562194436788559 0
1716894657350 0.05559273809194565 0
1716894657826 0.05557591840624809 0
1716894658291 0.05556238070130348 0
1716894658763 0.05553627014160156 0
1716894659255 0.055513933300971985 0
1716894664427 0.0555020347237587 0
1716894664892 0.055483780801296234 0
1716894665362 0.05545695126056671 0
1716894665876 0.055436693131923676 0
1716894666357 0.0554223358631134 0
1716894666856 0.055396176874637604 0
1716894667372 0.055374227464199066 0
1716894667877 0.055369555950164795 0
1716894668403 0.05534374713897705 0
1716894668904 0.05531558021903038 0
1716894674386 0.055299632251262665 0
1716894674883 0.05528091639280319 0
1716894675358 0.055263664573431015 0
1716894675852 0.055237628519535065 0
1716894676379 0.055230800062417984 0
1716894676875 0.05520457774400711 0
1716894677343 0.05517695099115372 0
1716894677832 0.0551656112074852 0
1716894678316 0.055142827332019806 0
1716894678803 0.05512486398220062 0
1716894683999 0.055101729929447174 0
1716894684482 0.05509357899427414 0
1716894684970 0.05507444590330124 0
1716894685467 0.055041585117578506 0
1716894685934 0.05502580106258392 0
1716894686443 0.05500737577676773 0
1716894686944 0.054987385869026184 0
1716894687486 0.05496283248066902 0
1716894687976 0.05495809018611908 0
1716894688522 0.054936353117227554 0
1716894694699 0.054902419447898865 0
1716894695193 0.05488985404372215 0
1716894695689 0.05487440526485443 0
1716894696197 0.05484600365161896 0
1716894696756 0.05482807755470276 0
1716894697524 0.05480647832155228 0
1716894698145 0.054784998297691345 0
1716894698716 0.05477246642112732 0
1716894699215 0.05475148558616638 0
1716894699726 0.05473248288035393 0
1716894706879 0.05471146106719971 0
1716894707422 0.0547000989317894 0
1716894707975 0.05467681586742401 0
1716894708521 0.05465526133775711 0
1716894709081 0.054637420922517776 0
1716894709559 0.054624781012535095 0
1716894710052 0.054599665105342865 0
1716894710554 0.05458277091383934 0
1716894711056 0.05455775558948517 0
1716894711555 0.054538220167160034 0
