1716892205494 3.3324131965637207 0
1716892206372 0.8540017604827881 0
1716892206890 0.5091519355773926 0
1716892207411 0.5125377178192139 0
1716892207951 0.532282829284668 0
1716892208497 0.5394423007965088 0
1716892209087 0.5831661224365234 0
1716892209676 0.5760788917541504 0
1716892210286 0.594228982925415 0
1716892210909 0.6016170978546143 0
1716892218709 2.257185697555542 0
1716892219968 1.2416050434112549 0
1716892220521 0.5497047901153564 0
1716892221088 0.561025857925415 0
1716892221631 0.5297341346740723 0
1716892222172 0.5372030735015869 0
1716892222751 0.5739519596099854 0
1716892223348 0.574967622756958 0
1716892223964 0.6089470386505127 0
1716892224613 0.6236691474914551 0
1716892230684 1.2209279537200928 0
1716892231153 0.4594898223876953 0
1716892231625 0.46133899688720703 0
1716892232095 0.4562859535217285 0
1716892232566 0.45952796936035156 0
1716892233038 0.45960283279418945 0
1716892233504 0.45206189155578613 0
1716892233994 0.47720813751220703 0
1716892234477 0.46912598609924316 0
1716892234934 0.4500560760498047 0
1716892239047 1.072072982788086 0
1716892239538 0.4838979244232178 0
1716892240021 0.47155189514160156 0
1716892240501 0.467329740524292 0
1716892240962 0.4482152462005615 0
1716892241418 0.4436910152435303 0
1716892241870 0.4394543170928955 0
1716892242328 0.4455528259277344 0
1716892242811 0.4711179733276367 0
1716892243355 0.49527597427368164 0
1716892248177 1.2088398933410645 0
1716892248654 0.4695618152618408 0
1716892249120 0.45569801330566406 0
1716892249571 0.44386720657348633 0
1716892250044 0.4655609130859375 0
1716892250489 0.4411892890930176 0
1716892250964 0.4710063934326172 0
1716892251479 0.5122718811035156 0
1716892251956 0.46778130531311035 0
1716892252484 0.5117278099060059 0
1716892257004 1.1830339431762695 0
1716892257490 0.47222208976745605 0
1716892257936 0.43793511390686035 0
1716892258390 0.447019100189209 0
1716892258868 0.4682931900024414 0
1716892259332 0.45491909980773926 0
1716892259802 0.4534180164337158 0
1716892260299 0.4877469539642334 0
1716892260777 0.47045397758483887 0
1716892261232 0.44823503494262695 0
1716892266244 1.2552032470703125 0
1716892266728 0.4772160053253174 0
1716892267205 0.4664802551269531 0
1716892267663 0.4457969665527344 0
1716892268139 0.46866488456726074 0
1716892268597 0.44855189323425293 0
1716892269047 0.4375791549682617 0
1716892269514 0.45961904525756836 0
1716892269970 0.4460008144378662 0
1716892270413 0.434711217880249 0
1716892275256 1.2535579204559326 0
1716892275709 0.4449450969696045 0
1716892276166 0.4501309394836426 0
1716892276631 0.4504971504211426 0
1716892277098 0.4561030864715576 0
1716892277553 0.44539713859558105 0
1716892278007 0.44506001472473145 0
1716892278465 0.44793272018432617 0
1716892278926 0.45142102241516113 0
1716892279374 0.438992977142334 0
1716892284125 1.261704921722412 0
1716892284600 0.4669508934020996 0
1716892285060 0.4512038230895996 0
1716892285520 0.4488999843597412 0
1716892285980 0.4500999450683594 0
1716892286455 0.46714210510253906 0
1716892286922 0.4571821689605713 0
1716892287384 0.4493892192840576 0
1716892287836 0.443206787109375 0
1716892288290 0.4471309185028076 0
1716892292588 1.214141845703125 0
1716892293127 0.5306570529937744 0
1716892293588 0.4486401081085205 0
1716892294044 0.446824312210083 0
1716892294481 0.4275510311126709 0
1716892294963 0.47737598419189453 0
1716892295428 0.4571969509124756 0
1716892295893 0.4527418613433838 0
1716892296327 0.43048715591430664 0
1716892296767 0.43584585189819336 0
1716892300660 1.06889009475708 0
1716892301143 0.4590129852294922 0
1716892301601 0.44826769828796387 0
1716892302063 0.44932985305786133 0
1716892302519 0.4466547966003418 0
1716892302975 0.4460141658782959 0
1716892303432 0.44689011573791504 0
1716892303885 0.44254207611083984 0
1716892304335 0.44084882736206055 0
1716892304793 0.4494290351867676 0
1716892308674 0.9956088066101074 0
1716892309129 0.44767284393310547 0
1716892309574 0.43723106384277344 0
1716892310030 0.4527420997619629 0
1716892310458 0.4252490997314453 0
1716892310913 0.4516890048980713 0
1716892311379 0.4591081142425537 0
1716892311835 0.44674205780029297 0
1716892312291 0.4473137855529785 0
1716892312767 0.4696187973022461 0
1716892316785 1.0200209617614746 0
1716892317249 0.45672178268432617 0
1716892317709 0.44791388511657715 0
1716892318174 0.45474791526794434 0
1716892318643 0.4536142349243164 0
1716892319101 0.44907116889953613 0
1716892319574 0.4612400531768799 0
1716892320030 0.4460620880126953 0
1716892320497 0.45495080947875977 0
1716892320954 0.44485974311828613 0
1716892325099 1.0983710289001465 0
1716892325572 0.4665341377258301 0
1716892326016 0.43614697456359863 0
1716892326482 0.46121716499328613 0
1716892326944 0.45370006561279297 0
1716892327419 0.4671761989593506 0
1716892327897 0.4644598960876465 0
1716892328363 0.454226016998291 0
1716892328815 0.4420640468597412 0
1716892329269 0.44448161125183105 0
1716892334174 1.1973190307617188 0
1716892334640 0.4503767490386963 0
1716892335085 0.4375941753387451 0
1716892335548 0.45381617546081543 0
1716892336010 0.4525611400604248 0
1716892336457 0.4382500648498535 0
1716892336912 0.44754719734191895 0
1716892337378 0.44836878776550293 0
1716892337830 0.4421858787536621 0
1716892338288 0.4471428394317627 0
1716892343032 1.2224409580230713 0
1716892343500 0.461836576461792 0
1716892343957 0.4443988800048828 0
1716892344410 0.44344186782836914 0
1716892344860 0.440593957901001 0
1716892345307 0.437666654586792 0
1716892345773 0.4574241638183594 0
1716892346234 0.4497690200805664 0
1716892346685 0.4414529800415039 0
1716892347143 0.4476439952850342 0
1716892351127 0.9648458957672119 0
1716892351593 0.4565279483795166 0
1716892352049 0.44490885734558105 0
1716892352521 0.45830512046813965 0
1716892352974 0.44310784339904785 0
1716892353423 0.44010496139526367 0
1716892353879 0.4455220699310303 0
1716892354343 0.45325398445129395 0
1716892354790 0.4402129650115967 0
1716892355237 0.44216108322143555 0
1716892359124 1.0381028652191162 0
1716892359613 0.4797170162200928 0
1716892360082 0.4581480026245117 0
1716892360552 0.46040797233581543 0
1716892361013 0.45105481147766113 0
1716892361473 0.4511439800262451 0
1716892361934 0.4527091979980469 0
1716892362400 0.4560680389404297 0
1716892362858 0.44774603843688965 0
1716892363307 0.4405479431152344 0
1716892367937 1.2277467250823975 0
1716892368396 0.4469280242919922 0
1716892368841 0.4351491928100586 0
1716892369300 0.44824695587158203 0
1716892369744 0.4353921413421631 0
1716892370203 0.4545869827270508 0
1716892370651 0.44298386573791504 0
1716892371111 0.44773197174072266 0
1716892371572 0.4519979953765869 0
1716892372028 0.44696617126464844 0
1716892376005 0.9345431327819824 0
1716892376459 0.445936918258667 0
1716892376937 0.46411895751953125 0
1716892377413 0.46714115142822266 0
1716892377873 0.4503819942474365 0
1716892378338 0.4570889472961426 0
1716892378791 0.44274091720581055 0
1716892379314 0.5149621963500977 0
1716892379816 0.4944601058959961 0
1716892380349 0.507504940032959 0
1716892386655 1.2766470909118652 0
1716892387135 0.47492504119873047 0
1716892387609 0.4637179374694824 0
1716892388097 0.47621893882751465 0
1716892388571 0.4624183177947998 0
1716892389042 0.4612431526184082 0
1716892389529 0.47220683097839355 0
1716892390017 0.47606778144836426 0
1716892390517 0.48576998710632324 0
1716892391051 0.5060606002807617 0
1716892396426 1.334381103515625 0
1716892396920 0.4869058132171631 0
1716892397434 0.4966719150543213 0
1716892397927 0.48854899406433105 0
1716892398412 0.4724149703979492 0
1716892398891 0.47267603874206543 0
1716892399388 0.4820418357849121 0
1716892399878 0.46923017501831055 0
1716892400405 0.519514799118042 0
1716892400983 0.5682759284973145 0
1716892406507 1.4428520202636719 0
1716892407026 0.5079600811004639 0
1716892407593 0.5468771457672119 0
1716892408099 0.49568700790405273 0
1716892408651 0.5405051708221436 0
1716892409170 0.506312370300293 0
1716892409723 0.5396499633789062 0
1716892410267 0.535355806350708 0
1716892410851 0.5677821636199951 0
1716892411412 0.5534770488739014 0
1716892417373 1.3371989727020264 0
1716892417870 0.4884917736053467 0
1716892418394 0.5119409561157227 0
1716892418896 0.4886209964752197 0
1716892419398 0.49256396293640137 0
1716892419926 0.5064980983734131 0
1716892420422 0.47631311416625977 0
1716892420908 0.46817684173583984 0
1716892421407 0.49060893058776855 0
1716892421899 0.48191404342651367 0
1716892427048 1.2398240566253662 0
1716892427540 0.47876787185668945 0
1716892428038 0.4838981628417969 0
1716892428549 0.4989650249481201 0
1716892429026 0.4678792953491211 0
1716892429521 0.47887277603149414 0
1716892429983 0.4501471519470215 0
1716892430466 0.4716830253601074 0
1716892430938 0.465425968170166 0
1716892431399 0.45260119438171387 0
1716892437661 1.3296098709106445 0
1716892438118 0.4482729434967041 0
1716892438613 0.487307071685791 0
1716892439152 0.5106170177459717 0
1716892439669 0.5054099559783936 0
1716892440199 0.5047299861907959 0
1716892440681 0.4701218605041504 0
1716892441149 0.461230993270874 0
1716892441638 0.4800281524658203 0
1716892442126 0.47665905952453613 0
1716892447518 1.5125479698181152 0
1716892448033 0.510308027267456 0
1716892448500 0.45924806594848633 0
1716892448970 0.4545011520385742 0
1716892449443 0.4637608528137207 0
1716892449921 0.4669959545135498 0
1716892450380 0.4489870071411133 0
1716892450846 0.4540538787841797 0
1716892451316 0.46359825134277344 0
1716892451809 0.48232603073120117 0
1716892457051 1.2546160221099854 0
1716892457533 0.4725651741027832 0
1716892458009 0.4687929153442383 0
1716892458484 0.46761512756347656 0
1716892458956 0.46364903450012207 0
1716892459447 0.4791598320007324 0
1716892459912 0.457733154296875 0
1716892460381 0.4605109691619873 0
1716892460847 0.4594907760620117 0
1716892461321 0.4648151397705078 0
1716892466696 1.325587272644043 0
1716892467200 0.4932878017425537 0
1716892467744 0.5353889465332031 0
1716892468262 0.5117719173431396 0
1716892468747 0.45845770835876465 0
1716892469214 0.4567391872406006 0
1716892469681 0.4576418399810791 0
1716892470134 0.4428400993347168 0
1716892470599 0.45563220977783203 0
1716892471071 0.45546889305114746 0
1716892476056 1.2736561298370361 0
1716892476531 0.4606940746307373 0
1716892477000 0.4555051326751709 0
1716892477495 0.48497796058654785 0
1716892478027 0.5213167667388916 0
1716892478532 0.4991581439971924 0
1716892479011 0.4719088077545166 0
1716892479511 0.4913320541381836 0
1716892480078 0.559110164642334 0
1716892480722 0.6176059246063232 0
1716892485829 1.261326789855957 0
1716892486295 0.455841064453125 0
1716892486777 0.45786380767822266 0
1716892487257 0.46851205825805664 0
1716892487750 0.48380184173583984 0
1716892488227 0.46270322799682617 0
1716892488702 0.46498894691467285 0
1716892489183 0.46956801414489746 0
1716892489668 0.4759197235107422 0
1716892490174 0.4955408573150635 0
1716892495502 1.292637825012207 0
1716892495990 0.4788980484008789 0
1716892496471 0.46576523780822754 0
1716892496951 0.46558117866516113 0
1716892497416 0.4523329734802246 0
1716892497881 0.4574699401855469 0
1716892498364 0.4734616279602051 0
1716892498842 0.4662439823150635 0
1716892499335 0.4822361469268799 0
1716892499883 0.501594066619873 0
1716892505472 1.530879020690918 0
1716892505951 0.47359514236450195 0
1716892506398 0.4398767948150635 0
1716892506881 0.4692800045013428 0
1716892507364 0.4737989902496338 0
1716892507857 0.4844791889190674 0
1716892508341 0.4768187999725342 0
1716892508805 0.449739933013916 0
1716892509286 0.47182583808898926 0
1716892509789 0.4927070140838623 0
1716892515939 1.2905609607696533 0
1716892516419 0.4562568664550781 0
1716892516905 0.4641258716583252 0
1716892517382 0.4643709659576416 0
1716892517860 0.46840596199035645 0
1716892518370 0.49022579193115234 0
1716892518828 0.4506239891052246 0
1716892519321 0.48562097549438477 0
1716892519828 0.5002627372741699 0
1716892520309 0.4710538387298584 0
1716892525324 1.2675220966339111 0
1716892525796 0.46593308448791504 0
1716892526266 0.46045804023742676 0
1716892526746 0.4710838794708252 0
1716892527232 0.4751250743865967 0
1716892527705 0.4629991054534912 0
1716892528223 0.505051851272583 0
1716892528705 0.47058701515197754 0
1716892529190 0.47823596000671387 0
1716892529682 0.4829080104827881 0
1716892534642 1.3414640426635742 0
1716892535136 0.48060131072998047 0
1716892535613 0.469865083694458 0
1716892536087 0.46254801750183105 0
1716892536564 0.46538686752319336 0
1716892537041 0.4681558609008789 0
1716892537531 0.4697721004486084 0
1716892538023 0.48413610458374023 0
1716892538492 0.4580078125 0
1716892538976 0.4730410575866699 0
1716892543606 1.081892967224121 0
1716892544089 0.4753150939941406 0
1716892544567 0.4689631462097168 0
1716892545038 0.4617919921875 0
1716892545516 0.46578097343444824 0
1716892545982 0.46039485931396484 0
1716892546451 0.4609980583190918 0
1716892546920 0.45495080947875977 0
1716892547410 0.4634056091308594 0
1716892547894 0.47403907775878906 0
1716892553383 1.455047845840454 0
1716892553870 0.4774768352508545 0
1716892554373 0.4750850200653076 0
1716892554927 0.5342018604278564 0
1716892555488 0.5420680046081543 0
1716892555981 0.4843597412109375 0
1716892556514 0.523535966873169 0
1716892557030 0.5068228244781494 0
1716892557528 0.48493003845214844 0
1716892557996 0.45906925201416016 0
1716892563162 1.2860381603240967 0
1716892563649 0.48131322860717773 0
1716892564121 0.46442389488220215 0
1716892564596 0.46811509132385254 0
1716892565087 0.4741370677947998 0
1716892565606 0.5029079914093018 0
1716892566100 0.46833300590515137 0
1716892566614 0.4997413158416748 0
1716892567084 0.460906982421875 0
1716892567574 0.4824650287628174 0
1716892572905 1.4609367847442627 0
1716892573390 0.4736790657043457 0
1716892573887 0.48947906494140625 0
1716892574369 0.46985793113708496 0
1716892574856 0.4745900630950928 0
1716892575384 0.5164248943328857 0
1716892575880 0.4793360233306885 0
1716892576369 0.47869181632995605 0
1716892576876 0.4858369827270508 0
1716892577372 0.4817171096801758 0
1716892582624 1.311378002166748 0
1716892583121 0.4876871109008789 0
1716892583663 0.513293981552124 0
1716892584156 0.47383999824523926 0
1716892584645 0.4759950637817383 0
1716892585146 0.4881758689880371 0
1716892585628 0.47389888763427734 0
1716892586103 0.46446919441223145 0
1716892586618 0.49732089042663574 0
1716892587109 0.4818589687347412 0
1716892592341 1.2642738819122314 0
1716892592834 0.48483705520629883 0
1716892593327 0.4753739833831787 0
1716892593800 0.4576132297515869 0
1716892594306 0.4862489700317383 0
1716892594833 0.5138571262359619 0
1716892595311 0.4659137725830078 0
1716892595840 0.5216739177703857 0
1716892596336 0.4843411445617676 0
1716892596827 0.4650897979736328 0
1716892603131 1.2654850482940674 0
1716892603632 0.4942920207977295 0
1716892604106 0.4630470275878906 0
1716892604574 0.4594841003417969 0
1716892605037 0.4538571834564209 0
1716892605519 0.47455787658691406 0
1716892606016 0.4818449020385742 0
1716892606500 0.4717752933502197 0
1716892607009 0.5023040771484375 0
1716892607493 0.47175097465515137 0
1716892612684 1.285871982574463 0
1716892613187 0.4874758720397949 0
1716892613665 0.4584789276123047 0
1716892614159 0.4871501922607422 0
1716892614615 0.44679784774780273 0
1716892615137 0.5143947601318359 0
1716892615621 0.47635674476623535 0
1716892616123 0.4896581172943115 0
1716892616596 0.4590787887573242 0
1716892617107 0.501896858215332 0
1716892622139 1.2659697532653809 0
1716892622617 0.46692991256713867 0
1716892623075 0.4511871337890625 0
1716892623603 0.4909031391143799 0
1716892624078 0.4710416793823242 0
1716892624535 0.4489626884460449 0
1716892625026 0.4861021041870117 0
1716892625531 0.4985044002532959 0
1716892626023 0.47318196296691895 0
1716892626505 0.46692490577697754 0
1716892631859 1.2916240692138672 0
1716892632329 0.4658620357513428 0
1716892632814 0.4721500873565674 0
1716892633304 0.47254395484924316 0
1716892633793 0.4781789779663086 0
1716892634323 0.4944603443145752 0
1716892634797 0.46179628372192383 0
1716892635377 0.5698060989379883 0
1716892635877 0.4877438545227051 0
1716892636350 0.46456003189086914 0
1716892641286 1.2548389434814453 0
1716892641781 0.4901399612426758 0
1716892642256 0.4640839099884033 0
1716892642737 0.4723801612854004 0
1716892643245 0.4971747398376465 0
1716892643721 0.4692668914794922 0
1716892644205 0.47158217430114746 0
1716892644681 0.46430110931396484 0
1716892645152 0.4650418758392334 0
1716892645661 0.49683094024658203 0
1716892650637 1.2544498443603516 0
1716892651115 0.46018218994140625 0
1716892651584 0.45997095108032227 0
1716892652073 0.4769883155822754 0
1716892652545 0.4576077461242676 0
1716892653040 0.4835498332977295 0
1716892653516 0.4675600528717041 0
1716892654006 0.4806993007659912 0
1716892654483 0.45883798599243164 0
1716892654957 0.46120285987854004 0
1716892660111 1.3778820037841797 0
1716892660639 0.5131039619445801 0
1716892661178 0.5293970108032227 0
1716892661687 0.49925827980041504 0
1716892662177 0.4767308235168457 0
1716892662681 0.48847508430480957 0
1716892663168 0.4648430347442627 0
1716892663642 0.46033501625061035 0
1716892664123 0.46404385566711426 0
1716892664601 0.4653482437133789 0
1716892669420 1.2894389629364014 0
1716892669885 0.45743799209594727 0
1716892670375 0.4728739261627197 0
1716892670864 0.4748268127441406 0
1716892671343 0.4669187068939209 0
1716892671841 0.48426389694213867 0
1716892672321 0.467606782913208 0
1716892672875 0.532761812210083 0
1716892673354 0.4648430347442627 0
1716892673882 0.5159618854522705 0
1716892678937 1.2947018146514893 0
1716892679423 0.4769418239593506 0
1716892679902 0.45921802520751953 0
1716892680372 0.4577169418334961 0
1716892680844 0.4594409465789795 0
1716892681329 0.4608588218688965 0
1716892681794 0.45247602462768555 0
1716892682269 0.46158909797668457 0
1716892682754 0.4730072021484375 0
1716892683238 0.4717099666595459 0
1716892687893 1.0273611545562744 0
1716892688379 0.4750247001647949 0
1716892688867 0.47517895698547363 0
1716892689343 0.4644927978515625 0
1716892689809 0.45097899436950684 0
1716892690267 0.44779086112976074 0
1716892690763 0.48230981826782227 0
1716892691257 0.4748048782348633 0
1716892691789 0.52093505859375 0
1716892692287 0.48676180839538574 0
1716892697016 1.070051670074463 0
1716892697492 0.4683871269226074 0
1716892697975 0.47040414810180664 0
1716892698454 0.46431732177734375 0
1716892698919 0.45456409454345703 0
1716892699397 0.45624303817749023 0
1716892699853 0.44505810737609863 0
1716892700318 0.45569825172424316 0
1716892700798 0.467149019241333 0
1716892701277 0.465954065322876 0
1716892705828 1.0759170055389404 0
1716892706307 0.46993517875671387 0
1716892706806 0.485947847366333 0
1716892707287 0.46839118003845215 0
1716892707871 0.5742783546447754 0
1716892708391 0.5117521286010742 0
1716892708911 0.5070838928222656 0
1716892709423 0.5015420913696289 0
1716892709954 0.5208649635314941 0
1716892710474 0.5051310062408447 0
1716892720397 1.383329153060913 0
1716892720942 0.5384650230407715 0
1716892721454 0.5004239082336426 0
1716892721975 0.5097060203552246 0
1716892722517 0.5327401161193848 0
1716892723052 0.5155739784240723 0
1716892723570 0.5083158016204834 0
1716892724062 0.47652482986450195 0
1716892724583 0.5084657669067383 0
1716892725114 0.521355152130127 0
1716892730104 1.2195448875427246 0
1716892730603 0.4912409782409668 0
1716892731092 0.477053165435791 0
1716892731578 0.4737241268157959 0
1716892732045 0.4545478820800781 0
1716892732576 0.52433180809021 0
1716892733070 0.48398637771606445 0
1716892733566 0.4842867851257324 0
1716892734055 0.47473907470703125 0
1716892734548 0.47171783447265625 0
1716892739665 1.2595603466033936 0
1716892740185 0.5113520622253418 0
1716892740674 0.47675490379333496 0
1716892741160 0.47464919090270996 0
1716892741634 0.46659207344055176 0
1716892742110 0.4628751277923584 0
1716892742577 0.45589709281921387 0
1716892743025 0.43648481369018555 0
1716892743505 0.47520899772644043 0
1716892743973 0.455355167388916 0
1716892748898 1.2322609424591064 0
1716892749377 0.4716451168060303 0
1716892749849 0.4530618190765381 0
1716892750327 0.4653446674346924 0
1716892750801 0.4630417823791504 0
1716892751296 0.4812748432159424 0
1716892751787 0.47840189933776855 0
1716892752265 0.46833205223083496 0
1716892752748 0.4727010726928711 0
1716892753290 0.5231809616088867 0
1716892758974 1.3081269264221191 0
1716892759519 0.5328519344329834 0
1716892760027 0.49967312812805176 0
1716892760557 0.5169179439544678 0
1716892761077 0.5082747936248779 0
1716892761635 0.5288040637969971 0
1716892762129 0.481856107711792 0
1716892762631 0.4851360321044922 0
1716892763150 0.495527982711792 0
1716892763698 0.5156028270721436 0
1716892768882 1.273163080215454 0
1716892769383 0.4846007823944092 0
1716892769932 0.5269880294799805 0
1716892770429 0.4873530864715576 0
1716892770940 0.4975430965423584 0
1716892771501 0.5159192085266113 0
1716892772030 0.5156290531158447 0
1716892772582 0.5450088977813721 0
1716892773133 0.5383560657501221 0
1716892773655 0.5112209320068359 0
1716892778948 1.3419101238250732 0
1716892779428 0.47269415855407715 0
1716892779903 0.45264720916748047 0
1716892780391 0.4748270511627197 0
1716892780912 0.5053589344024658 0
1716892781395 0.4725499153137207 0
1716892781930 0.4912128448486328 0
1716892782456 0.5116400718688965 0
1716892782966 0.4922971725463867 0
1716892783465 0.48764920234680176 0
1716892788501 1.231036901473999 0
1716892788994 0.4846179485321045 0
1716892789470 0.46375608444213867 0
1716892789971 0.4844801425933838 0
1716892790436 0.4548349380493164 0
1716892790919 0.4686720371246338 0
1716892791385 0.4555368423461914 0
1716892791877 0.47331881523132324 0
1716892792362 0.47313475608825684 0
1716892792868 0.48389410972595215 0
1716892797571 1.2254719734191895 0
1716892798043 0.458636999130249 0
1716892798574 0.4879610538482666 0
1716892799070 0.48258399963378906 0
1716892799548 0.46396303176879883 0
1716892800041 0.4670829772949219 0
1716892800514 0.46169281005859375 0
1716892800983 0.4588479995727539 0
1716892801453 0.45830607414245605 0
1716892801955 0.48798489570617676 0
1716892807083 1.2960469722747803 0
1716892807566 0.4748358726501465 0
1716892808081 0.49556779861450195 0
1716892808614 0.5085270404815674 0
1716892809203 0.5641689300537109 0
1716892809719 0.5062148571014404 0
1716892810221 0.49272775650024414 0
1716892810737 0.49742794036865234 0
1716892811249 0.4984579086303711 0
1716892811772 0.5100369453430176 0
1716892817307 1.3888709545135498 0
1716892817781 0.4691650867462158 0
1716892818287 0.4964141845703125 0
1716892818780 0.480679988861084 0
1716892819294 0.5011091232299805 0
1716892819788 0.471707820892334 0
1716892820272 0.4694027900695801 0
1716892820799 0.49886202812194824 0
1716892821329 0.5133318901062012 0
1716892821832 0.4919419288635254 0
1716892826967 1.296571969985962 0
1716892827479 0.5039451122283936 0
1716892827975 0.4842221736907959 0
1716892828434 0.4468979835510254 0
1716892828903 0.4592158794403076 0
1716892829372 0.4561448097229004 0
1716892829837 0.45538997650146484 0
1716892830289 0.43926405906677246 0
1716892830805 0.5077371597290039 0
1716892831296 0.4830009937286377 0
1716892836149 1.264354944229126 0
1716892836659 0.5007390975952148 0
1716892837146 0.4646611213684082 0
1716892837626 0.4681389331817627 0
1716892838155 0.5156259536743164 0
1716892838635 0.46610403060913086 0
1716892839117 0.46967601776123047 0
1716892839605 0.4689671993255615 0
1716892840112 0.4975430965423584 0
1716892840603 0.4801928997039795 0
1716892845859 1.2431538105010986 0
1716892846353 0.48559021949768066 0
1716892846846 0.47170186042785645 0
1716892847339 0.48053765296936035 0
1716892847818 0.4673731327056885 0
1716892848311 0.4728529453277588 0
1716892848792 0.4609200954437256 0
1716892849279 0.4742422103881836 0
1716892849748 0.4554257392883301 0
1716892850223 0.46532511711120605 0
1716892855172 1.2580537796020508 0
1716892855631 0.45070385932922363 0
1716892856100 0.46039509773254395 0
1716892856591 0.4796407222747803 0
1716892857091 0.4867110252380371 0
1716892857568 0.47084999084472656 0
1716892858066 0.47103118896484375 0
1716892858538 0.4595978260040283 0
1716892859009 0.45818591117858887 0
1716892859486 0.46384501457214355 0
1716892866967 1.2876851558685303 0
1716892867472 0.49862074851989746 0
1716892867994 0.5092151165008545 0
1716892868579 0.5742089748382568 0
1716892869161 0.5720400810241699 0
1716892869742 0.5679380893707275 0
1716892870333 0.5832550525665283 0
1716892870929 0.5863301753997803 0
1716892871414 0.47360801696777344 0
1716892871907 0.48091793060302734 0
1716892877103 1.291672945022583 0
1716892877597 0.48770689964294434 0
1716892878077 0.468217134475708 0
1716892878587 0.4998478889465332 0
1716892879096 0.5000128746032715 0
1716892879595 0.48023319244384766 0
1716892880093 0.47975611686706543 0
1716892880587 0.4795520305633545 0
1716892881090 0.4790468215942383 0
1716892881564 0.4614999294281006 0
1716892886337 1.2521522045135498 0
1716892886828 0.47656774520874023 0
1716892887298 0.45886898040771484 0
1716892887785 0.4750347137451172 0
1716892888286 0.4811229705810547 0
1716892888754 0.4617941379547119 0
1716892889236 0.46947288513183594 0
1716892889737 0.48956799507141113 0
1716892890218 0.46416687965393066 0
1716892890718 0.4868299961090088 0
1716892895851 1.2438890933990479 0
1716892896339 0.4798431396484375 0
1716892896833 0.46300220489501953 0
1716892897295 0.45781397819519043 0
1716892897775 0.468123197555542 0
1716892898265 0.47827982902526855 0
1716892898769 0.494596004486084 0
1716892899312 0.5241029262542725 0
1716892899821 0.5016000270843506 0
1716892900347 0.5068888664245605 0
1716892907709 1.3032047748565674 0
1716892908204 0.48584604263305664 0
1716892908681 0.4684031009674072 0
1716892909173 0.4855010509490967 0
1716892909653 0.4676830768585205 0
1716892910132 0.46832704544067383 0
1716892910629 0.47190189361572266 0
1716892911112 0.47335219383239746 0
1716892911605 0.47496509552001953 0
1716892912083 0.4675419330596924 0
1716892918223 1.464034080505371 0
1716892918750 0.5211617946624756 0
1716892919243 0.48567914962768555 0
1716892919743 0.4778459072113037 0
1716892920260 0.5081319808959961 0
1716892920755 0.47977423667907715 0
1716892921234 0.4673640727996826 0
1716892921735 0.4935789108276367 0
1716892922235 0.48371100425720215 0
1716892922746 0.49837183952331543 0
1716892928493 1.282891035079956 0
1716892929011 0.5101168155670166 0
1716892929471 0.45081591606140137 0
1716892929958 0.47634291648864746 0
1716892930437 0.46952295303344727 0
1716892930910 0.46430110931396484 0
1716892931405 0.48105788230895996 0
1716892931897 0.4825310707092285 0
1716892932417 0.5128641128540039 0
1716892932927 0.4839029312133789 0
1716892938431 1.2986559867858887 0
1716892938917 0.4753758907318115 0
1716892939382 0.455610990524292 0
1716892939848 0.45810508728027344 0
1716892940329 0.4711191654205322 0
1716892940820 0.47943782806396484 0
1716892941319 0.490375280380249 0
1716892941808 0.4734840393066406 0
1716892942285 0.46464109420776367 0
1716892942754 0.46013498306274414 0
1716892947711 1.2378597259521484 0
1716892948200 0.48067188262939453 0
1716892948661 0.44995784759521484 0
1716892949158 0.47892189025878906 0
1716892949652 0.48587703704833984 0
1716892950110 0.44773292541503906 0
1716892950561 0.44130778312683105 0
1716892951044 0.47211790084838867 0
1716892951514 0.45915913581848145 0
1716892951991 0.46434497833251953 0
1716892957018 1.134709119796753 0
1716892957501 0.47030115127563477 0
1716892957966 0.4542999267578125 0
1716892958438 0.4636409282684326 0
1716892958893 0.443817138671875 0
1716892959350 0.4490842819213867 0
1716892959826 0.4679889678955078 0
1716892960314 0.47658681869506836 0
1716892960830 0.48131489753723145 0
1716892961286 0.4451770782470703 0
1716892966596 1.3203999996185303 0
1716892967090 0.4866349697113037 0
1716892967568 0.4730219841003418 0
1716892968052 0.46758294105529785 0
1716892968510 0.4469590187072754 0
1716892968985 0.45417022705078125 0
1716892969460 0.4661719799041748 0
1716892969918 0.4478459358215332 0
1716892970377 0.4441568851470947 0
1716892970839 0.45331406593322754 0
1716892976138 1.2858197689056396 0
1716892976631 0.4824941158294678 0
1716892977111 0.4653959274291992 0
1716892977577 0.4488351345062256 0
1716892978035 0.44656896591186523 0
1716892978503 0.461500883102417 0
1716892978962 0.44667720794677734 0
1716892979420 0.445803165435791 0
1716892979884 0.4542381763458252 0
1716892980352 0.4586830139160156 0
1716892984630 1.2270159721374512 0
1716892985105 0.47085094451904297 0
1716892985569 0.4536151885986328 0
1716892986032 0.45018482208251953 0
1716892986485 0.44074392318725586 0
1716892986943 0.44852304458618164 0
1716892987400 0.44922685623168945 0
1716892987864 0.45095205307006836 0
1716892988323 0.4480769634246826 0
1716892988791 0.45769810676574707 0
1716892993149 1.0407049655914307 0
1716892993611 0.45407819747924805 0
1716892994083 0.4634981155395508 0
1716892994550 0.4501659870147705 0
1716892995005 0.44689202308654785 0
1716892995480 0.4620249271392822 0
1716892995946 0.4546370506286621 0
1716892996408 0.45418429374694824 0
1716892996872 0.45381689071655273 0
1716892997339 0.45364999771118164 0
1716893001738 1.0711560249328613 0
1716893002206 0.45864295959472656 0
1716893002683 0.4664919376373291 0
1716893003144 0.4489428997039795 0
1716893003600 0.44417285919189453 0
1716893004070 0.45268917083740234 0
1716893004534 0.45342111587524414 0
1716893004996 0.4525928497314453 0
1716893005460 0.4526987075805664 0
1716893005923 0.450531005859375 0
1716893009561 1.0107848644256592 0
1716893010044 0.4743306636810303 0
1716893010558 0.5013401508331299 0
1716893011047 0.48168301582336426 0
1716893011537 0.4716060161590576 0
1716893012016 0.46749019622802734 0
1716893012560 0.536348819732666 0
1716893013112 0.5436186790466309 0
1716893013636 0.5162341594696045 0
1716893014150 0.5060820579528809 0
1716893019116 1.2221200466156006 0
1716893019603 0.4773242473602295 0
1716893020106 0.4740140438079834 0
1716893020601 0.47977280616760254 0
1716893021087 0.4754641056060791 0
1716893021570 0.4661870002746582 0
1716893022045 0.4682340621948242 0
1716893022537 0.4782388210296631 0
1716893023005 0.4565548896789551 0
1716893023466 0.4520859718322754 0
1716893027912 1.0884191989898682 0
1716893028402 0.47959208488464355 0
1716893028871 0.4582829475402832 0
1716893029375 0.482180118560791 0
1716893029824 0.437730073928833 0
1716893030287 0.4515719413757324 0
1716893030761 0.4626128673553467 0
1716893031245 0.4730339050292969 0
1716893031725 0.4696848392486572 0
1716893032204 0.47000718116760254 0
1716893039549 1.2936408519744873 0
1716893040053 0.49568796157836914 0
1716893040525 0.4652087688446045 0
1716893041027 0.49088382720947266 0
1716893041499 0.4600059986114502 0
1716893041978 0.45931386947631836 0
1716893042440 0.45089006423950195 0
1716893042944 0.46932506561279297 0
1716893043439 0.4824337959289551 0
1716893043953 0.5074090957641602 0
1716893048907 1.2585582733154297 0
1716893049394 0.47840094566345215 0
1716893049880 0.4667530059814453 0
1716893050358 0.46524691581726074 0
1716893050851 0.47229814529418945 0
1716893051335 0.47130703926086426 0
1716893051802 0.4532649517059326 0
1716893052276 0.46053504943847656 0
1716893052754 0.46442389488220215 0
1716893053239 0.47342777252197266 0
1716893058042 1.230788230895996 0
1716893058523 0.47207212448120117 0
1716893058993 0.4518921375274658 0
1716893059466 0.46434497833251953 0
1716893059934 0.4540071487426758 0
1716893060391 0.4441568851470947 0
1716893060849 0.44780397415161133 0
1716893061325 0.46496105194091797 0
1716893061805 0.46857213973999023 0
1716893062283 0.4618539810180664 0
1716893066794 1.2816359996795654 0
1716893067278 0.4769279956817627 0
1716893067747 0.4540419578552246 0
1716893068258 0.4734821319580078 0
1716893068749 0.48253512382507324 0
1716893069243 0.48226404190063477 0
1716893069723 0.4682576656341553 0
1716893070236 0.5042989253997803 0
1716893070748 0.49042797088623047 0
1716893071273 0.5104410648345947 0
1716893076169 1.2265121936798096 0
1716893076645 0.4597501754760742 0
1716893077115 0.4588959217071533 0
1716893077592 0.4652829170227051 0
1716893078071 0.46727919578552246 0
1716893078555 0.4716320037841797 0
1716893079028 0.4596271514892578 0
1716893079510 0.47054004669189453 0
1716893079980 0.4578380584716797 0
1716893080514 0.5190548896789551 0
1716893085164 1.2153098583221436 0
1716893085651 0.47489309310913086 0
1716893086132 0.4685359001159668 0
1716893086609 0.4637451171875 0
1716893087079 0.45985889434814453 0
1716893087546 0.45478177070617676 0
1716893088008 0.4477081298828125 0
1716893088473 0.4524972438812256 0
1716893088937 0.45574140548706055 0
1716893089422 0.4737699031829834 0
1716893093408 1.1474940776824951 0
1716893093915 0.4930999279022217 0
1716893094405 0.47737908363342285 0
1716893094899 0.47957396507263184 0
1716893095381 0.46918296813964844 0
1716893095876 0.4829139709472656 0
1716893096352 0.4628870487213135 0
1716893096839 0.4702417850494385 0
1716893097304 0.4501371383666992 0
1716893097777 0.45674705505371094 0
1716893102268 1.36971116065979 0
1716893102750 0.46503400802612305 0
1716893103339 0.5652828216552734 0
1716893103931 0.5851171016693115 0
1716893104464 0.5283968448638916 0
1716893104951 0.4732961654663086 0
1716893105407 0.4486711025238037 0
1716893105894 0.47824692726135254 0
1716893106373 0.47072887420654297 0
1716893106905 0.5248339176177979 0
1716893112346 1.3639028072357178 0
1716893112879 0.5192098617553711 0
1716893113340 0.45132017135620117 0
1716893113797 0.44686007499694824 0
1716893114277 0.46943211555480957 0
1716893114753 0.46141982078552246 0
1716893115281 0.5200381278991699 0
1716893115773 0.4740133285522461 0
1716893116252 0.4719691276550293 0
1716893116732 0.46672630310058594 0
1716893122031 1.2294280529022217 0
1716893122512 0.4734048843383789 0
1716893123345 0.8049407005310059 0
1716893123970 0.6193981170654297 0
1716893124767 0.7715790271759033 0
1716893125456 0.6704719066619873 0
1716893126051 0.5917518138885498 0
1716893126861 0.798076868057251 0
1716893127581 0.702866792678833 0
1716893128295 0.6384429931640625 0
1716893135557 1.3265678882598877 0
1716893136109 0.5439989566802979 0
1716893136598 0.48100996017456055 0
1716893137093 0.4900829792022705 0
1716893137603 0.4981200695037842 0
1716893138130 0.5047421455383301 0
1716893138692 0.5456161499023438 0
1716893139322 0.6153688430786133 0
1716893139922 0.58144211769104 0
1716893140479 0.5464270114898682 0
1716893147224 1.7345092296600342 0
1716893147833 0.5929579734802246 0
1716893148436 0.5902810096740723 0
1716893149037 0.5870530605316162 0
1716893149573 0.5304901599884033 0
1716893150134 0.5532569885253906 0
1716893150712 0.5682199001312256 0
1716893151274 0.5568230152130127 0
1716893151883 0.5953052043914795 0
1716893152508 0.617434024810791 0
1716893159074 1.5678441524505615 0
1716893159593 0.5017399787902832 0
1716893160109 0.5088770389556885 0
1716893160658 0.5249969959259033 0
1716893161225 0.5562829971313477 0
1716893161760 0.5225820541381836 0
1716893162247 0.4737839698791504 0
1716893162753 0.492581844329834 0
1716893163289 0.522341251373291 0
1716893163752 0.4565391540527344 0
1716893169857 1.43837308883667 0
1716893170371 0.5093879699707031 0
1716893170841 0.4573638439178467 0
1716893171335 0.4851350784301758 0
1716893171845 0.48563671112060547 0
1716893172343 0.485673189163208 0
1716893172862 0.5042469501495361 0
1716893173395 0.5172662734985352 0
1716893173992 0.5852396488189697 0
1716893174558 0.5506539344787598 0
1716893180746 1.2865469455718994 0
1716893181242 0.4883289337158203 0
1716893181722 0.46695590019226074 0
1716893182190 0.45819687843322754 0
1716893182692 0.4822549819946289 0
1716893183179 0.47681522369384766 0
1716893183679 0.46656203269958496 0
1716893184169 0.477586030960083 0
1716893184649 0.465252161026001 0
1716893185145 0.4811251163482666 0
1716893190209 1.239966869354248 0
1716893190710 0.4918179512023926 0
1716893191200 0.47679996490478516 0
1716893191672 0.4597640037536621 0
1716893192150 0.4669990539550781 0
1716893192641 0.4812600612640381 0
1716893193120 0.4658622741699219 0
1716893193609 0.4786992073059082 0
1716893194112 0.48157405853271484 0
1716893194624 0.5015120506286621 0
1716893199709 1.2325870990753174 0
1716893200182 0.4645810127258301 0
1716893200680 0.4856419563293457 0
1716893201168 0.4737889766693115 0
1716893201640 0.4617021083831787 0
1716893202114 0.46189308166503906 0
1716893202586 0.46010899543762207 0
1716893203073 0.47385382652282715 0
1716893203562 0.465648889541626 0
1716893204034 0.4604988098144531 0
1716893208890 1.3376119136810303 0
1716893209428 0.5241570472717285 0
1716893209935 0.49505114555358887 0
1716893210483 0.5376079082489014 0
1716893210978 0.49038004875183105 0
1716893211503 0.4915730953216553 0
1716893212016 0.5051779747009277 0
1716893212534 0.5001959800720215 0
1716893213039 0.49488401412963867 0
1716893213570 0.5169951915740967 0
1716893219140 1.3748619556427002 0
1716893219671 0.5246660709381104 0
1716893220171 0.4848518371582031 0
1716893220700 0.5137810707092285 0
1716893221226 0.5038161277770996 0
1716893221738 0.5047821998596191 0
1716893222241 0.48943519592285156 0
1716893222744 0.4936702251434326 0
1716893223297 0.528702974319458 0
1716893223776 0.47458696365356445 0
1716893229587 1.2877521514892578 0
1716893230062 0.47119784355163574 0
1716893230546 0.47234511375427246 0
1716893231072 0.5085530281066895 0
1716893231584 0.5049400329589844 0
1716893232088 0.49576616287231445 0
1716893232611 0.5090417861938477 0
1716893233138 0.5182809829711914 0
1716893233616 0.46618199348449707 0
1716893234140 0.5144631862640381 0
1716893239706 1.3026161193847656 0
1716893240199 0.4851841926574707 0
1716893240705 0.4940028190612793 0
1716893241178 0.4611690044403076 0
1716893241648 0.45501208305358887 0
1716893242149 0.4911348819732666 0
1716893242630 0.4662950038909912 0
1716893243125 0.4849720001220703 0
1716893243591 0.45286011695861816 0
1716893244087 0.4805481433868408 0
1716893249388 1.2802739143371582 0
1716893249895 0.5009689331054688 0
1716893250424 0.5034070014953613 0
1716893250906 0.47019028663635254 0
1716893251374 0.4564480781555176 0
1716893251840 0.45241498947143555 0
1716893252309 0.4582400321960449 0
1716893252788 0.4651007652282715 0
1716893253262 0.46175098419189453 0
1716893253742 0.4637629985809326 0
1716893258672 1.3852851390838623 0
1716893259195 0.5157871246337891 0
1716893259680 0.47777700424194336 0
1716893260206 0.5165250301361084 0
1716893260700 0.4837362766265869 0
1716893261198 0.4895191192626953 0
1716893261713 0.4861471652984619 0
1716893262225 0.48801374435424805 0
1716893262719 0.48244690895080566 0
1716893263228 0.49608302116394043 0
1716893273157 1.3616220951080322 0
1716893273659 0.495434045791626 0
1716893274185 0.5128769874572754 0
1716893274673 0.4783751964569092 0
1716893275169 0.4731118679046631 0
1716893275670 0.47295308113098145 0
1716893276165 0.466137170791626 0
1716893276670 0.4834411144256592 0
1716893277157 0.4734787940979004 0
1716893277704 0.5051701068878174 0
1716893283187 1.3649239540100098 0
1716893283714 0.5179338455200195 0
1716893284203 0.48511791229248047 0
1716893284674 0.4544358253479004 0
1716893285176 0.49402809143066406 0
1716893285663 0.47455787658691406 0
1716893286133 0.45877599716186523 0
1716893286588 0.4485046863555908 0
1716893287070 0.47275209426879883 0
1716893287582 0.4731309413909912 0
1716893293301 1.2910408973693848 0
1716893293804 0.4917151927947998 0
1716893294336 0.5200212001800537 0
1716893294814 0.46587705612182617 0
1716893295377 0.5553879737854004 0
1716893295907 0.5235121250152588 0
1716893296450 0.5359299182891846 0
1716893297005 0.5275824069976807 0
1716893297583 0.562000036239624 0
1716893298226 0.6037113666534424 0
1716893304188 1.2902698516845703 0
1716893304694 0.4983029365539551 0
1716893305180 0.4755401611328125 0
1716893305692 0.49936985969543457 0
1716893306189 0.4859170913696289 0
1716893306679 0.47707295417785645 0
1716893307168 0.47598886489868164 0
1716893307651 0.4700469970703125 0
1716893308142 0.47930192947387695 0
1716893308630 0.47445178031921387 0
1716893313476 1.1136300563812256 0
1716893313971 0.4875149726867676 0
1716893314457 0.47331881523132324 0
1716893315054 0.5829529762268066 0
1716893315577 0.4872770309448242 0
1716893316101 0.5023939609527588 0
1716893316592 0.4840841293334961 0
1716893317092 0.48338890075683594 0
1716893317574 0.4750030040740967 0
1716893318073 0.47773098945617676 0
1716893323471 1.2377028465270996 0
1716893324003 0.511519193649292 0
1716893324490 0.47483205795288086 0
1716893324980 0.4772050380706787 0
1716893325450 0.4591348171234131 0
1716893325948 0.4789597988128662 0
1716893326433 0.4735748767852783 0
1716893326936 0.489713191986084 0
1716893327439 0.48903512954711914 0
1716893327928 0.47712016105651855 0
1716893333758 1.2802560329437256 0
1716893334281 0.5153770446777344 0
1716893334784 0.48111391067504883 0
1716893335302 0.5061898231506348 0
1716893335784 0.46576809883117676 0
1716893336294 0.4962577819824219 0
1716893336763 0.45692896842956543 0
1716893337234 0.4598679542541504 0
1716893337709 0.4610896110534668 0
1716893338220 0.4970889091491699 0
1716893343083 1.0381457805633545 0
1716893343576 0.4856529235839844 0
1716893344051 0.46836280822753906 0
1716893344538 0.47950100898742676 0
1716893345016 0.4641530513763428 0
1716893345521 0.48691630363464355 0
1716893346009 0.47580790519714355 0
1716893346472 0.45491695404052734 0
1716893346932 0.44663500785827637 0
1716893347408 0.4626638889312744 0
1716893352829 1.3852579593658447 0
1716893353368 0.5304222106933594 0
1716893353884 0.506666898727417 0
1716893354405 0.5087752342224121 0
1716893354956 0.5243692398071289 0
1716893355428 0.461287260055542 0
1716893355916 0.4710729122161865 0
1716893356433 0.5060110092163086 0
1716893356902 0.4562678337097168 0
1716893357402 0.4899718761444092 0
1716893362901 1.2112829685211182 0
1716893363397 0.4800279140472412 0
1716893363878 0.4680769443511963 0
1716893364369 0.4783198833465576 0
1716893364872 0.4902517795562744 0
1716893365384 0.50010085105896 0
1716893365904 0.4996011257171631 0
1716893366401 0.4824349880218506 0
1716893366877 0.4635040760040283 0
1716893367359 0.4702620506286621 0
1716893372541 1.2628278732299805 0
1716893373041 0.4949488639831543 0
1716893373518 0.4672877788543701 0
1716893374002 0.4712531566619873 0
1716893374558 0.5327670574188232 0
1716893375106 0.5396370887756348 0
1716893375598 0.4877009391784668 0
1716893376090 0.4797029495239258 0
1716893376572 0.4673151969909668 0
1716893377037 0.4535517692565918 0
1716893382806 1.3165640830993652 0
1716893383296 0.48171496391296387 0
1716893383794 0.4869577884674072 0
1716893384280 0.47152090072631836 0
1716893384762 0.46839475631713867 0
1716893385237 0.4629518985748291 0
1716893385739 0.48754096031188965 0
1716893386256 0.5064599514007568 0
1716893386764 0.47391510009765625 0
1716893387222 0.45151710510253906 0
1716893391779 1.0072681903839111 0
1716893392247 0.4636411666870117 0
1716893392708 0.4486072063446045 0
1716893393213 0.4955461025238037 0
1716893393708 0.4783461093902588 0
1716893394192 0.4682021141052246 0
1716893394669 0.46378588676452637 0
1716893395137 0.4551270008087158 0
1716893395609 0.45995402336120605 0
1716893396091 0.46784400939941406 0
1716893400104 1.045828104019165 0
1716893400583 0.466886043548584 0
1716893401056 0.4593808650970459 0
1716893401545 0.4706258773803711 0
1716893402057 0.4896831512451172 0
1716893402554 0.4852418899536133 0
1716893403029 0.46155405044555664 0
1716893403564 0.5216798782348633 0
1716893404141 0.5704619884490967 0
1716893404708 0.5560588836669922 0
1716893410411 1.2613859176635742 0
1716893410903 0.4831051826477051 0
1716893411374 0.45876002311706543 0
1716893411864 0.48009324073791504 0
1716893412387 0.5097391605377197 0
1716893412911 0.5165679454803467 0
1716893413441 0.5193970203399658 0
1716893413955 0.5010781288146973 0
1716893414524 0.5422070026397705 0
1716893415047 0.5152199268341064 0
1716893420423 1.4004161357879639 0
1716893420900 0.47093915939331055 0
1716893421405 0.49088287353515625 0
1716893421907 0.48702001571655273 0
1716893422423 0.5067222118377686 0
1716893422953 0.5100390911102295 0
1716893423436 0.472074031829834 0
1716893423936 0.48205113410949707 0
1716893424413 0.46602606773376465 0
1716893424922 0.4769289493560791 0
1716893429931 1.0973002910614014 0
1716893430426 0.48688507080078125 0
1716893430910 0.4758620262145996 0
1716893431415 0.49167394638061523 0
1716893431935 0.5063979625701904 0
1716893432458 0.5107998847961426 0
1716893432943 0.46996212005615234 0
1716893433443 0.48605990409851074 0
1716893433959 0.5026860237121582 0
1716893434524 0.5585048198699951 0
1716893440179 1.2806298732757568 0
1716893440669 0.48227620124816895 0
1716893441195 0.5067121982574463 0
1716893441700 0.4926111698150635 0
1716893442222 0.514307975769043 0
1716893442716 0.48274707794189453 0
1716893443197 0.4698619842529297 0
1716893443731 0.5160651206970215 0
1716893444244 0.5012040138244629 0
1716893444753 0.4848511219024658 0
1716893450028 1.2383339405059814 0
1716893450544 0.49960875511169434 0
1716893451048 0.4947938919067383 0
1716893451532 0.4771840572357178 0
1716893452024 0.4673020839691162 0
1716893452524 0.4766578674316406 0
1716893452990 0.4520418643951416 0
1716893453473 0.46994519233703613 0
1716893453943 0.4574930667877197 0
1716893454411 0.4543650150299072 0
1716893458986 1.1697862148284912 0
1716893459468 0.47179293632507324 0
1716893459959 0.48070716857910156 0
1716893460482 0.4975271224975586 0
1716893460959 0.464555025100708 0
1716893461437 0.46285009384155273 0
1716893461936 0.4839961528778076 0
1716893462444 0.4970228672027588 0
1716893462919 0.4592320919036865 0
1716893463423 0.4845430850982666 0
1716893468464 1.1848361492156982 0
1716893468991 0.5181539058685303 0
1716893469492 0.4893629550933838 0
1716893469981 0.47598695755004883 0
1716893470450 0.45560407638549805 0
1716893470925 0.463991641998291 0
1716893471404 0.46658897399902344 0
1716893471877 0.4568181037902832 0
1716893472372 0.47891879081726074 0
1716893472884 0.49297595024108887 0
1716893477913 1.3057987689971924 0
1716893478416 0.49829602241516113 0
1716893478898 0.4617290496826172 0
1716893479368 0.45665502548217773 0
1716893479819 0.4379129409790039 0
1716893480288 0.46047163009643555 0
1716893480769 0.464663028717041 0
1716893481245 0.46257877349853516 0
1716893481727 0.4641749858856201 0
1716893482234 0.49306607246398926 0
1716893486745 1.0842220783233643 0
1716893487257 0.5027561187744141 0
1716893487755 0.4794270992279053 0
1716893488250 0.4825451374053955 0
1716893488721 0.4566018581390381 0
1716893489213 0.4794139862060547 0
1716893489698 0.47257494926452637 0
1716893490189 0.47231221199035645 0
1716893490655 0.45238494873046875 0
1716893491130 0.462615966796875 0
1716893496278 1.2871577739715576 0
1716893496791 0.5034849643707275 0
1716893497312 0.5115611553192139 0
1716893497837 0.5069611072540283 0
1716893498389 0.5213718414306641 0
1716893498942 0.5396769046783447 0
1716893499431 0.4773850440979004 0
1716893499920 0.4636807441711426 0
1716893500391 0.45937108993530273 0
1716893500998 0.5867447853088379 0
1716893506225 1.2971820831298828 0
1716893506728 0.4984729290008545 0
1716893507243 0.49314212799072266 0
1716893507739 0.4834110736846924 0
1716893508240 0.49019789695739746 0
1716893508726 0.46974778175354004 0
1716893509228 0.4915928840637207 0
1716893509719 0.47982001304626465 0
1716893510218 0.45942187309265137 0
1716893510718 0.4893357753753662 0
1716893516134 1.2558369636535645 0
1716893516659 0.5167279243469238 0
1716893517178 0.5077989101409912 0
1716893517686 0.4873342514038086 0
1716893518181 0.48390817642211914 0
1716893518683 0.4930717945098877 0
1716893519159 0.46628713607788086 0
1716893519667 0.4879491329193115 0
1716893520160 0.47711706161499023 0
1716893520669 0.4931221008300781 0
1716893526177 1.2627480030059814 0
1716893526661 0.4798719882965088 0
1716893527162 0.48061180114746094 0
1716893527665 0.4905519485473633 0
1716893528185 0.505378007888794 0
1716893528704 0.504737138748169 0
1716893529228 0.5021018981933594 0
1716893529734 0.4933180809020996 0
1716893530228 0.47371888160705566 0
1716893530709 0.47063684463500977 0
1716893536560 1.5011746883392334 0
1716893537100 0.5322170257568359 0
1716893537657 0.5383071899414062 0
1716893538243 0.5712978839874268 0
1716893538795 0.5339710712432861 0
1716893539336 0.5257260799407959 0
1716893539896 0.5359432697296143 0
1716893540389 0.48059797286987305 0
1716893540871 0.4669680595397949 0
1716893541361 0.4750978946685791 0
1716893554519 1.658451795578003 0
1716893555091 0.5640981197357178 0
1716893555632 0.5201320648193359 0
1716893556167 0.5262730121612549 0
1716893556683 0.5058038234710693 0
1716893557185 0.4946329593658447 0
1716893557712 0.5186929702758789 0
1716893558224 0.48752474784851074 0
1716893558761 0.5180301666259766 0
1716893559266 0.49710583686828613 0
1716893564650 1.2858011722564697 0
1716893565146 0.48575305938720703 0
1716893565640 0.45801591873168945 0
1716893566112 0.46028804779052734 0
1716893566583 0.46121907234191895 0
1716893567072 0.4796783924102783 0
1716893567577 0.4918811321258545 0
1716893568063 0.47154998779296875 0
1716893568542 0.4660317897796631 0
1716893569018 0.4589111804962158 0
1716893573822 1.0234522819519043 0
1716893574296 0.4686717987060547 0
1716893574767 0.4574921131134033 0
1716893575252 0.47263193130493164 0
1716893575735 0.46848511695861816 0
1716893576219 0.4723081588745117 0
1716893576705 0.4728529453277588 0
1716893577180 0.4542520046234131 0
1716893577651 0.45790791511535645 0
1716893578124 0.4618659019470215 0
1716893582629 1.3149480819702148 0
1716893583116 0.4787611961364746 0
1716893583628 0.48921799659729004 0
1716893584101 0.46722984313964844 0
1716893584571 0.46245408058166504 0
1716893585050 0.45961999893188477 0
1716893585540 0.4777851104736328 0
1716893586032 0.4819061756134033 0
1716893586506 0.46329689025878906 0
1716893587003 0.4900929927825928 0
1716893592190 1.2531850337982178 0
1716893592685 0.4783761501312256 0
1716893593166 0.4668159484863281 0
1716893593671 0.49227190017700195 0
1716893594179 0.4970369338989258 0
1716893594702 0.5130760669708252 0
1716893595165 0.45402097702026367 0
1716893595678 0.5018260478973389 0
1716893596246 0.5520520210266113 0
1716893596820 0.5615019798278809 0
1716893603172 1.4545018672943115 0
1716893603718 0.5280320644378662 0
1716893604245 0.5032801628112793 0
1716893604747 0.48177194595336914 0
1716893605269 0.5084691047668457 0
1716893605770 0.49036598205566406 0
1716893606313 0.5206682682037354 0
1716893606850 0.5253739356994629 0
1716893607376 0.5065500736236572 0
1716893607874 0.4817211627960205 0
1716893613086 1.2532179355621338 0
1716893613591 0.5002448558807373 0
1716893614084 0.4665679931640625 0
1716893614574 0.47714996337890625 0
1716893615065 0.4694392681121826 0
1716893615535 0.4565870761871338 0
1716893616001 0.4517340660095215 0
1716893616476 0.4626801013946533 0
1716893616986 0.4980342388153076 0
1716893617493 0.4933969974517822 0
1716893622602 1.2697410583496094 0
1716893623113 0.4925801753997803 0
1716893623637 0.5133700370788574 0
1716893624197 0.5488078594207764 0
1716893624714 0.5079140663146973 0
1716893625290 0.5598690509796143 0
1716893625852 0.5330572128295898 0
1716893626333 0.46466994285583496 0
1716893626840 0.4892458915710449 0
1716893627330 0.4771420955657959 0
1716893632700 1.2167701721191406 0
1716893633200 0.48645472526550293 0
1716893633697 0.4740290641784668 0
1716893634166 0.4565119743347168 0
1716893634641 0.4640369415283203 0
1716893635132 0.4778268337249756 0
1716893635608 0.4630112648010254 0
1716893636073 0.4528639316558838 0
1716893636603 0.5188021659851074 0
1716893637132 0.5052449703216553 0
1716893641921 1.2161657810211182 0
1716893642413 0.48676109313964844 0
1716893642917 0.46323180198669434 0
1716893643390 0.46558523178100586 0
1716893643865 0.47099995613098145 0
1716893644359 0.48676609992980957 0
1716893644857 0.48596620559692383 0
1716893645366 0.49508023262023926 0
1716893645862 0.4841773509979248 0
1716893646390 0.5208430290222168 0
1716893651922 1.285865068435669 0
1716893652413 0.48588013648986816 0
1716893652906 0.4822211265563965 0
1716893653418 0.4983510971069336 0
1716893653899 0.4696340560913086 0
1716893654398 0.4873321056365967 0
1716893654871 0.46369099617004395 0
1716893655345 0.4635751247406006 0
1716893655816 0.4580409526824951 0
1716893656289 0.45908308029174805 0
1716893661207 1.1149237155914307 0
1716893661699 0.48275208473205566 0
1716893662189 0.47642087936401367 0
1716893662666 0.4655649662017822 0
1716893663156 0.4748051166534424 0
1716893663636 0.4644191265106201 0
1716893664108 0.46019816398620605 0
1716893664568 0.4465348720550537 0
1716893665042 0.4643440246582031 0
1716893665522 0.4673190116882324 0
1716893670050 1.0242631435394287 0
1716893670538 0.47027087211608887 0
1716893671054 0.49437403678894043 0
1716893671562 0.4986729621887207 0
1716893672080 0.5023658275604248 0
1716893672591 0.49961233139038086 0
1716893673073 0.46723508834838867 0
1716893673550 0.46547889709472656 0
1716893674034 0.4643998146057129 0
1716893674550 0.49611687660217285 0
1716893679880 1.267571210861206 0
1716893680372 0.4879951477050781 0
1716893680848 0.46364378929138184 0
1716893681364 0.503730297088623 0
1716893681879 0.4986100196838379 0
1716893682385 0.48587799072265625 0
1716893682867 0.46994876861572266 0
1716893683356 0.4760758876800537 0
1716893683850 0.48102807998657227 0
1716893684339 0.47766590118408203 0
1716893689021 1.0613839626312256 0
1716893689500 0.4696509838104248 0
1716893689995 0.4633159637451172 0
1716893690490 0.47891902923583984 0
1716893690968 0.46643805503845215 0
1716893691449 0.4699859619140625 0
1716893691968 0.5080840587615967 0
1716893692492 0.5155336856842041 0
1716893692990 0.4852938652038574 0
1716893693481 0.48400092124938965 0
1716893698846 1.2567040920257568 0
1716893699348 0.4862658977508545 0
1716893699837 0.47176599502563477 0
1716893700386 0.5096750259399414 0
1716893700933 0.5290348529815674 0
1716893701430 0.4870278835296631 0
1716893701938 0.4993281364440918 0
1716893702437 0.48998594284057617 0
1716893702929 0.4824709892272949 0
1716893703389 0.450620174407959 0
1716893708634 1.3813121318817139 0
1716893709180 0.5110526084899902 0
1716893709685 0.4745800495147705 0
1716893710177 0.4768991470336914 0
1716893710665 0.4744429588317871 0
1716893711179 0.5025157928466797 0
1716893711696 0.5119233131408691 0
1716893712190 0.47348713874816895 0
1716893712711 0.5069980621337891 0
1716893713227 0.5034570693969727 0
1716893718598 1.2546889781951904 0
1716893719066 0.4606506824493408 0
1716893719563 0.48661303520202637 0
1716893720042 0.46607303619384766 0
1716893720529 0.473128080368042 0
1716893721043 0.4782130718231201 0
1716893721514 0.45984911918640137 0
1716893722007 0.47757697105407715 0
1716893722476 0.45362210273742676 0
1716893722973 0.4644460678100586 0
1716893728486 1.2855842113494873 0
1716893728998 0.5066559314727783 0
1716893729498 0.4874718189239502 0
1716893729977 0.4651682376861572 0
1716893730465 0.47615814208984375 0
1716893730945 0.47014808654785156 0
1716893731446 0.4843158721923828 0
1716893731917 0.45658206939697266 0
1716893732399 0.47023701667785645 0
1716893732888 0.4716510772705078 0
1716893738046 1.31644606590271 0
1716893738556 0.5046977996826172 0
1716893739048 0.4722330570220947 0
1716893739519 0.461871862411499 0
1716893740002 0.46371889114379883 0
1716893740469 0.4541347026824951 0
1716893740940 0.45575404167175293 0
1716893741401 0.44788599014282227 0
1716893741918 0.49928712844848633 0
1716893742424 0.4909627437591553 0
1716893747222 1.1184720993041992 0
1716893747702 0.4734330177307129 0
1716893748191 0.47534704208374023 0
1716893748702 0.49138712882995605 0
1716893749176 0.461514949798584 0
1716893749649 0.45997095108032227 0
1716893750144 0.48148298263549805 0
1716893750642 0.4822220802307129 0
1716893751127 0.47249698638916016 0
1716893751606 0.46733784675598145 0
1716893756470 1.252647876739502 0
1716893756965 0.48780393600463867 0
1716893757468 0.48948192596435547 0
1716893757955 0.476330041885376 0
1716893758448 0.4790000915527344 0
1716893758921 0.4590578079223633 0
1716893759398 0.4639880657196045 0
1716893759889 0.4785909652709961 0
1716893760391 0.487839937210083 0
1716893760859 0.45520615577697754 0
1716893765764 1.2419178485870361 0
1716893766250 0.47980380058288574 0
1716893766732 0.4669203758239746 0
1716893767203 0.45819807052612305 0
1716893767681 0.46521878242492676 0
1716893768162 0.46709609031677246 0
1716893768625 0.4520277976989746 0
1716893769093 0.4550619125366211 0
1716893769569 0.4622220993041992 0
1716893770039 0.4581139087677002 0
1716893774472 1.0341458320617676 0
1716893774967 0.48706793785095215 0
1716893775451 0.4740638732910156 0
1716893775974 0.48767614364624023 0
1716893776461 0.4738328456878662 0
1716893776962 0.4859168529510498 0
1716893777448 0.47275590896606445 0
1716893777914 0.45135974884033203 0
1716893778396 0.46347689628601074 0
1716893778868 0.4590880870819092 0
1716893783251 1.0427961349487305 0
1716893783727 0.4686908721923828 0
1716893784212 0.47054481506347656 0
1716893784737 0.5132417678833008 0
1716893785240 0.4895968437194824 0
1716893785736 0.4712681770324707 0
1716893786207 0.4581618309020996 0
1716893786687 0.4610772132873535 0
1716893787151 0.4500741958618164 0
1716893787634 0.46700286865234375 0
1716893792212 1.2120718955993652 0
1716893792686 0.46506285667419434 0
1716893793195 0.4734079837799072 0
1716893793677 0.46906495094299316 0
1716893794215 0.4986433982849121 0
1716893794699 0.4714639186859131 0
1716893795185 0.47394490242004395 0
1716893795667 0.4628028869628906 0
1716893796140 0.46352291107177734 0
1716893796607 0.4510180950164795 0
1716893801276 1.0172059535980225 0
1716893801766 0.4812507629394531 0
1716893802247 0.46766114234924316 0
1716893802715 0.44722509384155273 0
1716893803180 0.4533720016479492 0
1716893803656 0.4633948802947998 0
1716893804134 0.4640328884124756 0
1716893804598 0.45167112350463867 0
1716893805069 0.45658016204833984 0
1716893805542 0.4579298496246338 0
1716893810098 1.2545390129089355 0
1716893810612 0.50565505027771 0
1716893811106 0.4840550422668457 0
1716893811601 0.4701700210571289 0
1716893812069 0.4522838592529297 0
1716893812538 0.45336318016052246 0
1716893813014 0.46327829360961914 0
1716893813485 0.4594459533691406 0
1716893813960 0.4620547294616699 0
1716893814426 0.4556150436401367 0
1716893818690 1.1533708572387695 0
1716893819183 0.4836289882659912 0
1716893819668 0.45471620559692383 0
1716893820151 0.4633049964904785 0
1716893820620 0.45272278785705566 0
1716893821087 0.4525728225708008 0
1716893821559 0.45868802070617676 0
1716893822048 0.47460007667541504 0
1716893822539 0.4734489917755127 0
1716893823019 0.4666140079498291 0
1716893827458 1.2372829914093018 0
1716893827940 0.4752469062805176 0
1716893828431 0.4765918254852295 0
1716893828946 0.49665379524230957 0
1716893829442 0.4824409484863281 0
1716893829923 0.4689149856567383 0
1716893830434 0.48856592178344727 0
1716893830914 0.4660491943359375 0
1716893831378 0.45276308059692383 0
1716893831872 0.48299598693847656 0
1716893836692 1.2379150390625 0
1716893837193 0.47972702980041504 0
1716893837671 0.46508121490478516 0
1716893838176 0.49259114265441895 0
1716893838657 0.4740767478942871 0
1716893839182 0.4960901737213135 0
1716893839649 0.45831775665283203 0
1716893840161 0.4986917972564697 0
1716893840667 0.489426851272583 0
1716893841175 0.49633121490478516 0
1716893846234 1.3068571090698242 0
1716893846734 0.4912078380584717 0
1716893847215 0.4692502021789551 0
1716893847696 0.46921300888061523 0
1716893848168 0.4597179889678955 0
1716893848660 0.48323512077331543 0
1716893849123 0.45532989501953125 0
1716893849587 0.4554319381713867 0
1716893850082 0.48624110221862793 0
1716893850600 0.5080630779266357 0
1716893855814 1.29298996925354 0
1716893856305 0.4829859733581543 0
1716893856794 0.47678589820861816 0
1716893857283 0.4794600009918213 0
1716893857757 0.4607818126678467 0
1716893858229 0.45830726623535156 0
1716893858731 0.4895658493041992 0
1716893859244 0.5015649795532227 0
1716893859743 0.4814441204071045 0
1716893860226 0.46963000297546387 0
1716893865359 1.3052186965942383 0
1716893865887 0.5194108486175537 0
1716893866435 0.5311470031738281 0
1716893867004 0.5585787296295166 0
1716893867513 0.5014448165893555 0
1716893868031 0.5081319808959961 0
1716893868547 0.4968221187591553 0
1716893869173 0.6158039569854736 0
1716893869766 0.5785820484161377 0
1716893870304 0.5281131267547607 0
1716893876766 1.3398628234863281 0
1716893877258 0.48502016067504883 0
1716893877855 0.5781283378601074 0
1716893878437 0.565032958984375 0
1716893878996 0.5446698665618896 0
1716893879612 0.5997123718261719 0
1716893880231 0.6006999015808105 0
1716893880805 0.5637459754943848 0
1716893881389 0.5785017013549805 0
1716893881878 0.47714805603027344 0
1716893898476 3.2927749156951904 0
1716893899068 0.5864570140838623 0
1716893899620 0.539581298828125 0
1716893900103 0.47353672981262207 0
1716893900593 0.47851014137268066 0
1716893901089 0.4846830368041992 0
1716893901584 0.47672009468078613 0
1716893902084 0.4787600040435791 0
1716893902565 0.4678611755371094 0
1716893903038 0.45906805992126465 0
1716893908238 1.2052202224731445 0
1716893908715 0.4687528610229492 0
1716893909209 0.4822232723236084 0
1716893909674 0.452117919921875 0
1716893910145 0.46012401580810547 0
1716893910619 0.46248674392700195 0
1716893911117 0.4888429641723633 0
1716893911630 0.5060038566589355 0
1716893912144 0.49153995513916016 0
1716893912651 0.4996299743652344 0
1716893917895 1.2614309787750244 0
1716893918373 0.4695749282836914 0
1716893918867 0.44942498207092285 0
1716893919344 0.4671041965484619 0
1716893919851 0.4715282917022705 0
1716893920314 0.44825315475463867 0
1716893920792 0.46396803855895996 0
1716893921279 0.4738638401031494 0
1716893921782 0.4943561553955078 0
1716893922285 0.48334693908691406 0
1716893927598 1.2567079067230225 0
1716893928098 0.49322509765625 0
1716893928571 0.46147918701171875 0
1716893929048 0.45647215843200684 0
1716893929522 0.4606912136077881 0
1716893930000 0.46437716484069824 0
1716893930477 0.46187376976013184 0
1716893930972 0.48269200325012207 0
1716893931447 0.4594709873199463 0
1716893931928 0.47101306915283203 0
1716893936271 1.0643408298492432 0
1716893936764 0.4846968650817871 0
1716893937263 0.4871401786804199 0
1716893937738 0.46147823333740234 0
1716893938205 0.4564390182495117 0
1716893938683 0.4652080535888672 0
1716893939173 0.47756481170654297 0
1716893939692 0.4976952075958252 0
1716893940189 0.4836428165435791 0
1716893940709 0.5076580047607422 0
1716893946124 1.3033421039581299 0
1716893946611 0.47313714027404785 0
1716893947105 0.46228599548339844 0
1716893947576 0.45819807052612305 0
1716893948044 0.4570329189300537 0
1716893948573 0.5159401893615723 0
1716893949056 0.47150683403015137 0
1716893949552 0.4767448902130127 0
1716893950064 0.49445581436157227 0
1716893950564 0.48548007011413574 0
1716893956041 1.3932600021362305 0
1716893956562 0.5160677433013916 0
1716893957073 0.4906961917877197 0
1716893957565 0.48178720474243164 0
1716893958067 0.4891667366027832 0
1716893958547 0.4665379524230957 0
1716893959025 0.46497011184692383 0
1716893959522 0.48098111152648926 0
1716893960027 0.4892148971557617 0
1716893960525 0.4829680919647217 0
1716893965763 1.279466152191162 0
1716893966310 0.5390279293060303 0
1716893966844 0.5255069732666016 0
1716893967364 0.5073699951171875 0
1716893967851 0.4783458709716797 0
1716893968391 0.5220170021057129 0
1716893968898 0.49402427673339844 0
1716893969391 0.48084211349487305 0
1716893969878 0.47540712356567383 0
1716893970392 0.5024020671844482 0
1716893976561 1.4087531566619873 0
1716893977063 0.48796725273132324 0
1716893977571 0.493149995803833 0
1716893978067 0.48293185234069824 0
1716893978575 0.4963657855987549 0
1716893979058 0.4661087989807129 0
1716893979570 0.49248600006103516 0
1716893980057 0.4724581241607666 0
1716893980562 0.4912731647491455 0
1716893981067 0.4843142032623291 0
1716893986748 1.4403760433197021 0
1716893987262 0.5065460205078125 0
1716893987793 0.5191290378570557 0
1716893988285 0.47878098487854004 0
1716893988783 0.4875447750091553 0
1716893989374 0.5608880519866943 0
1716893989875 0.47083187103271484 0
1716893990401 0.5177230834960938 0
1716893990948 0.5233011245727539 0
1716893991449 0.49262285232543945 0
1716893996883 1.247300148010254 0
1716893997366 0.4735450744628906 0
1716893997859 0.46195387840270996 0
1716893998324 0.45348191261291504 0
1716893998824 0.47614002227783203 0
1716893999298 0.4612109661102295 0
1716893999792 0.4822511672973633 0
1716894000268 0.4616999626159668 0
1716894000763 0.47338390350341797 0
1716894001246 0.4710102081298828 0
1716894006539 1.3757848739624023 0
1716894007058 0.5075218677520752 0
1716894007563 0.4923088550567627 0
1716894008056 0.4809410572052002 0
1716894008524 0.45455408096313477 0
1716894009029 0.47660112380981445 0
1716894009515 0.4704780578613281 0
1716894009999 0.46830105781555176 0
1716894010499 0.48264408111572266 0
1716894011052 0.5395660400390625 0
1716894015885 1.2928941249847412 0
1716894016377 0.4833979606628418 0
1716894016848 0.4581141471862793 0
1716894017342 0.4734828472137451 0
1716894017809 0.4542977809906006 0
1716894018283 0.46180081367492676 0
1716894018768 0.4692811965942383 0
1716894019250 0.46849894523620605 0
1716894019709 0.4471621513366699 0
1716894020175 0.4509589672088623 0
1716894024997 1.262751817703247 0
1716894025483 0.48032474517822266 0
1716894026008 0.5109810829162598 0
1716894026521 0.5010318756103516 0
1716894027016 0.47976088523864746 0
1716894027542 0.5075411796569824 0
1716894028080 0.5211930274963379 0
1716894028596 0.4979279041290283 0
1716894029081 0.4734790325164795 0
1716894029614 0.5097110271453857 0
1716894035289 1.2877986431121826 0
1716894035786 0.4891700744628906 0
1716894036273 0.4742097854614258 0
1716894036773 0.48625993728637695 0
1716894037253 0.46694087982177734 0
1716894037742 0.4704110622406006 0
1716894038237 0.4745631217956543 0
1716894038740 0.4930539131164551 0
1716894039266 0.5173487663269043 0
1716894039817 0.5253260135650635 0
1716894045764 1.4014108180999756 0
1716894046261 0.4888169765472412 0
1716894046785 0.5110902786254883 0
1716894047306 0.5098161697387695 0
1716894047799 0.47655487060546875 0
1716894048288 0.47525787353515625 0
1716894048810 0.5118882656097412 0
1716894049329 0.5070080757141113 0
1716894049855 0.4999258518218994 0
1716894050465 0.5892641544342041 0
1716894055685 1.1901142597198486 0
1716894056174 0.4840409755706787 0
1716894056656 0.47147703170776367 0
1716894057151 0.48262476921081543 0
1716894057639 0.47334980964660645 0
1716894058148 0.5021870136260986 0
1716894058708 0.553023099899292 0
1716894059277 0.5577850341796875 0
1716894059779 0.4752340316772461 0
1716894060269 0.4675891399383545 0
1716894065659 1.345966100692749 0
1716894066171 0.49811315536499023 0
1716894066655 0.47123193740844727 0
1716894067148 0.4794800281524658 0
1716894067634 0.47345900535583496 0
1716894068112 0.46395397186279297 0
1716894068618 0.4853391647338867 0
1716894069111 0.48142099380493164 0
1716894069611 0.487781286239624 0
1716894070105 0.47574782371520996 0
1716894075506 1.2637357711791992 0
1716894076007 0.4926881790161133 0
1716894076533 0.5103659629821777 0
1716894077047 0.503410816192627 0
1716894077538 0.47756171226501465 0
1716894078022 0.46451401710510254 0
1716894078513 0.47776293754577637 0
1716894079015 0.48918604850769043 0
1716894079522 0.49422788619995117 0
1716894080047 0.5092768669128418 0
1716894085155 1.2819719314575195 0
1716894085653 0.48523378372192383 0
1716894086170 0.4813723564147949 0
1716894086639 0.4561331272125244 0
1716894087108 0.4542090892791748 0
1716894087582 0.45821332931518555 0
1716894088038 0.4437751770019531 0
1716894088510 0.45477294921875 0
1716894088975 0.44826817512512207 0
1716894089453 0.46599602699279785 0
1716894093773 1.0548222064971924 0
1716894094252 0.47046613693237305 0
1716894094722 0.45676517486572266 0
1716894095203 0.4549891948699951 0
1716894095689 0.47068309783935547 0
1716894096178 0.47410106658935547 0
1716894096659 0.4682910442352295 0
1716894097128 0.45492100715637207 0
1716894097599 0.4553389549255371 0
1716894098110 0.4863407611846924 0
1716894102351 1.1184313297271729 0
1716894102841 0.4821193218231201 0
1716894103361 0.5027000904083252 0
1716894103847 0.4720489978790283 0
1716894104393 0.5366499423980713 0
1716894104896 0.49209117889404297 0
1716894105421 0.49832677841186523 0
1716894105897 0.46307873725891113 0
1716894106380 0.4639458656311035 0
1716894106854 0.46169614791870117 0
1716894112141 1.2864439487457275 0
1716894112688 0.5166821479797363 0
1716894113186 0.48615193367004395 0
1716894113697 0.49946093559265137 0
1716894114178 0.4667928218841553 0
1716894114658 0.4698657989501953 0
1716894115155 0.4862949848175049 0
1716894115640 0.4715120792388916 0
1716894116156 0.5049347877502441 0
1716894116667 0.4974842071533203 0
1716894122151 1.2263422012329102 0
1716894122630 0.4696171283721924 0
1716894123101 0.459104061126709 0
1716894123631 0.5222840309143066 0
1716894124197 0.5567162036895752 0
1716894124829 0.6259939670562744 0
1716894125397 0.5599701404571533 0
1716894125956 0.543452262878418 0
1716894126488 0.524406909942627 0
1716894126980 0.48348116874694824 0
1716894132434 1.2834348678588867 0
1716894132942 0.501474142074585 0
1716894133429 0.4746742248535156 0
1716894133923 0.48407912254333496 0
1716894134395 0.46014404296875 0
1716894134922 0.5076489448547363 0
1716894135401 0.4708089828491211 0
1716894135895 0.47203707695007324 0
1716894136378 0.46882200241088867 0
1716894136876 0.486041784286499 0
1716894142587 1.3933498859405518 0
1716894143076 0.48235011100769043 0
1716894143607 0.520827054977417 0
1716894144120 0.4961421489715576 0
1716894144616 0.48627400398254395 0
1716894145088 0.45902299880981445 0
1716894145589 0.48689794540405273 0
1716894146071 0.4615139961242676 0
1716894146541 0.45845675468444824 0
1716894147053 0.4987950325012207 0
1716894152134 1.1507909297943115 0
1716894152635 0.4926459789276123 0
1716894153128 0.4806058406829834 0
1716894153609 0.4686269760131836 0
1716894154076 0.45295214653015137 0
1716894154552 0.4626498222351074 0
1716894155025 0.45990514755249023 0
1716894155521 0.4837019443511963 0
1716894156015 0.4775209426879883 0
1716894156504 0.4673731327056885 0
1716894161830 1.2890007495880127 0
1716894162341 0.5030369758605957 0
1716894162837 0.4855680465698242 0
1716894163339 0.48337888717651367 0
1716894163825 0.47423601150512695 0
1716894164314 0.47649216651916504 0
1716894164793 0.464353084564209 0
1716894165275 0.4645400047302246 0
1716894165756 0.4679710865020752 0
1716894166265 0.4947671890258789 0
1716894172078 1.331299066543579 0
1716894172578 0.49210309982299805 0
1716894173077 0.4853229522705078 0
1716894173607 0.5155000686645508 0
1716894174144 0.5295798778533936 0
1716894174620 0.464069128036499 0
1716894175119 0.4862101078033447 0
1716894175619 0.4750399589538574 0
1716894176094 0.4591400623321533 0
1716894176582 0.4759829044342041 0
1716894181949 1.3725619316101074 0
1716894182497 0.5407586097717285 0
1716894183022 0.5064139366149902 0
1716894183570 0.5401921272277832 0
1716894184040 0.4651670455932617 0
1716894184527 0.47545599937438965 0
1716894185016 0.48424720764160156 0
1716894185544 0.5175092220306396 0
1716894186040 0.4875001907348633 0
1716894186533 0.48135876655578613 0
1716894191795 1.2686419486999512 0
1716894192294 0.48986291885375977 0
1716894192795 0.4897959232330322 0
1716894193267 0.45969629287719727 0
1716894193753 0.4713168144226074 0
1716894194243 0.48000407218933105 0
1716894194717 0.46033501625061035 0
1716894195210 0.4833950996398926 0
1716894195733 0.5126218795776367 0
1716894196228 0.47298288345336914 0
1716894201541 1.255924940109253 0
1716894202012 0.4669649600982666 0
1716894202549 0.5232939720153809 0
1716894203105 0.5393939018249512 0
1716894203598 0.4852027893066406 0
1716894204099 0.4824178218841553 0
1716894204577 0.46259093284606934 0
1716894205046 0.45503997802734375 0
1716894205519 0.4608440399169922 0
1716894206001 0.46855711936950684 0
1716894210555 1.0907928943634033 0
1716894211053 0.4687049388885498 0
1716894211542 0.45976710319519043 0
1716894212035 0.4776599407196045 0
1716894212519 0.47052907943725586 0
1716894213011 0.47145509719848633 0
1716894213513 0.48934078216552734 0
1716894213990 0.4660019874572754 0
1716894214509 0.5030710697174072 0
1716894215017 0.4958689212799072 0
1716894220651 1.3627557754516602 0
1716894221140 0.4846768379211426 0
1716894221639 0.4911932945251465 0
1716894222149 0.48154282569885254 0
1716894222668 0.5105240345001221 0
1716894223244 0.5702676773071289 0
1716894223803 0.5106401443481445 0
1716894224316 0.5007569789886475 0
1716894224850 0.5221161842346191 0
1716894225446 0.5652401447296143 0
1716894230866 1.2512218952178955 0
1716894231358 0.4868748188018799 0
1716894231880 0.48715782165527344 0
1716894232401 0.4873771667480469 0
1716894232889 0.47298216819763184 0
1716894233382 0.4770689010620117 0
1716894233874 0.4788973331451416 0
1716894234384 0.49278831481933594 0
1716894234882 0.47394895553588867 0
1716894235432 0.5252079963684082 0
1716894240629 1.2785053253173828 0
1716894241118 0.48340702056884766 0
1716894241611 0.4748988151550293 0
1716894242125 0.5002119541168213 0
1716894242617 0.47189903259277344 0
1716894243132 0.5021970272064209 0
1716894243629 0.4898030757904053 0
1716894244104 0.465451717376709 0
1716894244611 0.5005860328674316 0
1716894245102 0.4801359176635742 0
1716894250220 1.1947352886199951 0
1716894250695 0.4613461494445801 0
1716894251157 0.4511682987213135 0
1716894251654 0.48096609115600586 0
1716894252153 0.4874272346496582 0
1716894252645 0.48221707344055176 0
1716894253146 0.48126983642578125 0
1716894253675 0.5051178932189941 0
1716894254165 0.4780559539794922 0
1716894254655 0.4759640693664551 0
1716894260754 1.3280839920043945 0
1716894261243 0.48264312744140625 0
1716894261761 0.49750399589538574 0
1716894262299 0.5276949405670166 0
1716894262809 0.49925804138183594 0
1716894263286 0.46836185455322266 0
1716894263800 0.4752488136291504 0
1716894264379 0.49360203742980957 0
1716894264884 0.4926328659057617 0
1716894265384 0.487626314163208 0
1716894270508 1.2435362339019775 0
1716894271000 0.480288028717041 0
1716894271530 0.5093491077423096 0
1716894272018 0.4735908508300781 0
1716894272510 0.48023509979248047 0
1716894273030 0.5069289207458496 0
1716894273522 0.47901391983032227 0
1716894274003 0.47359371185302734 0
1716894274485 0.46939706802368164 0
1716894275060 0.5635452270507812 0
1716894280304 1.2658929824829102 0
1716894280796 0.4845011234283447 0
1716894281277 0.4715590476989746 0
1716894281767 0.4699399471282959 0
1716894282281 0.49372315406799316 0
1716894282777 0.47951483726501465 0
1716894283265 0.47451019287109375 0
1716894283820 0.5473101139068604 0
1716894284359 0.5229902267456055 0
1716894284879 0.48958611488342285 0
1716894290904 1.3609349727630615 0
1716894291422 0.5088708400726318 0
1716894291910 0.47652673721313477 0
1716894292397 0.47481393814086914 0
1716894292894 0.4727060794830322 0
1716894293397 0.4902970790863037 0
1716894293925 0.5157260894775391 0
1716894294430 0.4953322410583496 0
1716894294991 0.532282829284668 0
1716894295549 0.5480208396911621 0
1716894301155 1.2520110607147217 0
1716894301646 0.4845082759857178 0
1716894302121 0.46300792694091797 0
1716894302620 0.48224687576293945 0
1716894303121 0.47991013526916504 0
1716894303612 0.4770040512084961 0
1716894304090 0.4702608585357666 0
1716894304590 0.4930400848388672 0
1716894305089 0.4795989990234375 0
1716894305577 0.47467899322509766 0
1716894333908 10.700042009353638 0
1716894334779 0.8670721054077148 0
1716894335361 0.5781235694885254 0
1716894335947 0.5795648097991943 0
1716894336469 0.5166149139404297 0
1716894336988 0.511756181716919 0
1716894337492 0.49179697036743164 0
1716894338017 0.509058952331543 0
1716894338508 0.48097991943359375 0
1716894339024 0.505295991897583 0
1716894346395 1.530982255935669 0
1716894346968 0.564079761505127 0
1716894347442 0.4690561294555664 0
1716894347960 0.5128319263458252 0
1716894348476 0.5099649429321289 0
1716894349003 0.5202548503875732 0
1716894349463 0.4548158645629883 0
1716894349926 0.454470157623291 0
1716894350399 0.46140599250793457 0
1716894350853 0.4417262077331543 0
1716894356211 1.263991117477417 0
1716894356712 0.4967529773712158 0
1716894357236 0.5132458209991455 0
1716894357738 0.4943230152130127 0
1716894358295 0.5492300987243652 0
1716894358838 0.534700870513916 0
1716894359480 0.6295199394226074 0
1716894360030 0.5225789546966553 0
1716894360557 0.5138759613037109 0
1716894361021 0.45679688453674316 0
1716894368797 1.639167070388794 0
1716894369431 0.6262350082397461 0
1716894370032 0.5919368267059326 0
1716894370600 0.5611369609832764 0
1716894371075 0.47054195404052734 0
1716894371603 0.512059211730957 0
1716894372126 0.5077440738677979 0
1716894372631 0.49440479278564453 0
1716894373165 0.5288698673248291 0
1716894373646 0.4698219299316406 0
1716894379934 1.2968039512634277 0
1716894380411 0.47086000442504883 0
1716894380939 0.5139899253845215 0
1716894381474 0.5207440853118896 0
1716894382005 0.5102980136871338 0
1716894382534 0.5132439136505127 0
1716894383029 0.4751160144805908 0
1716894383502 0.461392879486084 0
1716894383985 0.46384596824645996 0
1716894384455 0.45778703689575195 0
1716894389794 1.2716128826141357 0
1716894390313 0.5038447380065918 0
1716894390805 0.4778618812561035 0
1716894391284 0.46744489669799805 0
1716894391789 0.495513916015625 0
1716894392338 0.5318548679351807 0
1716894392838 0.485004186630249 0
1716894393367 0.5150599479675293 0
1716894393843 0.46721887588500977 0
1716894394380 0.5244259834289551 0
1716894400722 1.3995447158813477 0
1716894401238 0.5106067657470703 0
1716894401721 0.4712340831756592 0
1716894402220 0.4849662780761719 0
1716894402720 0.4725949764251709 0
1716894403235 0.5046079158782959 0
1716894403762 0.510854959487915 0
1716894404255 0.4817979335784912 0
1716894404739 0.47011518478393555 0
1716894405234 0.4825408458709717 0
1716894411077 1.2809560298919678 0
1716894411573 0.4726748466491699 0
1716894412087 0.5047464370727539 0
1716894412584 0.48424696922302246 0
1716894413119 0.5234179496765137 0
1716894413605 0.46895909309387207 0
1716894414088 0.47342371940612793 0
1716894414577 0.47864603996276855 0
1716894415050 0.459151029586792 0
1716894415518 0.4553492069244385 0
1716894420581 1.2596368789672852 0
1716894421055 0.467451810836792 0
1716894421543 0.4776439666748047 0
1716894422041 0.4822499752044678 0
1716894422522 0.4587099552154541 0
1716894423008 0.474865198135376 0
1716894423537 0.516516923904419 0
1716894424019 0.47615790367126465 0
1716894424517 0.49029994010925293 0
1716894425000 0.46773600578308105 0
1716894430335 1.2507741451263428 0
1716894430830 0.4861009120941162 0
1716894431309 0.4675140380859375 0
1716894431793 0.4718160629272461 0
1716894432272 0.46274590492248535 0
1716894432758 0.46807098388671875 0
1716894433264 0.49199509620666504 0
1716894433751 0.47020602226257324 0
1716894434250 0.48290181159973145 0
1716894434741 0.4738149642944336 0
1716894439959 1.2426698207855225 0
1716894440436 0.46776390075683594 0
1716894440904 0.4546630382537842 0
1716894441368 0.45160603523254395 0
1716894441866 0.4850962162017822 0
1716894442396 0.5209629535675049 0
1716894442911 0.5043258666992188 0
1716894443413 0.48291468620300293 0
1716894443967 0.5443639755249023 0
1716894444498 0.5179049968719482 0
1716894450092 1.2575879096984863 0
1716894450602 0.4934720993041992 0
1716894451084 0.46650099754333496 0
1716894451566 0.45834898948669434 0
1716894452052 0.4740328788757324 0
1716894452524 0.45833277702331543 0
1716894453022 0.48716306686401367 0
1716894453553 0.5194580554962158 0
1716894454051 0.48476481437683105 0
1716894454538 0.4739377498626709 0
1716894459799 1.2698380947113037 0
1716894460281 0.4729771614074707 0
1716894460770 0.4769279956817627 0
1716894461244 0.46295690536499023 0
1716894461740 0.47976088523864746 0
1716894462247 0.49672412872314453 0
1716894462711 0.45507311820983887 0
1716894463234 0.5131580829620361 0
1716894463760 0.5067260265350342 0
1716894464266 0.49364209175109863 0
1716894469783 1.2254021167755127 0
1716894470284 0.49312686920166016 0
1716894470828 0.5328860282897949 0
1716894471385 0.5443282127380371 0
1716894471892 0.49524521827697754 0
1716894472404 0.49908900260925293 0
1716894472900 0.4781687259674072 0
1716894473395 0.483245849609375 0
1716894473881 0.46456098556518555 0
1716894474344 0.45371007919311523 0
1716894479601 1.2586939334869385 0
1716894480108 0.4984779357910156 0
1716894480590 0.47170305252075195 0
1716894481084 0.48010802268981934 0
1716894481559 0.4588449001312256 0
1716894482028 0.45914411544799805 0
1716894482510 0.4613509178161621 0
1716894482970 0.44763803482055664 0
1716894483463 0.4767169952392578 0
1716894483931 0.4625418186187744 0
1716894489219 1.274501085281372 0
1716894489709 0.4816009998321533 0
1716894490190 0.4639933109283447 0
1716894490670 0.45527124404907227 0
1716894491137 0.45351314544677734 0
1716894491632 0.4795691967010498 0
1716894492137 0.4950590133666992 0
1716894492631 0.48185110092163086 0
1716894493098 0.4560060501098633 0
1716894493583 0.47237205505371094 0
1716894498646 1.2746000289916992 0
1716894499150 0.49237489700317383 0
1716894499651 0.4892899990081787 0
1716894500136 0.4753091335296631 0
1716894500599 0.447796106338501 0
1716894501084 0.4737119674682617 0
1716894501552 0.4509131908416748 0
1716894502019 0.4570808410644531 0
1716894502490 0.45167994499206543 0
1716894502958 0.45484209060668945 0
1716894507296 1.0215017795562744 0
1716894507770 0.46436405181884766 0
1716894508252 0.46663808822631836 0
1716894508733 0.4665946960449219 0
1716894509260 0.5146028995513916 0
1716894509760 0.48871803283691406 0
1716894510252 0.4806699752807617 0
1716894510736 0.47325968742370605 0
1716894511223 0.47822022438049316 0
1716894511731 0.4931471347808838 0
1716894516274 1.1935949325561523 0
1716894516750 0.46852612495422363 0
1716894517251 0.48915600776672363 0
1716894517769 0.5069549083709717 0
1716894518270 0.4901108741760254 0
1716894518779 0.4953789710998535 0
1716894519289 0.48212504386901855 0
1716894519798 0.5015108585357666 0
1716894520286 0.4768490791320801 0
1716894520760 0.4605748653411865 0
1716894525969 1.2097232341766357 0
1716894526451 0.4743330478668213 0
1716894527012 0.4992861747741699 0
1716894527517 0.4961988925933838 0
1716894528039 0.5096259117126465 0
1716894528541 0.47032904624938965 0
1716894529050 0.5032401084899902 0
1716894529585 0.5204977989196777 0
1716894530065 0.4740281105041504 0
1716894530553 0.475435733795166 0
1716894535671 1.255760908126831 0
1716894536149 0.4618508815765381 0
1716894536652 0.4901111125946045 0
1716894537208 0.5413999557495117 0
1716894537723 0.5045340061187744 0
1716894538207 0.4694788455963135 0
1716894538671 0.4514119625091553 0
1716894539159 0.47536206245422363 0
1716894539641 0.47134900093078613 0
1716894540149 0.5010199546813965 0
1716894545838 1.3658921718597412 0
1716894546334 0.48850393295288086 0
1716894546879 0.5369510650634766 0
1716894547387 0.49779725074768066 0
1716894547900 0.5035080909729004 0
1716894548426 0.5131380558013916 0
1716894548912 0.4765329360961914 0
1716894549458 0.5326268672943115 0
1716894550008 0.5389080047607422 0
1716894550505 0.49135327339172363 0
1716894556181 1.3218460083007812 0
1716894556668 0.47928810119628906 0
1716894557151 0.47059011459350586 0
1716894557671 0.5116331577301025 0
1716894558167 0.48470091819763184 0
1716894558677 0.49794626235961914 0
1716894559201 0.49163317680358887 0
1716894559711 0.49698305130004883 0
1716894560211 0.48403000831604004 0
1716894560697 0.4759516716003418 0
1716894566846 1.5378761291503906 0
1716894567375 0.5219998359680176 0
1716894567953 0.5671007633209229 0
1716894568541 0.5739419460296631 0
1716894569039 0.4865071773529053 0
1716894569558 0.5020918846130371 0
1716894570040 0.4724700450897217 0
1716894570533 0.48072385787963867 0
1716894571049 0.5047509670257568 0
1716894571556 0.4921841621398926 0
1716894576948 1.2973108291625977 0
1716894577461 0.5032989978790283 0
1716894577939 0.46596813201904297 0
1716894578428 0.47293996810913086 0
1716894578932 0.4912300109863281 0
1716894579500 0.5517289638519287 0
1716894580077 0.5655059814453125 0
1716894580625 0.5413949489593506 0
1716894581198 0.5588552951812744 0
1716894581765 0.5572988986968994 0
1716894588072 1.2314879894256592 0
1716894588587 0.5065619945526123 0
1716894589084 0.47742700576782227 0
1716894589556 0.4612760543823242 0
1716894590028 0.46041321754455566 0
1716894590514 0.47144293785095215 0
1716894590983 0.4543159008026123 0
1716894591473 0.4698641300201416 0
1716894591964 0.4711148738861084 0
1716894592429 0.452207088470459 0
1716894597690 1.2472219467163086 0
1716894598167 0.4660029411315918 0
1716894598640 0.4639577865600586 0
1716894599163 0.47878193855285645 0
1716894599631 0.45621800422668457 0
1716894600114 0.4713461399078369 0
1716894600580 0.45340800285339355 0
1716894601058 0.4652879238128662 0
1716894601536 0.45720624923706055 0
1716894602027 0.4782710075378418 0
1716894607650 1.2078850269317627 0
1716894608126 0.4677586555480957 0
1716894608635 0.49649477005004883 0
1716894609126 0.4707200527191162 0
1716894609608 0.47185182571411133 0
1716894610089 0.46770715713500977 0
1716894610561 0.4592280387878418 0
1716894611039 0.46351122856140137 0
1716894611518 0.46625804901123047 0
1716894612023 0.48935914039611816 0
1716894617190 1.2817206382751465 0
1716894617685 0.4864659309387207 0
1716894618189 0.47130584716796875 0
1716894618664 0.46431493759155273 0
1716894619146 0.46906304359436035 0
1716894619623 0.464979887008667 0
1716894620092 0.45572400093078613 0
1716894620576 0.47136425971984863 0
1716894621072 0.4756581783294678 0
1716894621539 0.45398712158203125 0
1716894626125 1.0960209369659424 0
1716894626611 0.4808943271636963 0
1716894627112 0.48195409774780273 0
1716894627608 0.4871249198913574 0
1716894628102 0.48433899879455566 0
1716894628582 0.4731769561767578 0
1716894629062 0.46836090087890625 0
1716894629547 0.4727029800415039 0
1716894630025 0.4629051685333252 0
1716894630506 0.46730685234069824 0
1716894635585 1.0802111625671387 0
1716894636069 0.47678208351135254 0
1716894636561 0.47905516624450684 0
1716894637038 0.4617159366607666 0
1716894637505 0.45414113998413086 0
1716894637989 0.471668004989624 0
1716894638492 0.47305893898010254 0
1716894638987 0.482332706451416 0
1716894639492 0.48217272758483887 0
1716894639983 0.4774458408355713 0
1716894645178 1.3002088069915771 0
1716894645666 0.4802210330963135 0
1716894646157 0.4801647663116455 0
1716894646644 0.47341179847717285 0
1716894647104 0.44136619567871094 0
1716894647561 0.44875383377075195 0
1716894648068 0.49665307998657227 0
1716894648589 0.5082721710205078 0
1716894649066 0.4727602005004883 0
1716894649571 0.47316598892211914 0
1716894654904 1.2806289196014404 0
1716894655424 0.5119471549987793 0
1716894655927 0.49291419982910156 0
1716894656425 0.48083972930908203 0
1716894656892 0.4595613479614258 0
1716894657383 0.47069478034973145 0
1716894657850 0.4547450542449951 0
1716894658320 0.4573540687561035 0
1716894658806 0.47409701347351074 0
1716894659285 0.46562886238098145 0
1716894664443 1.2929489612579346 0
1716894664915 0.4668269157409668 0
1716894665410 0.4850947856903076 0
1716894665906 0.4821619987487793 0
1716894666399 0.4813880920410156 0
1716894666888 0.4743380546569824 0
1716894667410 0.49048805236816406 0
1716894667943 0.5199089050292969 0
1716894668424 0.4698169231414795 0
1716894668944 0.5108177661895752 0
1716894674422 1.2601521015167236 0
1716894674895 0.46530580520629883 0
1716894675402 0.4908418655395508 0
1716894675893 0.47971200942993164 0
1716894676410 0.4826843738555908 0
1716894676901 0.4627039432525635 0
1716894677366 0.4565708637237549 0
1716894677859 0.47942113876342773 0
1716894678338 0.46744275093078613 0
1716894678852 0.49304986000061035 0
1716894684029 1.2347157001495361 0
1716894684518 0.4808368682861328 0
1716894685005 0.47405409812927246 0
1716894685489 0.46537327766418457 0
1716894685962 0.4598510265350342 0
1716894686475 0.49777889251708984 0
1716894686996 0.5064442157745361 0
1716894687522 0.5134670734405518 0
1716894688011 0.48131680488586426 0
1716894688567 0.5441799163818359 0
1716894694732 1.2977850437164307 0
1716894695228 0.4881479740142822 0
1716894695736 0.4888482093811035 0
1716894696240 0.4930129051208496 0
1716894696771 0.5048398971557617 0
1716894697603 0.8265590667724609 0
1716894698220 0.6034359931945801 0
1716894698757 0.5277581214904785 0
1716894699270 0.5058398246765137 0
1716894699738 0.45005083084106445 0
1716894706927 1.5890929698944092 0
1716894707442 0.5069282054901123 0
1716894707998 0.5498101711273193 0
1716894708574 0.540294885635376 0
1716894709106 0.49660706520080566 0
1716894709598 0.4849090576171875 0
1716894710093 0.48825907707214355 0
1716894710585 0.4822812080383301 0
1716894711096 0.489044189453125 0
1716894711586 0.4853391647338867 0
