1716306404225 1.0 0
1716306435063 2.0 0
1716306451021 3.0 0
1716306461615 4.0 0
1716306474593 5.0 0
1716306489359 6.0 0
1716306495474 7.0 0
1716306504001 8.0 0
1716306508313 9.0 0
1716306516699 10.0 0
1716306537096 11.0 0
1716306549696 12.0 0
1716306558129 13.0 0
1716306569827 14.0 0
1716306578043 15.0 0
1716306589000 16.0 0
1716306602519 17.0 0
1716306615464 18.0 0
1716306621865 19.0 0
1716306630058 20.0 0
1716306647795 21.0 0
1716306658533 22.0 0
1716306671945 23.0 0
1716306686407 24.0 0
1716306695681 25.0 0
1716306706605 26.0 0
1716306715997 27.0 0
1716306728288 28.0 0
1716306736357 29.0 0
1716306744398 30.0 0
1716306761967 31.0 0
1716306773925 32.0 0
1716306784309 33.0 0
1716306794263 34.0 0
1716306802758 35.0 0
1716306812273 36.0 0
1716306820415 37.0 0
1716306834389 38.0 0
1716306844911 39.0 0
1716306854962 40.0 0
1716306883112 41.0 0
1716306897650 42.0 0
1716306907463 43.0 0
1716306918447 44.0 0
1716306928554 45.0 0
1716306944306 46.0 0
1716306959954 47.0 0
1716306974993 48.0 0
1716306983696 49.0 0
1716306994957 50.0 0
1716307023096 51.0 0
1716307033382 52.0 0
1716307047495 53.0 0
1716307059471 54.0 0
1716307072294 55.0 0
1716307084765 56.0 0
1716307097764 57.0 0
1716307108999 58.0 0
1716307120837 59.0 0
1716307134775 60.0 0
1716307151309 61.0 0
1716307163406 62.0 0
1716307169436 63.0 0
1716307181985 64.0 0
1716307195297 65.0 0
1716307207936 66.0 0
1716307218148 67.0 0
1716307227116 68.0 0
1716307234467 69.0 0
1716307242123 70.0 0
1716307258767 71.0 0
1716307275320 72.0 0
1716307286614 73.0 0
1716307298979 74.0 0
1716307307422 75.0 0
1716307318735 76.0 0
1716307329643 77.0 0
1716307344319 78.0 0
1716307356127 79.0 0
1716307366140 80.0 0
1716307383627 81.0 0
1716307395140 82.0 0
1716307406969 83.0 0
1716307418277 84.0 0
1716307427597 85.0 0
1716307439021 86.0 0
1716307448478 87.0 0
1716307458576 88.0 0
1716307466474 89.0 0
1716307476125 90.0 0
1716307491024 91.0 0
1716307498923 92.0 0
1716307503689 93.0 0
1716307509543 94.0 0
1716307515226 95.0 0
1716307522720 96.0 0
1716307526436 97.0 0
1716307535885 98.0 0
1716307540154 99.0 0
1716307549562 100.0 0
1716307568748 101.0 0
1716307579392 102.0 0
1716307589018 103.0 0
1716307598650 104.0 0
1716307608701 105.0 0
1716307619210 106.0 0
1716307627555 107.0 0
1716307636754 108.0 0
1716307648334 109.0 0
1716307662639 110.0 0
1716307681333 111.0 0
1716307695609 112.0 0
1716307705244 113.0 0
1716307716310 114.0 0
1716307725463 115.0 0
1716307736523 116.0 0
1716307744929 117.0 0
1716307754978 118.0 0
1716307759752 119.0 0
1716307765313 120.0 0
1716307786620 121.0 0
1716307797939 122.0 0
1716307808668 123.0 0
1716307818914 124.0 0
1716307823932 125.0 0
1716307837363 126.0 0
1716307844301 127.0 0
1716307855609 128.0 0
1716307861507 129.0 0
1716307871213 130.0 0
1716307890838 131.0 0
1716307897152 132.0 0
1716307901503 133.0 0
1716307911579 134.0 0
1716307919741 135.0 0
1716307928517 136.0 0
1716307936120 137.0 0
1716307947374 138.0 0
1716307957316 139.0 0
1716307971882 140.0 0
1716307986134 141.0 0
1716307996408 142.0 0
1716308004038 143.0 0
1716308010555 144.0 0
1716308015485 145.0 0
1716308024693 146.0 0
1716308034807 147.0 0
1716308046253 148.0 0
1716308058065 149.0 0
1716308067343 150.0 0
1716308080781 151.0 0
1716308086416 152.0 0
1716308090362 153.0 0
1716308096381 154.0 0
1716308100558 155.0 0
1716308107845 156.0 0
1716308111953 157.0 0
1716308117386 158.0 0
1716308121848 159.0 0
1716308132588 160.0 0
1716308145793 161.0 0
1716308153375 162.0 0
1716308159891 163.0 0
1716308167248 164.0 0
1716308172391 165.0 0
1716308180847 166.0 0
1716308188419 167.0 0
1716308200666 168.0 0
1716308213598 169.0 0
1716308223239 170.0 0
1716308241854 171.0 0
1716308251664 172.0 0
1716308260909 173.0 0
1716308271429 174.0 0
1716308278857 175.0 0
1716308289733 176.0 0
1716308299794 177.0 0
1716308308115 178.0 0
1716308312682 179.0 0
1716308319132 180.0 0
1716308340633 181.0 0
1716308351488 182.0 0
1716308358578 183.0 0
1716308365260 184.0 0
1716308371183 185.0 0
1716308382963 186.0 0
1716308388382 187.0 0
1716308396625 188.0 0
1716308401905 189.0 0
1716308412717 190.0 0
1716308426879 191.0 0
1716308436696 192.0 0
1716308440608 193.0 0
1716308449075 194.0 0
1716308453177 195.0 0
1716308465696 196.0 0
1716308475051 197.0 0
1716308485479 198.0 0
1716308496876 199.0 0
1716308506155 200.0 0
1716308522719 201.0 0
1716308531618 202.0 0
1716308539699 203.0 0
1716308545370 204.0 0
1716308553971 205.0 0
1716308559365 206.0 0
1716308565126 207.0 0
1716308572413 208.0 0
1716308576532 209.0 0
1716308583869 210.0 0
1716308598143 211.0 0
1716308607776 212.0 0
1716308616365 213.0 0
1716308625369 214.0 0
1716308637665 215.0 0
1716308646533 216.0 0
1716308650477 217.0 0
1716308659710 218.0 0
1716308668491 219.0 0
1716308673691 220.0 0
1716308695373 221.0 0
1716308706132 222.0 0
1716308712758 223.0 0
1716308718367 224.0 0
1716308723117 225.0 0
1716308734309 226.0 0
1716308741546 227.0 0
1716308747908 228.0 0
1716308752523 229.0 0
1716308762027 230.0 0
1716308781756 231.0 0
1716308792463 232.0 0
1716308800145 233.0 0
1716308811789 234.0 0
1716308819340 235.0 0
1716308827743 236.0 0
1716308836722 237.0 0
1716308846742 238.0 0
1716308853804 239.0 0
1716308860042 240.0 0
1716308875961 241.0 0
1716308885530 242.0 0
1716308892348 243.0 0
1716308901044 244.0 0
1716308910388 245.0 0
1716308921054 246.0 0
1716308931427 247.0 0
1716308941005 248.0 0
1716308948583 249.0 0
1716308954823 250.0 0
1716308974002 251.0 0
1716308983474 252.0 0
1716308995731 253.0 0
1716309005498 254.0 0
1716309012550 255.0 0
1716309019664 256.0 0
1716309028787 257.0 0
1716309036405 258.0 0
1716309040117 259.0 0
1716309047931 260.0 0
1716309065689 261.0 0
1716309076419 262.0 0
1716309085124 263.0 0
1716309094959 264.0 0
1716309102058 265.0 0
1716309112518 266.0 0
1716309117337 267.0 0
1716309125217 268.0 0
1716309133661 269.0 0
1716309145751 270.0 0
1716309162811 271.0 0
1716309177357 272.0 0
1716309187751 273.0 0
1716309198248 274.0 0
1716309209273 275.0 0
1716309220892 276.0 0
1716309231678 277.0 0
1716309242788 278.0 0
1716309255080 279.0 0
1716309265174 280.0 0
1716309283614 281.0 0
1716309294903 282.0 0
1716309302311 283.0 0
1716309308220 284.0 0
1716309312540 285.0 0
1716309320843 286.0 0
1716309324960 287.0 0
1716309330128 288.0 0
1716309334423 289.0 0
1716309344196 290.0 0
1716309358667 291.0 0
1716309368933 292.0 0
1716309380732 293.0 0
1716309391021 294.0 0
1716309398257 295.0 0
1716309407263 296.0 0
1716309415026 297.0 0
1716309421796 298.0 0
1716309428118 299.0 0
1716309434346 300.0 0
1716309449902 301.0 0
1716309460045 302.0 0
1716309469609 303.0 0
1716309476914 304.0 0
1716309481668 305.0 0
1716309489416 306.0 0
1716309496225 307.0 0
1716309503529 308.0 0
1716309509094 309.0 0
1716309516239 310.0 0
1716309535908 311.0 0
1716309546611 312.0 0
1716309553827 313.0 0
1716309564087 314.0 0
1716309571215 315.0 0
1716309582747 316.0 0
1716309590973 317.0 0
1716309601721 318.0 0
1716309609431 319.0 0
1716309617388 320.0 0
1716309636221 321.0 0
1716309648381 322.0 0
1716309659342 323.0 0
1716309671270 324.0 0
1716309679538 325.0 0
1716309684835 326.0 0
1716309689998 327.0 0
1716309696846 328.0 0
1716309701196 329.0 0
1716309716326 330.0 0
1716309731225 331.0 0
1716309742095 332.0 0
1716309749717 333.0 0
1716309760291 334.0 0
1716309764564 335.0 0
1716309782899 336.0 0
1716309792391 337.0 0
1716309801246 338.0 0
1716309810414 339.0 0
1716309823400 340.0 0
1716309844599 341.0 0
1716309855866 342.0 0
1716309867526 343.0 0
1716309880623 344.0 0
1716309888736 345.0 0
1716309896103 346.0 0
1716309900382 347.0 0
1716309906306 348.0 0
1716309910589 349.0 0
1716309916690 350.0 0
1716309929015 351.0 0
1716309934615 352.0 0
1716309939525 353.0 0
1716309944148 354.0 0
1716309948167 355.0 0
1716309954053 356.0 0
1716309957641 357.0 0
1716309963093 358.0 0
1716309967764 359.0 0
1716309973132 360.0 0
1716309988276 361.0 0
1716309997458 362.0 0
1716310004576 363.0 0
1716310012580 364.0 0
1716310022340 365.0 0
1716310029145 366.0 0
1716310032864 367.0 0
1716310042341 368.0 0
1716310047777 369.0 0
1716310057684 370.0 0
1716310073712 371.0 0
1716310081889 372.0 0
1716310088634 373.0 0
1716310094354 374.0 0
1716310098400 375.0 0
1716310108481 376.0 0
1716310120376 377.0 0
1716310135369 378.0 0
1716310146478 379.0 0
1716310156707 380.0 0
1716310173608 381.0 0
1716310183080 382.0 0
1716310191802 383.0 0
1716310200673 384.0 0
1716310205856 385.0 0
1716310212764 386.0 0
1716310216906 387.0 0
1716310222283 388.0 0
1716310226904 389.0 0
1716310235953 390.0 0
1716310251239 391.0 0
1716310260460 392.0 0
1716310265933 393.0 0
1716310272672 394.0 0
1716310276562 395.0 0
1716310282080 396.0 0
1716310286413 397.0 0
1716310295786 398.0 0
1716310305568 399.0 0
1716310316337 400.0 0
1716310343790 401.0 0
1716310354493 402.0 0
1716310362543 403.0 0
1716310377876 404.0 0
1716310388195 405.0 0
1716310400850 406.0 0
1716310407152 407.0 0
1716310413895 408.0 0
1716310417512 409.0 0
1716310430103 410.0 0
1716310447084 411.0 0
1716310457509 412.0 0
1716310467725 413.0 0
1716310475613 414.0 0
1716310479533 415.0 0
1716310493512 416.0 0
1716310503437 417.0 0
1716310509383 418.0 0
1716310514925 419.0 0
1716310524849 420.0 0
1716310541883 421.0 0
1716310549139 422.0 0
1716310557960 423.0 0
1716310567947 424.0 0
1716310575878 425.0 0
1716310584218 426.0 0
1716310591179 427.0 0
1716310597227 428.0 0
1716310602507 429.0 0
1716310607856 430.0 0
1716310622545 431.0 0
1716310633953 432.0 0
1716310640295 433.0 0
1716310647372 434.0 0
1716310651710 435.0 0
1716310656435 436.0 0
1716310660085 437.0 0
1716310664918 438.0 0
1716310669944 439.0 0
1716310680519 440.0 0
1716310697715 441.0 0
1716310708288 442.0 0
1716310718706 443.0 0
1716310725672 444.0 0
1716310729752 445.0 0
1716310735647 446.0 0
1716310739465 447.0 0
1716310745589 448.0 0
1716310749142 449.0 0
1716310753607 450.0 0
1716310771437 451.0 0
1716310780863 452.0 0
1716310787481 453.0 0
1716310793600 454.0 0
1716310797875 455.0 0
1716310803456 456.0 0
1716310806722 457.0 0
1716310811615 458.0 0
1716310815119 459.0 0
1716310824639 460.0 0
1716310841247 461.0 0
1716310851927 462.0 0
1716310860316 463.0 0
1716310868849 464.0 0
1716310872969 465.0 0
1716310882617 466.0 0
1716310894065 467.0 0
1716310903135 468.0 0
1716310907378 469.0 0
1716310916566 470.0 0
1716310932261 471.0 0
1716310945680 472.0 0
1716310955345 473.0 0
1716310965864 474.0 0
1716310978350 475.0 0
1716310991806 476.0 0
1716311004330 477.0 0
1716311017457 478.0 0
1716311028850 479.0 0
1716311043552 480.0 0
1716311062901 481.0 0
1716311077540 482.0 0
1716311088312 483.0 0
1716311104157 484.0 0
1716311117203 485.0 0
1716311129090 486.0 0
1716311141511 487.0 0
1716311153518 488.0 0
1716311163320 489.0 0
1716311174232 490.0 0
1716311189536 491.0 0
1716311200624 492.0 0
1716311210489 493.0 0
1716311223638 494.0 0
1716311231556 495.0 0
1716311245252 496.0 0
1716311254284 497.0 0
1716311264030 498.0 0
1716311273618 499.0 0
1716311286280 500.0 0
1716311301314 501.0 0
1716311309668 502.0 0
1716311314209 503.0 0
1716311320264 504.0 0
1716311326160 505.0 0
1716311341809 506.0 0
1716311350816 507.0 0
1716311361210 508.0 0
1716311369477 509.0 0
1716311376244 510.0 0
1716311389249 511.0 0
1716311397706 512.0 0
1716311402289 513.0 0
1716311409220 514.0 0
1716311413029 515.0 0
1716311418085 516.0 0
1716311422388 517.0 0
1716311430337 518.0 0
1716311434446 519.0 0
1716311439735 520.0 0
1716311464264 521.0 0
1716311473687 522.0 0
1716311480633 523.0 0
1716311489648 524.0 0
1716311497603 525.0 0
1716311504740 526.0 0
1716311510238 527.0 0
1716311522987 528.0 0
1716311533301 529.0 0
1716311544168 530.0 0
1716311560945 531.0 0
1716311573103 532.0 0
1716311586472 533.0 0
1716311595433 534.0 0
1716311603100 535.0 0
1716311610965 536.0 0
1716311619265 537.0 0
1716311626071 538.0 0
1716311631332 539.0 0
1716311637783 540.0 0
1716311655151 541.0 0
1716311668127 542.0 0
1716311677279 543.0 0
1716311684663 544.0 0
1716311699768 545.0 0
1716311711011 546.0 0
1716311722469 547.0 0
1716311734072 548.0 0
1716311744022 549.0 0
1716311750791 550.0 0
1716311773682 551.0 0
1716311786921 552.0 0
1716311800364 553.0 0
1716311813867 554.0 0
1716311826411 555.0 0
1716311836374 556.0 0
1716311848329 557.0 0
1716311861448 558.0 0
1716311875633 559.0 0
1716311891026 560.0 0
1716311907605 561.0 0
1716311919756 562.0 0
1716311930430 563.0 0
1716311937617 564.0 0
1716311942457 565.0 0
1716311951196 566.0 0
1716311959849 567.0 0
1716311967631 568.0 0
1716311972624 569.0 0
1716311979989 570.0 0
1716311994795 571.0 0
1716312005315 572.0 0
1716312011959 573.0 0
1716312019441 574.0 0
1716312024084 575.0 0
1716312031503 576.0 0
1716312034906 577.0 0
1716312047791 578.0 0
1716312061848 579.0 0
1716312071527 580.0 0
1716312084794 581.0 0
1716312091852 582.0 0
1716312096359 583.0 0
1716312104832 584.0 0
1716312109970 585.0 0
1716312119157 586.0 0
1716312122821 587.0 0
1716312130861 588.0 0
1716312142496 589.0 0
1716312152656 590.0 0
1716312166944 591.0 0
1716312177464 592.0 0
1716312187906 593.0 0
1716312196684 594.0 0
1716312205947 595.0 0
1716312215510 596.0 0
1716312223455 597.0 0
1716312233437 598.0 0
1716312244727 599.0 0
1716312251623 600.0 0
1716312267681 601.0 0
1716312277350 602.0 0
1716312283004 603.0 0
1716312290330 604.0 0
1716312294683 605.0 0
1716312304098 606.0 0
1716312309366 607.0 0
1716312316164 608.0 0
1716312321012 609.0 0
1716312333232 610.0 0
1716312357089 611.0 0
1716312369538 612.0 0
1716312380868 613.0 0
1716312391369 614.0 0
1716312397565 615.0 0
1716312405515 616.0 0
1716312411983 617.0 0
1716312423175 618.0 0
1716312432915 619.0 0
1716312445388 620.0 0
1716312462469 621.0 0
1716312475711 622.0 0
1716312485981 623.0 0
1716312497034 624.0 0
1716312506791 625.0 0
1716312511594 626.0 0
1716312516709 627.0 0
1716312524367 628.0 0
1716312528547 629.0 0
1716312540283 630.0 0
1716312560234 631.0 0
1716312570979 632.0 0
1716312577429 633.0 0
1716312583390 634.0 0
1716312588717 635.0 0
1716312602685 636.0 0
1716312610984 637.0 0
1716312616526 638.0 0
1716312620634 639.0 0
1716312629483 640.0 0
1716312645726 641.0 0
1716312653579 642.0 0
1716312662068 643.0 0
1716312669011 644.0 0
1716312674444 645.0 0
1716312685900 646.0 0
1716312697796 647.0 0
1716312708069 648.0 0
1716312715553 649.0 0
1716312722859 650.0 0
1716312736841 651.0 0
1716312743113 652.0 0
1716312747764 653.0 0
1716312754807 654.0 0
1716312759056 655.0 0
1716312767011 656.0 0
1716312778246 657.0 0
1716312789423 658.0 0
1716312794397 659.0 0
1716312803917 660.0 0
1716312825017 661.0 0
1716312833157 662.0 0
1716312843054 663.0 0
1716312853443 664.0 0
1716312863824 665.0 0
1716312876146 666.0 0
1716312883625 667.0 0
1716312891382 668.0 0
1716312895108 669.0 0
1716312906003 670.0 0
1716312921581 671.0 0
1716312931135 672.0 0
1716312938413 673.0 0
1716312942980 674.0 0
1716312947031 675.0 0
1716312957009 676.0 0
1716312964547 677.0 0
1716312970737 678.0 0
1716312976015 679.0 0
1716312983921 680.0 0
1716313000589 681.0 0
1716313015623 682.0 0
1716313024832 683.0 0
1716313034327 684.0 0
1716313038661 685.0 0
1716313054192 686.0 0
1716313067026 687.0 0
1716313080279 688.0 0
1716313094949 689.0 0
1716313106505 690.0 0
1716313121910 691.0 0
1716313129708 692.0 0
1716313137305 693.0 0
1716313145573 694.0 0
1716313157150 695.0 0
1716313176206 696.0 0
1716313184266 697.0 0
1716313196863 698.0 0
1716313208123 699.0 0
1716313221032 700.0 0
1716313240252 701.0 0
1716313255144 702.0 0
1716313266743 703.0 0
1716313279065 704.0 0
1716313287516 705.0 0
1716313302571 706.0 0
1716313312855 707.0 0
1716313323917 708.0 0
1716313330631 709.0 0
1716313342416 710.0 0
1716313359150 711.0 0
1716313369337 712.0 0
1716313381660 713.0 0
1716313394895 714.0 0
1716313402082 715.0 0
1716313412167 716.0 0
1716313421420 717.0 0
1716313428119 718.0 0
1716313434158 719.0 0
1716313439033 720.0 0
1716313454103 721.0 0
1716313464332 722.0 0
1716313471507 723.0 0
1716313476385 724.0 0
1716313479984 725.0 0
1716313487435 726.0 0
1716313491232 727.0 0
1716313497998 728.0 0
1716313501279 729.0 0
1716313507172 730.0 0
1716313522334 731.0 0
1716313532660 732.0 0
1716313541555 733.0 0
1716313549242 734.0 0
1716313555239 735.0 0
1716313563759 736.0 0
1716313572002 737.0 0
1716313579593 738.0 0
1716313587223 739.0 0
1716313592024 740.0 0
1716313605615 741.0 0
1716313610607 742.0 0
1716313615058 743.0 0
1716313619456 744.0 0
1716313624277 745.0 0
1716313630071 746.0 0
1716313634396 747.0 0
1716313644152 748.0 0
1716313648399 749.0 0
1716313653727 750.0 0
1716313673579 751.0 0
1716313685947 752.0 0
1716313695834 753.0 0
1716313707118 754.0 0
1716313718763 755.0 0
1716313734729 756.0 0
1716313747012 757.0 0
1716313758901 758.0 0
1716313766655 759.0 0
1716313776289 760.0 0
1716313805446 761.0 0
1716313819208 762.0 0
1716313829651 763.0 0
1716313843881 764.0 0
1716313850254 765.0 0
1716313858018 766.0 0
1716313862328 767.0 0
1716313873951 768.0 0
1716313884692 769.0 0
1716313897844 770.0 0
1716313914905 771.0 0
1716313925875 772.0 0
1716313938186 773.0 0
1716313950515 774.0 0
1716313960946 775.0 0
1716313975163 776.0 0
1716313989264 777.0 0
1716313998804 778.0 0
1716314006917 779.0 0
1716314015404 780.0 0
1716314034122 781.0 0
1716314045005 782.0 0
1716314052160 783.0 0
1716314057476 784.0 0
1716314061806 785.0 0
1716314066477 786.0 0
1716314071562 787.0 0
1716314079431 788.0 0
1716314083913 789.0 0
1716314093402 790.0 0
1716314111103 791.0 0
1716314119338 792.0 0
1716314122999 793.0 0
1716314130552 794.0 0
1716314134704 795.0 0
1716314140949 796.0 0
1716314144346 797.0 0
1716314150425 798.0 0
1716314157665 799.0 0
1716314167713 800.0 0
1716314183147 801.0 0
1716314194529 802.0 0
1716314206649 803.0 0
1716314217449 804.0 0
1716314224581 805.0 0
1716314232718 806.0 0
1716314238014 807.0 0
1716314248003 808.0 0
1716314255179 809.0 0
1716314261409 810.0 0
1716314277667 811.0 0
1716314290090 812.0 0
1716314299757 813.0 0
1716314308822 814.0 0
1716314312590 815.0 0
1716314318166 816.0 0
1716314322155 817.0 0
1716314327832 818.0 0
1716314333493 819.0 0
1716314340169 820.0 0
1716314355682 821.0 0
1716314364787 822.0 0
1716314369111 823.0 0
1716314376954 824.0 0
1716314381625 825.0 0
1716314398704 826.0 0
1716314414964 827.0 0
1716314426696 828.0 0
1716314435090 829.0 0
1716314447016 830.0 0
1716314466831 831.0 0
1716314478684 832.0 0
1716314488494 833.0 0
1716314494981 834.0 0
1716314499726 835.0 0
1716314509477 836.0 0
1716314517707 837.0 0
1716314524206 838.0 0
1716314529031 839.0 0
1716314542387 840.0 0
1716314572505 841.0 0
1716314588993 842.0 0
1716314598607 843.0 0
1716314611769 844.0 0
1716314618309 845.0 0
1716314626298 846.0 0
1716314632433 847.0 0
1716314646033 848.0 0
1716314657588 849.0 0
1716314668340 850.0 0
1716314699214 851.0 0
1716314713008 852.0 0
1716314726339 853.0 0
1716314737191 854.0 0
1716314745063 855.0 0
1716314754397 856.0 0
1716314761207 857.0 0
1716314768802 858.0 0
1716314772524 859.0 0
1716314778224 860.0 0
1716314792606 861.0 0
1716314799099 862.0 0
1716314803311 863.0 0
1716314813645 864.0 0
1716314821302 865.0 0
1716314829158 866.0 0
1716314836068 867.0 0
1716314843191 868.0 0
1716314847612 869.0 0
1716314853964 870.0 0
1716314867127 871.0 0
1716314873657 872.0 0
1716314878553 873.0 0
1716314884742 874.0 0
1716314891042 875.0 0
1716314898736 876.0 0
1716314902890 877.0 0
1716314911498 878.0 0
1716314915866 879.0 0
1716314922526 880.0 0
1716314938544 881.0 0
1716314946458 882.0 0
1716314950672 883.0 0
1716314958691 884.0 0
1716314962887 885.0 0
1716314970043 886.0 0
1716314973869 887.0 0
1716314984555 888.0 0
1716314990395 889.0 0
1716314996281 890.0 0
1716315010182 891.0 0
1716315016415 892.0 0
1716315021347 893.0 0
1716315028960 894.0 0
1716315035243 895.0 0
1716315043405 896.0 0
1716315047499 897.0 0
1716315057464 898.0 0
1716315072295 899.0 0
1716315087121 900.0 0
1716315104035 901.0 0
1716315115331 902.0 0
1716315124234 903.0 0
1716315130364 904.0 0
1716315137980 905.0 0
1716315152527 906.0 0
1716315163342 907.0 0
1716315171027 908.0 0
1716315177103 909.0 0
1716315195301 910.0 0
1716315219461 911.0 0
1716315231078 912.0 0
1716315243305 913.0 0
1716315256381 914.0 0
1716315266289 915.0 0
1716315277649 916.0 0
1716315283446 917.0 0
1716315290779 918.0 0
1716315296091 919.0 0
1716315302823 920.0 0
1716315324319 921.0 0
1716315335410 922.0 0
1716315349550 923.0 0
1716315359342 924.0 0
1716315364258 925.0 0
1716315371624 926.0 0
1716315376898 927.0 0
1716315381751 928.0 0
1716315387167 929.0 0
1716315393663 930.0 0
1716315410443 931.0 0
1716315419132 932.0 0
1716315424098 933.0 0
1716315432529 934.0 0
1716315438663 935.0 0
1716315443195 936.0 0
1716315448419 937.0 0
1716315453513 938.0 0
1716315457712 939.0 0
1716315462844 940.0 0
1716315476880 941.0 0
1716315482293 942.0 0
1716315487479 943.0 0
1716315497448 944.0 0
1716315504850 945.0 0
1716315514186 946.0 0
1716315523483 947.0 0
1716315531402 948.0 0
1716315542162 949.0 0
1716315547138 950.0 0
1716315560565 951.0 0
1716315566822 952.0 0
1716315570809 953.0 0
1716315576768 954.0 0
1716315580911 955.0 0
1716315587163 956.0 0
1716315592189 957.0 0
1716315598689 958.0 0
1716315605664 959.0 0
1716315613677 960.0 0
1716315628643 961.0 0
1716315639570 962.0 0
1716315645749 963.0 0
1716315653890 964.0 0
1716315664815 965.0 0
1716315676340 966.0 0
1716315681838 967.0 0
1716315686674 968.0 0
1716315690646 969.0 0
1716315698572 970.0 0
1716315714146 971.0 0
1716315722087 972.0 0
1716315725991 973.0 0
1716315731728 974.0 0
1716315735641 975.0 0
1716315742209 976.0 0
1716315746701 977.0 0
1716315755728 978.0 0
1716315760014 979.0 0
1716315767419 980.0 0
1716315786911 981.0 0
1716315796698 982.0 0
1716315805759 983.0 0
1716315816877 984.0 0
1716315823980 985.0 0
1716315830679 986.0 0
1716315835901 987.0 0
1716315850265 988.0 0
1716315861067 989.0 0
1716315869842 990.0 0
1716315888960 991.0 0
1716315899815 992.0 0
1716315908154 993.0 0
1716315915549 994.0 0
1716315921083 995.0 0
1716315926679 996.0 0
1716315933935 997.0 0
1716315943387 998.0 0
1716315951754 999.0 0
1716315961245 1000.0 0
1716315981469 1001.0 0
1716315992203 1002.0 0
1716316004262 1003.0 0
1716316019260 1004.0 0
1716316024193 1005.0 0
1716316034503 1006.0 0
1716316044032 1007.0 0
1716316053292 1008.0 0
1716316062029 1009.0 0
1716316073953 1010.0 0
1716316089043 1011.0 0
1716316098356 1012.0 0
1716316112349 1013.0 0
1716316121623 1014.0 0
1716316126118 1015.0 0
1716316136841 1016.0 0
1716316144573 1017.0 0
1716316151937 1018.0 0
1716316156303 1019.0 0
1716316164061 1020.0 0
1716316181163 1021.0 0
1716316191357 1022.0 0
1716316197689 1023.0 0
1716316203851 1024.0 0
1716316207786 1025.0 0
1716316217439 1026.0 0
1716316222916 1027.0 0
1716316232348 1028.0 0
1716316238748 1029.0 0
1716316243383 1030.0 0
1716316258296 1031.0 0
1716316265121 1032.0 0
1716316269586 1033.0 0
1716316278266 1034.0 0
1716316281894 1035.0 0
1716316290009 1036.0 0
1716316293954 1037.0 0
1716316298672 1038.0 0
1716316303169 1039.0 0
1716316309851 1040.0 0
1716316328929 1041.0 0
1716316339640 1042.0 0
1716316345582 1043.0 0
1716316353497 1044.0 0
1716316358231 1045.0 0
1716316368977 1046.0 0
1716316376135 1047.0 0
1716316385787 1048.0 0
1716316394737 1049.0 0
1716316403755 1050.0 0
1716316419485 1051.0 0
1716316436005 1052.0 0
1716316450782 1053.0 0
1716316467690 1054.0 0
1716316480229 1055.0 0
1716316495123 1056.0 0
1716316505584 1057.0 0
1716316514477 1058.0 0
1716316519605 1059.0 0
1716316530188 1060.0 0
1716316564622 1061.0 0
1716316573254 1062.0 0
1716316584794 1063.0 0
1716316595623 1064.0 0
1716316605539 1065.0 0
1716316618996 1066.0 0
1716316630273 1067.0 0
1716316639879 1068.0 0
1716316650758 1069.0 0
1716316656610 1070.0 0
1716316682621 1071.0 0
1716316698256 1072.0 0
1716316709444 1073.0 0
1716316723450 1074.0 0
1716316735079 1075.0 0
1716316749361 1076.0 0
1716316757394 1077.0 0
1716316769384 1078.0 0
1716316777688 1079.0 0
1716316787467 1080.0 0
1716316806535 1081.0 0
1716316818527 1082.0 0
1716316823255 1083.0 0
1716316829813 1084.0 0
1716316833718 1085.0 0
1716316839252 1086.0 0
1716316842509 1087.0 0
1716316852405 1088.0 0
1716316861926 1089.0 0
1716316869378 1090.0 0
1716316886680 1091.0 0
1716316895564 1092.0 0
1716316903327 1093.0 0
1716316910451 1094.0 0
1716316914836 1095.0 0
1716316925632 1096.0 0
1716316932783 1097.0 0
1716316942390 1098.0 0
1716316953089 1099.0 0
1716316958551 1100.0 0
1716316974781 1101.0 0
1716316984033 1102.0 0
1716316991451 1103.0 0
1716317002644 1104.0 0
1716317009903 1105.0 0
1716317015647 1106.0 0
1716317019825 1107.0 0
1716317027971 1108.0 0
1716317034723 1109.0 0
1716317040120 1110.0 0
1716317056665 1111.0 0
1716317063487 1112.0 0
1716317067232 1113.0 0
1716317073565 1114.0 0
1716317078232 1115.0 0
1716317085644 1116.0 0
1716317089825 1117.0 0
1716317098441 1118.0 0
1716317103429 1119.0 0
1716317110063 1120.0 0
1716317127205 1121.0 0
1716317137598 1122.0 0
1716317146495 1123.0 0
1716317155876 1124.0 0
1716317162127 1125.0 0
1716317170460 1126.0 0
1716317174909 1127.0 0
1716317182054 1128.0 0
1716317187748 1129.0 0
1716317196598 1130.0 0
1716317216244 1131.0 0
1716317227462 1132.0 0
1716317235776 1133.0 0
1716317248405 1134.0 0
1716317258822 1135.0 0
1716317267550 1136.0 0
1716317272902 1137.0 0
1716317283454 1138.0 0
1716317287578 1139.0 0
1716317292463 1140.0 0
1716317312543 1141.0 0
1716317322228 1142.0 0
1716317328252 1143.0 0
1716317340841 1144.0 0
1716317356279 1145.0 0
1716317368470 1146.0 0
1716317377819 1147.0 0
1716317390718 1148.0 0
1716317400554 1149.0 0
1716317410918 1150.0 0
1716317434542 1151.0 0
1716317443113 1152.0 0
1716317448579 1153.0 0
1716317461179 1154.0 0
1716317467877 1155.0 0
1716317476546 1156.0 0
1716317486297 1157.0 0
1716317499260 1158.0 0
1716317508312 1159.0 0
1716317519984 1160.0 0
1716317539967 1161.0 0
1716317551570 1162.0 0
1716317561089 1163.0 0
1716317570044 1164.0 0
1716317578373 1165.0 0
1716317585498 1166.0 0
1716317589171 1167.0 0
1716317594668 1168.0 0
1716317600598 1169.0 0
1716317607984 1170.0 0
1716317627810 1171.0 0
1716317638825 1172.0 0
1716317645925 1173.0 0
1716317652218 1174.0 0
1716317656351 1175.0 0
1716317663670 1176.0 0
1716317668235 1177.0 0
1716317674703 1178.0 0
1716317679431 1179.0 0
1716317684747 1180.0 0
1716317707951 1181.0 0
1716317716860 1182.0 0
1716317722491 1183.0 0
1716317729654 1184.0 0
1716317734640 1185.0 0
1716317739792 1186.0 0
1716317747484 1187.0 0
1716317753187 1188.0 0
1716317759358 1189.0 0
1716317766771 1190.0 0
1716317783293 1191.0 0
1716317793303 1192.0 0
1716317802439 1193.0 0
1716317810066 1194.0 0
1716317814215 1195.0 0
1716317822899 1196.0 0
1716317832061 1197.0 0
1716317844017 1198.0 0
1716317858927 1199.0 0
1716317871108 1200.0 0
1716317889386 1201.0 0
1716317904122 1202.0 0
1716317910577 1203.0 0
1716317919563 1204.0 0
1716317927847 1205.0 0
1716317935118 1206.0 0
1716317939312 1207.0 0
1716317952554 1208.0 0
1716317963004 1209.0 0
1716317975059 1210.0 0
1716317996823 1211.0 0
1716318007833 1212.0 0
1716318016580 1213.0 0
1716318033528 1214.0 0
1716318042022 1215.0 0
1716318050022 1216.0 0
1716318055566 1217.0 0
1716318071550 1218.0 0
1716318078708 1219.0 0
1716318091144 1220.0 0
1716318107086 1221.0 0
1716318121276 1222.0 0
1716318129866 1223.0 0
1716318136388 1224.0 0
1716318141223 1225.0 0
1716318157472 1226.0 0
1716318167650 1227.0 0
1716318181306 1228.0 0
1716318195628 1229.0 0
1716318208668 1230.0 0
1716318226235 1231.0 0
1716318238945 1232.0 0
1716318246945 1233.0 0
1716318252916 1234.0 0
1716318256936 1235.0 0
1716318266076 1236.0 0
1716318270303 1237.0 0
1716318278048 1238.0 0
1716318282932 1239.0 0
1716318289102 1240.0 0
1716318303265 1241.0 0
1716318308856 1242.0 0
1716318313017 1243.0 0
1716318318181 1244.0 0
1716318322563 1245.0 0
