1716306399208 8.10745620727539 0
1716306434719 13.451607704162598 0
1716306450056 13.141672134399414 0
1716306461429 12.781779289245605 0
1716306474413 12.26115894317627 0
1716306489180 11.713281631469727 0
1716306495290 11.305992126464844 0
1716306503878 10.916288375854492 0
1716306508154 10.599946975708008 0
1716306516373 10.317218780517578 0
1716306536851 10.088513374328613 0
1716306549349 9.833032608032227 0
1716306558054 9.639039039611816 0
1716306569654 9.451136589050293 0
1716306577873 9.241874694824219 0
1716306588890 8.980775833129883 0
1716306602369 8.693516731262207 0
1716306615315 8.426362991333008 0
1716306621686 8.06972885131836 0
1716306629779 7.645505428314209 0
1716306647059 7.224210739135742 0
1716306658337 6.802792549133301 0
1716306671878 6.415042877197266 0
1716306686239 6.100504398345947 0
1716306695507 5.892797470092773 0
1716306706464 5.695272445678711 0
1716306715852 5.545628547668457 0
1716306727979 5.433259010314941 0
1716306736035 5.360491752624512 0
1716306744178 5.370617866516113 0
1716306761803 5.359062671661377 0
1716306773541 5.321131229400635 0
1716306784237 5.172013282775879 0
1716306794126 5.061498165130615 0
1716306802557 4.929003715515137 0
1716306812037 4.842304229736328 0
1716306820047 4.763856887817383 0
1716306834212 5.261100769042969 0
1716306844781 4.871270179748535 0
1716306854843 4.849369525909424 0
1716306882921 4.78962516784668 0
1716306897463 4.700642108917236 0
1716306906796 4.628787994384766 0
1716306918390 4.557446002960205 0
1716306928407 4.4600043296813965 0
1716306944200 4.381111145019531 0
1716306958836 4.366366863250732 0
1716306974690 5.812746047973633 0
1716306983486 4.758602142333984 0
1716306994877 5.165630340576172 0
1716307022934 5.2719292640686035 0
1716307033207 5.331883430480957 0
1716307046986 5.473886489868164 0
1716307059055 5.5682759284973145 0
1716307071306 5.638836860656738 0
1716307084699 5.681644916534424 0
1716307096612 5.69553279876709 0
1716307108757 5.700385093688965 0
1716307120295 5.666120529174805 0
1716307133698 5.610585689544678 0
1716307151122 5.566609859466553 0
1716307162990 5.520191192626953 0
1716307169192 5.462976455688477 0
1716307181557 5.391867637634277 0
1716307195206 5.31661319732666 0
1716307207773 5.2444634437561035 0
1716307218079 5.216054439544678 0
1716307226931 5.1570539474487305 0
1716307234342 5.0465006828308105 0
1716307241977 4.9532880783081055 0
1716307258197 4.852149963378906 0
1716307275014 4.7498369216918945 0
1716307286427 4.657073020935059 0
1716307298540 4.557432174682617 0
1716307307128 4.450712203979492 0
1716307318552 4.349264144897461 0
1716307329335 4.256716728210449 0
1716307344245 4.157047271728516 0
1716307355962 4.071681022644043 0
1716307365879 4.075000762939453 0
1716307383538 4.308794021606445 0
1716307394460 4.360527992248535 0
1716307406501 4.577151298522949 0
1716307418105 4.2967119216918945 0
1716307427403 4.320286750793457 0
1716307438713 4.399831295013428 0
1716307447873 4.37165641784668 0
1716307458248 4.331295967102051 0
1716307466293 4.279058456420898 0
1716307476011 4.22117805480957 0
1716307490819 4.1455583572387695 0
1716307498729 4.475028038024902 0
1716307503555 5.361543655395508 0
1716307509359 4.757713317871094 0
1716307515123 5.024230003356934 0
1716307522627 5.098600387573242 0
1716307526260 5.10418701171875 0
1716307535598 5.152235984802246 0
1716307539984 5.0959954261779785 0
1716307549371 5.081414222717285 0
1716307568522 5.0469970703125 0
1716307578806 5.029473304748535 0
1716307588844 4.985108375549316 0
1716307598452 4.936458587646484 0
1716307608543 4.868579387664795 0
1716307619040 4.797605514526367 0
1716307626999 4.7193708419799805 0
1716307636613 4.641419410705566 0
1716307648140 4.62320613861084 0
1716307662257 4.6160173416137695 0
1716307681122 4.50926399230957 0
1716307695497 4.449930191040039 0
1716307705146 4.360788345336914 0
1716307716145 4.293846607208252 0
1716307725232 4.199479103088379 0
1716307736342 4.104545593261719 0
1716307744817 4.035739898681641 0
1716307754897 3.945647716522217 0
1716307759574 3.8789916038513184 0
1716307765138 3.7830023765563965 0
1716307786495 3.7329635620117188 0
1716307796421 3.7873754501342773 0
1716307808430 4.768026351928711 0
1716307818752 4.347031593322754 0
1716307823677 4.267099857330322 0
1716307837246 4.376023292541504 0
1716307844125 4.481690406799316 0
1716307855469 4.517704963684082 0
1716307861330 4.527319431304932 0
1716307870784 4.483118057250977 0
1716307890739 4.438521862030029 0
1716307896855 4.389629364013672 0
1716307901210 4.339801788330078 0
1716307911422 4.280084133148193 0
1716307919583 4.218666076660156 0
1716307928346 4.260011672973633 0
1716307935951 4.150892734527588 0
1716307947201 4.113106727600098 0
1716307957201 4.054886817932129 0
1716307971539 4.0518388748168945 0
1716307985872 4.033479690551758 0
1716307996214 3.936150550842285 0
1716308003869 3.909428358078003 0
1716308010461 3.8795394897460938 0
1716308015269 3.8181259632110596 0
1716308024489 3.7926597595214844 0
1716308034257 3.7342915534973145 0
1716308046104 3.6492605209350586 0
1716308057980 3.5878167152404785 0
1716308067197 3.729480266571045 0
1716308080646 7.568632125854492 0
1716308086236 5.950683116912842 0
1716308090083 6.011818885803223 0
1716308096226 5.963308811187744 0
1716308100412 6.066353797912598 0
1716308107567 6.201188087463379 0
1716308111797 6.314666748046875 0
1716308117191 6.398981094360352 0
1716308121636 6.445040225982666 0
1716308132447 6.463177680969238 0
1716308145618 6.450775146484375 0
1716308153210 6.48067569732666 0
1716308159738 6.481620788574219 0
1716308167096 6.472176551818848 0
1716308172173 6.456564426422119 0
1716308180700 6.417790412902832 0
1716308188249 6.371621131896973 0
1716308200478 6.321563720703125 0
1716308212716 6.254472732543945 0
1716308223006 6.179966449737549 0
1716308241629 6.097320556640625 0
1716308251470 6.00654935836792 0
1716308260624 5.913694381713867 0
1716308271261 5.818734645843506 0
1716308278332 5.715396881103516 0
1716308289583 5.617367267608643 0
1716308299492 5.5697526931762695 0
1716308307732 5.420894622802734 0
1716308312570 5.318357944488525 0
1716308318839 5.223989486694336 0
1716308340531 5.107438087463379 0
1716308351286 4.997152328491211 0
1716308358384 4.888026237487793 0
1716308365098 4.7802839279174805 0
1716308370636 4.677629470825195 0
1716308382721 4.630002021789551 0
1716308388215 4.9780192375183105 0
1716308396441 4.72640323638916 0
1716308401396 4.672788619995117 0
1716308412550 4.639305114746094 0
1716308426710 4.636122703552246 0
1716308436375 4.593504905700684 0
1716308440271 4.552337646484375 0
1716308448641 4.487406253814697 0
1716308452964 4.415055274963379 0
1716308465514 4.339715003967285 0
1716308474891 4.263857841491699 0
1716308485266 4.198627471923828 0
1716308496561 4.119730472564697 0
1716308506090 4.0322723388671875 0
1716308522351 3.9561901092529297 0
1716308531447 3.880971670150757 0
1716308539301 3.803635597229004 0
1716308545083 3.757040500640869 0
1716308553433 3.7158894538879395 0
1716308559164 3.9004459381103516 0
1716308565034 4.295334815979004 0
1716308572188 4.232906341552734 0
1716308576331 4.012633800506592 0
1716308583581 4.1132283210754395 0
1716308597958 4.14394998550415 0
1716308607614 4.181857109069824 0
1716308616192 4.129820346832275 0
1716308625221 4.079888343811035 0
1716308637576 4.040043830871582 0
1716308646289 3.9844017028808594 0
1716308650262 3.9264492988586426 0
1716308659170 3.8607726097106934 0
1716308668347 3.8234972953796387 0
1716308673502 3.7696943283081055 0
1716308695216 3.7130908966064453 0
1716308705992 3.8687169551849365 0
1716308712584 4.524457931518555 0
1716308718197 4.196652889251709 0
1716308722835 4.308045387268066 0
1716308734136 4.35612678527832 0
1716308741383 4.354514122009277 0
1716308747651 4.345390796661377 0
1716308752362 4.283469200134277 0
1716308761784 4.221663475036621 0
1716308781602 4.206567764282227 0
1716308792319 4.16599178314209 0
1716308799676 4.11811637878418 0
1716308811593 4.062674522399902 0
1716308819170 3.998096227645874 0
1716308827533 3.931307077407837 0
1716308836558 3.867619514465332 0
1716308846586 3.791776180267334 0
1716308853674 3.732649803161621 0
1716308859853 3.7453036308288574 0
1716308875627 4.2328782081604 0
1716308885255 3.735257387161255 0
1716308891776 3.8001809120178223 0
1716308900903 3.717850685119629 0
1716308910256 3.728978157043457 0
1716308920255 3.7293941974639893 0
1716308931246 3.668509006500244 0
1716308940877 3.662149429321289 0
1716308947976 3.674942970275879 0
1716308954376 3.6751394271850586 0
1716308973836 3.5428824424743652 0
1716308983272 3.547398567199707 0
1716308995574 3.464980125427246 0
1716309005269 3.4585442543029785 0
1716309011986 3.4216973781585693 0
1716309018649 3.4056427478790283 0
1716309028670 3.423884391784668 0
1716309036059 3.3692667484283447 0
1716309039924 3.311821460723877 0
1716309047643 3.2779197692871094 0
1716309065514 3.2710165977478027 0
1716309076179 3.3540163040161133 0
1716309084876 3.349924087524414 0
1716309094426 3.3405251502990723 0
1716309101769 3.449687957763672 0
1716309112177 3.7575032711029053 0
1716309117267 6.089435577392578 0
1716309125065 4.7221269607543945 0
1716309133230 5.033291339874268 0
1716309145553 5.038798809051514 0
1716309162353 5.114194869995117 0
1716309177100 5.159947395324707 0
1716309187565 5.272040367126465 0
1716309198071 5.340236663818359 0
1716309209038 5.394372940063477 0
1716309220625 5.4216814041137695 0
1716309230762 5.436809539794922 0
1716309242658 5.404040336608887 0
1716309254826 5.3624982833862305 0
1716309265012 5.3176493644714355 0
1716309283503 5.2757062911987305 0
1716309294718 5.216123580932617 0
1716309301927 5.159836769104004 0
1716309307998 5.096430778503418 0
1716309312367 5.025879383087158 0
1716309320710 4.9542741775512695 0
1716309324789 4.879862308502197 0
1716309329998 4.790988922119141 0
1716309334287 4.707035064697266 0
1716309343878 4.623922348022461 0
1716309358518 4.545464038848877 0
1716309368770 4.491062164306641 0
1716309380660 4.4933881759643555 0
1716309390859 4.339725971221924 0
1716309398031 4.236396789550781 0
1716309407108 4.169430732727051 0
1716309414833 4.085600852966309 0
1716309421605 4.0159759521484375 0
1716309427785 3.9394826889038086 0
1716309434134 3.8729515075683594 0
1716309449717 3.8056976795196533 0
1716309459645 3.7536916732788086 0
1716309469393 3.754912853240967 0
1716309476633 3.996354579925537 0
1716309481527 3.7680883407592773 0
1716309489227 3.777778148651123 0
1716309496045 3.7584495544433594 0
1716309503356 3.7204818725585938 0
1716309508981 3.7043442726135254 0
1716309516018 3.655386447906494 0
1716309535593 3.620133876800537 0
1716309546462 3.589769124984741 0
1716309553612 3.5677413940429688 0
1716309563898 3.9101808071136475 0
1716309570972 5.263798236846924 0
1716309582588 5.121893882751465 0
1716309590554 5.416351795196533 0
1716309601534 5.159547328948975 0
1716309608815 5.357649803161621 0
1716309617146 5.1381096839904785 0
1716309636019 5.068279266357422 0
1716309648223 5.107035160064697 0
1716309659150 5.138003349304199 0
1716309671081 5.12010383605957 0
1716309679265 5.115007400512695 0
1716309684660 5.090081691741943 0
1716309689788 5.034937858581543 0
1716309696626 4.981202125549316 0
1716309700651 4.912275314331055 0
1716309716144 4.855415344238281 0
1716309731035 4.779345512390137 0
1716309741911 4.714577674865723 0
1716309748771 4.643527030944824 0
1716309759992 4.564972877502441 0
1716309764300 4.479769706726074 0
1716309781945 4.396553039550781 0
1716309791865 4.2997589111328125 0
1716309801029 4.209204196929932 0
1716309810209 4.114386081695557 0
1716309823212 4.026520729064941 0
1716309844550 3.9380009174346924 0
1716309855655 3.850907325744629 0
1716309867192 3.7723894119262695 0
1716309880393 3.6961669921875 0
1716309888475 3.961353302001953 0
1716309895878 5.4843597412109375 0
1716309900265 5.059443473815918 0
1716309906130 5.052556037902832 0
1716309910397 5.343984603881836 0
1716309916513 5.431419849395752 0
1716309928847 5.52890682220459 0
1716309934455 5.568339824676514 0
1716309939358 5.5713276863098145 0
1716309943967 5.600919723510742 0
1716309947999 5.612983226776123 0
1716309953891 5.603409767150879 0
1716309957472 5.560359001159668 0
1716309962950 5.511900901794434 0
1716309967628 5.4499592781066895 0
1716309972801 5.369153022766113 0
1716309988028 5.281011581420898 0
1716309997306 5.194270133972168 0
1716310004405 5.089818954467773 0
1716310012427 4.982288360595703 0
1716310021992 4.880738258361816 0
1716310028931 4.775796413421631 0
1716310032578 4.671059608459473 0
1716310042198 4.570866584777832 0
1716310047549 4.46912145614624 0
1716310057501 4.378466606140137 0
1716310073581 4.264484405517578 0
1716310081710 4.168055534362793 0
1716310088485 4.087662696838379 0
1716310094207 4.044837951660156 0
1716310098229 4.388130187988281 0
1716310108328 4.2291178703308105 0
1716310119116 4.157512664794922 0
1716310133174 4.189259052276611 0
1716310146309 4.193723678588867 0
1716310156629 4.039587497711182 0
1716310172713 4.060830593109131 0
1716310182864 4.001110076904297 0
1716310191579 3.9312949180603027 0
1716310200473 3.8983073234558105 0
1716310205642 3.850984573364258 0
1716310212545 3.8040761947631836 0
1716310216712 3.7342922687530518 0
1716310222102 3.680393695831299 0
1716310226706 3.631047248840332 0
1716310235387 3.59429931640625 0
1716310250747 3.5270636081695557 0
1716310260218 3.5255374908447266 0
1716310265767 3.4549694061279297 0
1716310272486 3.4148619174957275 0
1716310276359 3.475208282470703 0
1716310281743 3.50274658203125 0
1716310286261 3.398873805999756 0
1716310295587 3.519472360610962 0
1716310305483 3.40732741355896 0
1716310316125 3.3702712059020996 0
1716310343676 3.386296272277832 0
1716310354225 3.3292791843414307 0
1716310362086 3.5250236988067627 0
1716310377504 4.303124904632568 0
1716310387897 4.152815818786621 0
1716310399471 4.660635948181152 0
1716310406826 4.317775726318359 0
1716310413567 4.537332534790039 0
1716310417301 4.665945529937744 0
1716310429912 4.493999004364014 0
1716310446901 4.4493303298950195 0
1716310457308 4.439192771911621 0
1716310467518 4.380512237548828 0
1716310475297 4.340431213378906 0
1716310479327 4.318902969360352 0
1716310493272 4.289459705352783 0
1716310502954 4.229177474975586 0
1716310509217 4.169384002685547 0
1716310514456 4.115459442138672 0
1716310524682 4.055904865264893 0
1716310541156 3.9917726516723633 0
1716310548877 3.92270565032959 0
1716310557621 3.8578195571899414 0
1716310567769 3.7721452713012695 0
1716310575715 3.6763715744018555 0
1716310584054 3.607057571411133 0
1716310590923 3.533906936645508 0
1716310596882 3.4665160179138184 0
1716310602375 3.4090094566345215 0
1716310607533 3.425264358520508 0
1716310621928 3.551243782043457 0
1716310633762 3.311039447784424 0
1716310639671 3.3215112686157227 0
1716310647168 3.331315040588379 0
1716310651492 3.2715296745300293 0
1716310656240 3.213505744934082 0
1716310659913 3.1547906398773193 0
1716310664714 3.1788697242736816 0
1716310669228 4.428027153015137 0
1716310680346 4.355778217315674 0
1716310696695 5.0533576011657715 0
1716310707801 4.863870143890381 0
1716310718521 5.025025367736816 0
1716310725497 5.132078170776367 0
1716310729336 5.243838787078857 0
1716310735430 5.253931999206543 0
1716310739326 5.2488298416137695 0
1716310745375 5.231668472290039 0
1716310748951 5.206274509429932 0
1716310753471 5.182340621948242 0
1716310770948 5.166666030883789 0
1716310780620 5.1370391845703125 0
1716310787286 5.096270561218262 0
1716310793287 5.043855667114258 0
1716310797814 4.985236167907715 0
1716310803147 4.918381690979004 0
1716310806468 4.851346969604492 0
1716310811393 4.78213357925415 0
1716310814893 4.709022521972656 0
1716310824381 4.623655796051025 0
1716310841084 4.5473480224609375 0
1716310851703 4.46225118637085 0
1716310860116 4.3903326988220215 0
1716310868671 4.2961955070495605 0
1716310872765 4.215643405914307 0
1716310882302 4.130131721496582 0
1716310893982 4.041543483734131 0
1716310903007 3.9577651023864746 0
1716310907185 3.8708417415618896 0
1716310916382 3.7911572456359863 0
1716310932046 3.7123260498046875 0
1716310945594 3.637829065322876 0
1716310955168 3.561811685562134 0
1716310965758 3.4998157024383545 0
1716310977584 3.642529010772705 0
1716310991556 4.421967506408691 0
1716311004081 4.01639461517334 0
1716311017153 3.9398984909057617 0
1716311028747 4.047051906585693 0
1716311043345 4.207517147064209 0
1716311062455 4.201450824737549 0
1716311077286 4.047163009643555 0
1716311088119 4.143446922302246 0
1716311103979 4.138834476470947 0
1716311117109 4.138281345367432 0
1716311128731 4.1101789474487305 0
1716311141287 4.07347297668457 0
1716311153209 4.023068904876709 0
1716311162703 3.964416980743408 0
1716311173782 3.903078556060791 0
1716311189186 3.8425240516662598 0
1716311200284 3.771728038787842 0
1716311209957 3.70065975189209 0
1716311223386 3.6459383964538574 0
1716311231247 3.5656676292419434 0
1716311244594 3.5134472846984863 0
1716311254095 3.4487361907958984 0
1716311263719 3.3780717849731445 0
1716311273319 3.3044421672821045 0
1716311286070 3.2372288703918457 0
1716311300928 3.204437732696533 0
1716311309473 4.051079750061035 0
1716311314054 5.634929180145264 0
1716311319590 6.417250633239746 0
1716311325989 5.522124290466309 0
1716311341613 5.494511604309082 0
1716311350645 5.510076522827148 0
1716311359879 5.571286201477051 0
1716311369251 5.677507400512695 0
1716311376019 5.754701614379883 0
1716311389049 5.789907455444336 0
1716311397513 5.805569648742676 0
1716311402063 5.823676109313965 0
1716311409040 5.831631660461426 0
1716311412839 5.82542610168457 0
1716311417887 5.797273635864258 0
1716311422196 5.766478538513184 0
1716311430219 5.719185829162598 0
1716311434242 5.665942668914795 0
1716311439577 5.6048712730407715 0
1716311464112 5.540511131286621 0
1716311473433 5.467956066131592 0
1716311479891 5.385845184326172 0
1716311488556 5.310265064239502 0
1716311497381 5.216943740844727 0
1716311504387 5.1352338790893555 0
1716311509668 5.043294429779053 0
1716311522855 4.953519344329834 0
1716311532718 4.863089084625244 0
1716311544006 4.773529529571533 0
1716311560552 4.683134078979492 0
1716311572601 4.602472305297852 0
1716311586357 4.6557297706604 0
1716311595318 4.546533584594727 0
1716311602930 4.568090438842773 0
1716311609762 4.540078163146973 0
1716311619021 4.503259181976318 0
1716311625942 4.451601982116699 0
1716311631246 4.4261884689331055 0
1716311637494 4.3932204246521 0
1716311654582 4.3503546714782715 0
1716311667474 4.321288108825684 0
1716311676765 4.2785844802856445 0
1716311684408 4.224119186401367 0
1716311699560 4.163933277130127 0
1716311710845 4.097380638122559 0
1716311721465 4.048252582550049 0
1716311733586 3.9873204231262207 0
1716311743419 3.9355854988098145 0
1716311750441 3.927377700805664 0
1716311773492 3.8444623947143555 0
1716311786537 3.819514274597168 0
1716311800176 3.865140438079834 0
1716311813612 4.68215799331665 0
1716311825411 4.375065803527832 0
1716311836248 4.368786334991455 0
1716311847897 4.439615249633789 0
1716311861282 4.443429946899414 0
1716311875541 4.466655731201172 0
1716311890816 4.488443374633789 0
1716311907436 4.457259178161621 0
1716311919305 4.437729835510254 0
1716311930211 4.400826454162598 0
1716311937428 4.368825912475586 0
1716311942240 4.323973655700684 0
1716311951049 4.285754203796387 0
1716311959470 4.240584850311279 0
1716311967410 4.287864685058594 0
1716311972456 4.27122688293457 0
1716311979209 4.2033891677856445 0
1716311994644 4.148048400878906 0
1716312005089 4.052490711212158 0
1716312011797 4.005822658538818 0
1716312019236 3.912148952484131 0
1716312023847 3.847073554992676 0
1716312031311 3.7597532272338867 0
1716312034746 3.684863567352295 0
1716312046847 3.6056928634643555 0
1716312061786 3.539058208465576 0
1716312071388 3.5333359241485596 0
1716312084567 4.293333530426025 0
1716312091822 4.583062171936035 0
1716312096062 5.269014835357666 0
1716312104638 5.7685651779174805 0
1716312109621 5.976510047912598 0
1716312119069 5.93158483505249 0
1716312122560 5.924300670623779 0
1716312130704 5.880599021911621 0
1716312141876 5.946028709411621 0
1716312152489 6.011995315551758 0
1716312166708 6.031419277191162 0
1716312177335 6.058558464050293 0
1716312187594 6.07669734954834 0
1716312196548 6.083103179931641 0
1716312205604 6.071933746337891 0
1716312215359 6.046958923339844 0
1716312222964 6.0096635818481445 0
1716312233039 5.954814910888672 0
1716312244593 5.89422082901001 0
1716312251375 5.8227081298828125 0
1716312267368 5.74951696395874 0
1716312277158 5.667928695678711 0
1716312282745 5.581867694854736 0
1716312290014 5.491684913635254 0
1716312294426 5.394528388977051 0
1716312303505 5.300837516784668 0
1716312309173 5.205051422119141 0
1716312316037 5.102174758911133 0
1716312320848 5.005104064941406 0
1716312332361 4.903740882873535 0
1716312356978 4.807626247406006 0
1716312369340 4.705726623535156 0
1716312379580 4.611974716186523 0
1716312391201 4.514895439147949 0
1716312397373 4.414582252502441 0
1716312405191 4.320195198059082 0
1716312411441 4.232196807861328 0
1716312422961 4.153633117675781 0
1716312432759 4.104336738586426 0
1716312445236 4.026217460632324 0
1716312462145 4.109734058380127 0
1716312475492 4.026440620422363 0
1716312485569 4.027458667755127 0
1716312496638 4.011443138122559 0
1716312506290 3.9567205905914307 0
1716312511387 3.927717924118042 0
1716312516526 3.88535213470459 0
1716312524176 3.840134620666504 0
1716312528286 3.788311004638672 0
1716312540138 3.7372443675994873 0
1716312559919 3.6850171089172363 0
1716312570805 3.6695261001586914 0
1716312576924 3.7639594078063965 0
1716312583144 3.6963014602661133 0
1716312588385 3.6774630546569824 0
1716312602552 3.627655506134033 0
1716312610898 3.6120033264160156 0
1716312616286 3.600430965423584 0
1716312620349 3.55279541015625 0
1716312629117 3.4863429069519043 0
1716312645536 3.4946765899658203 0
1716312653258 3.502412796020508 0
1716312661339 3.415153741836548 0
1716312668546 3.405308723449707 0
1716312674209 3.3743300437927246 0
1716312684974 3.3318142890930176 0
1716312697643 4.068811893463135 0
1716312707714 3.830197334289551 0
1716312715318 3.9914045333862305 0
1716312721883 4.075867176055908 0
1716312736722 4.081198692321777 0
1716312742853 4.050497055053711 0
1716312747508 4.01174783706665 0
1716312754396 3.98359751701355 0
1716312758844 3.955594539642334 0
1716312766860 3.894925117492676 0
1716312778074 3.841085433959961 0
1716312789160 3.7833635807037354 0
1716312794167 3.7405548095703125 0
1716312803744 3.676421642303467 0
1716312824825 3.617032051086426 0
1716312832832 3.563477039337158 0
1716312842849 3.5023176670074463 0
1716312853191 3.4422240257263184 0
1716312863646 3.4372172355651855 0
1716312875900 4.197075843811035 0
1716312883421 6.116245746612549 0
1716312890964 6.633482933044434 0
1716312894768 6.157989501953125 0
1716312905810 6.192170143127441 0
1716312920667 6.488428115844727 0
1716312930692 6.68420934677124 0
1716312938286 6.855486869812012 0
1716312942806 6.933788776397705 0
1716312946830 7.002668857574463 0
1716312956830 7.091504096984863 0
1716312964355 7.157050132751465 0
1716312970511 7.186525344848633 0
1716312975800 7.186362266540527 0
1716312983800 7.189539432525635 0
1716312999534 7.172808647155762 0
1716313015329 7.148805618286133 0
1716313024633 7.105007171630859 0
1716313033780 7.052508354187012 0
1716313038331 6.993769645690918 0
1716313054005 6.927059173583984 0
1716313066251 6.857020378112793 0
1716313079909 6.778890609741211 0
1716313094874 6.700278282165527 0
1716313106175 6.611092567443848 0
1716313121709 6.519139289855957 0
1716313129380 6.424178123474121 0
1716313136637 6.323164939880371 0
1716313145398 6.220654487609863 0
1716313156953 6.112933158874512 0
1716313175793 6.006902694702148 0
1716313183572 5.899109840393066 0
1716313196505 5.789331436157227 0
1716313207978 5.688324928283691 0
1716313220749 5.578063011169434 0
1716313240005 5.480647087097168 0
1716313254927 5.373578071594238 0
1716313266117 5.270869255065918 0
1716313278838 5.171361923217773 0
1716313287290 5.069927215576172 0
1716313302374 4.970440864562988 0
1716313311784 4.875650405883789 0
1716313323687 4.783957004547119 0
1716313330405 4.698765754699707 0
1716313341957 4.601136207580566 0
1716313358904 4.522356986999512 0
1716313369160 4.430953025817871 0
1716313381556 4.350166320800781 0
1716313394488 4.276170253753662 0
1716313401651 4.197546005249023 0
1716313412034 4.135337829589844 0
1716313420804 4.0677876472473145 0
1716313427941 4.009629249572754 0
1716313433974 3.9504857063293457 0
1716313438822 3.913163185119629 0
1716313453901 3.8375797271728516 0
1716313464156 3.8025565147399902 0
1716313471304 3.77603816986084 0
1716313476216 3.77675724029541 0
1716313479800 3.9892349243164062 0
1716313487266 3.9397735595703125 0
1716313490996 3.9867324829101562 0
1716313497799 3.996826171875 0
1716313501117 3.9868743419647217 0
1716313506930 3.9619014263153076 0
1716313522002 3.93674373626709 0
1716313532504 3.9116482734680176 0
1716313541367 3.8774781227111816 0
1716313548474 3.8740484714508057 0
1716313554808 3.847459316253662 0
1716313563434 3.808065176010132 0
1716313571726 3.7614927291870117 0
1716313579389 3.7114691734313965 0
1716313587008 3.659860610961914 0
1716313591812 3.635197162628174 0
1716313605541 3.6069650650024414 0
1716313610413 3.777841329574585 0
1716313614926 3.7403314113616943 0
1716313619267 3.7080531120300293 0
1716313624077 3.7561774253845215 0
1716313629766 3.7174954414367676 0
1716313634204 3.669705867767334 0
1716313643974 3.643281936645508 0
1716313648183 3.613098382949829 0
1716313653572 3.6907756328582764 0
1716313672766 3.6137313842773438 0
1716313685751 3.6070666313171387 0
1716313695622 3.563444137573242 0
1716313706919 3.5424652099609375 0
1716313718606 3.5270423889160156 0
1716313734503 3.582148551940918 0
1716313746738 3.579188585281372 0
1716313758659 3.564291477203369 0
1716313766460 3.5165247917175293 0
1716313776131 3.4680981636047363 0
1716313805296 3.413137912750244 0
1716313819037 3.357668399810791 0
1716313828739 3.332094669342041 0
1716313843673 3.3732810020446777 0
1716313849586 3.5319032669067383 0
1716313857393 3.4706544876098633 0
1716313862157 3.677311897277832 0
1716313873745 3.6865735054016113 0
1716313884485 3.613499164581299 0
1716313897643 3.6050729751586914 0
1716313914699 3.63150691986084 0
1716313925646 3.7173399925231934 0
1716313937629 3.6821534633636475 0
1716313950412 3.683084726333618 0
1716313959882 3.6523261070251465 0
1716313974623 3.6409034729003906 0
1716313989086 3.598684310913086 0
1716313998618 3.5744094848632812 0
1716314006677 3.5405545234680176 0
1716314014736 3.5521700382232666 0
1716314033884 3.654160261154175 0
1716314044794 3.5199060440063477 0
1716314051949 3.68283748626709 0
1716314057202 3.6328163146972656 0
1716314060795 3.69171142578125 0
1716314066311 3.5773487091064453 0
1716314071276 3.4955837726593018 0
1716314078870 3.456192970275879 0
1716314083666 3.3735404014587402 0
1716314093175 3.3376851081848145 0
1716314110927 3.297957420349121 0
1716314118782 3.4283230304718018 0
1716314122771 5.497650146484375 0
1716314130423 4.6508073806762695 0
1716314134475 4.860182762145996 0
1716314140735 5.025223731994629 0
1716314144109 5.229282379150391 0
1716314150255 5.3598127365112305 0
1716314157504 5.4490180015563965 0
1716314167530 5.497241973876953 0
1716314182919 5.523560523986816 0
1716314194263 5.5423078536987305 0
1716314206409 5.561886787414551 0
1716314217293 5.562272071838379 0
1716314224377 5.539502143859863 0
1716314232532 5.507889270782471 0
1716314237827 5.463793754577637 0
1716314247713 5.411062240600586 0
1716314255012 5.355013847351074 0
1716314261155 5.284595489501953 0
1716314277082 5.210772514343262 0
1716314289548 5.128012180328369 0
1716314299523 5.044216156005859 0
1716314308624 4.958432197570801 0
1716314312364 4.870889663696289 0
1716314317981 4.785127639770508 0
1716314321814 4.696372985839844 0
1716314327365 4.607635021209717 0
1716314333281 4.515139102935791 0
1716314339861 4.423285961151123 0
1716314355584 4.333159923553467 0
1716314364043 4.245210647583008 0
1716314368875 4.153714179992676 0
1716314376710 4.0780110359191895 0
1716314381442 3.9932913780212402 0
1716314398528 4.0295281410217285 0
1716314414825 4.520097732543945 0
1716314426465 4.402461051940918 0
1716314434322 4.483003616333008 0
1716314446893 4.530119895935059 0
1716314466484 4.6245880126953125 0
1716314478497 4.675623893737793 0
1716314488090 4.696176528930664 0
1716314494586 4.679268836975098 0
1716314499521 4.652589321136475 0
1716314509335 4.601792812347412 0
1716314517191 4.560408592224121 0
1716314523937 4.497034072875977 0
1716314528622 4.429286003112793 0
1716314541656 4.35989236831665 0
1716314571305 4.284053802490234 0
1716314588805 4.193419456481934 0
1716314598435 4.108879089355469 0
1716314610411 4.017978191375732 0
1716314618194 3.936012029647827 0
1716314625750 3.8551747798919678 0
1716314632067 3.781092405319214 0
1716314645802 3.748188018798828 0
1716314657031 3.735100269317627 0
1716314668096 3.666358470916748 0
1716314699071 3.6378588676452637 0
1716314712599 3.6413373947143555 0
1716314725681 3.5281336307525635 0
1716314737007 3.5151376724243164 0
1716314744969 3.5475845336914062 0
1716314753634 3.6073970794677734 0
1716314761044 3.63086199760437 0
1716314768377 3.8334484100341797 0
1716314772283 3.8769876956939697 0
1716314778026 3.9717659950256348 0
1716314792422 3.996832847595215 0
1716314798867 3.987204074859619 0
1716314802999 3.9988160133361816 0
1716314813496 4.080348014831543 0
1716314821088 4.067661285400391 0
1716314828976 3.9814207553863525 0
1716314835471 3.940448760986328 0
1716314843038 3.917078733444214 0
1716314847410 3.8391780853271484 0
1716314853746 3.7847437858581543 0
1716314866870 3.726393699645996 0
1716314873562 3.6904711723327637 0
1716314878374 3.6344521045684814 0
1716314884548 3.6196510791778564 0
1716314890837 3.916804790496826 0
1716314898341 3.8719654083251953 0
1716314902702 3.983996868133545 0
1716314911338 3.9426724910736084 0
1716314915654 3.9453539848327637 0
1716314922348 3.8753833770751953 0
1716314938351 3.7975692749023438 0
1716314946264 3.7524166107177734 0
1716314950497 3.7189502716064453 0
1716314958485 3.6653451919555664 0
1716314962693 3.6208434104919434 0
1716314969777 3.7349963188171387 0
1716314973679 3.923767566680908 0
1716314984338 3.7926764488220215 0
1716314990180 3.8874034881591797 0
1716314996130 3.9049222469329834 0
1716315009873 3.8280489444732666 0
1716315016293 3.7996392250061035 0
1716315021067 3.777576446533203 0
1716315028684 3.7628304958343506 0
1716315034943 3.8131706714630127 0
1716315043215 3.8382105827331543 0
1716315047338 3.81415057182312 0
1716315057151 3.8241705894470215 0
1716315071863 3.802680015563965 0
1716315086518 3.7489495277404785 0
1716315102937 3.688019037246704 0
1716315115159 3.6283164024353027 0
1716315123634 3.581761360168457 0
1716315129832 3.5304555892944336 0
1716315137284 3.4562878608703613 0
1716315152297 3.3882288932800293 0
1716315162382 3.3327817916870117 0
1716315170206 3.4966485500335693 0
1716315176717 4.826714038848877 0
1716315195154 4.247113227844238 0
1716315219348 4.543770790100098 0
1716315230842 4.639324188232422 0
1716315242960 4.94559383392334 0
1716315255973 4.933133125305176 0
1716315266070 4.959658622741699 0
1716315277473 4.996433258056641 0
1716315283348 5.00089168548584 0
1716315290493 4.987779140472412 0
1716315295645 4.955382347106934 0
1716315302236 4.919223785400391 0
1716315324110 4.885497093200684 0
1716315335200 4.835684776306152 0
1716315349464 4.785068511962891 0
1716315359135 4.715389251708984 0
1716315364057 4.642814636230469 0
1716315371469 4.558480739593506 0
1716315375989 4.48532247543335 0
1716315381510 4.397636413574219 0
1716315386492 4.310811996459961 0
1716315393422 4.227517604827881 0
1716315410285 4.14233922958374 0
1716315418879 4.091529369354248 0
1716315423963 4.023392200469971 0
1716315432199 3.930574417114258 0
1716315438084 3.847524642944336 0
1716315443015 3.784597873687744 0
1716315448228 3.7077317237854004 0
1716315453288 3.6325316429138184 0
1716315457310 3.56638765335083 0
1716315462685 3.5045619010925293 0
1716315476675 3.418570041656494 0
1716315482082 3.397287368774414 0
1716315487233 3.7220568656921387 0
1716315497294 4.621983528137207 0
1716315504632 4.921708583831787 0
1716315514050 4.851871490478516 0
1716315523319 5.093889236450195 0
1716315531184 5.218503952026367 0
1716315542070 5.298514366149902 0
1716315546881 5.348178863525391 0
1716315560419 5.41795539855957 0
1716315566535 5.474686622619629 0
1716315570668 5.51566219329834 0
1716315576437 5.534600257873535 0
1716315580546 5.531689643859863 0
1716315586898 5.512661933898926 0
1716315591930 5.471584320068359 0
1716315598471 5.4287428855896 0
1716315605428 5.363648414611816 0
1716315613383 5.303339958190918 0
1716315628473 5.228034973144531 0
1716315638641 5.1525092124938965 0
1716315645504 5.071114540100098 0
1716315653572 4.989209175109863 0
1716315664710 4.903012275695801 0
1716315676240 4.817776679992676 0
1716315680971 4.722110748291016 0
1716315686469 4.632556915283203 0
1716315690471 4.539686679840088 0
1716315698424 4.445611953735352 0
1716315712965 4.357892990112305 0
1716315722001 4.2916975021362305 0
1716315725716 4.225122451782227 0
1716315731518 4.159043312072754 0
1716315735558 4.0834574699401855 0
1716315741449 4.0130157470703125 0
1716315746051 3.9404478073120117 0
1716315755495 3.8621089458465576 0
1716315759803 3.7972044944763184 0
1716315767275 3.7424635887145996 0
1716315786688 3.817783832550049 0
1716315796535 3.867274045944214 0
1716315805556 3.966370105743408 0
1716315816635 4.064966201782227 0
1716315823753 4.060198783874512 0
1716315830479 4.049768447875977 0
1716315835693 3.965625286102295 0
1716315850132 3.9115231037139893 0
1716315860877 3.844137191772461 0
1716315869578 3.8220183849334717 0
1716315887884 3.8350632190704346 0
1716315899670 3.9431838989257812 0
1716315907937 3.969717502593994 0
1716315915419 3.9363839626312256 0
1716315920937 3.987436294555664 0
1716315926492 3.948942184448242 0
1716315933580 3.922799587249756 0
1716315943191 3.852320671081543 0
1716315951115 3.784914970397949 0
1716315961047 3.725471258163452 0
1716315981071 3.6639208793640137 0
1716315992054 3.6058900356292725 0
1716316003839 3.552403211593628 0
1716316018740 3.5540311336517334 0
1716316023973 3.8706703186035156 0
1716316034296 4.883130073547363 0
1716316043749 4.998912334442139 0
1716316053107 5.118612289428711 0
1716316061902 5.46934700012207 0
1716316073333 5.623271942138672 0
1716316088719 5.652421951293945 0
1716316098206 5.677990436553955 0
1716316112320 5.6789631843566895 0
1716316121349 5.665841102600098 0
1716316125912 5.66046142578125 0
1716316136471 5.655526161193848 0
1716316144129 5.643515110015869 0
1716316151719 5.6222710609436035 0
1716316156104 5.590952396392822 0
1716316163914 5.544687271118164 0
1716316180970 5.489325523376465 0
1716316191138 5.427402973175049 0
1716316197408 5.364241123199463 0
1716316203467 5.289912223815918 0
1716316207589 5.213517189025879 0
1716316217290 5.128972053527832 0
1716316222726 5.042060852050781 0
1716316232185 4.9445881843566895 0
1716316238552 4.846363544464111 0
1716316243254 4.747249603271484 0
1716316257998 4.64707612991333 0
1716316264933 4.549599647521973 0
1716316269235 4.4464874267578125 0
1716316278019 4.3620171546936035 0
1716316281735 4.26323127746582 0
1716316289832 4.176623344421387 0
1716316293774 4.072671413421631 0
1716316298485 3.985915184020996 0
1716316302336 3.89996337890625 0
1716316309312 3.808204412460327 0
1716316328589 3.729578733444214 0
1716316339419 3.672518253326416 0
1716316345470 3.7000999450683594 0
1716316353300 3.6279661655426025 0
1716316358034 3.645618438720703 0
1716316368779 3.752328872680664 0
1716316375966 3.8090100288391113 0
1716316385595 3.829843044281006 0
1716316394553 3.81583833694458 0
1716316403655 3.7793376445770264 0
1716316419241 3.7396082878112793 0
1716316435785 3.679795742034912 0
1716316450506 3.6302309036254883 0
1716316467502 3.6175026893615723 0
1716316480117 3.576107978820801 0
1716316494974 3.560305595397949 0
1716316505380 3.537860155105591 0
1716316513618 3.786085605621338 0
1716316519389 4.140420913696289 0
1716316530012 4.0044846534729 0
1716316564338 4.174726486206055 0
1716316572622 4.187621593475342 0
1716316584592 4.163649559020996 0
1716316595442 4.215387344360352 0
1716316605418 4.222224235534668 0
1716316618843 4.18618106842041 0
1716316630060 4.146225929260254 0
1716316639137 4.078470230102539 0
1716316649814 4.05316686630249 0
1716316656420 3.9660773277282715 0
1716316682490 3.9096338748931885 0
1716316698040 3.85434627532959 0
1716316708550 3.7776145935058594 0
1716316723248 3.7366673946380615 0
1716316734856 3.6776790618896484 0
1716316749066 3.6429173946380615 0
1716316756440 3.6261072158813477 0
1716316769184 3.569394111633301 0
1716316777385 3.6570305824279785 0
1716316787156 3.5067551136016846 0
1716316806358 3.5310208797454834 0
1716316817638 3.5494537353515625 0
1716316823059 3.519042491912842 0
1716316829672 3.4173941612243652 0
1716316833503 3.398484706878662 0
1716316838482 3.447007656097412 0
1716316842263 3.3345909118652344 0
1716316852209 3.3120694160461426 0
1716316861401 3.2713136672973633 0
1716316868675 3.30832576751709 0
1716316886576 3.3244428634643555 0
1716316895362 3.3703365325927734 0
1716316903119 3.3115015029907227 0
1716316910291 3.2930164337158203 0
1716316914589 3.552541732788086 0
1716316925368 3.9572415351867676 0
1716316932432 4.947232246398926 0
1716316942249 4.862865924835205 0
1716316952891 5.053101062774658 0
1716316958246 5.059381484985352 0
1716316974613 5.1011762619018555 0
1716316983870 5.12300443649292 0
1716316991283 5.153447151184082 0
1716317002478 5.133856773376465 0
1716317009617 5.211066246032715 0
1716317015459 5.133063793182373 0
1716317019585 5.139281749725342 0
1716317027780 5.123940944671631 0
1716317034491 5.089410781860352 0
1716317040033 5.044909477233887 0
1716317056449 4.992771625518799 0
1716317063272 4.933177947998047 0
1716317067040 4.867023468017578 0
1716317073253 4.801218032836914 0
1716317077995 4.737741470336914 0
1716317085577 4.662151336669922 0
1716317089624 4.563572883605957 0
1716317098215 4.4811811447143555 0
1716317103238 4.398917198181152 0
1716317109866 4.311229705810547 0
1716317126931 4.227682113647461 0
1716317137285 4.154211521148682 0
1716317146275 4.052206039428711 0
1716317155664 3.9821648597717285 0
1716317161706 4.011282444000244 0
1716317170366 4.594572067260742 0
1716317174488 4.027927875518799 0
1716317181944 4.21486234664917 0
1716317187446 4.16940975189209 0
1716317195782 4.201788902282715 0
1716317215976 4.184596061706543 0
1716317227256 4.155380725860596 0
1716317235499 4.111575603485107 0
1716317248197 4.056269645690918 0
1716317258294 3.994293212890625 0
1716317267021 3.915727376937866 0
1716317272035 3.8471179008483887 0
1716317283222 3.7839560508728027 0
1716317287379 3.715157985687256 0
1716317292254 3.6441938877105713 0
1716317312265 3.601555347442627 0
1716317321914 3.5881662368774414 0
1716317327478 3.5876426696777344 0
1716317340658 3.622194290161133 0
1716317356226 3.8701467514038086 0
1716317368273 4.340510845184326 0
1716317377604 4.058448791503906 0
1716317390285 4.1709394454956055 0
1716317400483 4.265963077545166 0
1716317410513 4.281515598297119 0
1716317434436 4.302575588226318 0
1716317442507 4.298028469085693 0
1716317448349 4.234743118286133 0
1716317460874 4.203557968139648 0
1716317467139 4.152571201324463 0
1716317476420 4.0943403244018555 0
1716317485993 4.015983581542969 0
1716317499048 3.9430384635925293 0
1716317507686 3.891630172729492 0
1716317518601 3.8215718269348145 0
1716317539705 3.75075101852417 0
1716317551491 3.6684768199920654 0
1716317560961 3.660519599914551 0
1716317569862 3.6202712059020996 0
1716317578199 3.89528226852417 0
1716317585340 3.821742534637451 0
1716317588974 3.943113327026367 0
1716317594420 3.9910993576049805 0
1716317600448 4.033721923828125 0
1716317607313 3.973961353302002 0
1716317626954 3.91029691696167 0
1716317638632 3.8741517066955566 0
1716317645777 3.819821357727051 0
1716317651690 3.820693254470825 0
1716317656203 3.743236541748047 0
1716317663082 3.690636157989502 0
1716317668019 3.6224288940429688 0
1716317674002 3.5528616905212402 0
1716317679189 3.472822666168213 0
1716317684520 3.422825336456299 0
1716317707827 3.3774399757385254 0
1716317716620 3.3129003047943115 0
1716317722325 3.328197956085205 0
1716317728760 4.334756374359131 0
1716317734093 4.676510334014893 0
1716317739564 4.623353958129883 0
1716317747379 4.675815582275391 0
1716317752496 4.82219123840332 0
1716317759182 4.954503536224365 0
1716317766514 5.024335861206055 0
1716317782805 5.069705009460449 0
1716317793141 5.07698917388916 0
1716317802307 5.070355415344238 0
1716317809852 5.042263984680176 0
1716317814038 5.012293338775635 0
1716317822789 4.976551055908203 0
1716317831528 4.9264020919799805 0
1716317843837 4.864731788635254 0
1716317858809 4.8012495040893555 0
1716317870890 4.730436325073242 0
1716317889184 4.6661601066589355 0
1716317903956 4.5754499435424805 0
1716317910391 4.498458385467529 0
1716317919403 4.414248466491699 0
1716317927551 4.321441650390625 0
1716317934681 4.264049530029297 0
1716317939060 4.195036888122559 0
1716317952403 4.15766716003418 0
1716317962837 4.0932440757751465 0
1716317974901 4.043658256530762 0
1716317996728 4.006314754486084 0
1716318007653 3.9773802757263184 0
1716318016441 3.9491422176361084 0
1716318033376 3.837574005126953 0
1716318041594 3.779996156692505 0
1716318049476 3.703587532043457 0
1716318054992 3.6285576820373535 0
1716318071200 3.5655508041381836 0
1716318078508 3.516575813293457 0
1716318090834 3.456505060195923 0
1716318106874 3.398667097091675 0
1716318120629 3.38627290725708 0
1716318129312 3.378314971923828 0
1716318136146 3.4183428287506104 0
1716318140977 3.495049476623535 0
1716318157312 3.575011968612671 0
1716318167448 3.6898694038391113 0
1716318181216 4.095263957977295 0
1716318195517 3.8101820945739746 0
1716318207554 3.8383095264434814 0
1716318226049 3.8620176315307617 0
1716318238446 3.907578468322754 0
1716318246559 3.873690605163574 0
1716318252727 3.861494779586792 0
1716318256740 3.795583724975586 0
1716318265777 3.736954689025879 0
1716318270133 3.722257137298584 0
1716318277905 3.657707452774048 0
1716318282696 3.6756043434143066 0
1716318288903 4.10501766204834 0
1716318303066 4.120578765869141 0
1716318308677 4.704941749572754 0
1716318312813 4.490488529205322 0
1716318318014 4.509891510009766 0
1716318321871 4.607355117797852 0
