1716306410566 45.840227127075195 0
1716306435070 24.455650091171265 0
1716306451026 15.95056700706482 0
1716306461634 10.603631973266602 0
1716306474807 13.16332221031189 0
1716306489367 14.551142930984497 0
1716306495484 6.111424207687378 0
1716306504006 8.51648998260498 0
1716306508318 4.3073132038116455 0
1716306516928 8.605337142944336 0
1716306537358 15.295141220092773 0
1716306549701 12.338044881820679 0
1716306558136 8.239275932312012 0
1716306569832 11.691273927688599 0
1716306578047 8.207872152328491 0
1716306589005 10.953097343444824 0
1716306602523 13.470587253570557 0
1716306615468 12.9409339427948 0
1716306621871 6.379504919052124 0
1716306630065 8.18852972984314 0
1716306647808 12.671894073486328 0
1716306658540 10.718353748321533 0
1716306671951 13.405429124832153 0
1716306686413 14.457319021224976 0
1716306695869 9.447287797927856 0
1716306706611 10.736587047576904 0
1716306716004 9.384144067764282 0
1716306728301 12.290691137313843 0
1716306736365 8.059330224990845 0
1716306744408 8.032224893569946 0
1716306762181 13.135272026062012 0
1716306773933 11.746655941009521 0
1716306784314 10.376168966293335 0
1716306794354 10.033254146575928 0
1716306802767 8.407728910446167 0
1716306812282 9.502720832824707 0
1716306820419 8.133465051651001 0
1716306834394 13.79208493232727 0
1716306845063 10.45620608329773 0
1716306854967 9.8991060256958 0
1716306883122 23.174463987350464 0
1716306897848 14.71901273727417 0
1716306907618 9.762319803237915 0
1716306918576 10.9480619430542 0
1716306928558 9.977906942367554 0
1716306944312 15.744825839996338 0
1716306959979 15.42923903465271 0
1716306975000 15.012977838516235 0
1716306983903 8.895900011062622 0
1716306995046 11.122821807861328 0
1716307023105 21.658035278320312 0
1716307033394 10.2809419631958 0
1716307047500 14.099472045898438 0
1716307059477 11.973382949829102 0
1716307072308 12.821803092956543 0
1716307084769 12.16445016860962 0
1716307097786 13.011368989944458 0
1716307109009 11.205349206924438 0
1716307120842 11.59163212776184 0
1716307134789 13.942829847335815 0
1716307151314 12.9010591506958 0
1716307163413 12.092417240142822 0
1716307169445 6.024961948394775 0
1716307182632 12.789400815963745 0
1716307195301 12.653103113174438 0
1716307207962 12.657103300094604 0
1716307218154 9.981225967407227 0
1716307227121 8.961385011672974 0
1716307234472 7.2531797885894775 0
1716307242127 7.649704933166504 0
1716307258781 11.136109113693237 0
1716307275325 16.25416088104248 0
1716307286794 11.462279319763184 0
1716307298995 12.190016031265259 0
1716307307428 8.423366069793701 0
1716307318742 11.308520078659058 0
1716307329877 11.128357172012329 0
1716307344323 14.43957805633545 0
1716307356145 11.818174123764038 0
1716307366150 9.989167213439941 0
1716307383635 11.37491488456726 0
1716307395151 11.507932901382446 0
1716307406977 11.818507671356201 0
1716307418580 10.11588191986084 0
1716307427603 9.017188310623169 0
1716307439028 11.420642137527466 0
1716307448493 9.459955930709839 0
1716307459338 10.83454966545105 0
1716307466480 7.120553970336914 0
1716307476135 9.573697090148926 0
1716307491033 10.193534135818481 0
1716307498932 7.818434953689575 0
1716307503692 4.75442910194397 0
1716307509624 5.926985025405884 0
1716307515376 5.7458600997924805 0
1716307522745 7.36266016960144 0
1716307526527 3.7774689197540283 0
1716307535969 9.355454921722412 0
1716307540200 4.224230051040649 0
1716307550344 10.114659786224365 0
1716307568760 12.60748291015625 0
1716307579978 11.20816421508789 0
1716307589025 8.997466802597046 0
1716307598756 9.72635793685913 0
1716307608708 9.94353199005127 0
1716307619325 10.613013982772827 0
1716307627648 8.315684795379639 0
1716307636761 9.106830835342407 0
1716307648470 11.656847715377808 0
1716307662727 14.248769998550415 0
1716307681340 12.462705850601196 0
1716307695613 14.265721797943115 0
1716307705250 9.631836175918579 0
1716307716321 11.021503925323486 0
1716307725729 9.400840997695923 0
1716307736529 10.791670799255371 0
1716307744935 8.399976015090942 0
1716307754982 10.04167890548706 0
1716307759829 4.741238117218018 0
1716307765319 5.441082239151001 0
1716307786627 12.360927104949951 0
1716307798024 11.390237808227539 0
1716307808675 10.63809609413147 0
1716307818977 10.297169208526611 0
1716307824008 5.022519826889038 0
1716307837372 13.356401920318604 0
1716307844360 6.897928953170776 0
1716307855736 11.368245601654053 0
1716307861610 5.8661048412323 0
1716307871218 9.373153686523438 0
1716307890931 11.598567962646484 0
1716307897156 6.219280958175659 0
1716307901513 4.260070085525513 0
1716307911635 10.108598947525024 0
1716307919823 8.184184074401855 0
1716307928523 8.6947340965271 0
1716307936127 7.556538820266724 0
1716307947384 11.25269079208374 0
1716307957320 9.809348106384277 0
1716307971887 14.560853958129883 0
1716307986141 9.71061110496521 0
1716307996415 10.267133951187134 0
1716308004046 7.567362070083618 0
1716308010560 6.50753116607666 0
1716308015492 4.927416801452637 0
1716308024738 9.240815162658691 0
1716308034821 10.072917938232422 0
1716308046310 11.430781126022339 0
1716308058072 11.701546907424927 0
1716308067352 9.275960922241211 0
1716308080788 8.614583969116211 0
1716308086478 5.684600114822388 0
1716308090428 3.943290948867798 0
1716308096484 6.04867696762085 0
1716308100568 4.039220094680786 0
1716308107856 7.240423202514648 0
1716308112021 4.1549670696258545 0
1716308117393 5.3637309074401855 0
1716308121853 4.402857065200806 0
1716308132653 10.733083248138428 0
1716308145866 8.734167098999023 0
1716308153434 7.56230092048645 0
1716308159967 6.526683807373047 0
1716308167314 7.3394410610198975 0
1716308172398 5.006398916244507 0
1716308180892 8.486212968826294 0
1716308188427 7.528348922729492 0
1716308200847 12.414836168289185 0
1716308213610 12.6320321559906 0
1716308223246 9.631310224533081 0
1716308241860 11.824695110321045 0
1716308251775 9.910263061523438 0
1716308260916 9.0587158203125 0
1716308271434 10.512820959091187 0
1716308278864 7.420785188674927 0
1716308289739 10.648614168167114 0
1716308300040 10.215174913406372 0
1716308308121 8.051105976104736 0
1716308312688 4.5100390911102295 0
1716308319221 6.527447938919067 0
1716308340640 14.775146961212158 0
1716308351566 10.820406198501587 0
1716308358592 7.0103700160980225 0
1716308365351 6.5422749519348145 0
1716308371600 6.237813949584961 0
1716308383058 11.448739051818848 0
1716308388481 5.409721851348877 0
1716308396636 8.14676308631897 0
1716308401913 5.26878809928894 0
1716308412723 10.797717332839966 0
1716308426950 9.515381097793579 0
1716308436704 9.741050243377686 0
1716308440619 3.9112491607666016 0
1716308449096 8.467836856842041 0
1716308453182 4.0784759521484375 0
1716308465704 12.517315864562988 0
1716308475066 9.357944011688232 0
1716308485606 10.533023118972778 0
1716308496900 11.277937173843384 0
1716308506163 9.255566835403442 0
1716308522729 11.564047813415527 0
1716308531625 8.784854888916016 0
1716308539722 8.091089010238647 0
1716308545566 5.833017826080322 0
1716308554033 8.459285974502563 0
1716308559375 5.336297035217285 0
1716308565137 5.700068712234497 0
1716308572420 7.216340065002441 0
1716308576617 4.136625051498413 0
1716308583874 7.241559982299805 0
1716308598150 9.40926194190979 0
1716308607783 9.623666286468506 0
1716308616374 8.584773063659668 0
1716308625498 9.116090774536133 0
1716308637669 12.16590404510498 0
1716308646543 8.86789083480835 0
1716308650607 4.0452940464019775 0
1716308660218 9.59204387664795 0
1716308668501 8.267698287963867 0
1716308673760 5.196275949478149 0
1716308695377 16.576432943344116 0
1716308706223 10.840759992599487 0
1716308712768 6.533377647399902 0
1716308718500 5.727970123291016 0
1716308723252 4.5999839305877686 0
1716308734315 11.05305814743042 0
1716308741553 7.231543064117432 0
1716308747915 6.354869842529297 0
1716308752572 4.648993968963623 0
1716308762050 9.295740365982056 0
1716308781852 11.950008630752563 0
1716308792473 10.613539934158325 0
1716308800163 7.684266090393066 0
1716308811849 11.675503253936768 0
1716308819439 7.583333253860474 0
1716308827833 8.380099058151245 0
1716308836823 8.869454145431519 0
1716308846834 10.003554821014404 0
1716308853860 6.933203935623169 0
1716308860054 6.189445972442627 0
1716308875968 10.111564874649048 0
1716308885609 9.632710218429565 0
1716308892396 6.716580867767334 0
1716308901110 8.70442819595337 0
1716308910392 9.226129055023193 0
1716308921064 10.600198984146118 0
1716308931515 10.441282272338867 0
1716308941023 9.502501010894775 0
1716308948755 7.726284027099609 0
1716308954988 6.226878881454468 0
1716308974017 12.3955078125 0
1716308983592 9.567447185516357 0
1716308995819 12.218508243560791 0
1716309005679 9.759782791137695 0
1716309012559 6.6703290939331055 0
1716309019751 7.086887836456299 0
1716309028828 9.044395923614502 0
1716309036418 7.583150148391724 0
1716309040205 3.7778549194335938 0
1716309047963 7.660640001296997 0
1716309065697 11.12882685661316 0
1716309076483 10.65507197380066 0
1716309085136 8.647753953933716 0
1716309094968 9.754426002502441 0
1716309102065 7.024816036224365 0
1716309112611 10.222168207168579 0
1716309117342 4.7141969203948975 0
1716309125301 7.953495979309082 0
1716309133767 8.460087060928345 0
1716309145816 12.001312017440796 0
1716309162917 11.92059326171875 0
1716309177506 14.483010053634644 0
1716309187759 10.172696113586426 0
1716309198307 10.540519952774048 0
1716309209282 10.967169046401978 0
1716309220967 11.660007238388062 0
1716309231742 10.679533958435059 0
1716309242797 11.038069009780884 0
1716309255146 12.34128189086914 0
1716309265287 10.13430380821228 0
1716309283619 13.909367084503174 0
1716309294970 11.344145774841309 0
1716309302554 7.578731060028076 0
1716309308228 5.66487193107605 0
1716309312550 4.316457986831665 0
1716309320886 8.244112014770508 0
1716309325026 4.134322881698608 0
1716309330135 5.100613832473755 0
1716309334428 4.181601047515869 0
1716309344246 9.812610149383545 0
1716309358673 9.600370168685913 0
1716309369043 10.361268043518066 0
1716309380737 11.684014797210693 0
1716309391030 10.262217998504639 0
1716309398329 7.294622898101807 0
1716309407274 8.936401128768921 0
1716309415032 7.69810676574707 0
1716309421801 6.757023096084595 0
1716309428124 6.317279100418091 0
1716309434351 6.222184896469116 0
1716309450330 10.321874141693115 0
1716309460050 9.704235792160034 0
1716309469620 9.566497087478638 0
1716309476926 7.299853086471558 0
1716309481677 4.692623138427734 0
1716309489478 7.796654939651489 0
1716309496235 6.751672029495239 0
1716309503537 7.296422004699707 0
1716309509099 5.485727071762085 0
1716309516250 7.146896123886108 0
1716309535917 11.573710680007935 0
1716309546694 10.771040201187134 0
1716309553847 7.144958972930908 0
1716309564093 10.241491079330444 0
1716309571311 7.2120442390441895 0
1716309582863 11.458356857299805 0
1716309590984 8.110061645507812 0
1716309601730 10.728212833404541 0
1716309609440 7.703636884689331 0
1716309617491 7.84575891494751 0
1716309636230 11.975073099136353 0
1716309648389 12.150177955627441 0
1716309659380 10.9829580783844 0
1716309671280 11.889564275741577 0
1716309679544 8.254150152206421 0
1716309684898 5.34705924987793 0
1716309690075 5.171653747558594 0
1716309696872 6.7876880168914795 0
1716309701219 4.342009782791138 0
1716309716336 14.885680198669434 0
1716309731332 10.487154960632324 0
1716309742187 10.84688115119934 0
1716309749722 7.527276039123535 0
1716309760410 10.643560886383057 0
1716309764573 4.153812885284424 0
1716309783007 18.402512788772583 0
1716309792396 9.383819103240967 0
1716309801255 8.85390591621399 0
1716309810426 9.036343812942505 0
1716309823409 12.976219177246094 0
1716309844695 15.949043035507202 0
1716309855877 11.175438165664673 0
1716309867605 11.66086721420288 0
1716309880775 13.150750160217285 0
1716309888742 7.940346002578735 0
1716309896110 7.361984014511108 0
1716309900393 4.276374578475952 0
1716309906353 5.9461610317230225 0
1716309910604 4.2366719245910645 0
1716309916895 6.227515935897827 0
1716309929026 7.0351502895355225 0
1716309934622 5.499579191207886 0
1716309939531 4.898706912994385 0
1716309944235 4.698790073394775 0
1716309948176 3.9336681365966797 0
1716309954059 5.754802942276001 0
1716309957646 3.5798070430755615 0
1716309963100 5.448087215423584 0
1716309967769 4.662897825241089 0
1716309973149 5.366105794906616 0
1716309988283 8.40298581123352 0
1716309997463 9.172713041305542 0
1716310004604 7.072988271713257 0
1716310012708 7.969387054443359 0
1716310022349 9.635268926620483 0
1716310029150 6.795409917831421 0
1716310032939 3.7291183471679688 0
1716310042415 9.46933913230896 0
1716310047851 5.42765212059021 0
1716310057691 9.746141195297241 0
1716310073745 11.134438753128052 0
1716310081895 8.1368887424469 0
1716310088696 6.796326160430908 0
1716310094361 5.659961700439453 0
1716310098407 4.033794164657593 0
1716310108491 9.953811883926392 0
1716310120392 11.892112016677856 0
1716310135430 15.026464939117432 0
1716310146482 11.039236068725586 0
1716310156858 10.360992908477783 0
1716310173696 11.641490936279297 0
1716310183085 9.378718137741089 0
1716310191809 8.714645862579346 0
1716310200682 8.861988067626953 0
1716310205880 5.192168951034546 0
1716310212830 6.8371241092681885 0
1716310216912 4.074932098388672 0
1716310222338 5.41693639755249 0
1716310226911 4.568725109100342 0
1716310235958 8.943550109863281 0
1716310251313 10.399572134017944 0
1716310260465 9.139092922210693 0
1716310265939 5.469006776809692 0
1716310272718 6.774012804031372 0
1716310276568 3.842741012573242 0
1716310282094 5.520930767059326 0
1716310286474 4.369760036468506 0
1716310295793 9.312403917312622 0
1716310305636 9.833341836929321 0
1716310316346 10.703735113143921 0
1716310343817 18.736848831176758 0
1716310354575 10.753001928329468 0
1716310362660 7.996450185775757 0
1716310377971 15.28674602508545 0
1716310388607 10.567982912063599 0
1716310400867 12.253528833389282 0
1716310407157 6.281677007675171 0
1716310413902 6.7405030727386475 0
1716310417601 3.6100900173187256 0
1716310430111 12.494862079620361 0
1716310447094 11.232810020446777 0
1716310457517 10.413509130477905 0
1716310467864 10.338020086288452 0
1716310475705 7.8319621086120605 0
1716310479620 3.893312931060791 0
1716310493519 13.892004251480103 0
1716310503441 9.916910171508789 0
1716310509389 5.9429919719696045 0
1716310514988 5.587846279144287 0
1716310524855 9.858625650405884 0
1716310541887 11.163956880569458 0
1716310549146 7.224539756774902 0
1716310557964 8.813141107559204 0
1716310568014 10.04469895362854 0
1716310575884 7.864337921142578 0
1716310584228 8.336735010147095 0
1716310591187 6.905134916305542 0
1716310597375 6.176680088043213 0
1716310602597 5.215347051620483 0
1716310607937 5.334768056869507 0
1716310622560 9.496904850006104 0
1716310633959 11.38667607307434 0
1716310640306 6.341783046722412 0
1716310647378 7.061517715454102 0
1716310651717 4.3344902992248535 0
1716310656510 4.785068035125732 0
1716310660090 3.5725677013397217 0
1716310664924 4.828150033950806 0
1716310669964 5.012729167938232 0
1716310680526 10.541058778762817 0
1716310697731 11.933183908462524 0
1716310708370 10.574915885925293 0
1716310718712 10.327537775039673 0
1716310725682 6.95901894569397 0
1716310729758 4.070054292678833 0
1716310735657 5.889113664627075 0
1716310739524 3.859684705734253 0
1716310745755 6.066809892654419 0
1716310749221 3.451230049133301 0
1716310753686 4.4583070278167725 0
1716310771674 11.760915994644165 0
1716310780913 9.231344938278198 0
1716310787487 6.569109916687012 0
1716310793810 6.316780090332031 0
1716310797879 4.063141822814941 0
1716310803461 5.57568097114563 0
1716310806732 3.2630817890167236 0
1716310811700 4.899589776992798 0
1716310815202 3.4970219135284424 0
1716310824690 9.484086036682129 0
1716310841253 11.447571039199829 0
1716310851931 10.631724119186401 0
1716310860323 8.38608193397522 0
1716310868964 8.634371042251587 0
1716310872976 4.004519939422607 0
1716310882729 9.748412132263184 0
1716310894070 11.323982954025269 0
1716310903145 9.069545984268188 0
1716310907384 4.2323668003082275 0
1716310916868 9.478885889053345 0
1716310932373 10.940355777740479 0
1716310945686 13.306956052780151 0
1716310955352 9.657694101333618 0
1716310965869 10.510243892669678 0
1716310978359 12.484338998794556 0
1716310991813 13.398529052734375 0
1716311004399 12.217193126678467 0
1716311017571 13.16202187538147 0
1716311028856 11.274672985076904 0
1716311043558 14.696367979049683 0
1716311063073 13.468788146972656 0
1716311077714 14.629353046417236 0
1716311088397 10.676416158676147 0
1716311104323 15.91671895980835 0
1716311117211 12.87279486656189 0
1716311129564 12.305359125137329 0
1716311141523 11.849916219711304 0
1716311153524 11.992602109909058 0
1716311163384 9.745427131652832 0
1716311174303 10.904552936553955 0
1716311189595 10.79594898223877 0
1716311200708 11.10596513748169 0
1716311211172 10.453946113586426 0
1716311223724 12.535114049911499 0
1716311231562 7.828941106796265 0
1716311245369 13.73920488357544 0
1716311254294 8.83622407913208 0
1716311264039 9.427670001983643 0
1716311273626 9.578253984451294 0
1716311286288 12.578776121139526 0
1716311301423 10.17097806930542 0
1716311309679 8.241770029067993 0
1716311314213 4.5289061069488525 0
1716311320279 6.061440944671631 0
1716311326167 5.87544584274292 0
1716311341859 15.604318857192993 0
1716311350890 8.932217836380005 0
1716311361297 10.40041708946228 0
1716311369567 8.253648281097412 0
1716311376307 6.685927152633667 0
1716311389258 8.433931112289429 0
1716311397714 8.452026128768921 0
1716311402384 4.660192012786865 0
1716311409227 6.8380210399627686 0
1716311413077 3.843709945678711 0
1716311418091 4.973975896835327 0
1716311422394 4.235479831695557 0
1716311430444 8.042459726333618 0
1716311434452 3.997929096221924 0
1716311439741 5.200069904327393 0
1716311464269 14.91288423538208 0
1716311473693 9.416826725006104 0
1716311480661 6.902284145355225 0
1716311489656 8.98506236076355 0
1716311497608 7.945152759552002 0
1716311504789 7.103250026702881 0
1716311510258 5.461740016937256 0
1716311523077 12.754788160324097 0
1716311533310 10.223209857940674 0
1716311544261 10.946538209915161 0
1716311560953 11.509028911590576 0
1716311573186 12.147823095321655 0
1716311586478 13.272751092910767 0
1716311595517 8.97202181816101 0
1716311603104 7.581005096435547 0
1716311610974 7.864684104919434 0
1716311619271 8.288278818130493 0
1716311626127 6.851254940032959 0
1716311631366 5.233995199203491 0
1716311637951 6.580054044723511 0
1716311655282 11.377197027206421 0
1716311668194 12.900178909301758 0
1716311677391 9.191407680511475 0
1716311684744 7.322246789932251 0
1716311699897 15.148444890975952 0
1716311711022 11.117662906646729 0
1716311723228 12.199862003326416 0
1716311734198 10.964262008666992 0
1716311744040 9.767040967941284 0
1716311751022 6.975325107574463 0
1716311773842 14.415895938873291 0
1716311786940 13.08798885345459 0
1716311800422 13.340538024902344 0
1716311813952 13.522227048873901 0
1716311826480 12.518368005752563 0
1716311836451 9.965399026870728 0
1716311848333 11.810078859329224 0
1716311861454 13.11506986618042 0
1716311875638 14.109109163284302 0
1716311891039 15.396720170974731 0
1716311907611 11.47596788406372 0
1716311919796 12.177826881408691 0
1716311930440 10.632911920547485 0
1716311937651 7.203325986862183 0
1716311942519 4.863932847976685 0
1716311951207 8.592135190963745 0
1716311959859 8.642844915390015 0
1716311967733 7.8066020011901855 0
1716311972631 4.8017778396606445 0
1716311980054 7.41698694229126 0
1716311994859 9.649399042129517 0
1716312005396 10.532078981399536 0
1716312011966 6.561913967132568 0
1716312019498 7.522784233093262 0
1716312024146 4.643481016159058 0
1716312031581 7.425854921340942 0
1716312034974 3.386660099029541 0
1716312047797 12.817821979522705 0
1716312061986 13.862128734588623 0
1716312071590 9.567615985870361 0
1716312084800 8.772707223892212 0
1716312091858 7.051317930221558 0
1716312096532 4.664616346359253 0
1716312104837 8.296974182128906 0
1716312109977 5.135621786117554 0
1716312119164 9.18291687965393 0
1716312122830 3.578108072280884 0
1716312131254 8.36360788345337 0
1716312142517 11.177969932556152 0
1716312152663 10.140807867050171 0
1716312166955 9.66716980934143 0
1716312177541 10.579288721084595 0
1716312187913 10.311481714248657 0
1716312196736 8.81582498550415 0
1716312205958 9.144519805908203 0
1716312215519 9.55453896522522 0
1716312223461 7.931547164916992 0
1716312233521 10.04799509048462 0
1716312244734 11.203423976898193 0
1716312251920 7.181714057922363 0
1716312267759 10.120199203491211 0
1716312277357 9.589670896530151 0
1716312283129 5.73162317276001 0
1716312290421 7.285710096359253 0
1716312294766 4.330917835235596 0
1716312304334 9.561930894851685 0
1716312309372 5.029332160949707 0
1716312316344 6.9670350551605225 0
1716312321017 4.654186964035034 0
1716312333635 12.537886142730713 0
1716312357099 14.85078501701355 0
1716312369643 12.531774997711182 0
1716312380884 11.104124069213867 0
1716312391428 10.485337018966675 0
1716312397699 6.2625977993011475 0
1716312405521 7.813238143920898 0
1716312412016 6.487379312515259 0
1716312423378 11.348404884338379 0
1716312433100 9.686479806900024 0
1716312445465 12.326901912689209 0
1716312462479 12.235603094100952 0
1716312475849 13.27519702911377 0
1716312486138 10.18887186050415 0
1716312497046 10.899574041366577 0
1716312506802 9.75096607208252 0
1716312511603 4.796370983123779 0
1716312516811 5.118706226348877 0
1716312524439 7.551260948181152 0
1716312528708 4.089888095855713 0
1716312540350 11.579963207244873 0
1716312560244 13.456326961517334 0
1716312570987 10.632500886917114 0
1716312577563 6.569567918777466 0
1716312583452 5.884258031845093 0
1716312588797 5.155812740325928 0
1716312602695 13.890799045562744 0
1716312610990 8.281738996505737 0
1716312616534 5.540073871612549 0
1716312620697 4.101885080337524 0
1716312629488 8.77499008178711 0
1716312645805 10.170233726501465 0
1716312653739 7.9262871742248535 0
1716312662093 8.348160028457642 0
1716312669019 6.90889310836792 0
1716312674457 5.433198690414429 0
1716312685921 11.457712173461914 0
1716312697806 11.871543169021606 0
1716312708274 10.456603050231934 0
1716312715757 6.9420459270477295 0
1716312722863 6.786515951156616 0
1716312736850 9.155120849609375 0
1716312743119 6.263570070266724 0
1716312747828 4.703205108642578 0
1716312754880 7.045261859893799 0
1716312759063 4.178261995315552 0
1716312767112 8.043425559997559 0
1716312778256 10.73071002960205 0
1716312789543 11.210206985473633 0
1716312794408 4.856400012969971 0
1716312804029 9.613125801086426 0
1716312825025 12.364605188369751 0
1716312833164 8.12472677230835 0
1716312843064 9.891950845718384 0
1716312853506 10.435327053070068 0
1716312863942 10.427292823791504 0
1716312876154 12.11762809753418 0
1716312883632 7.469834804534912 0
1716312891393 7.750496864318848 0
1716312895182 3.7799408435821533 0
1716312906010 10.820709943771362 0
1716312921606 10.157846212387085 0
1716312931299 9.67892599105835 0
1716312938417 7.110039234161377 0
1716312942985 4.559890985488892 0
1716312947101 4.084606885910034 0
1716312957058 9.952030897140503 0
1716312964555 7.48445200920105 0
1716312970900 6.341039180755615 0
1716312976090 5.182904005050659 0
1716312983924 7.828161001205444 0
1716313000637 11.286987781524658 0
1716313015631 14.983739852905273 0
1716313024937 9.296159982681274 0
1716313034440 9.491803169250488 0
1716313038782 4.334787130355835 0
1716313054243 15.448703050613403 0
1716313067036 12.713252067565918 0
1716313080290 13.238462924957275 0
1716313094954 14.180044889450073 0
1716313106516 11.557211875915527 0
1716313121939 10.377577781677246 0
1716313130389 8.441322088241577 0
1716313137315 6.583259105682373 0
1716313145689 8.36268401145935 0
1716313157309 11.523226976394653 0
1716313176210 18.89292287826538 0
1716313184279 8.023669958114624 0
1716313196870 12.379494905471802 0
1716313208219 11.339457750320435 0
1716313221044 12.71408486366272 0
1716313240332 13.223504781723022 0
1716313255160 14.81772494316101 0
1716313266757 11.587607145309448 0
1716313279072 12.307483911514282 0
1716313287809 8.730586051940918 0
1716313302624 14.796969890594482 0
1716313313263 10.626329183578491 0
1716313323925 10.649786233901978 0
1716313330739 6.803734064102173 0
1716313342887 12.119726181030273 0
1716313359239 11.861332893371582 0
1716313369424 10.172294855117798 0
1716313381695 12.262457132339478 0
1716313395000 13.298187971115112 0
1716313402161 6.906036138534546 0
1716313412184 10.012388944625854 0
1716313421428 9.172018766403198 0
1716313428199 6.552965879440308 0
1716313434164 5.9582390785217285 0
1716313439078 4.757781982421875 0
1716313454110 9.418279886245728 0
1716313464412 10.296210765838623 0
1716313471516 7.09652304649353 0
1716313476483 4.962248086929321 0
1716313479993 3.443518877029419 0
1716313487441 7.443134069442749 0
1716313491240 3.7912771701812744 0
1716313498012 6.764554977416992 0
1716313501287 3.266741991043091 0
1716313507180 5.799163818359375 0
1716313522498 9.843017101287842 0
1716313532747 10.235965013504028 0
1716313541564 8.749172925949097 0
1716313549289 7.716675043106079 0
1716313555244 5.9102160930633545 0
1716313563766 8.51665472984314 0
1716313572075 8.221975088119507 0
1716313579667 7.584717035293579 0
1716313587229 7.5569541454315186 0
1716313592087 4.8536248207092285 0
1716313605693 8.496401071548462 0
1716313610615 4.911009073257446 0
1716313615063 4.442062139511108 0
1716313619531 4.4597649574279785 0
1716313624399 4.861401319503784 0
1716313630080 5.675673961639404 0
1716313634501 4.4154932498931885 0
1716313644158 9.650904178619385 0
1716313648403 4.190263032913208 0
1716313653732 5.284041881561279 0
1716313673679 12.842854261398315 0
1716313685962 12.270425081253052 0
1716313695918 9.944716930389404 0
1716313707127 11.179005861282349 0
1716313718772 11.639108180999756 0
1716313734830 16.049237966537476 0
1716313747555 12.71857500076294 0
1716313758954 11.38766074180603 0
1716313766739 7.769951105117798 0
1716313776296 9.544986248016357 0
1716313805502 23.48576593399048 0
1716313819279 13.766946077346802 0
1716313829659 10.373521089553833 0
1716313843893 14.219658851623535 0
1716313850267 6.363126993179321 0
1716313858024 7.741426229476929 0
1716313862336 4.113183975219727 0
1716313873956 11.47459602355957 0
1716313884699 10.73665714263916 0
1716313897938 13.232670068740845 0
1716313915080 11.939993143081665 0
1716313925962 10.87376594543457 0
1716313938428 12.374289989471436 0
1716313950613 12.174247026443481 0
1716313960956 10.282002925872803 0
1716313975170 14.20583200454712 0
1716313989342 14.08633279800415 0
1716313998815 9.4617600440979 0
1716314007043 8.158262968063354 0
1716314015414 8.364844799041748 0
1716314034208 10.911805868148804 0
1716314045109 10.45429801940918 0
1716314052266 7.148612976074219 0
1716314057510 5.149593114852905 0
1716314061820 4.30105996131897 0
1716314066486 4.65509819984436 0
1716314071570 5.078887939453125 0
1716314079440 7.860992908477783 0
1716314084029 4.584784984588623 0
1716314093409 9.327112913131714 0
1716314111186 11.217274904251099 0
1716314119429 8.233852863311768 0
1716314123142 3.6955111026763916 0
1716314130557 7.327932357788086 0
1716314134709 4.143024206161499 0
1716314140959 6.194296836853027 0
1716314144411 3.4464471340179443 0
1716314150432 6.015763998031616 0
1716314157727 7.2117390632629395 0
1716314167733 9.963382005691528 0
1716314183152 10.52177095413208 0
1716314194538 11.380358219146729 0
1716314206653 12.109716415405273 0
1716314217456 10.798315048217773 0
1716314224607 7.090335130691528 0
1716314232803 8.188321828842163 0
1716314238020 5.210613012313843 0
1716314248010 9.98278021812439 0
1716314255294 7.274052858352661 0
1716314261415 6.111423969268799 0
1716314277775 11.156620979309082 0
1716314290182 12.398666143417358 0
1716314299925 9.730106115341187 0
1716314308908 8.976447105407715 0
1716314312691 3.7746469974517822 0
1716314318259 5.561956167221069 0
1716314322161 3.8942511081695557 0
1716314327952 5.726524829864502 0
1716314333549 5.585502862930298 0
1716314340180 6.623387813568115 0
1716314355689 9.992879152297974 0
1716314364817 8.591133832931519 0
1716314369255 4.4199910163879395 0
1716314376967 7.656587839126587 0
1716314381671 4.696052074432373 0
1716314398725 17.045626163482666 0
1716314414971 16.23991560935974 0
1716314426775 11.798877954483032 0
1716314435245 8.461280107498169 0
1716314447022 11.769922971725464 0
1716314466926 13.932876110076904 0
1716314478715 11.7724928855896 0
1716314488509 9.712825059890747 0
1716314495282 6.762533903121948 0
1716314499917 4.623816013336182 0
1716314509517 9.594116687774658 0
1716314517814 8.291194200515747 0
1716314524290 6.4720470905303955 0
1716314529038 4.741199016571045 0
1716314542394 13.349886894226074 0
1716314572772 19.318647861480713 0
1716314589070 16.283017873764038 0
1716314598695 9.613471984863281 0
1716314611787 12.990334749221802 0
1716314618315 6.516427040100098 0
1716314626325 8.005214929580688 0
1716314632458 6.0720367431640625 0
1716314646039 13.109102249145508 0
1716314657603 11.05443787574768 0
1716314668443 10.748643159866333 0
1716314699220 22.889283180236816 0
1716314713021 13.523316860198975 0
1716314726351 13.172738075256348 0
1716314737321 10.964771032333374 0
1716314745068 7.740417718887329 0
1716314754402 9.328640937805176 0
1716314761309 6.897637128829956 0
1716314768821 7.495971918106079 0
1716314772773 3.857287883758545 0
1716314778291 5.459287881851196 0
1716314792618 9.00087308883667 0
1716314799105 6.480137825012207 0
1716314803322 4.209245204925537 0
1716314813650 10.318908929824829 0
1716314821383 7.588490962982178 0
1716314829215 7.821485280990601 0
1716314836086 6.865212917327881 0
1716314843196 7.1038126945495605 0
1716314847717 4.512120008468628 0
1716314854034 6.310648202896118 0
1716314867133 7.528998851776123 0
1716314873731 6.592293977737427 0
1716314878640 4.90053915977478 0
1716314884748 5.919709205627441 0
1716314891052 6.29919695854187 0
1716314898743 7.681621074676514 0
1716314903120 4.31666111946106 0
1716314911508 8.306463956832886 0
1716314915874 4.361425876617432 0
1716314922616 6.642060041427612 0
1716314938550 10.5708589553833 0
1716314946611 8.055614948272705 0
1716314950743 4.127487897872925 0
1716314958697 7.808197021484375 0
1716314962953 4.248838901519775 0
1716314970151 7.19231390953064 0
1716314973951 3.7917287349700928 0
1716314984562 10.597572088241577 0
1716314990411 5.776479959487915 0
1716314996287 5.871361017227173 0
1716315010245 8.385802984237671 0
1716315016484 6.230913162231445 0
1716315021358 4.86521577835083 0
1716315028969 7.551567077636719 0
1716315035360 6.3847081661224365 0
1716315043412 8.042317152023315 0
1716315047573 4.1146228313446045 0
1716315057473 9.892499923706055 0
1716315072313 14.834827184677124 0
1716315087217 14.877663135528564 0
1716315104050 11.525590896606445 0
1716315115337 11.275766134262085 0
1716315124239 8.894752025604248 0
1716315130658 6.412420988082886 0
1716315137994 7.330074787139893 0
1716315152531 14.52830696105957 0
1716315163381 10.702812910079956 0
1716315171318 7.923832178115845 0
1716315177333 5.995791912078857 0
1716315195305 17.967169046401978 0
1716315219467 18.2605881690979 0
1716315231088 11.614928245544434 0
1716315243437 12.341300964355469 0
1716315256386 12.688474178314209 0
1716315266295 9.871063947677612 0
1716315277742 11.386263132095337 0
1716315283450 5.701021909713745 0
1716315290787 7.332239151000977 0
1716315296105 5.274394273757935 0
1716315302835 6.718929052352905 0
1716315324411 12.973304033279419 0
1716315335417 10.902204036712646 0
1716315349558 14.136057138442993 0
1716315359350 9.787719249725342 0
1716315364342 4.98612904548645 0
1716315371637 7.28175687789917 0
1716315376906 5.2596330642700195 0
1716315381853 4.938187122344971 0
1716315387396 5.537223815917969 0
1716315393731 6.317237854003906 0
1716315410449 10.395568132400513 0
1716315419208 8.751276969909668 0
1716315424369 5.153854846954346 0
1716315432758 8.201391220092773 0
1716315438675 5.901500225067139 0
1716315443331 4.643493890762329 0
1716315448426 5.020360946655273 0
1716315453540 5.061201810836792 0
1716315457769 4.224234104156494 0
1716315462857 5.0799031257629395 0
1716315476891 8.352388143539429 0
1716315482299 5.401218891143799 0
1716315487529 5.2263710498809814 0
1716315497537 9.99869990348816 0
1716315504919 7.376112222671509 0
1716315514192 9.235533952713013 0
1716315523488 9.290876150131226 0
1716315531544 8.051923751831055 0
1716315542171 10.621110677719116 0
1716315547198 5.022184133529663 0
1716315560666 8.336123704910278 0
1716315566832 6.159253835678101 0
1716315570816 3.909400701522827 0
1716315576867 6.044652938842773 0
1716315580991 4.119112014770508 0
1716315587272 6.273379802703857 0
1716315592303 5.0242018699646 0
1716315598697 6.385184049606323 0
1716315605717 7.015743970870972 0
1716315613684 7.750117778778076 0
1716315628658 9.439077854156494 0
1716315639725 10.948828935623169 0
1716315645754 6.021661996841431 0
1716315653952 8.19273591041565 0
1716315664820 10.854947090148926 0
1716315676350 11.482275009155273 0
1716315681845 5.484127044677734 0
1716315686689 4.839622259140015 0
1716315690658 3.963916778564453 0
1716315698580 7.914836883544922 0
1716315714227 10.405384063720703 0
1716315722097 7.854951858520508 0
1716315726095 3.9394571781158447 0
1716315731741 5.638988018035889 0
1716315735721 3.9740679264068604 0
1716315742476 6.7483971118927 0
1716315746837 4.355405807495117 0
1716315755732 8.887235164642334 0
1716315760020 4.282562017440796 0
1716315767508 7.482715845108032 0
1716315786923 11.841584920883179 0
1716315796775 9.765856742858887 0
1716315805838 9.048820972442627 0
1716315816883 11.032679796218872 0
1716315823988 7.097736120223999 0
1716315830768 6.7753400802612305 0
1716315836015 5.241072177886963 0
1716315850316 14.292263984680176 0
1716315861081 10.759993076324463 0
1716315869848 8.760436296463013 0
1716315889172 12.603133916854858 0
1716315899909 10.677732229232788 0
1716315908172 8.255451202392578 0
1716315915628 7.438241958618164 0
1716315921088 5.453572750091553 0
1716315926716 5.623354911804199 0
1716315933956 7.227875709533691 0
1716315943395 9.428162813186646 0
1716315951981 8.488449096679688 0
1716315961254 8.962936878204346 0
1716315981481 13.095088720321655 0
1716315992211 10.724316835403442 0
1716316004271 12.054795026779175 0
1716316019422 15.041485071182251 0
1716316024202 4.771888017654419 0
1716316034591 10.265790939331055 0
1716316044089 9.489918947219849 0
1716316053297 9.203069925308228 0
1716316062114 8.748734951019287 0
1716316073975 11.735877752304077 0
1716316089140 8.94514012336731 0
1716316098362 9.207283973693848 0
1716316112357 13.9303879737854 0
1716316121686 9.296272039413452 0
1716316126185 4.386915683746338 0
1716316136855 10.663025140762329 0
1716316144864 7.935096263885498 0
1716316151943 7.0702290534973145 0
1716316156342 4.388617038726807 0
1716316164068 7.7187182903289795 0
1716316181250 10.140245914459229 0
1716316191452 10.195266962051392 0
1716316197786 6.325109004974365 0
1716316203929 6.138199806213379 0
1716316207792 3.5903122425079346 0
1716316217466 9.668499231338501 0
1716316222922 5.449728012084961 0
1716316232431 9.445031881332397 0
1716316238754 6.318398952484131 0
1716316243449 4.63422703742981 0
1716316258305 9.216556787490845 0
1716316265127 6.815874099731445 0
1716316269672 4.538156032562256 0
1716316278273 8.125540018081665 0
1716316282102 3.8218140602111816 0
1716316290018 7.236897945404053 0
1716316293962 3.844658136367798 0
1716316298735 4.765557050704956 0
1716316303174 4.434581995010376 0
1716316310042 6.855479717254639 0
1716316329013 12.766654253005981 0
1716316339734 10.699079036712646 0
1716316345587 5.84541916847229 0
1716316353533 7.939164876937866 0
1716316358355 4.81474494934082 0
1716316368985 10.620004177093506 0
1716316376140 7.146241188049316 0
1716316385797 9.653012037277222 0
1716316394744 8.941341161727905 0
1716316403802 8.958536863327026 0
1716316419599 10.628650903701782 0
1716316436014 16.40713620185852 0
1716316450864 14.778038024902344 0
1716316467714 16.844005823135376 0
1716316480271 12.500678777694702 0
1716316495132 14.855942964553833 0
1716316505646 10.506646871566772 0
1716316514493 8.689346075057983 0
1716316520137 5.628062009811401 0
1716316530245 10.092752695083618 0
1716316564644 17.61628484725952 0
1716316573349 8.694622278213501 0
1716316584811 11.264551877975464 0
1716316595632 10.74372673034668 0
1716316605595 9.88310718536377 0
1716316619066 13.373883962631226 0
1716316630315 11.242559909820557 0
1716316640175 9.855520963668823 0
1716316650768 10.579491138458252 0
1716316656852 6.079858064651489 0
1716316682708 17.418900966644287 0
1716316698262 15.544597625732422 0
1716316709800 11.529827117919922 0
1716316723538 13.726241111755371 0
1716316735137 11.58948016166687 0
1716316749442 14.297873735427856 0
1716316757694 8.228887796401978 0
1716316769391 11.676362037658691 0
1716316777699 8.298804998397827 0
1716316787780 9.582489252090454 0
1716316806540 12.318397045135498 0
1716316818614 12.063886880874634 0
1716316823320 4.6917078495025635 0
1716316829886 6.559406995773315 0
1716316833725 3.8320870399475098 0
1716316839264 5.530076742172241 0
1716316842514 3.226551055908203 0
1716316852441 9.921823740005493 0
1716316861934 9.421746253967285 0
1716316869390 7.449357032775879 0
1716316886687 11.732206106185913 0
1716316895616 8.921203851699829 0
1716316903333 7.708848714828491 0
1716316910523 7.1074652671813965 0
1716316914912 4.37832498550415 0
1716316925679 10.750437021255493 0
1716316932874 7.189269065856934 0
1716316942465 9.478243112564087 0
1716316953182 10.618084192276001 0
1716316958844 5.612525939941406 0
1716316974861 10.612782001495361 0
1716316984099 9.232527017593384 0
1716316991456 7.347368955612183 0
1716317002727 11.265743017196655 0
1716317009916 7.184762239456177 0
1716317015654 5.733330965042114 0
1716317019928 4.189020872116089 0
1716317027976 8.043974876403809 0
1716317034728 6.744924068450928 0
1716317040127 5.395877838134766 0
1716317056780 9.150114059448242 0
1716317063555 6.769606113433838 0
1716317067238 3.678142786026001 0
1716317073572 6.32793402671814 0
1716317078297 4.673649787902832 0
1716317085656 7.349649906158447 0
1716317089831 4.167186975479126 0
1716317098448 8.611782789230347 0
1716317104104 5.651652812957764 0
1716317110074 5.951621055603027 0
1716317127217 10.87897276878357 0
1716317137770 10.543758153915405 0
1716317146525 8.746516942977905 0
1716317155884 9.244606971740723 0
1716317162146 6.189193964004517 0
1716317170464 8.313109159469604 0
1716317174915 4.445077180862427 0
1716317182059 7.139216184616089 0
1716317187759 5.694637060165405 0
1716317196603 8.838688611984253 0
1716317216261 13.94619107246399 0
1716317227538 11.26545786857605 0
1716317235785 8.240971803665161 0
1716317248412 12.49954605102539 0
1716317258830 10.410501718521118 0
1716317267561 8.724607944488525 0
1716317273146 5.138839244842529 0
1716317283465 10.297654151916504 0
1716317287583 4.1092369556427 0
1716317292886 5.297038793563843 0
1716317312631 11.771610975265503 0
1716317322237 9.58825969696045 0
1716317328327 6.084625959396362 0
1716317340848 12.516521215438843 0
1716317356290 15.36958384513855 0
1716317368483 12.185927152633667 0
1716317377891 9.393176794052124 0
1716317390865 12.967647790908813 0
1716317400565 9.688619136810303 0
1716317410926 10.348684072494507 0
1716317434546 16.874331951141357 0
1716317443127 8.528405904769897 0
1716317448707 5.12381386756897 0
1716317461192 12.404175758361816 0
1716317468068 6.863391160964966 0
1716317476556 8.4790620803833 0
1716317486436 9.870528936386108 0
1716317499359 12.918746948242188 0
1716317508318 8.953423023223877 0
1716317520038 11.554566144943237 0
1716317540097 13.125962972640991 0
1716317551581 11.478325128555298 0
1716317561096 9.48564600944519 0
1716317570056 8.885956287384033 0
1716317578378 8.21818995475769 0
1716317585503 7.061452865600586 0
1716317589176 3.6648077964782715 0
1716317594680 5.432815790176392 0
1716317600614 5.810905694961548 0
1716317608009 7.386269807815552 0
1716317628259 13.75342583656311 0
1716317638833 10.564900636672974 0
1716317646004 7.164628982543945 0
1716317652231 6.223124027252197 0
1716317656469 4.233345031738281 0
1716317663727 7.24932599067688 0
1716317668241 4.477046012878418 0
1716317674743 6.496701002120972 0
1716317679482 4.729264259338379 0
1716317684821 5.333167791366577 0
1716317707957 16.906116724014282 0
1716317716867 8.90539026260376 0
1716317722565 5.688944101333618 0
1716317729662 7.091620922088623 0
1716317734729 5.0608811378479 0
1716317739883 5.142668962478638 0
1716317747491 7.597766160964966 0
1716317753266 5.768647909164429 0
1716317759366 6.062472105026245 0
1716317766778 7.406652212142944 0
1716317783302 11.085196018218994 0
1716317793309 9.999415159225464 0
1716317802445 9.067634105682373 0
1716317810121 7.670290946960449 0
1716317814222 4.09320592880249 0
1716317822907 8.680676937103271 0
1716317832186 9.273922204971313 0
1716317844024 11.77521300315857 0
1716317858932 14.825695037841797 0
1716317871118 12.142263174057007 0
1716317889505 12.488278865814209 0
1716317904131 14.613823413848877 0
1716317910581 6.352369070053101 0
1716317919639 9.047733783721924 0
1716317928030 8.38076901435852 0
1716317935285 7.2451300621032715 0
1716317939406 4.114278793334961 0
1716317952641 13.227710962295532 0
1716317963014 10.303137063980103 0
1716317975067 12.046225786209106 0
1716317996829 16.04719090461731 0
1716318007904 11.068026781082153 0
1716318016668 8.671501874923706 0
1716318033602 16.92774510383606 0
1716318042037 8.346445083618164 0
1716318050276 8.032878875732422 0
1716318055572 5.2863428592681885 0
1716318071557 15.849336862564087 0
1716318078890 7.3216917514801025 0
1716318091155 12.25328803062439 0
1716318107093 10.962619066238403 0
1716318121281 14.181159019470215 0
1716318129876 8.587151050567627 0
1716318136394 6.514364957809448 0
1716318141776 5.3736608028411865 0
1716318157559 15.715065717697144 0
1716318167762 10.196675062179565 0
1716318181315 13.541790008544922 0
1716318195665 14.342957019805908 0
1716318209002 13.283540964126587 0
1716318226304 11.99901795387268 0
1716318238959 12.645314931869507 0
1716318247155 8.185427904129028 0
1716318252936 5.770543098449707 0
1716318257035 4.009056091308594 0
1716318266086 9.047347068786621 0
1716318270360 4.264165163040161 0
1716318278053 7.571567058563232 0
1716318283050 4.9868528842926025 0
1716318289109 6.053965091705322 0
1716318303271 8.277297019958496 0
1716318308887 5.609058141708374 0
1716318313026 4.132959842681885 0
1716318318238 5.109797716140747 0
1716318322584 4.3400139808654785 0
