1716296670367 1.0 0
1716296670974 2.0 0
1716296671493 3.0 0
1716296672045 4.0 0
1716296672577 5.0 0
1716296673160 6.0 0
1716296673715 7.0 0
1716296674274 8.0 0
1716296674782 9.0 0
1716296675316 10.0 0
1716296680920 11.0 0
1716296681586 12.0 0
1716296682095 13.0 0
1716296682657 14.0 0
1716296683257 15.0 0
1716296683840 16.0 0
1716296684382 17.0 0
1716296684925 18.0 0
1716296685499 19.0 0
1716296686077 20.0 0
1716296691013 21.0 0
1716296691581 22.0 0
1716296692096 23.0 0
1716296692612 24.0 0
1716296693122 25.0 0
1716296693639 26.0 0
1716296694144 27.0 0
1716296694646 28.0 0
1716296695149 29.0 0
1716296695648 30.0 0
1716296700259 31.0 0
1716296700799 32.0 0
1716296701314 33.0 0
1716296701812 34.0 0
1716296702321 35.0 0
1716296702850 36.0 0
1716296703367 37.0 0
1716296703862 38.0 0
1716296704350 39.0 0
1716296704842 40.0 0
1716296709896 41.0 0
1716296710425 42.0 0
1716296710932 43.0 0
1716296711517 44.0 0
1716296712061 45.0 0
1716296712582 46.0 0
1716296713091 47.0 0
1716296713598 48.0 0
1716296714110 49.0 0
1716296714606 50.0 0
1716296718793 51.0 0
1716296719294 52.0 0
1716296719806 53.0 0
1716296720314 54.0 0
1716296720819 55.0 0
1716296721382 56.0 0
1716296721974 57.0 0
1716296722557 58.0 0
1716296723069 59.0 0
1716296723562 60.0 0
