1716296670335 8.10745620727539 0
1716296670947 7.943234443664551 0
1716296671488 7.871714115142822 0
1716296672020 7.682433128356934 0
1716296672559 7.492791175842285 0
1716296673123 7.403428077697754 0
1716296673696 7.380990028381348 0
1716296674245 7.355967044830322 0
1716296674768 7.248806476593018 0
1716296675294 7.244429111480713 0
1716296680869 7.1278076171875 0
1716296681574 7.051380634307861 0
1716296682086 6.962889194488525 0
1716296682609 6.923980236053467 0
1716296683226 6.879953384399414 0
1716296683808 6.827805995941162 0
1716296684367 6.77156925201416 0
1716296684913 6.742231845855713 0
1716296685474 6.712965965270996 0
1716296686058 6.7025980949401855 0
1716296690991 6.685719013214111 0
1716296691561 6.659815311431885 0
1716296692070 6.6337809562683105 0
1716296692593 6.620563983917236 0
1716296693110 6.593889236450195 0
1716296693621 6.576381683349609 0
1716296694131 6.545046806335449 0
1716296694631 6.524147033691406 0
1716296695137 6.505812644958496 0
1716296695638 6.489818096160889 0
1716296700233 6.470738887786865 0
1716296700784 6.476988792419434 0
1716296701307 6.432621002197266 0
1716296701798 6.415670394897461 0
1716296702297 6.3956685066223145 0
1716296702832 6.381634712219238 0
1716296703357 6.369536399841309 0
1716296703851 6.353663444519043 0
1716296704338 6.341916561126709 0
1716296704828 6.32636022567749 0
1716296709876 6.314891338348389 0
1716296710412 6.299691200256348 0
1716296710914 6.288767337799072 0
1716296711490 6.273409366607666 0
1716296712038 6.262109279632568 0
1716296712570 6.247709274291992 0
1716296713078 6.236613750457764 0
1716296713585 6.2209272384643555 0
1716296714097 6.2086944580078125 0
1716296714594 6.19700288772583 0
1716296718778 6.1867547035217285 0
1716296719282 6.171736240386963 0
1716296719787 6.161143779754639 0
1716296720298 6.151627063751221 0
1716296720803 6.152494430541992 0
1716296721356 6.133326530456543 0
1716296721952 6.142250061035156 0
1716296722522 6.116635799407959 0
1716296723050 6.106916427612305 0
1716296723548 6.11879301071167 0
