1716296670373 2.075850009918213 0
1716296670989 0.607105016708374 0
1716296671508 0.515049934387207 0
1716296672054 0.5400898456573486 0
1716296672587 0.5279288291931152 0
1716296673168 0.5690748691558838 0
1716296673731 0.5395140647888184 0
1716296674288 0.5450320243835449 0
1716296674795 0.49738287925720215 0
1716296675326 0.516639232635498 0
1716296680933 1.2515289783477783 0
1716296681593 0.6272101402282715 0
1716296682099 0.5008859634399414 0
1716296682665 0.5623760223388672 0
1716296683277 0.5868771076202393 0
1716296683851 0.5588061809539795 0
1716296684401 0.5356810092926025 0
1716296684963 0.549842119216919 0
1716296685509 0.5367839336395264 0
1716296686090 0.5480940341949463 0
1716296691020 1.072058916091919 0
1716296691590 0.5618419647216797 0
1716296692107 0.5089080333709717 0
1716296692623 0.49849891662597656 0
1716296693133 0.4983541965484619 0
1716296693652 0.49915480613708496 0
1716296694155 0.4898061752319336 0
1716296694657 0.48990511894226074 0
1716296695160 0.4891529083251953 0
1716296695658 0.48508381843566895 0
1716296700265 1.1448397636413574 0
1716296700806 0.5325019359588623 0
1716296701321 0.4902987480163574 0
1716296701817 0.48817014694213867 0
1716296702340 0.5153961181640625 0
1716296702880 0.5280270576477051 0
1716296703376 0.4865450859069824 0
1716296703871 0.48105287551879883 0
1716296704360 0.4800410270690918 0
1716296704852 0.4822981357574463 0
1716296709904 1.2062959671020508 0
1716296710433 0.5207531452178955 0
1716296710945 0.5040817260742188 0
1716296711539 0.5764391422271729 0
1716296712084 0.5302557945251465 0
1716296712595 0.4987800121307373 0
1716296713102 0.4961531162261963 0
1716296713609 0.4956018924713135 0
1716296714123 0.4951930046081543 0
1716296714617 0.48375821113586426 0
1716296718798 0.9774341583251953 0
1716296719312 0.5090680122375488 0
1716296719816 0.49295687675476074 0
1716296720327 0.49808502197265625 0
1716296720829 0.49196290969848633 0
1716296721389 0.5493972301483154 0
1716296721985 0.5730330944061279 0
1716296722563 0.5683028697967529 0
1716296723078 0.5045750141143799 0
1716296723570 0.4824709892272949 0
