1716281572987 1.0 0
1716281579929 2.0 0
1716281586285 3.0 0
1716281590735 4.0 0
1716281595047 5.0 0
1716281598690 6.0 0
1716281601598 7.0 0
1716281604716 8.0 0
1716281607496 9.0 0
1716281610470 10.0 0
1716281616357 11.0 0
1716281619134 12.0 0
1716281621557 13.0 0
1716281624798 14.0 0
1716281627426 15.0 0
1716281630214 16.0 0
1716281632454 17.0 0
1716281634916 18.0 0
1716281637166 19.0 0
1716281639724 20.0 0
1716281645164 21.0 0
1716281647403 22.0 0
1716281650299 23.0 0
1716281652603 24.0 0
1716281654785 25.0 0
1716281657868 26.0 0
1716281660818 27.0 0
1716281663707 28.0 0
1716281666182 29.0 0
1716281669258 30.0 0
1716281673954 31.0 0
1716281677342 32.0 0
1716281681389 33.0 0
1716281684574 34.0 0
1716281687230 35.0 0
1716281689587 36.0 0
1716281692139 37.0 0
1716281694320 38.0 0
1716281696794 39.0 0
1716281699012 40.0 0
1716281704171 41.0 0
1716281706660 42.0 0
1716281710073 43.0 0
1716281713988 44.0 0
1716281716535 45.0 0
1716281720024 46.0 0
1716281722948 47.0 0
1716281726187 48.0 0
1716281728626 49.0 0
1716281731835 50.0 0
1716281737082 51.0 0
1716281739626 52.0 0
1716281742317 53.0 0
1716281745712 54.0 0
1716281748647 55.0 0
1716281752470 56.0 0
1716281755869 57.0 0
1716281759350 58.0 0
1716281762856 59.0 0
1716281766394 60.0 0
1716281771961 61.0 0
1716281775096 62.0 0
1716281777671 63.0 0
1716281780178 64.0 0
1716281784107 65.0 0
1716281787645 66.0 0
1716281790235 67.0 0
1716281793474 68.0 0
1716281798094 69.0 0
1716281802421 70.0 0
1716281808447 71.0 0
1716281811750 72.0 0
1716281814487 73.0 0
1716281817906 74.0 0
1716281820926 75.0 0
1716281824194 76.0 0
1716281827035 77.0 0
1716281829575 78.0 0
1716281832140 79.0 0
