1716281572911 7.44571590423584 0
1716281579788 7.367615699768066 0
1716281586252 7.32609224319458 0
1716281590458 7.308046817779541 0
1716281595006 7.306874752044678 0
1716281598617 7.310276985168457 0
1716281601574 7.30972957611084 0
1716281604684 7.3040313720703125 0
1716281607451 7.298673629760742 0
1716281610425 7.29683780670166 0
1716281616337 7.296431064605713 0
1716281619104 7.294964790344238 0
1716281621521 7.29258394241333 0
1716281624754 7.290909290313721 0
1716281627401 7.290024757385254 0
1716281630174 7.289287090301514 0
1716281632435 7.288741588592529 0
1716281634894 7.288479328155518 0
1716281637145 7.287850379943848 0
1716281639697 7.286385536193848 0
1716281645149 7.284625053405762 0
1716281647379 7.283560752868652 0
1716281650275 7.283463001251221 0
1716281652589 7.28367280960083 0
1716281654759 7.283586502075195 0
1716281657837 7.283082008361816 0
1716281660796 7.282229423522949 0
1716281663680 7.281337738037109 0
1716281666166 7.280839443206787 0
1716281669229 7.280875205993652 0
1716281673923 7.281088352203369 0
1716281677310 7.281064510345459 0
1716281681372 7.280728816986084 0
1716281684549 7.280344486236572 0
1716281687210 7.280141830444336 0
1716281689555 7.280062198638916 0
1716281692119 7.279843330383301 0
1716281694285 7.279406547546387 0
1716281696766 7.278962135314941 0
1716281698996 7.278709411621094 0
1716281704149 7.27863073348999 0
1716281706632 7.278581619262695 0
1716281709973 7.278416633605957 0
1716281713966 7.278072357177734 0
1716281716506 7.277610778808594 0
1716281719996 7.277151107788086 0
1716281722926 7.2767181396484375 0
1716281726162 7.276272296905518 0
1716281728600 7.275735378265381 0
1716281731810 7.274506568908691 0
1716281737062 7.27197790145874 0
1716281739604 7.2721076011657715 0
1716281742300 7.270771503448486 0
1716281745670 7.267336845397949 0
1716281748604 7.276023864746094 0
1716281752431 7.267562389373779 0
1716281755835 7.27034330368042 0
1716281759315 7.270063400268555 0
1716281762827 7.267234802246094 0
1716281766348 7.2707648277282715 0
1716281771935 7.267458915710449 0
1716281775049 7.268915176391602 0
1716281777657 7.269424915313721 0
1716281780155 7.267829418182373 0
1716281784080 7.267283916473389 0
1716281787616 7.269338607788086 0
1716281790213 7.267263412475586 0
1716281793411 7.269495487213135 0
1716281798045 7.269338607788086 0
1716281802382 7.267349720001221 0
1716281808431 7.2674360275268555 0
1716281811723 7.269406318664551 0
1716281814292 7.267214775085449 0
1716281817874 7.268198490142822 0
1716281820909 7.269064426422119 0
1716281824169 7.268117904663086 0
1716281827016 7.267168998718262 0
1716281829542 7.267754554748535 0
1716281832105 7.268070697784424 0
