1716281572993 1.5631628036499023 0
1716281580161 1.8738970756530762 0
1716281586289 1.487210988998413 0
1716281590757 1.8988957405090332 0
1716281595057 1.3380770683288574 0
1716281598698 1.2371690273284912 0
1716281601612 0.9164550304412842 0
1716281604728 1.2743949890136719 0
1716281607502 0.8200581073760986 0
1716281610482 1.2396318912506104 0
1716281616369 1.7354521751403809 0
1716281619149 1.0424940586090088 0
1716281621565 0.7471511363983154 0
1716281624809 1.1129589080810547 0
1716281627432 0.7561869621276855 0
1716281630225 0.7776138782501221 0
1716281632460 0.6034066677093506 0
1716281634925 0.865100622177124 0
1716281637188 0.6678338050842285 0
1716281639738 0.9349460601806641 0
1716281645174 1.186398983001709 0
1716281647409 0.617588996887207 0
1716281650306 1.1745569705963135 0
1716281652613 0.6076579093933105 0
1716281654791 0.5907559394836426 0
1716281657884 1.323808193206787 0
1716281660825 1.2192351818084717 0
1716281663720 1.1547510623931885 0
1716281666188 0.7714588642120361 0
1716281669265 1.3584840297698975 0
1716281673961 0.8621690273284912 0
1716281677359 1.2385609149932861 0
1716281681394 1.2718889713287354 0
1716281684606 1.29007887840271 0
1716281687236 0.71986985206604 0
1716281689596 0.6038360595703125 0
1716281692145 0.7689318656921387 0
1716281694332 0.6287641525268555 0
1716281696800 0.7526969909667969 0
1716281699019 0.6441888809204102 0
1716281704178 1.1682031154632568 0
1716281706667 0.7545819282531738 0
1716281710081 1.0580167770385742 0
1716281713998 1.332190990447998 0
1716281716544 0.6833128929138184 0
1716281720039 1.363769769668579 0
1716281722955 0.7774732112884521 0
1716281726198 1.3219010829925537 0
1716281728636 0.7623488903045654 0
1716281731846 1.0902957916259766 0
1716281737100 1.325329065322876 0
1716281739635 0.8601999282836914 0
1716281742323 0.874492883682251 0
1716281745720 1.4871060848236084 0
1716281748652 0.8444259166717529 0
1716281752479 1.2345097064971924 0
1716281755876 1.3059298992156982 0
1716281759363 1.4671189785003662 0
1716281762862 1.2217059135437012 0
1716281766409 1.362036943435669 0
1716281771969 1.2987067699432373 0
1716281775115 1.2108337879180908 0
1716281777677 0.6215991973876953 0
1716281780184 0.6555943489074707 0
1716281784117 1.3074848651885986 0
1716281787658 1.415450096130371 0
1716281790247 0.739912748336792 0
1716281793518 1.2147789001464844 0
1716281798122 1.329970121383667 0
1716281802427 1.5776927471160889 0
1716281808454 1.1970510482788086 0
1716281811788 1.3474209308624268 0
1716281814495 0.9693241119384766 0
1716281817937 1.2114109992980957 0
1716281820934 1.0707759857177734 0
1716281824214 1.2759599685668945 0
1716281827042 0.8803870677947998 0
1716281829582 0.6970911026000977 0
1716281832150 0.7828662395477295 0
