1715611219120 6.803011894226074 0
1715611219553 6.0836029052734375 0
1715611219865 5.615720272064209 0
1715611220203 5.353267669677734 0
1715611220596 5.028209686279297 0
1715611220950 4.798253536224365 0
1715611221285 4.636333465576172 0
1715611221597 4.4746928215026855 0
1715611221897 4.228493690490723 0
1715611222300 4.032276630401611 0
1715611226615 4.07279109954834 0
1715611227052 3.897477626800537 0
1715611227366 3.8401408195495605 0
1715611227685 3.7680351734161377 0
1715611228123 3.6200103759765625 0
1715611228434 3.495271921157837 0
1715611228747 3.387303590774536 0
1715611229059 3.276442766189575 0
1715611229376 3.1583175659179688 0
1715611229686 3.001512289047241 0
1715611233136 2.842668056488037 0
1715611233531 2.7388315200805664 0
1715611233996 2.6589508056640625 0
1715611234321 2.5800228118896484 0
1715611234630 2.4797780513763428 0
1715611234976 2.3778908252716064 0
1715611235285 2.2887861728668213 0
1715611235597 2.2139205932617188 0
1715611235923 2.147165298461914 0
1715611236236 2.071320056915283 0
1715611239512 1.9828252792358398 0
1715611239917 1.8812779188156128 0
1715611240399 1.7707853317260742 0
1715611240712 1.6638505458831787 0
1715611241011 1.5687918663024902 0
1715611241328 1.4724586009979248 0
1715611241640 1.3596220016479492 0
1715611241976 1.2525568008422852 0
1715611242307 1.1645448207855225 0
1715611242624 1.0931975841522217 0
1715611245963 1.0340083837509155 0
1715611246349 0.9708887934684753 0
1715611246673 0.8988931775093079 0
1715611246975 0.8240503668785095 0
1715611247484 0.735959529876709 0
1715611247800 0.634492039680481 0
1715611248113 0.6004189848899841 0
1715611248420 0.5480273962020874 0
1715611248740 0.4882996082305908 0
1715611249061 0.42949894070625305 0
1715611253621 0.3558359742164612 0
1715611253997 0.3168157935142517 0
1715611254310 0.2887105941772461 0
1715611254621 0.25025108456611633 0
1715611254938 0.21232564747333527 0
1715611255245 0.1945786029100418 0
1715611255582 0.1829577386379242 0
1715611255942 0.17038872838020325 0
1715611256632 0.15666739642620087 0
1715611256957 0.14325566589832306 0
1715611260698 0.13117912411689758 0
1715611261103 0.12065081298351288 0
1715611261410 0.11139558255672455 0
1715611261740 0.10297629982233047 0
1715611262087 0.0949397087097168 0
1715611262442 0.08700543642044067 0
1715611262842 0.07939420640468597 0
1715611263185 0.07269155234098434 0
1715611263495 0.06731690466403961 0
1715611263813 0.06321976333856583 0
1715611267234 0.0599607415497303 0
1715611267585 0.057033732533454895 0
1715611267892 0.05414508655667305 0
1715611268204 0.0513324961066246 0
1715611268512 0.048768702894449234 0
1715611268830 0.046468958258628845 0
1715611269572 0.044330138713121414 0
1715611269887 0.042307980358600616 0
1715611270189 0.040455836802721024 0
1715611270503 0.03883526846766472 0
1715611273821 0.037430327385663986 0
1715611274213 0.036150045692920685 0
1715611274513 0.03489137813448906 0
1715611274816 0.03361782431602478 0
1715611275123 0.03237057849764824 0
1715611275424 0.03121897205710411 0
1715611275740 0.030200550332665443 0
1715611276062 0.029300184920430183 0
1715611276376 0.028469324111938477 0
1715611276688 0.027664383873343468 0
1715611280118 0.026871562004089355 0
1715611280508 0.02610771916806698 0
1715611280819 0.025398049503564835 0
1715611281145 0.024755438789725304 0
1715611281476 0.024172410368919373 0
1715611281785 0.023629898205399513 0
1715611282127 0.02310864068567753 0
1715611282455 0.022600937634706497 0
1715611282800 0.022109897807240486 0
1715611283674 0.021642956882715225 0
1715611287096 0.021205084398388863 0
1715611287496 0.020795080810785294 0
1715611287810 0.020406397059559822 0
1715611288139 0.020033646374940872 0
1715611288473 0.019674105569720268 0
1715611288829 0.01932886615395546 0
1715611289184 0.019001588225364685 0
1715611289520 0.018693095073103905 0
1715611289847 0.018401993438601494 0
1715611290172 0.018124530091881752 0
1715611294698 0.017856070771813393 0
1715611295130 0.017593737691640854 0
1715611295448 0.017336314544081688 0
1715611295780 0.017084922641515732 0
1715611296108 0.01684197597205639 0
1715611296459 0.016608210280537605 0
1715611296908 0.016384074464440346 0
1715611297331 0.016167933121323586 0
1715611297774 0.015958527103066444 0
1715611298248 0.01575446128845215 0
1715611302893 0.015555353835225105 0
1715611303321 0.015361116267740726 0
1715611303652 0.015172582119703293 0
1715611303971 0.014989622868597507 0
1715611304296 0.014811919070780277 0
1715611304697 0.014638862572610378 0
1715611305024 0.014469827525317669 0
1715611306074 0.014304328709840775 0
1715611306436 0.014142413623631 0
1715611306760 0.01398385688662529 0
1715611310338 0.013828936032950878 0
1715611310742 0.013677599839866161 0
1715611311081 0.013529688119888306 0
1715611311404 0.01338517852127552 0
1715611311726 0.013243650086224079 0
1715611312060 0.013104945421218872 0
1715611312472 0.01296913344413042 0
1715611312846 0.012836037203669548 0
1715611313175 0.012705703265964985 0
1715611313514 0.012577978894114494 0
1715611317085 0.012452599592506886 0
1715611317499 0.012329605408012867 0
1715611317826 0.012208608910441399 0
1715611318151 0.012089959345757961 0
1715611318472 0.011973261833190918 0
1715611318806 0.01185841578990221 0
1715611319122 0.011746029369533062 0
1715611319441 0.011635457165539265 0
1715611319758 0.011526818387210369 0
1715611320086 0.01142012607306242 0
1715611323834 0.01131516881287098 0
1715611324229 0.011211768724024296 0
1715611324567 0.011110172607004642 0
1715611324897 0.011010094545781612 0
1715611325211 0.010911649093031883 0
1715611325537 0.010814636945724487 0
1715611325851 0.010719398967921734 0
1715611326175 0.010625689290463924 0
1715611326498 0.010533248074352741 0
1715611326833 0.010442248545587063 0
1715611330266 0.010352510958909988 0
1715611330663 0.010264284908771515 0
1715611332095 0.010177353397011757 0
1715611332428 0.010091698728501797 0
1715611332753 0.01000717468559742 0
1715611333088 0.009923956356942654 0
1715611333420 0.009841895662248135 0
1715611333736 0.009761103428900242 0
1715611334068 0.009681283496320248 0
1715611334423 0.00960264727473259 0
1715611337951 0.009525257162749767 0
1715611338467 0.009448687545955181 0
1715611338797 0.00937338825315237 0
1715611339162 0.009299050085246563 0
1715611339619 0.00922567117959261 0
1715611339952 0.009153311140835285 0
1715611340289 0.009081912226974964 0
1715611340617 0.009011521935462952 0
1715611340962 0.00894202757626772 0
1715611341380 0.008873394690454006 0
1715611345018 0.008805778808891773 0
1715611345466 0.008738944306969643 0
1715611345806 0.008673091419041157 0
1715611346174 0.008607927709817886 0
1715611346538 0.008543652482330799 0
1715611346887 0.008480262011289597 0
1715611347237 0.008417518809437752 0
1715611347568 0.00835568830370903 0
1715611347895 0.008294595405459404 0
1715611348227 0.008234267123043537 0
1715611351768 0.008174662478268147 0
1715611352249 0.008115685544908047 0
1715611352589 0.00805763341486454 0
1715611352922 0.008000175468623638 0
1715611353261 0.007943405769765377 0
1715611353604 0.007887366227805614 0
1715611353958 0.007831966504454613 0
1715611354306 0.0077772196382284164 0
1715611354651 0.0077230846509337425 0
1715611355025 0.00766964815557003 0
1715611359493 0.007616817019879818 0
1715611359893 0.0075645605102181435 0
1715611360244 0.007512989453971386 0
1715611360738 0.007461982779204845 0
1715611361203 0.007411498576402664 0
1715611363938 0.0073616704903542995 0
1715611364382 0.0073123290203511715 0
1715611364818 0.007263558451086283 0
1715611365210 0.007215389981865883 0
1715611365540 0.007167687639594078 0
1715611371196 0.0071205878630280495 0
1715611371685 0.007073988672345877 0
1715611372034 0.007027951069176197 0
1715611372357 0.006982330698519945 0
1715611372702 0.00693724537268281 0
1715611373022 0.006892654113471508 0
1715611373349 0.006848551798611879 0
1715611373675 0.006804965902119875 0
1715611374016 0.00676176231354475 0
1715611374346 0.0067190323024988174 0
1715611378868 0.006676730699837208 0
1715611379336 0.006634989753365517 0
1715611379666 0.006593628320842981 0
1715611380005 0.006552644539624453 0
1715611380332 0.0065121580846607685 0
1715611380661 0.006472024135291576 0
1715611381018 0.006432466674596071 0
1715611381349 0.0063931019976735115 0
1715611381708 0.006354304496198893 0
1715611382039 0.0063157775439321995 0
1715611386317 0.006277760490775108 0
1715611386816 0.006240088492631912 0
1715611387258 0.006202770862728357 0
1715611387621 0.006165842059999704 0
1715611387976 0.006129221525043249 0
1715611388446 0.006093113217502832 0
1715611389005 0.006057275924831629 0
1715611389408 0.006021811161190271 0
1715611389853 0.005986641626805067 0
1715611390302 0.005951880943030119 0
1715611395573 0.005917376838624477 0
1715611396097 0.005883310455828905 0
1715611396424 0.005849532317370176 0
1715611396769 0.0058160386979579926 0
1715611397090 0.005782914347946644 0
1715611397456 0.005750155076384544 0
1715611397862 0.005717619322240353 0
1715611398200 0.005685391370207071 0
1715611398556 0.005653528496623039 0
1715611398901 0.005622021853923798 0
1715611403467 0.005590662360191345 0
1715611403913 0.0055596656166017056 0
1715611404238 0.00552897434681654 0
1715611404578 0.005498514510691166 0
1715611404933 0.005468379240483046 0
1715611405336 0.005438517779111862 0
1715611405875 0.005408961791545153 0
1715611406271 0.00537966750562191 0
1715611409862 0.005350600462406874 0
1715611410233 0.005321813281625509 0
1715611415139 0.00529327429831028 0
1715611415642 0.005265049170702696 0
1715611415961 0.005236994009464979 0
1715611416298 0.00520928343757987 0
1715611416748 0.005181757267564535 0
1715611417205 0.005154524929821491 0
1715611417622 0.0051275077275931835 0
1715611417962 0.005100717302411795 0
1715611418357 0.0050741760060191154 0
1715611418686 0.005047847982496023 0
1715611423580 0.005021692253649235 0
1715611424074 0.004995847586542368 0
1715611424411 0.00497026089578867 0
1715611424743 0.004944903776049614 0
1715611425062 0.004919616039842367 0
1715611425392 0.00489472970366478 0
1715611425724 0.004869925789535046 0
1715611426064 0.004845436662435532 0
1715611426413 0.004821064416319132 0
1715611426819 0.004796958994120359 0
1715611432244 0.0047730072401463985 0
1715611432746 0.004749268759042025 0
1715611433126 0.0047257933765649796 0
1715611433555 0.004702404141426086 0
1715611434035 0.004679323639720678 0
1715611434375 0.0046564312651753426 0
1715611434729 0.004633644595742226 0
1715611435083 0.004611158277839422 0
1715611435500 0.004588758572936058 0
1715611435897 0.004566560965031385 0
1715611440722 0.004544601775705814 0
1715611441237 0.004522773437201977 0
1715611441626 0.004501136485487223 0
1715611441981 0.004479661583900452 0
1715611442369 0.004458363633602858 0
1715611442714 0.00443722540512681 0
1715611443082 0.004416254814714193 0
1715611443412 0.004395582713186741 0
1715611443865 0.004374977201223373 0
1715611444205 0.004354503005743027 0
1715611449815 0.004334209021180868 0
1715611450360 0.004314125515520573 0
1715611450771 0.004294153302907944 0
1715611451480 0.004274353384971619 0
1715611451928 0.0042547183111310005 0
1715611452413 0.004235223866999149 0
1715611452764 0.00421591941267252 0
1715611453126 0.004196702037006617 0
1715611453454 0.004177718423306942 0
1715611453792 0.004158827010542154 0
1715611458737 0.004140094853937626 0
1715611459181 0.004121481440961361 0
1715611459522 0.004103052895516157 0
1715611459852 0.004084778483957052 0
1715611460183 0.004066622816026211 0
1715611460520 0.004048584494739771 0
1715611460848 0.004030677489936352 0
1715611461179 0.004012889228761196 0
1715611461510 0.003995378967374563 0
1715611461836 0.003977845888584852 0
1715611465748 0.003960520960390568 0
1715611466324 0.003943299409002066 0
1715611466758 0.003926243633031845 0
1715611467111 0.00390928890556097 0
1715611471238 0.0038924331311136484 0
1715611471615 0.0038757792208343744 0
1715611471960 0.003859183518216014 0
1715611472309 0.0038427519612014294 0
1715611472622 0.003826428670436144 0
1715611472938 0.0038102329708635807 0
1715611477362 0.0037941180635243654 0
1715611477763 0.003778180805966258 0
1715611478075 0.0037623692769557238 0
1715611478394 0.0037466143257915974 0
1715611478715 0.0037310023326426744 0
1715611479029 0.003715525846928358 0
1715611479365 0.003700071247294545 0
1715611479673 0.0036847968585789204 0
1715611480043 0.003669628407806158 0
1715611480370 0.0036545481998473406 0
1715611483855 0.003639641683548689 0
1715611484260 0.003624802455306053 0
1715611484597 0.003610062412917614 0
1715611484957 0.0035954450722783804 0
1715611485289 0.0035809066612273455 0
1715611485604 0.003566484432667494 0
1715611485940 0.003552182111889124 0
1715611486260 0.0035379361361265182 0
1715611486593 0.0035238279961049557 0
1715611486920 0.00350982160307467 0
1715611490926 0.003495946992188692 0
1715611491349 0.0034821033477783203 0
1715611491736 0.0034683856647461653 0
1715611492110 0.003454752964898944 0
1715611492445 0.0034411733504384756 0
1715611492806 0.0034277853555977345 0
1715611493161 0.003414431121200323 0
1715611493487 0.0034011583775281906 0
1715611493820 0.0033880288247019053 0
1715611494154 0.003374930704012513 0
1715611498782 0.003361992072314024 0
1715611499236 0.003349079517647624 0
1715611499553 0.003336268477141857 0
1715611499881 0.003323572687804699 0
1715611500206 0.003310932544991374 0
1715611500533 0.0032983969431370497 0
1715611500854 0.0032859512139111757 0
1715611501174 0.0032735697459429502 0
1715611501495 0.0032612646464258432 0
1715611501818 0.00324904709123075 0
1715611505564 0.003236930351704359 0
1715611506179 0.0032248985953629017 0
1715611506552 0.003212894778698683 0
1715611506894 0.003201036946848035 0
1715611507223 0.003189201932400465 0
1715611507548 0.0031774593517184258 0
1715611507877 0.0031658809166401625 0
1715611508204 0.003154296660795808 0
1715611508533 0.0031427680514752865 0
1715611508862 0.0031313186045736074 0
1715611513713 0.0031199788209050894 0
1715611514133 0.0031087291426956654 0
1715611514476 0.0030975136905908585 0
1715611514817 0.003086359705775976 0
1715611515147 0.003075304441154003 0
1715611515462 0.0030643166974186897 0
1715611515790 0.0030533771496266127 0
1715611516118 0.0030425353907048702 0
1715611516451 0.003031767439097166 0
1715611516776 0.003021061420440674 0
1715611520434 0.003010453889146447 0
1715611520956 0.0029998570680618286 0
1715611521287 0.002989362459629774 0
1715611521620 0.0029789407271891832 0
1715611521949 0.002968561602756381 0
1715611522266 0.0029582579154521227 0
1715611522593 0.002947988221421838 0
1715611522928 0.0029378030449151993 0
1715611523257 0.0029277110006660223 0
1715611523594 0.0029176243115216494 0
1715611527534 0.0029075881466269493 0
1715611528007 0.002897676546126604 0
1715611528326 0.002887826645746827 0
1715611528671 0.0028779935091733932 0
1715611529047 0.0028682309202849865 0
1715611529388 0.0028585526160895824 0
1715611529718 0.0028488996904343367 0
1715611535775 0.0028393403626978397 0
1715611536105 0.002829817123711109 0
1715611536427 0.0028203758411109447 0
1715611541390 0.0028109734412282705 0
1715611541933 0.0028015971183776855 0
1715611542272 0.002792350249364972 0
1715611542606 0.0027830549515783787 0
1715611543045 0.002773887012153864 0
1715611543423 0.002764791948720813 0
1715611543815 0.0027556829154491425 0
1715611544170 0.002746647223830223 0
1715611544493 0.0027377214282751083 0
1715611544857 0.0027287956327199936 0
1715611549589 0.0027199434116482735 0
1715611550089 0.00271114450879395 0
1715611550446 0.0027023933362215757 0
1715611550788 0.002693673362955451 0
1715611551163 0.0026850150898098946 0
1715611551506 0.0026764022186398506 0
1715611551837 0.0026678231079131365 0
1715611552173 0.0026593031361699104 0
1715611552514 0.002650859532877803 0
1715611552844 0.002642429666593671 0
1715611557354 0.0026340761687606573 0
1715611557915 0.002625728026032448 0
1715611558755 0.0026174476370215416 0
1715611559208 0.0026092517655342817 0
1715611559617 0.0026010533329099417 0
1715611560083 0.0025929335970431566 0
1715611560457 0.002584833884611726 0
1715611560814 0.0025767814368009567 0
1715611561241 0.002568780444562435 0
1715611561674 0.002560826949775219 0
1715611566191 0.0025529442355036736 0
1715611566831 0.0025450389366596937 0
1715611567229 0.002537254709750414 0
1715611567887 0.002529493300244212 0
1715611568302 0.00252171466127038 0
1715611568711 0.0025140405632555485 0
1715611569094 0.0025063720531761646 0
1715611569508 0.002498771296814084 0
1715611569959 0.002491184277459979 0
1715611570414 0.002483662450686097 0
1715611575145 0.0024761969689279795 0
1715611575635 0.00246870587579906 0
1715611576056 0.0024613025598227978 0
1715611576484 0.0024539497680962086 0
1715611577048 0.002446642378345132 0
1715611577438 0.002439334522932768 0
1715611577824 0.0024320976808667183 0
1715611578251 0.0024248433765023947 0
1715611578664 0.0024176600854843855 0
1715611579094 0.0024105357006192207 0
1715611583703 0.00240341410972178 0
1715611584294 0.0023963521234691143 0
1715611584672 0.002389337634667754 0
1715611585054 0.00238236878067255 0
1715611585425 0.0023754306603223085 0
1715611585842 0.00236847554333508 0
1715611586259 0.002361599588766694 0
1715611586655 0.0023547459859400988 0
1715611587068 0.0023479575756937265 0
1715611587477 0.0023411547299474478 0
1715611592000 0.0023344082292169333 0
1715611592468 0.0023276819847524166 0
1715611592839 0.002321037231013179 0
1715611593246 0.002314395271241665 0
1715611593650 0.002307804301381111 0
1715611594093 0.0023012158926576376 0
1715611594586 0.002294681267812848 0
1715611595024 0.0022881634067744017 0
1715611595454 0.0022817023564130068 0
1715611595888 0.0022752892691642046 0
1715611600046 0.0022688726894557476 0
1715611600525 0.002262496156617999 0
1715611600893 0.002256128005683422 0
1715611601291 0.0022498276084661484 0
1715611601691 0.00224353838711977 0
1715611602076 0.002237277338281274 0
1715611602463 0.002231081249192357 0
1715611602923 0.002224863041192293 0
1715611603405 0.0022187065333127975 0
1715611603829 0.0022126007825136185 0
1715611607996 0.002206486649811268 0
1715611608445 0.002200425835326314 0
1715611608893 0.0021943850442767143 0
1715611609381 0.0021883894223719835 0
1715611609831 0.002182402415201068 0
1715611610274 0.0021764575503766537 0
1715611610745 0.0021705436520278454 0
1715611611148 0.002164655365049839 0
1715611611553 0.0021587666124105453 0
1715611611966 0.0021529376972466707 0
1715611616894 0.0021471171639859676 0
1715611617420 0.0021413189824670553 0
1715611617892 0.002135602757334709 0
1715611618313 0.002129799220710993 0
1715611618738 0.0021241281647235155 0
1715611619153 0.002118448494002223 0
1715611619588 0.0021127774380147457 0
1715611626234 0.002107168547809124 0
1715611626665 0.0021016050595790148 0
1715611627083 0.002096024341881275 0
1715611632006 0.002090511145070195 0
1715611632550 0.0020849895663559437 0
1715611632925 0.0020794596057385206 0
1715611633312 0.0020740260370075703 0
1715611633696 0.0020685805939137936 0
1715611634113 0.0020631495863199234 0
1715611634557 0.0020577609539031982 0
1715611635051 0.0020524119026958942 0
1715611635766 0.0020470651797950268 0
1715611637066 0.0020417245104908943 0
