1715611219124 0.6030130386352539 0
1715611219560 0.1825261116027832 0
1715611219872 0.16481876373291016 0
1715611220208 0.1748828887939453 0
1715611220600 0.16851091384887695 0
1715611220954 0.1808328628540039 0
1715611221289 0.17633414268493652 0
1715611221600 0.16764211654663086 0
1715611221900 0.15897917747497559 0
1715611222303 0.17106890678405762 0
1715611226622 0.5783720016479492 0
1715611227057 0.19312524795532227 0
1715611227369 0.1601877212524414 0
1715611227689 0.17400908470153809 0
1715611228131 0.1726539134979248 0
1715611228437 0.16175174713134766 0
1715611228753 0.17357301712036133 0
1715611229062 0.16637110710144043 0
1715611229380 0.17152094841003418 0
1715611229689 0.16719889640808105 0
1715611233141 0.24488520622253418 0
1715611233534 0.18008875846862793 0
1715611233999 0.16486001014709473 0
1715611234324 0.17665982246398926 0
1715611234633 0.16388487815856934 0
1715611234979 0.17419123649597168 0
1715611235289 0.16506505012512207 0
1715611235600 0.16216707229614258 0
1715611235926 0.17913198471069336 0
1715611236239 0.16597318649291992 0
1715611239517 0.2024850845336914 0
1715611239922 0.1984729766845703 0
1715611240402 0.16435790061950684 0
1715611240715 0.17379093170166016 0
1715611241015 0.15561604499816895 0
1715611241333 0.16870617866516113 0
1715611241643 0.1619729995727539 0
1715611241979 0.1784358024597168 0
1715611242310 0.17484188079833984 0
1715611242627 0.1643221378326416 0
1715611245967 0.20026803016662598 0
1715611246353 0.17100119590759277 0
1715611246676 0.17029404640197754 0
1715611246979 0.15489482879638672 0
1715611247488 0.15979385375976562 0
1715611247803 0.1632990837097168 0
1715611248117 0.16477298736572266 0
1715611248423 0.15819215774536133 0
1715611248744 0.16949677467346191 0
1715611249064 0.16941189765930176 0
1715611253628 0.5167639255523682 0
1715611254001 0.17812514305114746 0
1715611254314 0.1641371250152588 0
1715611254624 0.160628080368042 0
1715611254941 0.16376495361328125 0
1715611255260 0.17429089546203613 0
1715611255588 0.18133997917175293 0
1715611255946 0.1824018955230713 0
1715611256636 0.16714811325073242 0
1715611256960 0.16741490364074707 0
1715611260708 0.3444333076477051 0
1715611261107 0.17709112167358398 0
1715611261414 0.15841889381408691 0
1715611261747 0.17096495628356934 0
1715611262091 0.16858696937561035 0
1715611262447 0.18689513206481934 0
1715611262846 0.16750693321228027 0
1715611263189 0.16600322723388672 0
1715611263498 0.15961885452270508 0
1715611263816 0.16338610649108887 0
1715611267238 0.2964169979095459 0
1715611267588 0.17029309272766113 0
1715611267896 0.162125825881958 0
1715611268207 0.1649799346923828 0
1715611268515 0.16330790519714355 0
1715611268833 0.16907620429992676 0
1715611269577 0.17658495903015137 0
1715611269891 0.1669008731842041 0
1715611270192 0.15733909606933594 0
1715611270506 0.16378331184387207 0
1715611273825 0.21457791328430176 0
1715611274217 0.17734909057617188 0
1715611274517 0.16133785247802734 0
1715611274820 0.1564018726348877 0
1715611275127 0.1640779972076416 0
1715611275427 0.1562502384185791 0
1715611275743 0.16394495964050293 0
1715611276066 0.16651487350463867 0
1715611276380 0.16289591789245605 0
1715611276691 0.16356515884399414 0
1715611280123 0.3024601936340332 0
1715611280512 0.18543529510498047 0
1715611280822 0.16692304611206055 0
1715611281151 0.1784677505493164 0
1715611281481 0.17504167556762695 0
1715611281789 0.16151213645935059 0
1715611282131 0.17419886589050293 0
1715611282458 0.16904282569885254 0
1715611282803 0.1795339584350586 0
1715611283678 0.17299485206604004 0
1715611287100 0.34723997116088867 0
1715611287500 0.18279385566711426 0
1715611287813 0.1655442714691162 0
1715611288142 0.17900395393371582 0
1715611288477 0.17948627471923828 0
1715611288834 0.19321393966674805 0
1715611289188 0.17383599281311035 0
1715611289524 0.17271661758422852 0
1715611289851 0.1697850227355957 0
1715611290176 0.16711878776550293 0
1715611294703 0.3677670955657959 0
1715611295135 0.17953205108642578 0
1715611295453 0.16187214851379395 0
1715611295784 0.17370915412902832 0
1715611296111 0.1677548885345459 0
1715611296464 0.1885080337524414 0
1715611296915 0.18652009963989258 0
1715611297343 0.20192480087280273 0
1715611297778 0.18967485427856445 0
1715611298254 0.2133488655090332 0
1715611302900 0.6342542171478271 0
1715611303325 0.1873180866241455 0
1715611303655 0.1665210723876953 0
1715611303975 0.1662919521331787 0
1715611304299 0.16715097427368164 0
1715611304701 0.20052719116210938 0
1715611305027 0.16855382919311523 0
1715611306094 0.20073199272155762 0
1715611306441 0.17437386512756348 0
1715611306765 0.1672959327697754 0
1715611310344 0.31608104705810547 0
1715611310751 0.18272900581359863 0
1715611311084 0.16671013832092285 0
1715611311408 0.16704607009887695 0
1715611311729 0.16505217552185059 0
1715611312064 0.16962885856628418 0
1715611312482 0.1839590072631836 0
1715611312851 0.17367029190063477 0
1715611313179 0.1679699420928955 0
1715611313522 0.18541193008422852 0
1715611317093 0.346571683883667 0
1715611317504 0.18896222114562988 0
1715611317830 0.1684410572052002 0
1715611318155 0.16990303993225098 0
1715611318477 0.16514015197753906 0
1715611318809 0.16975688934326172 0
1715611319125 0.16240811347961426 0
1715611319445 0.16579508781433105 0
1715611319762 0.1643660068511963 0
1715611320090 0.16876816749572754 0
1715611323841 0.5376670360565186 0
1715611324234 0.18024206161499023 0
1715611324571 0.17441725730895996 0
1715611324902 0.17288875579833984 0
1715611325214 0.15993118286132812 0
1715611325543 0.1729588508605957 0
1715611325855 0.16280913352966309 0
1715611326179 0.1678321361541748 0
1715611326504 0.17256808280944824 0
1715611326836 0.16730380058288574 0
1715611330273 0.3362429141998291 0
1715611330668 0.18311715126037598 0
1715611332100 0.24525022506713867 0
1715611332434 0.17636895179748535 0
1715611332756 0.16667509078979492 0
1715611333091 0.17401862144470215 0
1715611333424 0.17675232887268066 0
1715611333739 0.15856289863586426 0
1715611334072 0.16973519325256348 0
1715611334437 0.19980788230895996 0
1715611337958 0.3255941867828369 0
1715611338470 0.16710901260375977 0
1715611338801 0.17308759689331055 0
1715611339167 0.18133926391601562 0
1715611339625 0.17933416366577148 0
1715611339956 0.1731700897216797 0
1715611340293 0.16774296760559082 0
1715611340621 0.17244529724121094 0
1715611340966 0.17480993270874023 0
1715611341385 0.192918062210083 0
1715611345034 0.35503315925598145 0
1715611345474 0.1880791187286377 0
1715611345813 0.189378023147583 0
1715611346184 0.19477367401123047 0
1715611346542 0.17778682708740234 0
1715611346891 0.16504120826721191 0
1715611347241 0.193526029586792 0
1715611347572 0.16356801986694336 0
1715611347898 0.16653895378112793 0
1715611348231 0.16493797302246094 0
1715611351776 0.34136295318603516 0
1715611352253 0.18758201599121094 0
1715611352592 0.17258000373840332 0
1715611352927 0.17312192916870117 0
1715611353266 0.1745007038116455 0
1715611353611 0.17744088172912598 0
1715611353965 0.1769099235534668 0
1715611354310 0.17860913276672363 0
1715611354655 0.17397093772888184 0
1715611355030 0.19279003143310547 0
1715611359501 0.5061860084533691 0
1715611359897 0.17847180366516113 0
1715611360253 0.19855308532714844 0
1715611360743 0.20557022094726562 0
1715611361208 0.1849517822265625 0
1715611363963 0.8296442031860352 0
1715611364386 0.18087077140808105 0
1715611364823 0.18786215782165527 0
1715611365215 0.17207980155944824 0
1715611365547 0.17184805870056152 0
1715611371204 0.690497875213623 0
1715611371694 0.18310189247131348 0
1715611372038 0.1816389560699463 0
1715611372360 0.16030597686767578 0
1715611372706 0.17818593978881836 0
1715611373025 0.16188812255859375 0
1715611373352 0.16122913360595703 0
1715611373679 0.1647498607635498 0
1715611374019 0.1623082160949707 0
1715611374352 0.1657569408416748 0
1715611378880 0.577984094619751 0
1715611379344 0.19738507270812988 0
1715611379672 0.16728973388671875 0
1715611380009 0.1779639720916748 0
1715611380335 0.16202807426452637 0
1715611380664 0.17415213584899902 0
1715611381022 0.19399809837341309 0
1715611381362 0.16848015785217285 0
1715611381712 0.18709921836853027 0
1715611382043 0.16211986541748047 0
1715611386323 0.603766918182373 0
1715611386821 0.2102348804473877 0
1715611387264 0.18826913833618164 0
1715611387625 0.1708216667175293 0
1715611387980 0.17678403854370117 0
1715611388454 0.18842291831970215 0
1715611389025 0.20757389068603516 0
1715611389421 0.20446419715881348 0
1715611389857 0.19084787368774414 0
1715611390307 0.20660400390625 0
1715611395588 0.6622800827026367 0
1715611396101 0.1886289119720459 0
1715611396427 0.1635890007019043 0
1715611396775 0.16986608505249023 0
1715611397093 0.15903091430664062 0
1715611397462 0.19127178192138672 0
1715611397868 0.17505693435668945 0
1715611398203 0.16446399688720703 0
1715611398560 0.18263459205627441 0
1715611398908 0.18396306037902832 0
1715611403475 0.6049370765686035 0
1715611403919 0.18187808990478516 0
1715611404242 0.16138505935668945 0
1715611404595 0.18710923194885254 0
1715611404937 0.16884613037109375 0
1715611405355 0.22690606117248535 0
1715611405882 0.19438529014587402 0
1715611406279 0.20849895477294922 0
1715611409874 0.680621862411499 0
1715611410237 0.1735062599182129 0
1715611415144 0.6542789936065674 0
1715611415646 0.19523215293884277 0
1715611415964 0.1621701717376709 0
1715611416305 0.1737217903137207 0
1715611416775 0.24529266357421875 0
1715611417214 0.20479369163513184 0
1715611417637 0.19053411483764648 0
1715611417965 0.16264796257019043 0
1715611418362 0.1679379940032959 0
1715611418692 0.1679999828338623 0
1715611423589 0.6065521240234375 0
1715611424079 0.18406105041503906 0
1715611424415 0.16997408866882324 0
1715611424747 0.16430878639221191 0
1715611425066 0.16576910018920898 0
1715611425395 0.16579484939575195 0
1715611425735 0.1791999340057373 0
1715611426068 0.17018485069274902 0
1715611426419 0.17223119735717773 0
1715611426850 0.26056480407714844 0
1715611432251 0.6951460838317871 0
1715611432751 0.18819093704223633 0
1715611433131 0.18786191940307617 0
1715611433560 0.18001103401184082 0
1715611434040 0.18806982040405273 0
1715611434382 0.18287110328674316 0
1715611434742 0.1808168888092041 0
1715611435089 0.1758110523223877 0
1715611435513 0.20104718208312988 0
1715611435903 0.17148995399475098 0
1715611440732 0.6555180549621582 0
1715611441242 0.1899280548095703 0
1715611441631 0.19425225257873535 0
1715611441990 0.18078899383544922 0
1715611442373 0.17946791648864746 0
1715611442722 0.19080901145935059 0
1715611443087 0.16859006881713867 0
1715611443416 0.1625070571899414 0
1715611443872 0.1816251277923584 0
1715611444209 0.1682577133178711 0
1715611449839 0.9734001159667969 0
1715611450374 0.22733473777770996 0
1715611450786 0.20653390884399414 0
1715611451490 0.21752405166625977 0
1715611451939 0.19228601455688477 0
1715611452419 0.1789238452911377 0
1715611452768 0.16647720336914062 0
1715611453130 0.16983294486999512 0
1715611453458 0.16581487655639648 0
1715611453798 0.16865324974060059 0
1715611458743 0.6019501686096191 0
1715611459199 0.1888141632080078 0
1715611459526 0.1655569076538086 0
1715611459856 0.17110514640808105 0
1715611460187 0.16411113739013672 0
1715611460527 0.17735505104064941 0
1715611460851 0.1652519702911377 0
1715611461183 0.16666293144226074 0
1715611461513 0.16190695762634277 0
1715611461842 0.16524887084960938 0
1715611465767 0.6422412395477295 0
1715611466334 0.21594810485839844 0
1715611466767 0.18453240394592285 0
1715611467115 0.1767270565032959 0
1715611471248 0.696307897567749 0
1715611471620 0.1770918369293213 0
1715611471965 0.16228699684143066 0
1715611472313 0.16275477409362793 0
1715611472627 0.16497087478637695 0
1715611472944 0.16344928741455078 0
1715611477368 0.47478294372558594 0
1715611477768 0.18112897872924805 0
1715611478078 0.16127300262451172 0
1715611478397 0.16296696662902832 0
1715611478719 0.16028380393981934 0
1715611479033 0.15676188468933105 0
1715611479369 0.1730499267578125 0
1715611479676 0.15933680534362793 0
1715611480047 0.1732029914855957 0
1715611480373 0.16533899307250977 0
1715611483863 0.34926509857177734 0
1715611484283 0.20270204544067383 0
1715611484603 0.16780400276184082 0
1715611484961 0.200516939163208 0
1715611485292 0.17571783065795898 0
1715611485608 0.1592710018157959 0
1715611485947 0.17539405822753906 0
1715611486265 0.16264700889587402 0
1715611486598 0.16743803024291992 0
1715611486926 0.1675558090209961 0
1715611490930 0.5700819492340088 0
1715611491356 0.18384599685668945 0
1715611491758 0.22317814826965332 0
1715611492114 0.16179513931274414 0
1715611492449 0.16384100914001465 0
1715611492812 0.18585491180419922 0
1715611493166 0.17610812187194824 0
1715611493491 0.1599419116973877 0
1715611493823 0.17145013809204102 0
1715611494157 0.1661851406097412 0
1715611498787 0.6105880737304688 0
1715611499243 0.1875441074371338 0
1715611499559 0.16513276100158691 0
1715611499885 0.16789698600769043 0
1715611500209 0.1642751693725586 0
1715611500538 0.16572308540344238 0
1715611500858 0.16394901275634766 0
1715611501178 0.16312313079833984 0
1715611501498 0.16226792335510254 0
1715611501822 0.16465425491333008 0
1715611505577 0.3736279010772705 0
1715611506187 0.1747758388519287 0
1715611506558 0.17911601066589355 0
1715611506897 0.16376996040344238 0
1715611507228 0.16663503646850586 0
1715611507552 0.16738605499267578 0
1715611507882 0.16560697555541992 0
1715611508209 0.16472601890563965 0
1715611508540 0.1645982265472412 0
1715611508866 0.17228221893310547 0
1715611513721 0.5778560638427734 0
1715611514145 0.1788771152496338 0
1715611514482 0.17384719848632812 0
1715611514822 0.16335415840148926 0
1715611515150 0.16231393814086914 0
1715611515466 0.16204380989074707 0
1715611515793 0.16161608695983887 0
1715611516122 0.16160202026367188 0
1715611516454 0.1603708267211914 0
1715611516783 0.16303110122680664 0
1715611520456 0.3805723190307617 0
1715611520960 0.19322609901428223 0
1715611521295 0.17180395126342773 0
1715611521626 0.16501283645629883 0
1715611521953 0.16078805923461914 0
1715611522270 0.15803003311157227 0
1715611522599 0.16880416870117188 0
1715611522931 0.16124415397644043 0
1715611523261 0.16242671012878418 0
1715611523597 0.16099214553833008 0
1715611527540 0.591759204864502 0
1715611528012 0.19244718551635742 0
1715611528332 0.16471600532531738 0
1715611528675 0.17432808876037598 0
1715611529054 0.20688390731811523 0
1715611529392 0.16653776168823242 0
1715611529723 0.16754364967346191 0
1715611535785 0.9049079418182373 0
1715611536108 0.15831589698791504 0
1715611536431 0.16051626205444336 0
1715611541398 0.6746108531951904 0
1715611541947 0.193267822265625 0
1715611542280 0.16790413856506348 0
1715611542610 0.16201329231262207 0
1715611543049 0.2224562168121338 0
1715611543427 0.17438316345214844 0
1715611543830 0.186478853225708 0
1715611544175 0.1704258918762207 0
1715611544509 0.17217803001403809 0
1715611544862 0.1871328353881836 0
1715611549601 0.6746401786804199 0
1715611550096 0.19592499732971191 0
1715611550452 0.18648886680603027 0
1715611550796 0.16675591468811035 0
1715611551167 0.17868399620056152 0
1715611551511 0.16381001472473145 0
1715611551841 0.16268587112426758 0
1715611552177 0.16440176963806152 0
1715611552517 0.16361308097839355 0
1715611552849 0.1636037826538086 0
1715611557364 0.5901370048522949 0
1715611557946 0.21961498260498047 0
1715611558768 0.19864106178283691 0
1715611559213 0.1907949447631836 0
1715611559644 0.2028670310974121 0
1715611560088 0.16574883460998535 0
1715611560461 0.16333794593811035 0
1715611560818 0.16924524307250977 0
1715611561251 0.20533299446105957 0
1715611561678 0.16530513763427734 0
1715611566214 0.8408656120300293 0
1715611566836 0.20274901390075684 0
1715611567234 0.17643404006958008 0
1715611567893 0.2138819694519043 0
1715611568311 0.17492198944091797 0
1715611568715 0.1782519817352295 0
1715611569100 0.1738109588623047 0
1715611569518 0.1871170997619629 0
1715611569963 0.17209100723266602 0
1715611570434 0.19229388236999512 0
1715611575161 0.613555908203125 0
1715611575640 0.18883609771728516 0
1715611576065 0.18096399307250977 0
1715611576492 0.1785118579864502 0
1715611577057 0.1846470832824707 0
1715611577442 0.16731595993041992 0
1715611577830 0.17981433868408203 0
1715611578261 0.1850440502166748 0
1715611578674 0.1808931827545166 0
1715611579100 0.17904424667358398 0
1715611583713 0.42896199226379395 0
1715611584302 0.19003891944885254 0
1715611584693 0.18349123001098633 0
1715611585058 0.16706204414367676 0
1715611585429 0.16856002807617188 0
1715611585847 0.18790698051452637 0
1715611586264 0.17637300491333008 0
1715611586661 0.17628693580627441 0
1715611587074 0.17613792419433594 0
1715611587482 0.17470407485961914 0
1715611592005 0.5873608589172363 0
1715611592472 0.1787269115447998 0
1715611592847 0.17833495140075684 0
1715611593251 0.17788958549499512 0
1715611593655 0.17965006828308105 0
1715611594100 0.17826628684997559 0
1715611594591 0.18860507011413574 0
1715611595029 0.17576289176940918 0
1715611595464 0.17880821228027344 0
1715611595894 0.1740117073059082 0
1715611600052 0.4681251049041748 0
1715611600530 0.18843698501586914 0
1715611600900 0.1693711280822754 0
1715611601297 0.17827796936035156 0
1715611601696 0.1812911033630371 0
1715611602082 0.1671428680419922 0
1715611602468 0.17375898361206055 0
1715611602930 0.18343710899353027 0
1715611603412 0.17751622200012207 0
1715611603834 0.17301511764526367 0
1715611608001 0.4122769832611084 0
1715611608455 0.19014286994934082 0
1715611608904 0.19107890129089355 0
1715611609393 0.21376609802246094 0
1715611609837 0.18393206596374512 0
1715611610282 0.1764380931854248 0
1715611610751 0.18222999572753906 0
1715611611154 0.1759781837463379 0
1715611611559 0.18074607849121094 0
1715611611973 0.1758100986480713 0
1715611616902 0.6226298809051514 0
1715611617426 0.1798861026763916 0
1715611617896 0.17235398292541504 0
1715611618318 0.18262195587158203 0
1715611618744 0.17813706398010254 0
1715611619158 0.17670893669128418 0
1715611619593 0.17451167106628418 0
1715611626241 0.6928660869598389 0
1715611626674 0.17987895011901855 0
1715611627091 0.17771315574645996 0
1715611632024 0.6196269989013672 0
1715611632555 0.18861794471740723 0
1715611632933 0.1835930347442627 0
1715611633318 0.1742551326751709 0
1715611633700 0.16963887214660645 0
1715611634122 0.18318796157836914 0
1715611634561 0.18004488945007324 0
1715611635058 0.1789720058441162 0
1715611635801 0.3300800323486328 0
1715611637093 0.5625638961791992 0
