1715019296148 7.44571590423584 0
1715019296641 7.83707332611084 0
1715019297137 7.014557838439941 0
1715019297647 5.749595642089844 0
1715019298152 4.914727210998535 0
1715019298621 4.545742988586426 0
1715019299089 4.400936126708984 0
1715019299586 4.203616142272949 0
1715019300053 3.998283863067627 0
1715019300531 3.8354997634887695 0
1715019301182 3.7233879566192627 0
1715019301705 3.620128631591797 0
1715019302251 3.5149307250976562 0
1715019302758 3.41377854347229 0
1715019303244 3.316943407058716 0
1715019303724 3.2197494506835938 0
1715019304241 3.127488136291504 0
1715019304732 3.0426747798919678 0
1715019305231 2.961077928543091 0
1715019305721 2.8827593326568604 0
1715019306286 2.807133674621582 0
1715019306773 2.739499807357788 0
1715019307277 2.670766592025757 0
1715019307769 2.611409902572632 0
1715019308277 2.552851438522339 0
1715019308759 2.495337724685669 0
1715019309270 2.433290719985962 0
1715019309774 2.3786609172821045 0
1715019310252 2.328057050704956 0
1715019310737 2.2757561206817627 0
1715019311291 2.2271487712860107 0
1715019311796 2.1740288734436035 0
1715019312288 2.1258134841918945 0
1715019312795 2.0796544551849365 0
1715019313302 2.037224292755127 0
1715019313788 1.995963454246521 0
1715019314293 1.9485317468643188 0
1715019314779 1.9041805267333984 0
1715019315290 1.8628103733062744 0
1715019315791 1.8241524696350098 0
1715019316362 1.7922735214233398 0
1715019316863 1.759941577911377 0
1715019317352 1.7228397130966187 0
1715019317834 1.6872339248657227 0
1715019318319 1.6438169479370117 0
1715019318799 1.6063101291656494 0
1715019319304 1.5720936059951782 0
1715019319793 1.5413579940795898 0
1715019320303 1.5071420669555664 0
1715019320784 1.471859335899353 0
1715019321319 1.443520188331604 0
1715019321785 1.4098191261291504 0
1715019322269 1.3852509260177612 0
1715019322759 1.3650932312011719 0
1715019323244 1.3271150588989258 0
1715019323738 1.296225905418396 0
1715019324229 1.3016375303268433 0
1715019324722 1.2914906740188599 0
1715019325267 1.2938917875289917 0
1715019325767 1.3022127151489258 0
1715019326330 1.321993112564087 0
1715019326798 1.3633177280426025 0
1715019327268 1.3906991481781006 0
1715019327741 1.4115402698516846 0
1715019328220 1.3797955513000488 0
1715019328703 1.3801136016845703 0
1715019329174 1.3787248134613037 0
1715019329652 1.3451745510101318 0
1715019330131 1.340118169784546 0
1715019330618 1.3019616603851318 0
1715019331196 1.298272728919983 0
1715019331690 1.2702046632766724 0
1715019332185 1.2409528493881226 0
1715019332685 1.2064181566238403 0
1715019333160 1.1747621297836304 0
1715019333653 1.1545772552490234 0
1715019334136 1.1202428340911865 0
1715019334623 1.096242904663086 0
1715019335110 1.072181224822998 0
1715019335589 1.047914981842041 0
1715019336137 1.0272648334503174 0
1715019336632 1.003548502922058 0
1715019337120 0.9808915853500366 0
1715019337616 0.9572531580924988 0
1715019338104 0.9343852400779724 0
1715019338592 0.9145714044570923 0
1715019339083 0.893535852432251 0
1715019339566 0.8754522800445557 0
1715019340052 0.8550698757171631 0
1715019340536 0.8376563787460327 0
1715019341064 0.8254449963569641 0
1715019341533 0.807038426399231 0
1715019342009 0.7918754816055298 0
1715019342483 0.7840077877044678 0
1715019342961 0.7614316344261169 0
1715019343443 0.7487423419952393 0
1715019343918 0.7421589493751526 0
1715019344387 0.7253862023353577 0
1715019344856 0.7455971837043762 0
1715019345332 0.7472457885742188 0
1715019345863 0.7330767512321472 0
1715019346327 0.7216273546218872 0
1715019346814 0.6952432990074158 0
1715019347297 0.6784083247184753 0
1715019347791 0.6656765937805176 0
1715019348282 0.6568869352340698 0
1715019348776 0.6386685371398926 0
1715019349265 0.6306007504463196 0
1715019349751 0.6211652755737305 0
1715019350235 0.6091890335083008 0
1715019350779 0.6028246879577637 0
1715019351248 0.5916818976402283 0
1715019351727 0.5848758220672607 0
1715019352205 0.5771150588989258 0
1715019352680 0.5667774677276611 0
1715019353154 0.5609213709831238 0
1715019353627 0.5546101331710815 0
1715019354099 0.547055721282959 0
1715019354572 0.5358996987342834 0
1715019355046 0.527312159538269 0
1715019355579 0.5242772698402405 0
1715019356045 0.5166500210762024 0
1715019356528 0.5105997323989868 0
1715019357008 0.49993282556533813 0
1715019357495 0.4957304894924164 0
1715019357997 0.49159133434295654 0
1715019358475 0.4953972399234772 0
1715019358963 0.49619150161743164 0
1715019359436 0.49162203073501587 0
1715019359909 0.47117871046066284 0
1715019360445 0.46588099002838135 0
1715019360921 0.46299469470977783 0
1715019361401 0.45567259192466736 0
1715019361881 0.4482954442501068 0
1715019362385 0.4387097656726837 0
1715019362863 0.4396377503871918 0
1715019363338 0.4303496778011322 0
1715019363830 0.42357349395751953 0
1715019364315 0.42310696840286255 0
1715019364791 0.44145992398262024 0
1715019365333 0.47115397453308105 0
1715019365808 0.7237440943717957 0
1715019366296 0.6260362267494202 0
1715019366807 0.6467313170433044 0
1715019367326 0.6302046179771423 0
1715019367811 0.5982728600502014 0
1715019368298 0.5669717192649841 0
1715019368797 0.5282883644104004 0
1715019369303 0.5081480741500854 0
1715019369784 0.48544010519981384 0
1715019370352 0.4882745146751404 0
1715019370839 0.47795671224594116 0
1715019371326 0.4632721543312073 0
1715019371810 0.4465673863887787 0
1715019372292 0.4344328045845032 0
1715019372787 0.42449018359184265 0
1715019373289 0.4143032431602478 0
1715019373762 0.40137767791748047 0
1715019374249 0.38957932591438293 0
1715019374740 0.3847239017486572 0
1715019375281 0.37723517417907715 0
1715019375739 0.36816319823265076 0
1715019376216 0.36347681283950806 0
1715019376690 0.3581252992153168 0
1715019377158 0.3485443890094757 0
1715019377618 0.34199273586273193 0
1715019378097 0.34004008769989014 0
1715019378578 0.33512699604034424 0
1715019379056 0.3287295699119568 0
1715019379534 0.32517120242118835 0
1715019380080 0.32012835144996643 0
1715019380553 0.3150143325328827 0
1715019381051 0.31202536821365356 0
1715019381542 0.3086549639701843 0
1715019382035 0.30474552512168884 0
1715019382546 0.30207595229148865 0
1715019383035 0.29884228110313416 0
1715019383514 0.2952861189842224 0
1715019384008 0.29244518280029297 0
1715019384490 0.28979191184043884 0
1715019385007 0.28638333082199097 0
1715019385481 0.2834758162498474 0
1715019385961 0.28161516785621643 0
1715019386440 0.2794155776500702 0
1715019386940 0.2771833837032318 0
1715019387425 0.27464011311531067 0
1715019387903 0.2724040746688843 0
1715019388388 0.27033481001853943 0
1715019388868 0.2683301270008087 0
1715019389352 0.2663131356239319 0
1715019389888 0.2642562985420227 0
1715019390360 0.26232147216796875 0
1715019390834 0.2603019177913666 0
1715019391324 0.2584340572357178 0
1715019391801 0.25660690665245056 0
1715019392297 0.2546589970588684 0
1715019392767 0.2530519366264343 0
1715019393254 0.2513207793235779 0
1715019393753 0.24956537783145905 0
1715019394235 0.24781543016433716 0
1715019394782 0.24615031480789185 0
1715019395245 0.24448274075984955 0
1715019395748 0.24284537136554718 0
1715019396257 0.2413240373134613 0
1715019396738 0.23971450328826904 0
1715019397249 0.2381456196308136 0
1715019397729 0.23662474751472473 0
1715019398206 0.2351602464914322 0
1715019398679 0.23379512131214142 0
1715019399159 0.23295146226882935 0
1715019399721 0.23388142883777618 0
1715019400189 0.23170435428619385 0
1715019400670 0.2299947440624237 0
1715019401150 0.2279486209154129 0
1715019401642 0.22750744223594666 0
1715019402132 0.2264377772808075 0
1715019402616 0.22398564219474792 0
1715019403103 0.22339284420013428 0
1715019403587 0.2219066321849823 0
1715019404066 0.2211318463087082 0
1715019404597 0.2187725454568863 0
1715019405066 0.2179357260465622 0
1715019405544 0.21641013026237488 0
1715019406025 0.21575506031513214 0
1715019406510 0.21408776938915253 0
1715019407000 0.2131703495979309 0
1715019407478 0.21173174679279327 0
1715019407962 0.21094733476638794 0
1715019408446 0.21018865704536438 0
1715019408938 0.20883187651634216 0
1715019409608 0.20787572860717773 0
1715019410095 0.20676440000534058 0
1715019410572 0.20602408051490784 0
1715019411050 0.2045639008283615 0
1715019411529 0.20393505692481995 0
1715019412003 0.20267479121685028 0
1715019412476 0.20188255608081818 0
1715019412966 0.20111079514026642 0
1715019413474 0.20033739507198334 0
1715019413962 0.1997988522052765 0
1715019414504 0.19927717745304108 0
1715019414978 0.19791646301746368 0
1715019415467 0.19704702496528625 0
1715019415954 0.1962655484676361 0
1715019416444 0.1955260932445526 0
1715019416966 0.19471584260463715 0
1715019417443 0.1939947009086609 0
1715019417939 0.19285139441490173 0
1715019418426 0.19229768216609955 0
1715019418912 0.1914767026901245 0
1715019419468 0.1907072812318802 0
1715019419933 0.18995963037014008 0
1715019420423 0.1891038715839386 0
1715019420921 0.18863992393016815 0
1715019421402 0.187666118144989 0
1715019421887 0.18726693093776703 0
1715019422384 0.1867295205593109 0
1715019422861 0.18619699776172638 0
1715019423346 0.18529227375984192 0
1715019423829 0.18473123013973236 0
1715019424377 0.18417152762413025 0
1715019424878 0.1835934817790985 0
1715019425363 0.18270881474018097 0
1715019425847 0.18261834979057312 0
1715019426314 0.18299981951713562 0
1715019426800 0.1827588677406311 0
1715019427281 0.18144989013671875 0
1715019427769 0.1801445484161377 0
1715019428253 0.18094956874847412 0
1715019428747 0.18338502943515778 0
1715019429282 0.1836850941181183 0
1715019429762 0.1826944202184677 0
1715019430236 0.17966435849666595 0
1715019430720 0.1812434196472168 0
1715019431196 0.1849622130393982 0
1715019431670 0.18637923896312714 0
1715019432149 0.21249164640903473 0
1715019432627 0.25799843668937683 0
1715019433101 0.6271690130233765 0
1715019433581 0.8096491098403931 0
1715019434109 1.0128990411758423 0
1715019434574 0.5832756757736206 0
1715019435047 0.7276654243469238 0
1715019435527 0.628871500492096 0
1715019435996 0.6052273511886597 0
1715019436471 0.6764338612556458 0
1715019436944 0.5569249987602234 0
1715019437418 0.563010573387146 0
1715019437887 0.5359114408493042 0
1715019438362 0.5047417283058167 0
1715019438891 0.4845828711986542 0
1715019439361 0.45535969734191895 0
1715019439838 0.42452889680862427 0
1715019440323 0.4139253497123718 0
1715019440818 0.3894352614879608 0
1715019441298 0.3780916631221771 0
1715019441797 0.3684539794921875 0
1715019442282 0.34046369791030884 0
1715019442766 0.32127460837364197 0
1715019443254 0.31603479385375977 0
1715019443798 0.30949506163597107 0
1715019444263 0.295084685087204 0
1715019444742 0.28220251202583313 0
1715019445229 0.272489994764328 0
1715019445709 0.265496164560318 0
1715019446186 0.25871989130973816 0
1715019446664 0.2530633807182312 0
1715019447153 0.24677406251430511 0
1715019447642 0.23960928618907928 0
1715019448139 0.2342085838317871 0
1715019448682 0.22916214168071747 0
1715019449146 0.2255263328552246 0
1715019449626 0.221816748380661 0
1715019450115 0.21706390380859375 0
1715019450604 0.21283403038978577 0
1715019451085 0.2100413590669632 0
1715019451586 0.2080020010471344 0
1715019452076 0.20555774867534637 0
1715019452560 0.20257751643657684 0
1715019453047 0.19909192621707916 0
1715019453598 0.19594977796077728 0
1715019454080 0.1938813179731369 0
1715019454573 0.1923350989818573 0
1715019455062 0.190469428896904 0
1715019455553 0.18856589496135712 0
1715019456057 0.18657338619232178 0
1715019456534 0.1848103404045105 0
1715019457000 0.1831970512866974 0
1715019457467 0.18165095150470734 0
1715019457936 0.18018829822540283 0
1715019458479 0.178825244307518 0
1715019458944 0.17766913771629333 0
1715019459413 0.1764991134405136 0
1715019459885 0.17527393996715546 0
1715019460369 0.17421536147594452 0
1715019460850 0.17325817048549652 0
1715019461331 0.17209939658641815 0
1715019461832 0.1710333228111267 0
1715019462316 0.1701703518629074 0
1715019462807 0.16932366788387299 0
1715019463346 0.1685781180858612 0
1715019463816 0.16778230667114258 0
1715019464294 0.16695865988731384 0
1715019464770 0.16618569195270538 0
1715019465244 0.1654781997203827 0
1715019465721 0.16480986773967743 0
1715019466198 0.16418147087097168 0
1715019466670 0.16353803873062134 0
1715019467147 0.1629207879304886 0
1715019467620 0.1623033583164215 0
1715019468176 0.16168968379497528 0
1715019468663 0.16111259162425995 0
1715019469147 0.16057884693145752 0
1715019469635 0.16007164120674133 0
1715019470121 0.15955370664596558 0
1715019470605 0.15901300311088562 0
1715019471093 0.15850470960140228 0
1715019471579 0.15801234543323517 0
1715019472065 0.1575174331665039 0
1715019472542 0.15703444182872772 0
1715019473084 0.1565704494714737 0
1715019473558 0.15611664950847626 0
1715019474028 0.1556650698184967 0
1715019474511 0.1552201509475708 0
1715019474987 0.15478470921516418 0
1715019475466 0.15434814989566803 0
1715019475944 0.15392287075519562 0
1715019476421 0.1535046547651291 0
1715019476904 0.1530931293964386 0
1715019477400 0.15269207954406738 0
1715019477936 0.15229088068008423 0
1715019478406 0.15189822018146515 0
1715019478883 0.15150485932826996 0
1715019479366 0.1511141061782837 0
1715019479836 0.15073338150978088 0
1715019480314 0.15035752952098846 0
1715019480804 0.14998406171798706 0
1715019481294 0.14961504936218262 0
1715019481774 0.14925110340118408 0
1715019482256 0.14888916909694672 0
1715019482811 0.14852994680404663 0
1715019483312 0.14817504584789276 0
1715019483793 0.14782577753067017 0
1715019484287 0.14747768640518188 0
1715019484775 0.14713144302368164 0
1715019485264 0.1467886120080948 0
1715019485755 0.14644880592823029 0
1715019486235 0.14611150324344635 0
1715019486722 0.14577776193618774 0
1715019487209 0.14544591307640076 0
1715019487749 0.14511540532112122 0
1715019488218 0.14478786289691925 0
1715019488696 0.1444629728794098 0
1715019489167 0.1441391259431839 0
1715019489641 0.14381806552410126 0
1715019490107 0.14349940419197083 0
1715019490574 0.14318221807479858 0
1715019491049 0.14286592602729797 0
1715019491523 0.14255288243293762 0
1715019491996 0.14224056899547577 0
1715019492533 0.14193065464496613 0
1715019492991 0.14162281155586243 0
1715019493464 0.14131590723991394 0
1715019493952 0.14101138710975647 0
1715019494435 0.14070789515972137 0
1715019494911 0.14040666818618774 0
1715019495387 0.14010658860206604 0
1715019495869 0.1398075968027115 0
1715019496345 0.13951262831687927 0
1715019496816 0.13921795785427094 0
1715019497359 0.1389256715774536 0
1715019497830 0.13863493502140045 0
1715019498301 0.1383461207151413 0
1715019498773 0.13805913925170898 0
1715019499251 0.13777412474155426 0
1715019499734 0.137490913271904 0
1715019500205 0.13720950484275818 0
1715019500677 0.13693036139011383 0
1715019501152 0.13665378093719482 0
1715019501626 0.13637813925743103 0
1715019502156 0.13610582053661346 0
1715019502620 0.13583503663539886 0
1715019503098 0.1355658769607544 0
1715019503575 0.13529856503009796 0
1715019504052 0.13503344357013702 0
1715019504523 0.13477082550525665 0
1715019504995 0.1345098316669464 0
1715019505466 0.13425126671791077 0
1715019505939 0.1339939385652542 0
1715019506417 0.13373920321464539 0
1715019506961 0.13348709046840668 0
1715019507443 0.133235901594162 0
1715019507936 0.13298781216144562 0
1715019508425 0.13274112343788147 0
1715019508931 0.13249921798706055 0
1715019509416 0.13225914537906647 0
1715019509898 0.13203178346157074 0
1715019510375 0.13179485499858856 0
1715019510849 0.1316053718328476 0
1715019511329 0.13132423162460327 0
1715019511867 0.13109402358531952 0
1715019512335 0.1308399885892868 0
1715019512814 0.1306062489748001 0
1715019513286 0.13037292659282684 0
1715019513744 0.13014566898345947 0
1715019514218 0.12991935014724731 0
1715019514690 0.1296989470720291 0
1715019515170 0.12947924435138702 0
1715019515645 0.12927912175655365 0
1715019516127 0.1290571093559265 0
1715019516669 0.1288960576057434 0
1715019517127 0.1286182701587677 0
1715019517598 0.1283920705318451 0
1715019518077 0.12816603481769562 0
1715019518555 0.12794989347457886 0
1715019519029 0.1277378350496292 0
1715019519504 0.12752830982208252 0
1715019519976 0.12732285261154175 0
1715019520454 0.12711961567401886 0
1715019520934 0.12692852318286896 0
1715019521460 0.12672825157642365 0
1715019521926 0.12658202648162842 0
1715019522402 0.1263279765844345 0
1715019522875 0.12612439692020416 0
1715019523350 0.12590456008911133 0
1715019523828 0.12570181488990784 0
1715019524301 0.12550006806850433 0
1715019524780 0.12530378997325897 0
1715019525268 0.12510782480239868 0
1715019525761 0.12491468340158463 0
1715019526311 0.12472407519817352 0
1715019526777 0.12453453987836838 0
1715019527251 0.12435495853424072 0
1715019527745 0.12416543066501617 0
1715019528216 0.1240016296505928 0
1715019528696 0.12379821389913559 0
1715019529168 0.12363145500421524 0
1715019529634 0.12341592460870743 0
1715019530105 0.12322508543729782 0
1715019530571 0.12303381413221359 0
1715019531106 0.12284822762012482 0
1715019531567 0.12266634404659271 0
1715019532030 0.1224868893623352 0
1715019532496 0.12231248617172241 0
1715019532956 0.1221354678273201 0
1715019533426 0.12196674197912216 0
1715019533889 0.12178543210029602 0
1715019534352 0.12161492556333542 0
1715019534818 0.12142937630414963 0
1715019535287 0.1212523877620697 0
1715019535795 0.1210741177201271 0
1715019536249 0.12089893221855164 0
1715019536706 0.12072686851024628 0
1715019537172 0.12055661529302597 0
1715019537650 0.12038736045360565 0
1715019538120 0.12021958082914352 0
1715019538584 0.12005318701267242 0
1715019539057 0.11988400667905807 0
1715019539525 0.1197161078453064 0
1715019539998 0.11954813450574875 0
1715019540538 0.119380883872509 0
1715019540991 0.11921560764312744 0
1715019541468 0.11905083060264587 0
1715019541981 0.11888837069272995 0
1715019542480 0.1187267079949379 0
1715019542993 0.11856460571289062 0
1715019543466 0.11840268224477768 0
1715019543927 0.11824197322130203 0
1715019544402 0.11808060854673386 0
1715019544878 0.11792158335447311 0
1715019545424 0.11776354163885117 0
1715019545894 0.11760509759187698 0
1715019546376 0.11744821071624756 0
1715019546857 0.11729132384061813 0
1715019547333 0.1171344667673111 0
1715019547814 0.11697879433631897 0
1715019548283 0.11682353168725967 0
1715019548764 0.11666952818632126 0
1715019549231 0.11651507019996643 0
1715019549708 0.11636170744895935 0
1715019550259 0.11620836704969406 0
1715019550733 0.1160561740398407 0
1715019551213 0.1159035935997963 0
1715019551688 0.11575290560722351 0
1715019552158 0.11560136824846268 0
1715019552631 0.11545116454362869 0
1715019553106 0.1153002381324768 0
1715019553582 0.11515045166015625 0
1715019554057 0.11500172317028046 0
1715019554525 0.1148536428809166 0
1715019555069 0.11470384150743484 0
1715019555537 0.11455623060464859 0
1715019556012 0.1144077405333519 0
1715019556488 0.11426116526126862 0
1715019556975 0.11411377042531967 0
1715019557451 0.11396711319684982 0
1715019558095 0.11382147669792175 0
1715019558580 0.1136753112077713 0
1715019559045 0.11352945119142532 0
1715019559534 0.11338477581739426 0
1715019560077 0.11323973536491394 0
1715019560546 0.1130945086479187 0
1715019561059 0.1129506304860115 0
1715019561535 0.11280690133571625 0
1715019562012 0.1126631647348404 0
1715019562493 0.11251895874738693 0
1715019562985 0.11237595230340958 0
1715019563462 0.1122332215309143 0
1715019563936 0.1120900958776474 0
1715019564418 0.11194831877946854 0
1715019564973 0.11180631071329117 0
1715019565442 0.1116643100976944 0
1715019565921 0.1115228682756424 0
1715019566399 0.11138161271810532 0
1715019566872 0.11123998463153839 0
1715019567346 0.1110987737774849 0
1715019567822 0.11095850169658661 0
1715019568300 0.11081794649362564 0
1715019568782 0.11067754775285721 0
1715019569262 0.1105378121137619 0
1715019569796 0.1103978082537651 0
1715019570263 0.11025761067867279 0
1715019570728 0.11011862009763718 0
1715019571192 0.10997907817363739 0
1715019571665 0.10984010249376297 0
1715019572143 0.10970062762498856 0
1715019572634 0.10956238955259323 0
1715019573108 0.10942266881465912 0
1715019573581 0.1092839390039444 0
1715019574051 0.10914607346057892 0
1715019574604 0.10900717228651047 0
1715019575075 0.10886912792921066 0
1715019575550 0.10873071849346161 0
1715019576033 0.10859218239784241 0
1715019576509 0.10845519602298737 0
1715019576987 0.108317069709301 0
1715019577467 0.10818032920360565 0
1715019577941 0.10804209858179092 0
1715019578423 0.10790501534938812 0
1715019578902 0.1077675074338913 0
1715019579436 0.10763020068407059 0
1715019579911 0.10749273747205734 0
1715019580381 0.10735572129487991 0
1715019580858 0.10721870511770248 0
1715019581329 0.1070818081498146 0
1715019581799 0.10694443434476852 0
1715019582278 0.10680768638849258 0
1715019582755 0.10667084157466888 0
1715019583225 0.10653381049633026 0
1715019583705 0.10639698058366776 0
1715019584243 0.1062605157494545 0
1715019584710 0.10612399131059647 0
1715019585189 0.105987548828125 0
1715019585667 0.1058509349822998 0
1715019586147 0.10571430623531342 0
1715019586624 0.10557818412780762 0
1715019587101 0.10544189810752869 0
1715019587584 0.10530668497085571 0
1715019588058 0.10517000406980515 0
1715019588532 0.1050342321395874 0
1715019589042 0.1048988327383995 0
1715019589509 0.10476356744766235 0
1715019589988 0.1046278104186058 0
1715019590472 0.10449305921792984 0
1715019590957 0.10435798764228821 0
1715019591419 0.10422282665967941 0
1715019591891 0.10408767312765121 0
1715019592377 0.10395331680774689 0
1715019592853 0.10381767898797989 0
1715019593333 0.10368218272924423 0
1715019593884 0.10354297608137131 0
1715019594363 0.10340065509080887 0
1715019594842 0.10326600819826126 0
1715019595321 0.10315854847431183 0
1715019595795 0.10305213928222656 0
1715019596268 0.1029321700334549 0
1715019596747 0.10306598246097565 0
1715019597222 0.14527973532676697 0
1715019597696 0.34685057401657104 0
1715019598175 2.4581971168518066 0
1715019598701 2.247842311859131 0
1715019599164 2.2370898723602295 0
1715019599634 1.9648526906967163 0
1715019600107 1.9715385437011719 0
1715019600591 1.8620293140411377 0
1715019601069 1.810517430305481 0
1715019601549 1.739107370376587 0
1715019602031 1.6288834810256958 0
1715019602513 1.5340150594711304 0
1715019602988 1.4836812019348145 0
1715019603535 1.4260437488555908 0
1715019603993 1.3697999715805054 0
1715019604468 1.323966145515442 0
1715019604941 1.2803834676742554 0
1715019605421 1.21798574924469 0
1715019605898 1.1446973085403442 0
1715019606371 1.0793319940567017 0
1715019606858 1.0292301177978516 0
1715019607332 0.9829779863357544 0
1715019607806 0.9419557452201843 0
1715019608352 0.9004387259483337 0
1715019608828 0.8603707551956177 0
1715019609340 0.8267289400100708 0
1715019609815 0.7935221791267395 0
1715019610292 0.7613459229469299 0
1715019610802 0.7306805849075317 0
1715019611275 0.7017740607261658 0
1715019611749 0.6738601922988892 0
1715019612256 0.6492112278938293 0
1715019612729 0.6262035369873047 0
1715019613260 0.5982513427734375 0
1715019613724 0.5730748176574707 0
1715019614203 0.552458643913269 0
1715019614680 0.5314043164253235 0
1715019615160 0.5113139152526855 0
1715019615634 0.4944748282432556 0
1715019616110 0.47958722710609436 0
1715019616590 0.46356192231178284 0
1715019617067 0.44736117124557495 0
1715019617543 0.4322659969329834 0
1715019618078 0.41822734475135803 0
1715019618545 0.404947429895401 0
1715019619006 0.3919755518436432 0
1715019619483 0.37983137369155884 0
1715019619961 0.3689447045326233 0
1715019620433 0.35916101932525635 0
1715019620913 0.3501441180706024 0
1715019621386 0.342220664024353 0
1715019621864 0.3349003791809082 0
1715019622341 0.327697217464447 0
1715019622888 0.3207629323005676 0
1715019623355 0.3143846392631531 0
1715019623823 0.30850833654403687 0
1715019624300 0.3029422461986542 0
1715019624773 0.2976793050765991 0
1715019625257 0.2927829623222351 0
1715019625741 0.2879955470561981 0
1715019626218 0.2832757532596588 0
1715019626696 0.2787865102291107 0
1715019627169 0.2745688855648041 0
1715019627706 0.2703704833984375 0
1715019628173 0.2663208544254303 0
1715019628643 0.26247256994247437 0
1715019629113 0.2587427794933319 0
1715019629590 0.25521227717399597 0
1715019630066 0.2520557940006256 0
1715019630539 0.2492046058177948 0
1715019631015 0.2462550848722458 0
1715019631490 0.2433931529521942 0
1715019631965 0.2408468872308731 0
1715019632494 0.2381855696439743 0
1715019632962 0.23585452139377594 0
1715019633434 0.23339253664016724 0
1715019633887 0.23108452558517456 0
1715019634368 0.22900031507015228 0
1715019634845 0.22681193053722382 0
1715019635316 0.22482313215732574 0
1715019635790 0.22279641032218933 0
1715019636269 0.22107063233852386 0
1715019636741 0.21946503221988678 0
1715019637284 0.2178323119878769 0
1715019637744 0.21599729359149933 0
1715019638226 0.21466167271137238 0
1715019638703 0.21269145607948303 0
1715019639189 0.2122357338666916 0
1715019639681 0.22136470675468445 0
1715019640156 0.2189004272222519 0
1715019640629 0.21368519961833954 0
1715019641112 0.214225634932518 0
1715019641589 0.214939683675766 0
1715019642126 0.21058441698551178 0
1715019642596 0.20716969668865204 0
1715019643080 0.20571370422840118 0
1715019643555 0.20490805804729462 0
1715019644031 0.20290251076221466 0
1715019644505 0.2004976123571396 0
1715019644985 0.1983596831560135 0
1715019645455 0.19787323474884033 0
1715019645925 0.19567516446113586 0
1715019646403 0.1942126750946045 0
1715019646931 0.1930091828107834 0
1715019647396 0.19170895218849182 0
1715019647869 0.19009387493133545 0
1715019648338 0.18878178298473358 0
1715019648797 0.18789128959178925 0
1715019649275 0.18632255494594574 0
1715019649751 0.18530699610710144 0
1715019650224 0.18457992374897003 0
1715019650701 0.18313783407211304 0
1715019651176 0.18213221430778503 0
1715019651735 0.1811850666999817 0
1715019652211 0.17993111908435822 0
1715019652685 0.17913851141929626 0
1715019653164 0.17826300859451294 0
1715019653643 0.17720329761505127 0
1715019654123 0.1762523353099823 0
1715019654602 0.17539982497692108 0
1715019655079 0.17459027469158173 0
1715019655550 0.1736707091331482 0
1715019656025 0.17292173206806183 0
1715019656557 0.1720917522907257 0
1715019657023 0.17123936116695404 0
1715019657495 0.1705302596092224 0
1715019657967 0.16975028812885284 0
1715019658441 0.1689985990524292 0
1715019658918 0.16826274991035461 0
1715019659396 0.16753654181957245 0
1715019659869 0.1668514460325241 0
1715019660339 0.1661367416381836 0
1715019660822 0.1654951274394989 0
1715019661356 0.1648288518190384 0
1715019661825 0.16412292420864105 0
1715019662300 0.16354000568389893 0
1715019662776 0.16295255720615387 0
1715019663243 0.16223043203353882 0
1715019663708 0.16180139780044556 0
1715019664181 0.1620970517396927 0
1715019664661 0.160825714468956 0
1715019665131 0.16229833662509918 0
1715019665597 0.1765054613351822 0
1715019666135 0.1759544163942337 0
1715019666605 0.17009638249874115 0
1715019667084 0.16951078176498413 0
1715019667558 0.16997820138931274 0
1715019668029 0.16877560317516327 0
1715019668507 0.1651758849620819 0
1715019668984 0.1634543240070343 0
1715019669461 0.16302958130836487 0
1715019669939 0.1633339673280716 0
1715019670416 0.1613462269306183 0
1715019670954 0.1593383401632309 0
1715019671426 0.15860696136951447 0
1715019671896 0.158057302236557 0
1715019672376 0.1580948382616043 0
1715019672849 0.15624171495437622 0
1715019673326 0.15484681725502014 0
1715019673803 0.1545519232749939 0
1715019674280 0.15387265384197235 0
1715019674754 0.15339353680610657 0
1715019675233 0.15233293175697327 0
1715019675765 0.1516932100057602 0
1715019676230 0.15110427141189575 0
1715019676700 0.15059949457645416 0
1715019677161 0.1500043123960495 0
1715019677639 0.14908479154109955 0
1715019678117 0.1486353874206543 0
1715019678589 0.14823684096336365 0
1715019679058 0.14769652485847473 0
1715019679531 0.14713840186595917 0
1715019680005 0.14650876820087433 0
1715019680546 0.14606745541095734 0
1715019681014 0.14559988677501678 0
1715019681487 0.14509324729442596 0
1715019681959 0.14465945959091187 0
1715019682440 0.1441398561000824 0
1715019682914 0.143715038895607 0
1715019683393 0.14325888454914093 0
1715019683865 0.142837256193161 0
1715019684341 0.14239880442619324 0
1715019684818 0.14198128879070282 0
1715019685356 0.1415693461894989 0
1715019685828 0.14112956821918488 0
1715019686306 0.14074233174324036 0
1715019686801 0.14037561416625977 0
1715019687296 0.13993746042251587 0
1715019687779 0.13954788446426392 0
1715019688263 0.13917505741119385 0
1715019688756 0.13881471753120422 0
1715019689255 0.13843311369419098 0
1715019689752 0.13806970417499542 0
1715019690326 0.13771198689937592 0
1715019690825 0.13734257221221924 0
1715019691332 0.13699974119663239 0
1715019691852 0.13665220141410828 0
1715019692354 0.136297345161438 0
1715019692854 0.1359480917453766 0
1715019693365 0.13561560213565826 0
1715019693858 0.1352812796831131 0
1715019694378 0.1349382847547531 0
1715019694900 0.13460901379585266 0
1715019695482 0.13428327441215515 0
1715019695996 0.1339571624994278 0
1715019696507 0.13363797962665558 0
1715019697018 0.13331574201583862 0
1715019697527 0.13299976289272308 0
1715019698031 0.1326838582754135 0
1715019698545 0.1323722004890442 0
1715019699053 0.132063090801239 0
1715019699558 0.1317528784275055 0
1715019700064 0.13144735991954803 0
1715019700620 0.13114435970783234 0
1715019701112 0.13084416091442108 0
1715019701610 0.1305445283651352 0
1715019702116 0.1302458643913269 0
1715019702610 0.1299511194229126 0
1715019703111 0.12965787947177887 0
1715019703616 0.12936748564243317 0
1715019704123 0.12907856702804565 0
1715019704623 0.12879016995429993 0
1715019705130 0.1285047084093094 0
1715019705688 0.12822172045707703 0
1715019706179 0.12794047594070435 0
1715019706676 0.12765897810459137 0
1715019707176 0.12738075852394104 0
1715019707677 0.12710487842559814 0
1715019708181 0.12682940065860748 0
1715019708684 0.1265561729669571 0
1715019709190 0.12628479301929474 0
1715019709698 0.12601490318775177 0
1715019710209 0.1257459819316864 0
1715019710767 0.1254788190126419 0
1715019711267 0.12521301209926605 0
1715019711770 0.12494949996471405 0
1715019712275 0.1246872991323471 0
1715019712781 0.12442578375339508 0
1715019713326 0.1241665706038475 0
1715019713836 0.12390848249197006 0
1715019714341 0.1236519068479538 0
1715019714847 0.1233961433172226 0
1715019715347 0.12314199656248093 0
1715019715913 0.12288954108953476 0
1715019716408 0.12263845652341843 0
1715019716907 0.12238854914903641 0
1715019717402 0.12213975936174393 0
1715019717913 0.12189225852489471 0
1715019718401 0.12164600938558578 0
1715019718909 0.12140122801065445 0
1715019719425 0.12115700542926788 0
1715019719935 0.12091459333896637 0
1715019720450 0.12067367136478424 0
1715019721023 0.12043371796607971 0
1715019721530 0.12019408494234085 0
1715019722040 0.11995688080787659 0
1715019722569 0.11971976608037949 0
1715019723079 0.1194838136434555 0
1715019723585 0.1192493885755539 0
1715019724084 0.11901620775461197 0
1715019724602 0.11878383904695511 0
1715019725111 0.11855214089155197 0
1715019725624 0.11832165718078613 0
1715019726190 0.11809244751930237 0
1715019726698 0.11786392331123352 0
1715019727197 0.11763624101877213 0
1715019727710 0.11740928143262863 0
1715019728214 0.1171838790178299 0
1715019728723 0.11695912480354309 0
1715019729225 0.11673514544963837 0
1715019729739 0.11651234328746796 0
1715019730245 0.11628949642181396 0
1715019730754 0.11606824398040771 0
1715019731313 0.11584782600402832 0
1715019731813 0.11562946438789368 0
1715019732316 0.11541002988815308 0
1715019732825 0.11519192904233932 0
1715019733328 0.1149744912981987 0
1715019733837 0.11475807428359985 0
1715019734334 0.11454205214977264 0
1715019734840 0.11432736366987228 0
1715019735351 0.11411342769861221 0
1715019735857 0.11389920860528946 0
1715019736591 0.11368680000305176 0
1715019737080 0.11347460001707077 0
1715019737568 0.11326343566179276 0
1715019738077 0.1130530834197998 0
1715019738584 0.1128426045179367 0
1715019739068 0.11263304203748703 0
1715019739571 0.11242473870515823 0
1715019740086 0.11221670359373093 0
1715019740596 0.11200957745313644 0
1715019741108 0.11180245131254196 0
1715019741676 0.11159677058458328 0
1715019742192 0.11139162629842758 0
1715019742730 0.11118660122156143 0
1715019743245 0.11098238080739975 0
1715019743756 0.11077912151813507 0
1715019744266 0.11057572066783905 0
1715019744776 0.11037343740463257 0
1715019745288 0.11017182469367981 0
1715019745797 0.10997078567743301 0
1715019746296 0.10977017879486084 0
1715019746839 0.10957004129886627 0
1715019747327 0.10937058180570602 0
1715019747823 0.10917221754789352 0
1715019748322 0.10897376388311386 0
1715019748815 0.10877642780542374 0
1715019749312 0.10857898741960526 0
1715019749810 0.10838255286216736 0
1715019750310 0.10818646103143692 0
1715019750809 0.10799118131399155 0
1715019751306 0.10779643058776855 0
1715019751857 0.10760223120450974 0
1715019752341 0.1074085459113121 0
1715019752843 0.10721563547849655 0
1715019753332 0.10702259093523026 0
1715019753815 0.1068311259150505 0
1715019754314 0.10663972795009613 0
1715019754815 0.10644890367984772 0
1715019755329 0.10625870525836945 0
1715019755833 0.1060689389705658 0
1715019756339 0.1058797612786293 0
1715019756887 0.10569103807210922 0
1715019757383 0.10550277680158615 0
1715019757885 0.10531575977802277 0
1715019758380 0.10512900352478027 0
1715019758870 0.10494282841682434 0
1715019759370 0.10475728660821915 0
1715019759872 0.10457200556993484 0
1715019760367 0.1043873280286789 0
1715019760870 0.10420344769954681 0
1715019761375 0.10402005910873413 0
1715019761917 0.10383676737546921 0
1715019762402 0.10365492850542068 0
1715019762891 0.10347279161214828 0
1715019763384 0.103292316198349 0
1715019763881 0.10311135649681091 0
1715019764382 0.10293139517307281 0
1715019764878 0.10275226831436157 0
1715019765372 0.1025734394788742 0
1715019765863 0.10239488631486893 0
1715019766354 0.10221751779317856 0
1715019766899 0.10204096138477325 0
1715019767381 0.10186444222927094 0
1715019767867 0.10168854147195816 0
1715019768354 0.10151355713605881 0
1715019768830 0.10133951157331467 0
1715019769325 0.10116496682167053 0
1715019769824 0.10099204629659653 0
1715019770320 0.10081903636455536 0
1715019770819 0.10064765810966492 0
1715019771322 0.10047618299722672 0
1715019771862 0.10030504316091537 0
1715019772347 0.10013511031866074 0
1715019772837 0.09996574372053146 0
1715019773337 0.09979689866304398 0
1715019773833 0.09962841123342514 0
1715019774330 0.09946047514677048 0
1715019774822 0.09929335862398148 0
1715019775321 0.09912699460983276 0
1715019775811 0.0989609882235527 0
1715019776305 0.09879566729068756 0
1715019776845 0.09863098710775375 0
1715019777329 0.09846674650907516 0
1715019777821 0.09830304235219955 0
1715019778310 0.09814011305570602 0
1715019778796 0.09797796607017517 0
1715019779291 0.09781602025032043 0
1715019779784 0.0976545438170433 0
1715019780277 0.09749410301446915 0
1715019780768 0.0973338633775711 0
1715019781266 0.097174271941185 0
1715019781808 0.09701529145240784 0
1715019782285 0.09685631841421127 0
1715019782774 0.09669898450374603 0
1715019783262 0.09654098749160767 0
1715019783740 0.09638413786888123 0
1715019784241 0.09622791409492493 0
1715019784740 0.09607236832380295 0
1715019785238 0.0959172174334526 0
1715019785731 0.0957622081041336 0
1715019786224 0.09560813009738922 0
1715019786767 0.09545436501502991 0
1715019787251 0.09530098736286163 0
1715019787735 0.09514822065830231 0
1715019788230 0.0949961468577385 0
1715019788728 0.094844751060009 0
1715019789235 0.09469272196292877 0
1715019789737 0.09454263746738434 0
1715019790242 0.09439221769571304 0
1715019790747 0.09424281120300293 0
1715019791252 0.09409324824810028 0
1715019791807 0.09394451230764389 0
1715019792293 0.09379694610834122 0
1715019792789 0.0936487540602684 0
1715019793283 0.09350156784057617 0
1715019793776 0.09335528314113617 0
1715019794278 0.09320840984582901 0
1715019794775 0.09306225180625916 0
1715019795277 0.09291744232177734 0
1715019795769 0.09277207404375076 0
1715019796268 0.09262809157371521 0
1715019796818 0.09248471260070801 0
1715019797298 0.09234123677015305 0
1715019797783 0.09219811111688614 0
1715019798261 0.09205540269613266 0
1715019798745 0.09191370755434036 0
1715019799238 0.09177194535732269 0
1715019799738 0.09163106977939606 0
1715019800224 0.09149057418107986 0
1715019800721 0.09135017544031143 0
1715019801215 0.09121128916740417 0
1715019801762 0.09107143431901932 0
1715019802245 0.09093284606933594 0
1715019802734 0.09079459309577942 0
1715019803229 0.09065660834312439 0
1715019803718 0.09051994979381561 0
1715019804208 0.09038303792476654 0
1715019804706 0.09024671465158463 0
1715019805197 0.09011127799749374 0
1715019805690 0.08997558057308197 0
1715019806182 0.08984076231718063 0
1715019806720 0.08970652520656586 0
1715019807193 0.08957202732563019 0
1715019807678 0.0894390419125557 0
1715019808167 0.08930595219135284 0
1715019808657 0.08917354792356491 0
1715019809139 0.08904102444648743 0
1715019809624 0.08890965580940247 0
1715019810107 0.08877843618392944 0
1715019810592 0.0886477679014206 0
1715019811080 0.08851742744445801 0
1715019811613 0.0883878767490387 0
1715019812087 0.08825862407684326 0
1715019812572 0.08813022077083588 0
1715019813058 0.08800268173217773 0
1715019813543 0.08787645399570465 0
1715019814026 0.08775442093610764 0
1715019814521 0.08763571083545685 0
1715019815019 0.08755099028348923 0
1715019815516 0.08744879812002182 0
1715019816009 0.08765032142400742 0
1715019816551 0.08733782172203064 0
1715019817033 0.08743169158697128 0
1715019817528 0.08693843334913254 0
1715019818023 0.0875496044754982 0
1715019818518 0.1069684848189354 0
1715019819006 0.12436177581548691 0
1715019819502 0.19165191054344177 0
1715019819999 1.2689584493637085 0
1715019820492 2.6900129318237305 0
1715019820982 2.592963457107544 0
1715019821515 2.368913173675537 0
1715019821990 2.1190314292907715 0
1715019822466 2.075087308883667 0
1715019822947 2.0853054523468018 0
1715019823430 2.004241704940796 0
1715019823916 1.9911057949066162 0
1715019824406 1.9958194494247437 0
1715019824894 1.9625626802444458 0
1715019825378 1.8711005449295044 0
1715019825865 1.7891016006469727 0
1715019826404 1.7406765222549438 0
1715019826879 1.6979280710220337 0
1715019827357 1.6532714366912842 0
1715019827841 1.6033822298049927 0
1715019828314 1.5474659204483032 0
1715019828785 1.493389368057251 0
1715019829281 1.4436143636703491 0
1715019829777 1.371130347251892 0
1715019830274 1.3052747249603271 0
1715019830763 1.2616232633590698 0
1715019831302 1.216796636581421 0
1715019831780 1.1669232845306396 0
1715019832270 1.1224251985549927 0
1715019832759 1.066508412361145 0
1715019833254 1.026857852935791 0
1715019833740 0.9854788184165955 0
1715019834228 0.9409754276275635 0
1715019834719 0.9027917981147766 0
1715019835213 0.8668442964553833 0
1715019835702 0.8365648984909058 0
1715019836242 0.8098276257514954 0
1715019836717 0.7801232933998108 0
1715019837199 0.7537651658058167 0
1715019837685 0.7306730151176453 0
1715019838198 0.7076556086540222 0
1715019838692 0.6875365972518921 0
1715019839184 0.6662035584449768 0
1715019839682 0.6454142928123474 0
1715019840183 0.6227231025695801 0
1715019840679 0.6033549308776855 0
1715019841233 0.5852802991867065 0
1715019841720 0.5682711005210876 0
1715019842212 0.5506344437599182 0
1715019842708 0.535342812538147 0
1715019843208 0.5216829180717468 0
1715019843738 0.5059854984283447 0
1715019844232 0.49169132113456726 0
1715019844725 0.47855108976364136 0
1715019845211 0.46536603569984436 0
1715019845701 0.4531773328781128 0
1715019846245 0.44100260734558105 0
1715019846727 0.427606463432312 0
1715019847210 0.4157089591026306 0
1715019847696 0.4045621156692505 0
1715019848191 0.3929767310619354 0
1715019848672 0.38161763548851013 0
1715019849160 0.37111368775367737 0
1715019849658 0.3604651987552643 0
1715019850145 0.34984853863716125 0
1715019850642 0.3405475914478302 0
1715019851190 0.33148393034935 0
1715019851663 0.32189059257507324 0
1715019852140 0.31343409419059753 0
1715019852629 0.3056013584136963 0
1715019853115 0.29769521951675415 0
1715019853602 0.29042237997055054 0
1715019854095 0.2834402620792389 0
1715019854583 0.2767057418823242 0
1715019855068 0.27057355642318726 0
1715019855556 0.2645488381385803 0
1715019856096 0.2588299512863159 0
1715019856573 0.2534499168395996 0
1715019857051 0.24841369688510895 0
1715019857533 0.243672177195549 0
1715019858015 0.2392154484987259 0
1715019858494 0.2349432110786438 0
1715019858960 0.23095127940177917 0
1715019859447 0.2271573692560196 0
1715019859944 0.22356396913528442 0
1715019860433 0.2202049195766449 0
1715019860973 0.21694165468215942 0
1715019861458 0.2138446867465973 0
1715019861947 0.21097448468208313 0
1715019862438 0.2081775665283203 0
1715019862941 0.2055608034133911 0
1715019863430 0.2030346840620041 0
1715019863921 0.20063161849975586 0
1715019864410 0.19833557307720184 0
1715019864900 0.19612014293670654 0
1715019865386 0.19400472939014435 0
1715019865920 0.1919691264629364 0
1715019866393 0.19000479578971863 0
1715019866879 0.1881266087293625 0
1715019867365 0.1862901747226715 0
1715019867845 0.18454138934612274 0
1715019868332 0.18285921216011047 0
1715019868815 0.1812359243631363 0
1715019869298 0.17967845499515533 0
1715019869788 0.1781729757785797 0
1715019870270 0.17672444880008698 0
1715019870803 0.17532166838645935 0
1715019871268 0.17396754026412964 0
1715019871739 0.17266446352005005 0
1715019872224 0.17138837277889252 0
1715019872715 0.17015747725963593 0
1715019873206 0.1689600944519043 0
1715019873684 0.16779577732086182 0
1715019874177 0.1666630208492279 0
1715019874676 0.16555920243263245 0
1715019875178 0.16448763012886047 0
1715019875740 0.16344021260738373 0
1715019876231 0.16241827607154846 0
1715019876727 0.16142134368419647 0
1715019877219 0.1604456752538681 0
1715019877712 0.1594945192337036 0
1715019878210 0.15856218338012695 0
1715019878709 0.15765297412872314 0
1715019879204 0.15676069259643555 0
1715019879690 0.15588797628879547 0
1715019880178 0.15503308176994324 0
1715019880712 0.15419486165046692 0
1715019881187 0.15337330102920532 0
1715019881671 0.15256664156913757 0
1715019882155 0.15177643299102783 0
1715019882637 0.1509988158941269 0
1715019883176 0.15023760497570038 0
1715019883666 0.14948873221874237 0
1715019884178 0.14875377714633942 0
1715019884659 0.14803166687488556 0
1715019885148 0.1473221778869629 0
1715019885700 0.14662525057792664 0
1715019886184 0.1459410935640335 0
1715019886667 0.14526867866516113 0
1715019887179 0.14460816979408264 0
1715019887669 0.14395864307880402 0
1715019888167 0.14332030713558197 0
1715019888666 0.14269259572029114 0
1715019889155 0.14207623898983002 0
1715019889658 0.1414688527584076 0
1715019890160 0.1408717930316925 0
1715019890724 0.14028392732143402 0
1715019891229 0.1397055834531784 0
1715019891735 0.1391357183456421 0
1715019892231 0.13857507705688477 0
1715019892726 0.13802282512187958 0
1715019893226 0.13747912645339966 0
1715019893716 0.1369430124759674 0
1715019894208 0.13641484081745148 0
1715019894698 0.1358945220708847 0
1715019895188 0.13538189232349396 0
1715019895724 0.13487620651721954 0
1715019896201 0.13437870144844055 0
1715019896688 0.13388743996620178 0
1715019897172 0.13340307772159576 0
1715019897658 0.13292533159255981 0
1715019898145 0.1324543058872223 0
1715019898636 0.13199017941951752 0
1715019899115 0.13153156638145447 0
1715019899596 0.13107942044734955 0
1715019900084 0.13063324987888336 0
1715019900615 0.13019339740276337 0
1715019901085 0.12975867092609406 0
1715019901566 0.1293298304080963 0
1715019902053 0.1289074569940567 0
1715019902539 0.1284896433353424 0
1715019903024 0.12807825207710266 0
1715019903508 0.12767234444618225 0
1715019903978 0.12727203965187073 0
1715019904474 0.1268768608570099 0
1715019904971 0.12648598849773407 0
1715019905513 0.12610086798667908 0
1715019905992 0.12572088837623596 0
1715019906484 0.1253451108932495 0
1715019906984 0.12497442215681076 0
1715019907473 0.12460868805646896 0
1715019907967 0.12424742430448532 0
1715019908460 0.12389037013053894 0
1715019908963 0.12353817373514175 0
1715019909457 0.12318974733352661 0
1715019909948 0.12284516543149948 0
1715019910497 0.12250599265098572 0
1715019910977 0.12217020988464355 0
1715019911469 0.1218377947807312 0
1715019911956 0.12150999903678894 0
1715019912446 0.12118574976921082 0
1715019912933 0.12086518108844757 0
1715019913423 0.12054760009050369 0
1715019913912 0.12023409456014633 0
1715019914406 0.1199243888258934 0
1715019914899 0.11961779743432999 0
1715019915442 0.11931401491165161 0
1715019915922 0.11901400238275528 0
1715019916406 0.11871735006570816 0
1715019916890 0.11842386424541473 0
1715019917379 0.11813320964574814 0
1715019917867 0.11784575134515762 0
1715019918348 0.11756075918674469 0
1715019918821 0.11727869510650635 0
1715019919309 0.11700035631656647 0
1715019919798 0.11672399938106537 0
1715019920357 0.11645057052373886 0
1715019920841 0.11618011444807053 0
1715019921330 0.11591185629367828 0
1715019921829 0.11564598232507706 0
1715019922318 0.11538312584161758 0
1715019922815 0.11512230336666107 0
1715019923308 0.11486408114433289 0
1715019923802 0.11460918933153152 0
1715019924298 0.11435524374246597 0
1715019924791 0.11410367488861084 0
1715019925335 0.11385560780763626 0
1715019925817 0.11360853165388107 0
1715019926307 0.113364577293396 0
1715019926790 0.11312215775251389 0
1715019927276 0.11288221180438995 0
1715019927761 0.1126440018415451 0
1715019928246 0.11240792274475098 0
1715019928733 0.11217327415943146 0
1715019929217 0.11194204539060593 0
1715019929705 0.11171148717403412 0
1715019930242 0.11148322373628616 0
1715019930719 0.11125738173723221 0
1715019931206 0.11103275418281555 0
1715019931690 0.11080992966890335 0
1715019932175 0.11058883368968964 0
1715019932662 0.11037001758813858 0
1715019933152 0.11015255004167557 0
1715019933637 0.10993656516075134 0
1715019934118 0.10972285270690918 0
1715019934605 0.10951044410467148 0
1715019935158 0.10929913073778152 0
1715019935642 0.10909024626016617 0
1715019936140 0.10888279229402542 0
1715019936630 0.10867699235677719 0
1715019937145 0.10847213119268417 0
1715019937650 0.10826943069696426 0
1715019938155 0.10806742310523987 0
1715019938647 0.10786829888820648 0
1715019939141 0.10766923427581787 0
1715019939646 0.1074722409248352 0
1715019940195 0.10727615654468536 0
1715019940679 0.10708219558000565 0
1715019941174 0.1068887934088707 0
1715019941675 0.1066969707608223 0
1715019942168 0.10650704056024551 0
1715019942662 0.10631778836250305 0
1715019943155 0.10613004863262177 0
1715019943651 0.10594359785318375 0
1715019944138 0.1057584211230278 0
1715019944623 0.10557428002357483 0
1715019945166 0.10539169609546661 0
1715019945642 0.10520987957715988 0
1715019946126 0.10502939671278 0
1715019946607 0.1048504188656807 0
1715019947088 0.10467241704463959 0
1715019947575 0.10449492186307907 0
1715019948062 0.10431946814060211 0
1715019948547 0.10414451360702515 0
1715019949025 0.10397098958492279 0
1715019949517 0.10379857569932938 0
1715019950054 0.1036268025636673 0
1715019950535 0.10345582664012909 0
1715019951025 0.10328629612922668 0
1715019951521 0.10311847925186157 0
1715019952012 0.1029508113861084 0
1715019952509 0.10278433561325073 0
1715019953000 0.10261901468038559 0
1715019953496 0.10245482623577118 0
1715019953989 0.10229162126779556 0
1715019954475 0.10212940722703934 0
1715019955023 0.10196869820356369 0
1715019955499 0.1018100306391716 0
1715019955983 0.10165420919656754 0
1715019956469 0.10150366276502609 0
1715019956960 0.1013566106557846 0
1715019957451 0.10123278945684433 0
1715019957938 0.101106658577919 0
1715019958429 0.10108045488595963 0
1715019958913 0.1009879857301712 0
1715019959401 0.10144022852182388 0
1715019960158 0.10294421762228012 0
1715019960638 0.18197624385356903 0
1715019961120 0.31747207045555115 0
1715019961602 0.8532041907310486 0
1715019962080 0.7802219986915588 0
1715019962565 1.0943593978881836 0
1715019963048 0.8679768443107605 0
1715019963527 1.012742519378662 0
1715019963993 1.0261210203170776 0
1715019964493 1.004902720451355 0
1715019965052 0.8649130463600159 0
1715019965541 0.8318174481391907 0
1715019966037 0.8359736800193787 0
1715019966533 0.7314490079879761 0
1715019967029 0.6757338047027588 0
1715019967538 0.6404497027397156 0
1715019968040 0.5824289917945862 0
1715019968537 0.5684119462966919 0
1715019969028 0.5204882621765137 0
1715019969526 0.4828625023365021 0
1715019970075 0.4714275598526001 0
1715019970553 0.45008584856987 0
1715019971039 0.4228293001651764 0
1715019971525 0.40923023223876953 0
1715019972018 0.3884586989879608 0
1715019972510 0.37084275484085083 0
1715019973003 0.35804954171180725 0
1715019973493 0.35433363914489746 0
1715019973984 0.342916339635849 0
1715019974477 0.32530274987220764 0
1715019975019 0.32020053267478943 0
1715019975498 0.31187987327575684 0
1715019975979 0.3035389184951782 0
1715019976465 0.2973689138889313 0
1715019976953 0.28726375102996826 0
1715019977439 0.2807362973690033 0
1715019977929 0.27603256702423096 0
1715019978414 0.2683340013027191 0
1715019978887 0.26250216364860535 0
1715019979394 0.25622981786727905 0
1715019979941 0.2501351833343506 0
1715019980424 0.2465699315071106 0
1715019980913 0.24241340160369873 0
1715019981403 0.23762334883213043 0
1715019981913 0.23433151841163635 0
1715019982406 0.23069718480110168 0
1715019982905 0.2266479879617691 0
1715019983405 0.22348874807357788 0
1715019983897 0.22040674090385437 0
1715019984402 0.217356339097023 0
1715019984958 0.2145714908838272 0
1715019985438 0.21185751259326935 0
1715019985925 0.20921990275382996 0
1715019986422 0.207161083817482 0
1715019986931 0.20489336550235748 0
1715019987409 0.20248156785964966 0
1715019987907 0.20046450197696686 0
1715019988412 0.1984327882528305 0
1715019988920 0.1964278221130371 0
1715019989419 0.19474227726459503 0
1715019989976 0.1931215226650238 0
1715019990470 0.19134409725666046 0
1715019990970 0.18977360427379608 0
1715019991475 0.18827523291110992 0
1715019991979 0.1867867261171341 0
1715019992484 0.18540720641613007 0
1715019992968 0.18404673039913177 0
1715019993460 0.18268567323684692 0
1715019993939 0.1814289391040802 0
1715019994452 0.1802688091993332 0
1715019995007 0.17906570434570312 0
1715019995488 0.1779121458530426 0
1715019995978 0.1768178939819336 0
1715019996471 0.1757277101278305 0
1715019996969 0.17469321191310883 0
1715019997471 0.17370641231536865 0
1715019997983 0.1727313995361328 0
1715019998479 0.17177429795265198 0
1715019998969 0.17084963619709015 0
1715019999465 0.1699324995279312 0
1715020000005 0.1690356582403183 0
1715020000484 0.1681865006685257 0
1715020000967 0.16734579205513 0
1715020001452 0.1665094494819641 0
1715020001939 0.1657002568244934 0
1715020002426 0.1649070680141449 0
1715020002918 0.16412580013275146 0
1715020003407 0.16336724162101746 0
1715020003903 0.16262394189834595 0
1715020004385 0.1618870049715042 0
1715020004921 0.16116684675216675 0
1715020005395 0.16046829521656036 0
1715020005878 0.15977740287780762 0
1715020006362 0.15909497439861298 0
1715020006852 0.15842488408088684 0
1715020007345 0.15776172280311584 0
1715020007834 0.1571100503206253 0
1715020008317 0.15647387504577637 0
1715020008789 0.1558467149734497 0
1715020009284 0.1552262008190155 0
1715020009836 0.15461371839046478 0
1715020010318 0.15401121973991394 0
1715020010808 0.15341536700725555 0
1715020011304 0.15282762050628662 0
1715020011798 0.15224997699260712 0
1715020012294 0.15167851746082306 0
1715020012787 0.15111307799816132 0
1715020013291 0.15055622160434723 0
1715020013792 0.15000484883785248 0
1715020014292 0.1494596153497696 0
1715020014852 0.1489216685295105 0
1715020015339 0.14838892221450806 0
1715020015820 0.1478610783815384 0
1715020016307 0.14734011888504028 0
1715020016804 0.14682525396347046 0
1715020017300 0.1463150978088379 0
1715020017795 0.1458090990781784 0
1715020018293 0.14530915021896362 0
1715020018781 0.1448143571615219 0
1715020019274 0.14432378113269806 0
1715020019832 0.14383819699287415 0
1715020020331 0.14335712790489197 0
1715020020832 0.14288000762462616 0
1715020021337 0.14240753650665283 0
1715020021832 0.14193934202194214 0
1715020022334 0.141475111246109 0
1715020022842 0.1410149484872818 0
1715020023348 0.14055918157100677 0
1715020023840 0.14010655879974365 0
1715020024349 0.13965772092342377 0
1715020024914 0.13921339809894562 0
1715020025428 0.13877202570438385 0
1715020025940 0.13833515346050262 0
1715020026441 0.1379009634256363 0
1715020026941 0.1374705731868744 0
1715020027438 0.13704343140125275 0
1715020027944 0.13661988079547882 0
1715020028444 0.13619931042194366 0
1715020028944 0.13578221201896667 0
1715020029444 0.1353677213191986 0
1715020029991 0.1349574625492096 0
1715020030485 0.13454969227313995 0
1715020030990 0.13414514064788818 0
1715020031486 0.1337434947490692 0
1715020031982 0.13334496319293976 0
1715020032488 0.13294929265975952 0
1715020032984 0.13255621492862701 0
1715020033482 0.1321668028831482 0
1715020033980 0.13177958130836487 0
1715020034476 0.13139554858207703 0
1715020035022 0.13101409375667572 0
1715020035509 0.13063500821590424 0
1715020036001 0.13025903701782227 0
1715020036501 0.12988612055778503 0
1715020037004 0.12951542437076569 0
1715020037528 0.1291474848985672 0
1715020038027 0.12878187000751495 0
1715020038527 0.12841880321502686 0
1715020039022 0.12805859744548798 0
1715020039531 0.12770076096057892 0
1715020040115 0.12734487652778625 0
1715020040622 0.12699183821678162 0
1715020041132 0.12664112448692322 0
1715020041649 0.1262933313846588 0
1715020042159 0.1259470283985138 0
1715020042678 0.12560345232486725 0
1715020043188 0.12526167929172516 0
1715020043700 0.12492255866527557 0
1715020044208 0.12458536773920059 0
1715020044714 0.12425076216459274 0
1715020045278 0.12391756474971771 0
1715020045779 0.12358667701482773 0
1715020046286 0.1232583299279213 0
1715020046786 0.12293154746294022 0
1715020047284 0.12260699272155762 0
1715020047786 0.12228422611951828 0
1715020048286 0.12196356058120728 0
1715020048783 0.12164481729269028 0
1715020049279 0.12132830917835236 0
1715020049784 0.1210133507847786 0
1715020050345 0.12070047855377197 0
1715020050843 0.12038908898830414 0
1715020051343 0.12007999420166016 0
1715020051850 0.11977235972881317 0
1715020052346 0.11946671456098557 0
1715020052847 0.11916277557611465 0
1715020053343 0.11886013299226761 0
1715020053831 0.11855966597795486 0
1715020054339 0.11826139688491821 0
1715020054848 0.1179642379283905 0
1715020055414 0.11766902357339859 0
1715020055921 0.11737535893917084 0
1715020056420 0.11708333343267441 0
1715020056918 0.11679273843765259 0
1715020057423 0.11650438606739044 0
1715020057928 0.11621703952550888 0
1715020058435 0.11593180149793625 0
1715020058939 0.11564736068248749 0
1715020059441 0.11536575853824615 0
1715020059943 0.1150849312543869 0
1715020060512 0.11480548977851868 0
1715020061007 0.11452803015708923 0
1715020061507 0.11425182223320007 0
1715020062006 0.11397711932659149 0
1715020062505 0.11370396614074707 0
1715020063013 0.11343252658843994 0
1715020063517 0.11316242069005966 0
1715020064018 0.11289408057928085 0
1715020064527 0.1126260980963707 0
1715020065025 0.11236053705215454 0
1715020065580 0.11209584772586823 0
1715020066076 0.1118328869342804 0
1715020066577 0.11157102882862091 0
1715020067075 0.11131057888269424 0
1715020067573 0.11105185002088547 0
1715020068078 0.11079444736242294 0
1715020068572 0.1105380654335022 0
1715020069056 0.11028298735618591 0
1715020069570 0.11002975702285767 0
1715020070076 0.10977727174758911 0
1715020070632 0.1095263734459877 0
1715020071138 0.10927639156579971 0
1715020071635 0.10902804136276245 0
1715020072146 0.10878060013055801 0
1715020072649 0.10853466391563416 0
1715020073171 0.1082899197936058 0
1715020073687 0.10804646462202072 0
1715020074203 0.10780417174100876 0
1715020074710 0.10756324231624603 0
1715020075219 0.10732347518205643 0
1715020075783 0.10708452016115189 0
1715020076274 0.10684729367494583 0
1715020076783 0.10661140829324722 0
1715020077281 0.10637622326612473 0
1715020077777 0.1061420813202858 0
1715020078282 0.1059093251824379 0
1715020078787 0.1056775227189064 0
1715020079291 0.10544725507497787 0
1715020079786 0.10521817207336426 0
1715020080292 0.10499024391174316 0
1715020080840 0.10476314276456833 0
1715020081333 0.10453713685274124 0
1715020081839 0.10431218147277832 0
1715020082331 0.10408864915370941 0
1715020082825 0.10386635363101959 0
1715020083321 0.10364476591348648 0
1715020083809 0.10342433303594589 0
1715020084312 0.10320534557104111 0
1715020084821 0.10298708826303482 0
1715020085330 0.10276994109153748 0
1715020085884 0.10255390405654907 0
1715020086386 0.10233912616968155 0
1715020086887 0.10212531685829163 0
1715020087371 0.10191196203231812 0
1715020087918 0.101700559258461 0
1715020088431 0.10148939490318298 0
1715020088941 0.10128001123666763 0
1715020089452 0.10107161849737167 0
1715020089962 0.10086380690336227 0
1715020090471 0.10065731406211853 0
1715020091034 0.10045236349105835 0
1715020091533 0.10024795681238174 0
1715020092038 0.10004446655511856 0
1715020092539 0.09984207153320312 0
1715020093037 0.09964046627283096 0
1715020093540 0.09944039583206177 0
1715020094045 0.09924107789993286 0
1715020094545 0.09904300421476364 0
1715020095050 0.09884560853242874 0
1715020095551 0.09864921867847443 0
1715020096103 0.09845418483018875 0
1715020096594 0.09825937449932098 0
1715020097093 0.09806644171476364 0
1715020097583 0.09787415713071823 0
1715020098086 0.09768262505531311 0
1715020098573 0.09749235212802887 0
1715020099050 0.09730281680822372 0
1715020099556 0.09711449593305588 0
1715020100060 0.09692681580781937 0
1715020100563 0.09674037247896194 0
1715020101123 0.09655475616455078 0
1715020101616 0.09637002646923065 0
1715020102116 0.0961863100528717 0
1715020102614 0.09600336104631424 0
1715020103106 0.09582147002220154 0
1715020103617 0.09564022719860077 0
1715020104122 0.09546013921499252 0
1715020104624 0.09528106451034546 0
1715020105127 0.09510291367769241 0
1715020105631 0.09492519497871399 0
1715020106172 0.09474880248308182 0
1715020106659 0.0945730209350586 0
1715020107145 0.0943983718752861 0
1715020107639 0.09422430396080017 0
1715020108131 0.09405113756656647 0
1715020108624 0.09387904405593872 0
1715020109115 0.09370765835046768 0
1715020109610 0.0935370922088623 0
1715020110100 0.09336743503808975 0
1715020110598 0.09319888800382614 0
1715020111141 0.09303070604801178 0
1715020111623 0.09286335110664368 0
1715020112112 0.09269692748785019 0
1715020112603 0.0925314873456955 0
1715020113091 0.09236699342727661 0
1715020113575 0.09220282733440399 0
1715020114054 0.09203974902629852 0
1715020114551 0.0918775349855423 0
1715020115048 0.09171581268310547 0
1715020115543 0.09155504405498505 0
1715020116090 0.09139460325241089 0
1715020116579 0.09123535454273224 0
1715020117075 0.09107720851898193 0
1715020117568 0.0909196138381958 0
1715020118064 0.09076236933469772 0
1715020118562 0.09060615301132202 0
1715020119061 0.09045061469078064 0
1715020119562 0.09029573947191238 0
1715020120056 0.09014155715703964 0
1715020120556 0.08998808264732361 0
1715020121107 0.0898355022072792 0
1715020121584 0.08968347311019897 0
1715020122065 0.08953230082988739 0
1715020122550 0.0893816202878952 0
1715020123042 0.08923158794641495 0
1715020123535 0.08908230066299438 0
1715020124027 0.0889337956905365 0
1715020124514 0.08878570795059204 0
1715020125000 0.08863856643438339 0
1715020125500 0.08849237859249115 0
1715020126042 0.0883464440703392 0
1715020126521 0.08820061385631561 0
1715020127009 0.08805631101131439 0
1715020127496 0.08791196346282959 0
1715020127982 0.08776848018169403 0
1715020128470 0.08762559294700623 0
1715020128939 0.08748337626457214 0
1715020129441 0.08734180778265 0
1715020129935 0.08720097690820694 0
1715020130439 0.08706019073724747 0
1715020130979 0.08692031353712082 0
1715020131465 0.0867813304066658 0
1715020131959 0.08664248138666153 0
1715020132457 0.08650428801774979 0
1715020132947 0.08636659383773804 0
1715020133445 0.08622952550649643 0
1715020133936 0.08609278500080109 0
1715020134435 0.08595696836709976 0
1715020134939 0.0858214944601059 0
1715020135435 0.08568672090768814 0
1715020135982 0.08555230498313904 0
1715020136466 0.08541856706142426 0
1715020136960 0.08528533577919006 0
1715020137453 0.08515246212482452 0
1715020137962 0.08502015471458435 0
1715020138436 0.08488781750202179 0
1715020138935 0.0847567468881607 0
1715020139442 0.08462604135274887 0
1715020139943 0.08449539542198181 0
1715020140450 0.08436538279056549 0
1715020141009 0.08423642814159393 0
1715020141511 0.08410743623971939 0
1715020142013 0.08397865295410156 0
1715020142516 0.08385058492422104 0
1715020143017 0.0837230309844017 0
1715020143507 0.08359618484973907 0
1715020143984 0.08346883952617645 0
1715020144485 0.08334293961524963 0
1715020144979 0.08321693539619446 0
1715020145476 0.08309175074100494 0
1715020146021 0.08296676725149155 0
1715020146503 0.08284187316894531 0
1715020147001 0.08271753042936325 0
1715020147499 0.08259420841932297 0
1715020147989 0.08247106522321701 0
1715020148484 0.08234783262014389 0
1715020148980 0.08222513645887375 0
1715020149469 0.0821029394865036 0
1715020149968 0.08198137581348419 0
1715020150462 0.08185997605323792 0
1715020151022 0.08173906058073044 0
1715020151499 0.08161837607622147 0
1715020151986 0.08149799704551697 0
1715020152469 0.08137842267751694 0
1715020152955 0.08125881850719452 0
1715020153438 0.08113987743854523 0
1715020153923 0.08102124184370041 0
1715020154412 0.0809025689959526 0
1715020154900 0.08078502118587494 0
1715020155388 0.08066702634096146 0
1715020155933 0.08055011928081512 0
1715020156409 0.0804331824183464 0
1715020156899 0.08031628280878067 0
1715020157388 0.08020032197237015 0
1715020157872 0.08008436113595963 0
1715020158354 0.07996872812509537 0
1715020158825 0.07985345274209976 0
1715020159320 0.07973861694335938 0
1715020159813 0.07962407171726227 0
1715020160308 0.07950989902019501 0
1715020160857 0.07939618825912476 0
1715020161335 0.07928292453289032 0
1715020161825 0.07916885614395142 0
1715020162313 0.07905648648738861 0
1715020162814 0.07894410192966461 0
1715020163310 0.0788317546248436 0
1715020163806 0.0787196233868599 0
1715020164304 0.07860810309648514 0
1715020164794 0.07849683612585068 0
1715020165284 0.07838592678308487 0
1715020165821 0.07827536016702652 0
1715020166297 0.07816501706838608 0
1715020166781 0.07805503159761429 0
1715020167269 0.07794514298439026 0
1715020167754 0.07783570885658264 0
1715020168242 0.07772691547870636 0
1715020168729 0.07761801779270172 0
1715020169209 0.07750947773456573 0
1715020169695 0.07740136235952377 0
1715020170188 0.07729361206293106 0
1715020170726 0.07718583941459656 0
1715020171203 0.07707828283309937 0
1715020171680 0.07697129249572754 0
1715020172146 0.07686468213796616 0
1715020172640 0.07675853371620178 0
1715020173134 0.07665231823921204 0
1715020173627 0.07654665410518646 0
1715020174114 0.07644113898277283 0
1715020174634 0.07633566856384277 0
1715020175139 0.076230987906456 0
1715020175701 0.07612616568803787 0
1715020176196 0.07602152228355408 0
1715020176697 0.07591740041971207 0
1715020177193 0.07581384479999542 0
1715020177695 0.07571014016866684 0
1715020178194 0.07560676336288452 0
1715020178701 0.07550432533025742 0
1715020179203 0.07540130615234375 0
1715020179703 0.07529877871274948 0
1715020180197 0.07519695162773132 0
1715020180738 0.07509488612413406 0
1715020181219 0.07499323785305023 0
1715020181708 0.07489165663719177 0
1715020182193 0.07479073107242584 0
1715020182678 0.07468990236520767 0
1715020183164 0.07458951324224472 0
1715020183648 0.07448916882276535 0
1715020184130 0.07438907772302628 0
1715020184612 0.07428938895463943 0
1715020185098 0.07418976724147797 0
1715020185667 0.07409056276082993 0
1715020186140 0.07399169355630875 0
1715020186624 0.07389306277036667 0
1715020187126 0.07379449158906937 0
1715020187626 0.07369644939899445 0
1715020188112 0.07359831035137177 0
1715020188598 0.07350080460309982 0
1715020189079 0.07340298593044281 0
1715020189609 0.07330606877803802 0
1715020190106 0.07320884615182877 0
1715020190671 0.07311224192380905 0
1715020191154 0.07301581650972366 0
1715020191654 0.07291988283395767 0
1715020192151 0.07282372564077377 0
1715020192647 0.0727282240986824 0
1715020193145 0.07263266295194626 0
1715020193650 0.07253696024417877 0
1715020194141 0.07244232296943665 0
1715020194638 0.07234746962785721 0
1715020195130 0.0722527876496315 0
1715020195671 0.07215888053178787 0
1715020196149 0.07206454873085022 0
1715020196634 0.07197081297636032 0
1715020197120 0.07187719643115997 0
1715020197607 0.07178395241498947 0
1715020198094 0.07169055938720703 0
1715020198586 0.07159780710935593 0
1715020199076 0.07150507718324661 0
1715020199564 0.07141262292861938 0
1715020200054 0.07132051140069962 0
1715020200597 0.07122858613729477 0
1715020201073 0.07113662362098694 0
1715020201561 0.07104510068893433 0
1715020202050 0.07095352560281754 0
1715020202529 0.07086239755153656 0
1715020203012 0.0707717090845108 0
1715020203492 0.07068048417568207 0
1715020203972 0.07059023529291153 0
1715020204480 0.07049982249736786 0
1715020204982 0.07040955126285553 0
1715020205558 0.0703197494149208 0
1715020206077 0.07023000717163086 0
1715020206588 0.07014085352420807 0
1715020207097 0.07005119323730469 0
1715020207615 0.06996243447065353 0
1715020208124 0.06987352669239044 0
1715020208640 0.06978487223386765 0
1715020209143 0.06969641149044037 0
1715020209639 0.06960797309875488 0
1715020210149 0.06951995939016342 0
1715020210708 0.06943222135305405 0
1715020211208 0.0693441852927208 0
1715020211708 0.06925670057535172 0
1715020212210 0.06916958093643188 0
1715020212719 0.06908257305622101 0
1715020213224 0.06899571418762207 0
1715020213727 0.06890872865915298 0
1715020214226 0.06882220506668091 0
1715020214729 0.06873579323291779 0
1715020215231 0.06864998489618301 0
1715020215774 0.06856349110603333 0
1715020216259 0.06847797334194183 0
1715020216740 0.0683920830488205 0
1715020217215 0.06830669939517975 0
1715020217702 0.06822139769792557 0
1715020218193 0.0681365430355072 0
1715020218684 0.06805143505334854 0
1715020219174 0.06796684116125107 0
1715020219667 0.06788209825754166 0
1715020220164 0.06779760867357254 0
1715020220724 0.06771353632211685 0
1715020221209 0.06762921065092087 0
1715020221693 0.06754571199417114 0
1715020222194 0.06746143847703934 0
1715020222683 0.06737832725048065 0
1715020223176 0.06729477643966675 0
1715020223672 0.0672115609049797 0
1715020224165 0.06712867319583893 0
1715020224661 0.0670454278588295 0
1715020225167 0.06696268916130066 0
1715020225712 0.06688013672828674 0
1715020226198 0.06679771840572357 0
1715020226690 0.0667152851819992 0
1715020227183 0.06663326919078827 0
1715020227680 0.06655129790306091 0
1715020228177 0.06646934151649475 0
1715020228671 0.06638778001070023 0
1715020229160 0.06630618870258331 0
1715020229657 0.06622470170259476 0
1715020230156 0.06614354252815247 0
1715020230966 0.06606243550777435 0
1715020231452 0.06598147749900818 0
1715020231927 0.06590081751346588 0
1715020232416 0.06581973284482956 0
1715020232895 0.06573916971683502 0
1715020233368 0.06565883755683899 0
1715020233833 0.06557859480381012 0
1715020234337 0.06549826264381409 0
1715020234820 0.06541813910007477 0
1715020235312 0.06533823907375336 0
1715020235860 0.06525871157646179 0
1715020236343 0.0651790052652359 0
1715020236851 0.06509943306446075 0
1715020237350 0.06502000242471695 0
1715020237887 0.06494077295064926 0
1715020238403 0.06486159563064575 0
1715020238907 0.06478238850831985 0
1715020239416 0.06470340490341187 0
1715020239922 0.06462454050779343 0
1715020240442 0.06454604864120483 0
1715020240997 0.06446744501590729 0
1715020241494 0.06438880413770676 0
1715020241992 0.0643104761838913 0
1715020242485 0.06423230469226837 0
1715020242985 0.06415403634309769 0
1715020243480 0.06407596915960312 0
1715020243975 0.06399811059236526 0
1715020244468 0.0639200359582901 0
1715020244963 0.06384241580963135 0
1715020245448 0.06376476585865021 0
1715020245989 0.06368708610534668 0
1715020246471 0.06360990554094315 0
1715020246960 0.06353249400854111 0
1715020247449 0.06345536559820175 0
1715020247941 0.06337840855121613 0
1715020248425 0.06330107897520065 0
1715020248897 0.06322409957647324 0
1715020249391 0.06314737349748611 0
1715020249891 0.06307058036327362 0
1715020250387 0.06299387663602829 0
1715020250939 0.06291709095239639 0
1715020251429 0.06284110993146896 0
1715020251929 0.06276413053274155 0
1715020252427 0.06268814206123352 0
1715020252921 0.0626116693019867 0
1715020253417 0.06253558397293091 0
1715020253914 0.062459547072649 0
1715020254412 0.062383707612752914 0
1715020254910 0.062307678163051605 0
1715020255408 0.06223215162754059 0
1715020255951 0.062156230211257935 0
1715020256432 0.06208052858710289 0
1715020256919 0.0620051734149456 0
1715020257414 0.061929915100336075 0
1715020257904 0.06185455247759819 0
1715020258395 0.06177927926182747 0
1715020258887 0.06170405074954033 0
1715020259382 0.06162891909480095 0
1715020259873 0.06155391037464142 0
1715020260364 0.06147901341319084 0
1715020260915 0.061404019594192505 0
1715020261402 0.06132938340306282 0
1715020261891 0.0612545907497406 0
1715020262375 0.061180248856544495 0
1715020262869 0.061105795204639435 0
1715020263357 0.06103139370679855 0
1715020263836 0.06095706298947334 0
1715020264329 0.06088291481137276 0
1715020264829 0.06080884486436844 0
1715020265325 0.06073470413684845 0
1715020265876 0.06066074222326279 0
1715020266364 0.06058702990412712 0
1715020266850 0.0605132170021534 0
1715020267345 0.06043943390250206 0
1715020267847 0.060365866869688034 0
1715020268344 0.0602923221886158 0
1715020268844 0.06021909788250923 0
1715020269338 0.06014581397175789 0
1715020269833 0.060072507709264755 0
1715020270330 0.0599994882941246 0
1715020270885 0.05992664024233818 0
1715020271370 0.05985358729958534 0
1715020271861 0.05978048965334892 0
1715020272351 0.05970793962478638 0
1715020272844 0.05963544920086861 0
1715020273342 0.05956306308507919 0
1715020273838 0.05949046090245247 0
1715020274336 0.05941808223724365 0
1715020274828 0.05934606492519379 0
1715020275325 0.05927411839365959 0
1715020275871 0.05920203775167465 0
1715020276354 0.0591299943625927 0
1715020276840 0.05905844643712044 0
1715020277332 0.058986686170101166 0
1715020277814 0.058914925903081894 0
1715020278300 0.05884344503283501 0
1715020278784 0.0587724968791008 0
1715020279293 0.05870094895362854 0
1715020279789 0.058630235493183136 0
1715020280286 0.058558929711580276 0
1715020280855 0.058487847447395325 0
1715020281354 0.05841704457998276 0
1715020281853 0.058346230536699295 0
1715020282349 0.058275796473026276 0
1715020282845 0.05820544809103012 0
1715020283352 0.058135051280260086 0
1715020283852 0.0580650232732296 0
1715020284364 0.05799473077058792 0
1715020284866 0.057924892753362656 0
1715020285366 0.05785459652543068 0
1715020285914 0.057785067707300186 0
1715020286395 0.057715293020009995 0
1715020286909 0.05764578655362129 0
1715020287387 0.057576488703489304 0
1715020287901 0.057507213205099106 0
1715020288404 0.05743823200464249 0
1715020288905 0.057368963956832886 0
1715020289413 0.05730001628398895 0
1715020289922 0.057231415063142776 0
1715020290435 0.05716278403997421 0
1715020291041 0.05709455534815788 0
1715020291545 0.05702586844563484 0
1715020292040 0.05695780739188194 0
1715020292539 0.05688954517245293 0
1715020293024 0.0568215437233448 0
1715020293516 0.05675375461578369 0
1715020294004 0.0566861666738987 0
1715020294514 0.056618399918079376 0
1715020295024 0.056551042944192886 0
1715020295530 0.05648396909236908 0
1715020296090 0.05641685798764229 0
1715020296579 0.05634966865181923 0
1715020297076 0.056282710283994675 0
1715020297580 0.056216221302747726 0
1715020298081 0.05614935979247093 0
1715020298579 0.05608302727341652 0
1715020299076 0.05601663142442703 0
1715020299575 0.055950455367565155 0
1715020300070 0.05588396266102791 0
1715020300569 0.05581815540790558 0
1715020301127 0.05575226992368698 0
1715020301609 0.055686816573143005 0
1715020302100 0.05562124401330948 0
1715020302589 0.05555588752031326 0
1715020303082 0.055490560829639435 0
1715020303580 0.05542537569999695 0
1715020304076 0.055360276252031326 0
1715020304568 0.055295635014772415 0
1715020305065 0.05523093789815903 0
1715020305562 0.055166132748126984 0
1715020306112 0.05510157346725464 0
1715020306600 0.05503735691308975 0
1715020307086 0.05497292801737785 0
1715020307577 0.054909106343984604 0
1715020308070 0.054844990372657776 0
1715020308554 0.054781224578619 0
1715020309039 0.05471747741103172 0
1715020309544 0.05465386435389519 0
1715020310043 0.05459025874733925 0
1715020310547 0.05452699586749077 0
1715020311097 0.05446375533938408 0
1715020311593 0.054400477558374405 0
1715020312090 0.05433766916394234 0
1715020312591 0.0542745403945446 0
1715020313091 0.05421194061636925 0
1715020313590 0.05414922907948494 0
1715020314093 0.0540865957736969 0
1715020314591 0.054024286568164825 0
1715020315084 0.05396202206611633 0
1715020315579 0.053899697959423065 0
1715020316131 0.05383756384253502 0
1715020316618 0.05377569794654846 0
1715020317106 0.05371392145752907 0
1715020317599 0.05365220084786415 0
1715020318093 0.05359042063355446 0
1715020318591 0.053528785705566406 0
1715020319086 0.05346747115254402 0
1715020319579 0.05340621620416641 0
1715020320076 0.05334537848830223 0
1715020320571 0.053284723311662674 0
1715020321120 0.05322427302598953 0
1715020321611 0.05316438153386116 0
1715020322128 0.05310612916946411 0
1715020322639 0.053049422800540924 0
1715020323147 0.052998851984739304 0
1715020323654 0.05295727774500847 0
1715020324167 0.05296105891466141 0
1715020324690 0.05312011390924454 0
1715020325225 0.06066073104739189 0
1715020325742 0.788537859916687 0
1715020326332 2.049389362335205 0
1715020326857 1.8885849714279175 0
1715020327385 1.841949224472046 0
1715020327892 1.8086763620376587 0
1715020328427 1.6991153955459595 0
1715020328972 1.5560351610183716 0
1715020329471 1.441327452659607 0
1715020329986 1.36440908908844 0
1715020330496 1.3417209386825562 0
1715020331011 1.2711000442504883 0
1715020331579 1.2663397789001465 0
1715020332090 1.353279948234558 0
1715020332592 1.2916702032089233 0
1715020333103 1.2359257936477661 0
1715020333617 1.2105227708816528 0
1715020334126 1.17128586769104 0
1715020334639 1.109566330909729 0
1715020335157 1.0772899389266968 0
1715020335667 1.0451629161834717 0
1715020336176 1.0158816576004028 0
1715020336735 0.9854652881622314 0
1715020337213 0.9588903188705444 0
1715020337711 0.9394673705101013 0
1715020338224 0.9122704267501831 0
1715020338742 0.8950145244598389 0
1715020339255 0.8737347722053528 0
1715020339774 0.8490114808082581 0
1715020340313 0.8334060907363892 0
1715020340845 0.8206648230552673 0
1715020341365 0.8063104152679443 0
1715020341970 0.7937737107276917 0
1715020342505 0.7820613384246826 0
1715020343024 0.7695276737213135 0
1715020343564 0.7572702765464783 0
1715020344101 0.7473790049552917 0
1715020344637 0.7402467727661133 0
1715020345179 0.7332595586776733 0
1715020345722 0.7251789569854736 0
1715020346249 0.7159819602966309 0
1715020346771 0.7087131142616272 0
1715020347346 0.7015697956085205 0
1715020347852 0.6944044232368469 0
1715020348353 0.6875283718109131 0
1715020348841 0.6821940541267395 0
1715020349332 0.6773005723953247 0
1715020349831 0.6723851561546326 0
1715020350322 0.6673150658607483 0
1715020350814 0.6630933880805969 0
1715020351302 0.6591151356697083 0
1715020351788 0.6547743082046509 0
1715020352330 0.6509903073310852 0
1715020352810 0.647586464881897 0
1715020353301 0.6443790197372437 0
1715020353791 0.6411572098731995 0
1715020354282 0.6380469799041748 0
1715020354773 0.6349515318870544 0
1715020355273 0.6321409940719604 0
1715020355768 0.6294878125190735 0
1715020356261 0.627031147480011 0
1715020356757 0.6247390508651733 0
1715020357304 0.6223910450935364 0
1715020357791 0.6199920773506165 0
1715020358284 0.6176847815513611 0
1715020358776 0.6155425310134888 0
1715020359269 0.613450825214386 0
1715020359763 0.611423909664154 0
1715020360254 0.609459638595581 0
1715020360749 0.6075395345687866 0
1715020361241 0.6056328415870667 0
1715020361738 0.6038230657577515 0
1715020362280 0.6021358966827393 0
1715020362760 0.6004524827003479 0
1715020363259 0.5988003015518188 0
1715020363762 0.5971811413764954 0
1715020364275 0.5956050157546997 0
1715020364775 0.5940752625465393 0
1715020365284 0.5925601720809937 0
1715020365796 0.5910810828208923 0
1715020366312 0.5896415114402771 0
1715020366824 0.5882363319396973 0
1715020367433 0.5868507623672485 0
1715020367939 0.5854913592338562 0
1715020368465 0.584162175655365 0
1715020368997 0.5828573107719421 0
1715020369523 0.581567645072937 0
1715020370054 0.5802944302558899 0
1715020370580 0.5790469646453857 0
1715020371102 0.5778173208236694 0
1715020371620 0.5766016244888306 0
1715020372146 0.5754051804542542 0
1715020372697 0.5742270350456238 0
1715020373200 0.5730623006820679 0
1715020373728 0.5719111561775208 0
1715020374247 0.5707723498344421 0
1715020374749 0.5696482062339783 0
1715020375256 0.5685359239578247 0
1715020375754 0.5674350261688232 0
1715020376270 0.5663467049598694 0
1715020376771 0.5652693510055542 0
1715020377282 0.5642001628875732 0
1715020377833 0.563137412071228 0
1715020378327 0.5620855689048767 0
1715020378822 0.5610436797142029 0
1715020379332 0.5600106716156006 0
1715020379833 0.5589852929115295 0
1715020380334 0.5579673647880554 0
1715020380844 0.5569577217102051 0
1715020381342 0.555957019329071 0
1715020381839 0.5549634695053101 0
1715020382344 0.5539774894714355 0
1715020382887 0.5529993176460266 0
1715020383370 0.5520283579826355 0
1715020383864 0.5510649681091309 0
1715020384358 0.5501089692115784 0
1715020384848 0.549160361289978 0
1715020385345 0.5482191443443298 0
1715020385838 0.5472849011421204 0
1715020386331 0.5463578701019287 0
1715020386826 0.5454373359680176 0
1715020387319 0.5445230603218079 0
1715020387860 0.5436168313026428 0
1715020388345 0.5427166819572449 0
1715020388832 0.5418233275413513 0
1715020389311 0.5409367084503174 0
1715020389808 0.5400567650794983 0
1715020390312 0.5391836166381836 0
1715020390812 0.5383172631263733 0
1715020391315 0.5374577045440674 0
1715020391813 0.5366053581237793 0
1715020392315 0.5357598066329956 0
1715020392872 0.5349220037460327 0
1715020393359 0.5340911149978638 0
1715020393851 0.5332678556442261 0
1715020394342 0.5324524641036987 0
1715020394838 0.5316442847251892 0
1715020395336 0.5308444499969482 0
1715020395840 0.5300524830818176 0
1715020396345 0.5292685031890869 0
1715020396837 0.5284925103187561 0
1715020397333 0.5277248620986938 0
1715020397878 0.5269643664360046 0
1715020398368 0.5262117385864258 0
1715020398858 0.525466799736023 0
1715020399346 0.5247289538383484 0
1715020399842 0.5239981412887573 0
1715020400342 0.5232744812965393 0
1715020400836 0.522557258605957 0
1715020401338 0.5218470096588135 0
1715020401829 0.5211431980133057 0
1715020402324 0.5204455256462097 0
1715020402879 0.5197545886039734 0
1715020403374 0.5190696120262146 0
1715020403868 0.5183906555175781 0
1715020404393 0.5177174806594849 0
1715020404932 0.5170499682426453 0
1715020405437 0.5163887739181519 0
1715020405955 0.5157328844070435 0
1715020406450 0.5150827765464783 0
1715020406992 0.5144382119178772 0
1715020407534 0.5137987732887268 0
1715020408120 0.5131651759147644 0
1715020408649 0.5125367045402527 0
1715020409179 0.5119137763977051 0
1715020409708 0.5112959742546082 0
1715020410250 0.5106828808784485 0
1715020410797 0.5100750923156738 0
1715020411331 0.5094727277755737 0
1715020411862 0.5088748931884766 0
1715020412390 0.5082816481590271 0
1715020412910 0.5076937675476074 0
1715020413485 0.5071101784706116 0
1715020413987 0.5065318942070007 0
1715020414488 0.505958080291748 0
1715020414985 0.5053887963294983 0
1715020415476 0.5048242211341858 0
1715020415967 0.5042643547058105 0
1715020416459 0.5037089586257935 0
1715020416947 0.5031577348709106 0
1715020417434 0.502611517906189 0
1715020417927 0.5020691752433777 0
1715020418460 0.5015315413475037 0
1715020418939 0.5009981393814087 0
1715020419431 0.5004690885543823 0
1715020419925 0.49994364380836487 0
1715020420427 0.49942338466644287 0
1715020420926 0.4989069402217865 0
1715020421436 0.4983943700790405 0
1715020421951 0.49788594245910645 0
1715020422457 0.49738186597824097 0
1715020422957 0.4968814253807068 0
1715020423511 0.49638479948043823 0
1715020423993 0.4958924353122711 0
1715020424477 0.495403528213501 0
1715020424970 0.4949181377887726 0
1715020425465 0.49443674087524414 0
1715020425963 0.4939584732055664 0
1715020426463 0.4934839606285095 0
1715020426959 0.4930129051208496 0
1715020427455 0.49254509806632996 0
1715020427954 0.492080420255661 0
1715020428499 0.49161919951438904 0
1715020428986 0.4911605417728424 0
1715020429497 0.4907055199146271 0
1715020430017 0.4902530014514923 0
1715020430518 0.48980358242988586 0
1715020431060 0.489357054233551 0
1715020431577 0.48891305923461914 0
1715020432096 0.4884720742702484 0
1715020432638 0.4880334734916687 0
1715020433156 0.48759719729423523 0
1715020433730 0.4871636927127838 0
1715020434255 0.486732542514801 0
1715020434787 0.48630383610725403 0
1715020435326 0.48587754368782043 0
1715020435861 0.48545369505882263 0
1715020436400 0.4850318133831024 0
1715020436934 0.4846124053001404 0
1715020437458 0.4841949939727783 0
1715020437987 0.483779639005661 0
1715020438506 0.4833664894104004 0
1715020439085 0.48295512795448303 0
1715020439580 0.48254525661468506 0
1715020440076 0.4821362793445587 0
1715020440600 0.4817277491092682 0
1715020441128 0.48131847381591797 0
1715020441639 0.4809093177318573 0
1715020442158 0.48050475120544434 0
1715020442669 0.48010891675949097 0
1715020443182 0.47971293330192566 0
1715020443701 0.4793151915073395 0
1715020444276 0.47892364859580994 0
1715020444782 0.4785356819629669 0
1715020445295 0.4781465530395508 0
1715020445804 0.4777630567550659 0
1715020446318 0.4773813486099243 0
1715020446835 0.4769992530345917 0
1715020447350 0.47661590576171875 0
1715020447866 0.47623905539512634 0
1715020448377 0.4758634567260742 0
1715020448874 0.47549134492874146 0
1715020449415 0.4751224219799042 0
1715020449899 0.4747561812400818 0
1715020450395 0.4743930697441101 0
1715020450890 0.47405916452407837 0
1715020451376 0.47367575764656067 0
1715020451870 0.47332313656806946 0
1715020452361 0.4729442000389099 0
1715020452854 0.4725967049598694 0
1715020453353 0.4723334014415741 0
1715020453845 0.47188782691955566 0
1715020454381 0.47167545557022095 0
1715020454863 0.4719918966293335 0
1715020455355 0.4717123508453369 0
1715020455841 0.4713374376296997 0
1715020456333 0.4707889258861542 0
1715020456822 0.47050145268440247 0
1715020457313 0.46997150778770447 0
1715020457805 0.46981826424598694 0
1715020458300 0.4695051610469818 0
1715020458792 0.4695456922054291 0
1715020459340 0.46901020407676697 0
1715020459818 0.46852564811706543 0
1715020460310 0.4681972861289978 0
1715020460807 0.4677938222885132 0
1715020461296 0.4674800634384155 0
1715020461786 0.46708086133003235 0
1715020462276 0.4667297899723053 0
1715020462772 0.4662879407405853 0
1715020463270 0.4659980833530426 0
1715020463764 0.4657168984413147 0
1715020464302 0.46533203125 0
1715020464787 0.464901328086853 0
1715020465276 0.4646434187889099 0
1715020465766 0.4643571674823761 0
1715020466255 0.4639665484428406 0
1715020466746 0.4636443257331848 0
1715020467239 0.4633532762527466 0
1715020467730 0.46301546692848206 0
1715020468222 0.46267256140708923 0
1715020468720 0.462379515171051 0
1715020469261 0.46204811334609985 0
1715020469746 0.4617621898651123 0
1715020470232 0.46142417192459106 0
1715020470720 0.46111953258514404 0
1715020471211 0.46082890033721924 0
1715020471700 0.46052488684654236 0
1715020472201 0.4602073132991791 0
1715020472691 0.45992615818977356 0
1715020473218 0.45962002873420715 0
1715020473720 0.4593268930912018 0
1715020474303 0.4590308666229248 0
1715020474830 0.45874491333961487 0
1715020475363 0.4584496319293976 0
1715020475903 0.45815691351890564 0
1715020476441 0.45787313580513 0
1715020476996 0.45758020877838135 0
1715020477577 0.4572973847389221 0
1715020478130 0.4570167064666748 0
1715020478691 0.45673301815986633 0
1715020479248 0.4564563035964966 0
1715020479866 0.4561789035797119 0
1715020480408 0.455902099609375 0
1715020480941 0.4556225538253784 0
1715020481470 0.4553530514240265 0
1715020481996 0.4550766944885254 0
1715020482511 0.4548064172267914 0
1715020483020 0.4545370638370514 0
1715020483522 0.45426708459854126 0
1715020484018 0.4539976119995117 0
1715020484508 0.45373067259788513 0
1715020485041 0.45346635580062866 0
1715020485514 0.45320218801498413 0
1715020485999 0.4529387652873993 0
1715020486479 0.4526766538619995 0
1715020486965 0.4524156153202057 0
1715020487445 0.4521566927433014 0
1715020487929 0.45189788937568665 0
1715020488423 0.45163995027542114 0
1715020488913 0.4513847231864929 0
1715020489406 0.45112842321395874 0
1715020489953 0.4508745074272156 0
1715020490432 0.4506221115589142 0
1715020490919 0.4503704309463501 0
1715020491409 0.45011982321739197 0
1715020491909 0.4498700797557831 0
1715020492391 0.4496215879917145 0
1715020492901 0.44937434792518616 0
1715020493401 0.4491279125213623 0
1715020493906 0.44888272881507874 0
1715020494408 0.44863855838775635 0
1715020494962 0.4483954906463623 0
1715020495453 0.44815313816070557 0
1715020495951 0.4479118287563324 0
1715020496453 0.4476717710494995 0
1715020496979 0.4474324882030487 0
1715020497490 0.44719427824020386 0
1715020497995 0.44695669412612915 0
1715020498522 0.44672027230262756 0
1715020499016 0.44648465514183044 0
1715020499558 0.4462500214576721 0
1715020500156 0.44601598381996155 0
1715020500677 0.44578275084495544 0
1715020501208 0.44555026292800903 0
1715020501735 0.44531843066215515 0
1715020502284 0.44508665800094604 0
1715020502837 0.4448556900024414 0
1715020503381 0.4446229040622711 0
1715020503926 0.44438615441322327 0
1715020504457 0.4441344439983368 0
1715020504992 0.4438275098800659 0
1715020505565 0.443524032831192 0
1715020506076 0.44325974583625793 0
1715020506587 0.4430205821990967 0
1715020507095 0.4427577257156372 0
1715020507600 0.4425133168697357 0
1715020508118 0.44224217534065247 0
1715020508617 0.4420008957386017 0
1715020509137 0.44173890352249146 0
1715020509645 0.4414798617362976 0
1715020510143 0.441219687461853 0
1715020510689 0.4409681558609009 0
1715020511171 0.44071128964424133 0
1715020511663 0.4404524862766266 0
1715020512157 0.4401901662349701 0
1715020512650 0.43992483615875244 0
1715020513150 0.43966278433799744 0
1715020513646 0.43942010402679443 0
1715020514145 0.4391826391220093 0
1715020514638 0.43895936012268066 0
1715020515134 0.4387229382991791 0
1715020515685 0.43849074840545654 0
1715020516169 0.4382476806640625 0
1715020516656 0.43801149725914 0
1715020517153 0.4377681016921997 0
1715020517662 0.4375351071357727 0
1715020518177 0.43730226159095764 0
1715020518686 0.4370725750923157 0
1715020519206 0.43684253096580505 0
1715020519715 0.43661239743232727 0
1715020520238 0.436380535364151 0
1715020520816 0.4361487329006195 0
1715020521332 0.43591946363449097 0
1715020521846 0.43568897247314453 0
1715020522382 0.4354620575904846 0
1715020522912 0.43523383140563965 0
1715020523448 0.43500590324401855 0
1715020523981 0.4347778260707855 0
1715020524525 0.43454957008361816 0
1715020525058 0.4343222975730896 0
1715020525591 0.4340944290161133 0
1715020526163 0.4338671863079071 0
1715020526666 0.433639258146286 0
1715020527166 0.4334109127521515 0
1715020527671 0.4331822097301483 0
1715020528175 0.43295302987098694 0
1715020528676 0.432724267244339 0
1715020529173 0.43249452114105225 0
1715020529675 0.4322645366191864 0
1715020530165 0.43203362822532654 0
1715020530658 0.4318017065525055 0
1715020531199 0.43156927824020386 0
1715020531677 0.4313358962535858 0
1715020532162 0.43110212683677673 0
1715020532650 0.4308670163154602 0
1715020533142 0.4306327700614929 0
1715020533635 0.43040069937705994 0
1715020534127 0.4301781952381134 0
1715020534633 0.429998517036438 0
1715020535131 0.429794043302536 0
1715020535649 0.4296726584434509 0
1715020536226 0.42925095558166504 0
1715020536721 0.42894718050956726 0
1715020537239 0.42875123023986816 0
1715020537758 0.4286438524723053 0
1715020538268 0.42857083678245544 0
1715020538780 0.4279763102531433 0
1715020539302 0.42836496233940125 0
1715020539812 0.42820030450820923 0
1715020540323 0.4275957942008972 0
1715020540845 0.4274023175239563 0
1715020541434 0.4273413121700287 0
1715020541946 0.4265686869621277 0
1715020542457 0.4267943501472473 0
1715020542977 0.4258515238761902 0
1715020543481 0.42659059166908264 0
1715020543994 0.42551082372665405 0
1715020544524 0.42574161291122437 0
1715020545048 0.42486831545829773 0
1715020545566 0.4250618517398834 0
1715020546091 0.42401930689811707 0
1715020546656 0.4240258038043976 0
1715020547168 0.42332130670547485 0
1715020547667 0.42351335287094116 0
1715020548170 0.4232037663459778 0
1715020548702 0.4233855605125427 0
1715020549284 0.42249974608421326 0
1715020549825 0.422201544046402 0
1715020550316 0.4212428331375122 0
1715020550832 0.42109423875808716 0
1715020551355 0.4207744002342224 0
1715020551934 0.42058518528938293 0
