1715019296155 0.8808889389038086 0
1715019296654 0.4853549003601074 0
1715019297145 0.48070311546325684 0
1715019297674 0.5224840641021729 0
1715019298160 0.4820091724395752 0
1715019298629 0.46538400650024414 0
1715019299112 0.4754021167755127 0
1715019299593 0.4739260673522949 0
1715019300066 0.4689061641693115 0
1715019300539 0.4668698310852051 0
1715019301191 0.4680640697479248 0
1715019301726 0.5283479690551758 0
1715019302287 0.5532553195953369 0
1715019302769 0.47417187690734863 0
1715019303252 0.46753692626953125 0
1715019303740 0.4756298065185547 0
1715019304254 0.5063579082489014 0
1715019304752 0.49126386642456055 0
1715019305242 0.4833800792694092 0
1715019305736 0.47940516471862793 0
1715019306313 0.5025370121002197 0
1715019306800 0.4801809787750244 0
1715019307291 0.4799351692199707 0
1715019307783 0.4876589775085449 0
1715019308289 0.477370023727417 0
1715019308775 0.47350192070007324 0
1715019309291 0.49849987030029297 0
1715019309785 0.4763360023498535 0
1715019310276 0.479478120803833 0
1715019310748 0.46341609954833984 0
1715019311304 0.45927000045776367 0
1715019311814 0.4783189296722412 0
1715019312314 0.48717403411865234 0
1715019312829 0.4990503787994385 0
1715019313320 0.4833552837371826 0
1715019313801 0.4692230224609375 0
1715019314308 0.4728889465332031 0
1715019314793 0.4731929302215576 0
1715019315306 0.4960029125213623 0
1715019315804 0.494035005569458 0
1715019316379 0.48968005180358887 0
1715019316880 0.4906609058380127 0
1715019317365 0.4678990840911865 0
1715019317848 0.47292280197143555 0
1715019318334 0.4770488739013672 0
1715019318810 0.46469688415527344 0
1715019319327 0.5050199031829834 0
1715019319815 0.478790283203125 0
1715019320318 0.4731919765472412 0
1715019320798 0.4697577953338623 0
1715019321328 0.45557188987731934 0
1715019321803 0.46753406524658203 0
1715019322285 0.4705469608306885 0
1715019322773 0.4762742519378662 0
1715019323264 0.48067188262939453 0
1715019323762 0.4822123050689697 0
1715019324247 0.47554516792297363 0
1715019324737 0.4760100841522217 0
1715019325287 0.5384881496429443 0
1715019325784 0.48748230934143066 0
1715019326344 0.4709129333496094 0
1715019326815 0.46410608291625977 0
1715019327280 0.4522387981414795 0
1715019327761 0.4694080352783203 0
1715019328236 0.46483898162841797 0
1715019328714 0.46247291564941406 0
1715019329183 0.45700788497924805 0
1715019329663 0.4694700241088867 0
1715019330147 0.47268104553222656 0
1715019330634 0.476088285446167 0
1715019331222 0.5027658939361572 0
1715019331706 0.46662211418151855 0
1715019332197 0.4661900997161865 0
1715019332692 0.48377203941345215 0
1715019333176 0.48085474967956543 0
1715019333665 0.47156286239624023 0
1715019334150 0.47313499450683594 0
1715019334634 0.4708380699157715 0
1715019335124 0.47943711280822754 0
1715019335603 0.4727640151977539 0
1715019336162 0.4820520877838135 0
1715019336646 0.47826194763183594 0
1715019337138 0.4792909622192383 0
1715019337634 0.48700404167175293 0
1715019338119 0.47251367568969727 0
1715019338620 0.4888620376586914 0
1715019339100 0.4707472324371338 0
1715019339578 0.46628904342651367 0
1715019340068 0.4782741069793701 0
1715019340549 0.4666256904602051 0
1715019341079 0.45984506607055664 0
1715019341550 0.463392972946167 0
1715019342026 0.4636189937591553 0
1715019342500 0.4631960391998291 0
1715019342980 0.46581387519836426 0
1715019343460 0.46708202362060547 0
1715019343934 0.4633347988128662 0
1715019344398 0.45377612113952637 0
1715019344874 0.4651780128479004 0
1715019345349 0.4637150764465332 0
1715019345869 0.451707124710083 0
1715019346346 0.47154903411865234 0
1715019346829 0.4700779914855957 0
1715019347309 0.4675271511077881 0
1715019347795 0.4748997688293457 0
1715019348300 0.4948599338531494 0
1715019348796 0.4906172752380371 0
1715019349282 0.47278690338134766 0
1715019349770 0.475236177444458 0
1715019350249 0.46741414070129395 0
1715019350793 0.4616861343383789 0
1715019351265 0.46402692794799805 0
1715019351747 0.4705169200897217 0
1715019352221 0.4629080295562744 0
1715019352696 0.46399807929992676 0
1715019353167 0.4593348503112793 0
1715019353637 0.45992279052734375 0
1715019354114 0.4640529155731201 0
1715019354582 0.4560730457305908 0
1715019355062 0.4686720371246338 0
1715019355591 0.45857810974121094 0
1715019356058 0.45797300338745117 0
1715019356540 0.4625966548919678 0
1715019357024 0.4733610153198242 0
1715019357512 0.4757399559020996 0
1715019358010 0.47243404388427734 0
1715019358496 0.46701693534851074 0
1715019358978 0.4679419994354248 0
1715019359445 0.4557919502258301 0
1715019359919 0.4615058898925781 0
1715019360464 0.4686601161956787 0
1715019360943 0.47077202796936035 0
1715019361419 0.4643089771270752 0
1715019361898 0.46906399726867676 0
1715019362403 0.472196102142334 0
1715019362879 0.4655733108520508 0
1715019363368 0.47840070724487305 0
1715019363851 0.47037696838378906 0
1715019364331 0.46662211418151855 0
1715019364807 0.46564483642578125 0
1715019365345 0.4598119258880615 0
1715019365823 0.4698619842529297 0
1715019366321 0.48593592643737793 0
1715019366834 0.4972102642059326 0
1715019367340 0.49565911293029785 0
1715019367827 0.4827251434326172 0
1715019368318 0.48657894134521484 0
1715019368814 0.4845259189605713 0
1715019369316 0.49063897132873535 0
1715019369800 0.4790489673614502 0
1715019370369 0.49175214767456055 0
1715019370859 0.4807419776916504 0
1715019371339 0.4692089557647705 0
1715019371830 0.480806827545166 0
1715019372307 0.4669811725616455 0
1715019372805 0.4802072048187256 0
1715019373295 0.4620957374572754 0
1715019373776 0.4758913516998291 0
1715019374271 0.4873371124267578 0
1715019374761 0.4806492328643799 0
1715019375288 0.451815128326416 0
1715019375756 0.46240901947021484 0
1715019376233 0.46692705154418945 0
1715019376702 0.4568819999694824 0
1715019377164 0.4553971290588379 0
1715019377635 0.465587854385376 0
1715019378112 0.46810388565063477 0
1715019378589 0.4659080505371094 0
1715019379067 0.46849989891052246 0
1715019379550 0.4709329605102539 0
1715019380088 0.46381115913391113 0
1715019380571 0.47412919998168945 0
1715019381063 0.48057007789611816 0
1715019381560 0.4840841293334961 0
1715019382053 0.48062610626220703 0
1715019382564 0.48205089569091797 0
1715019383046 0.4675889015197754 0
1715019383537 0.480072021484375 0
1715019384020 0.4729950428009033 0
1715019384496 0.46470093727111816 0
1715019385026 0.47445011138916016 0
1715019385499 0.46566104888916016 0
1715019385983 0.47261691093444824 0
1715019386459 0.4654200077056885 0
1715019386960 0.4866209030151367 0
1715019387441 0.4706990718841553 0
1715019387924 0.47188591957092285 0
1715019388402 0.4690680503845215 0
1715019388884 0.47159671783447266 0
1715019389369 0.47463202476501465 0
1715019389900 0.456622838973999 0
1715019390372 0.4628448486328125 0
1715019390857 0.4733421802520752 0
1715019391338 0.47131800651550293 0
1715019391821 0.47330284118652344 0
1715019392306 0.4651651382446289 0
1715019392780 0.46822619438171387 0
1715019393283 0.48916196823120117 0
1715019393769 0.4761321544647217 0
1715019394253 0.4731593132019043 0
1715019394789 0.4505188465118408 0
1715019395262 0.46759605407714844 0
1715019395759 0.48694491386413574 0
1715019396268 0.49286985397338867 0
1715019396770 0.49544501304626465 0
1715019397267 0.48075270652770996 0
1715019397746 0.46447205543518066 0
1715019398220 0.46204328536987305 0
1715019398694 0.4625678062438965 0
1715019399170 0.46253514289855957 0
1715019399732 0.4793217182159424 0
1715019400210 0.47171807289123535 0
1715019400687 0.46744704246520996 0
1715019401177 0.47791099548339844 0
1715019401659 0.4710516929626465 0
1715019402147 0.47581005096435547 0
1715019402635 0.4720420837402344 0
1715019403120 0.4736969470977783 0
1715019403598 0.46546483039855957 0
1715019404083 0.4722177982330322 0
1715019404608 0.4551370143890381 0
1715019405082 0.46585822105407715 0
1715019405560 0.46665501594543457 0
1715019406040 0.4710848331451416 0
1715019406528 0.4741690158843994 0
1715019407016 0.4750556945800781 0
1715019407492 0.4651651382446289 0
1715019407977 0.4725220203399658 0
1715019408464 0.47534704208374023 0
1715019408954 0.4765310287475586 0
1715019409632 0.47934627532958984 0
1715019410113 0.4666309356689453 0
1715019410589 0.4631218910217285 0
1715019411069 0.46921610832214355 0
1715019411545 0.4644591808319092 0
1715019412020 0.4638810157775879 0
1715019412493 0.462385892868042 0
1715019412981 0.4779222011566162 0
1715019413486 0.47303080558776855 0
1715019413980 0.48198723793029785 0
1715019414510 0.46068406105041504 0
1715019415001 0.48618602752685547 0
1715019415485 0.47548890113830566 0
1715019415970 0.47269415855407715 0
1715019416460 0.47653818130493164 0
1715019416974 0.5017111301422119 0
1715019417471 0.48876404762268066 0
1715019417958 0.47721314430236816 0
1715019418443 0.473264217376709 0
1715019418932 0.475938081741333 0
1715019419480 0.4596827030181885 0
1715019419952 0.4635310173034668 0
1715019420444 0.4807929992675781 0
1715019420931 0.4727768898010254 0
1715019421420 0.47960615158081055 0
1715019421906 0.4739530086517334 0
1715019422395 0.4767611026763916 0
1715019422875 0.47161006927490234 0
1715019423363 0.47988080978393555 0
1715019423839 0.4661257266998291 0
1715019424393 0.4718048572540283 0
1715019424894 0.49425292015075684 0
1715019425368 0.46309399604797363 0
1715019425856 0.4797539710998535 0
1715019426325 0.464130163192749 0
1715019426817 0.4827549457550049 0
1715019427290 0.4614567756652832 0
1715019427784 0.47673702239990234 0
1715019428271 0.4777500629425049 0
1715019428765 0.47576093673706055 0
1715019429298 0.46154117584228516 0
1715019429778 0.467559814453125 0
1715019430256 0.4672062397003174 0
1715019430736 0.4677770137786865 0
1715019431211 0.46369266510009766 0
1715019431688 0.46680402755737305 0
1715019432165 0.46524906158447266 0
1715019432644 0.4670541286468506 0
1715019433120 0.46584224700927734 0
1715019433597 0.46627187728881836 0
1715019434121 0.4548659324645996 0
1715019434592 0.46227097511291504 0
1715019435066 0.46368408203125 0
1715019435543 0.4647328853607178 0
1715019436013 0.4604160785675049 0
1715019436489 0.4658071994781494 0
1715019436960 0.4605588912963867 0
1715019437434 0.4629049301147461 0
1715019437899 0.4520418643951416 0
1715019438379 0.46707606315612793 0
1715019438901 0.45319294929504395 0
1715019439380 0.470994234085083 0
1715019439858 0.4654078483581543 0
1715019440340 0.467724084854126 0
1715019440827 0.4767758846282959 0
1715019441321 0.48790812492370605 0
1715019441814 0.4826779365539551 0
1715019442293 0.4671440124511719 0
1715019442784 0.4783799648284912 0
1715019443272 0.4768822193145752 0
1715019443807 0.45519089698791504 0
1715019444281 0.4652090072631836 0
1715019444753 0.4598047733306885 0
1715019445244 0.4867379665374756 0
1715019445726 0.47508907318115234 0
1715019446206 0.47073888778686523 0
1715019446693 0.483518123626709 0
1715019447170 0.46800804138183594 0
1715019447654 0.4717850685119629 0
1715019448157 0.49643373489379883 0
1715019448692 0.458266019821167 0
1715019449157 0.4561197757720947 0
1715019449644 0.47917795181274414 0
1715019450134 0.47936487197875977 0
1715019450620 0.4761011600494385 0
1715019451111 0.48087000846862793 0
1715019451597 0.47433972358703613 0
1715019452089 0.48094606399536133 0
1715019452570 0.46829795837402344 0
1715019453059 0.47600793838500977 0
1715019453610 0.47819089889526367 0
1715019454100 0.4804561138153076 0
1715019454593 0.48511815071105957 0
1715019455089 0.48270273208618164 0
1715019455580 0.47499871253967285 0
1715019456070 0.4793741703033447 0
1715019456545 0.46732211112976074 0
1715019457011 0.45824098587036133 0
1715019457483 0.4654500484466553 0
1715019457956 0.4685187339782715 0
1715019458489 0.45940494537353516 0
1715019458962 0.4661591053009033 0
1715019459428 0.45505189895629883 0
1715019459896 0.45797300338745117 0
1715019460387 0.47519516944885254 0
1715019460865 0.47011733055114746 0
1715019461353 0.47718000411987305 0
1715019461847 0.48337602615356445 0
1715019462331 0.47243809700012207 0
1715019462831 0.4887721538543701 0
1715019463363 0.4625399112701416 0
1715019463835 0.4632408618927002 0
1715019464312 0.4638671875 0
1715019464788 0.46373915672302246 0
1715019465263 0.46391916275024414 0
1715019465738 0.465040922164917 0
1715019466214 0.46399617195129395 0
1715019466687 0.46205902099609375 0
1715019467165 0.465073823928833 0
1715019467631 0.4548799991607666 0
1715019468191 0.4841930866241455 0
1715019468678 0.4770340919494629 0
1715019469164 0.4761648178100586 0
1715019469651 0.4743812084197998 0
1715019470135 0.47003698348999023 0
1715019470621 0.47532200813293457 0
1715019471107 0.473613977432251 0
1715019471596 0.4778156280517578 0
1715019472076 0.4694709777832031 0
1715019472559 0.47145700454711914 0
1715019473102 0.4710359573364258 0
1715019473574 0.46294474601745605 0
1715019474052 0.46661996841430664 0
1715019474529 0.4662330150604248 0
1715019475006 0.4642319679260254 0
1715019475485 0.46645617485046387 0
1715019475962 0.465623140335083 0
1715019476439 0.4657437801361084 0
1715019476921 0.4685518741607666 0
1715019477417 0.4723031520843506 0
1715019477947 0.4581282138824463 0
1715019478424 0.46781396865844727 0
1715019478901 0.4660789966583252 0
1715019479381 0.464385986328125 0
1715019479848 0.45581984519958496 0
1715019480331 0.4715309143066406 0
1715019480828 0.4835031032562256 0
1715019481313 0.47561001777648926 0
1715019481790 0.46560215950012207 0
1715019482277 0.47570204734802246 0
1715019482817 0.4651360511779785 0
1715019483323 0.49854326248168945 0
1715019483810 0.4791741371154785 0
1715019484310 0.48290109634399414 0
1715019484795 0.47623300552368164 0
1715019485281 0.47425413131713867 0
1715019485771 0.47649097442626953 0
1715019486255 0.4731142520904541 0
1715019486742 0.47376203536987305 0
1715019487227 0.47193384170532227 0
1715019487761 0.4590930938720703 0
1715019488237 0.467238187789917 0
1715019488711 0.4621717929840088 0
1715019489184 0.462507963180542 0
1715019489656 0.4600498676300049 0
1715019490119 0.4508950710296631 0
1715019490586 0.45578598976135254 0
1715019491067 0.4676690101623535 0
1715019491539 0.4623680114746094 0
1715019492013 0.4626600742340088 0
1715019492539 0.44911885261535645 0
1715019493008 0.4631350040435791 0
1715019493486 0.4677262306213379 0
1715019493960 0.46311497688293457 0
1715019494453 0.46891093254089355 0
1715019494928 0.4630110263824463 0
1715019495406 0.46682190895080566 0
1715019495885 0.4666330814361572 0
1715019496363 0.4655437469482422 0
1715019496829 0.4532649517059326 0
1715019497373 0.4644927978515625 0
1715019497848 0.4658949375152588 0
1715019498307 0.44696807861328125 0
1715019498794 0.4800281524658203 0
1715019499272 0.46616291999816895 0
1715019499750 0.4656710624694824 0
1715019500220 0.45762205123901367 0
1715019500693 0.4621927738189697 0
1715019501169 0.4648129940032959 0
1715019501643 0.4629189968109131 0
1715019502166 0.4555017948150635 0
1715019502636 0.4611940383911133 0
1715019503116 0.46857213973999023 0
1715019503594 0.4674699306488037 0
1715019504068 0.46457910537719727 0
1715019504537 0.4582500457763672 0
1715019505010 0.46173810958862305 0
1715019505484 0.46250009536743164 0
1715019505957 0.46192216873168945 0
1715019506434 0.46518898010253906 0
1715019506978 0.472959041595459 0
1715019507467 0.481550931930542 0
1715019507950 0.47351884841918945 0
1715019508440 0.47725987434387207 0
1715019508952 0.48299694061279297 0
1715019509434 0.4716200828552246 0
1715019509912 0.46627187728881836 0
1715019510391 0.4674663543701172 0
1715019510865 0.4561479091644287 0
1715019511353 0.467181921005249 0
1715019511879 0.4601097106933594 0
1715019512354 0.4662909507751465 0
1715019512831 0.4655117988586426 0
1715019513290 0.4474050998687744 0
1715019513759 0.4637899398803711 0
1715019514234 0.46508312225341797 0
1715019514709 0.46519017219543457 0
1715019515186 0.464404821395874 0
1715019515669 0.4712848663330078 0
1715019516145 0.4640228748321533 0
1715019516677 0.453139066696167 0
1715019517145 0.46229100227355957 0
1715019517616 0.460644006729126 0
1715019518095 0.46686530113220215 0
1715019518570 0.46269989013671875 0
1715019519046 0.46500301361083984 0
1715019519519 0.46194887161254883 0
1715019519994 0.4648549556732178 0
1715019520473 0.4668128490447998 0
1715019520951 0.46525120735168457 0
1715019521471 0.4535179138183594 0
1715019521943 0.46254491806030273 0
1715019522418 0.46390414237976074 0
1715019522891 0.4633309841156006 0
1715019523369 0.4664492607116699 0
1715019523844 0.46340417861938477 0
1715019524320 0.46546196937561035 0
1715019524796 0.46556997299194336 0
1715019525286 0.47714900970458984 0
1715019525784 0.4894740581512451 0
1715019526322 0.4714169502258301 0
1715019526791 0.4653439521789551 0
1715019527270 0.46935415267944336 0
1715019527757 0.4615771770477295 0
1715019528240 0.4709038734436035 0
1715019528718 0.47151613235473633 0
1715019529184 0.4596538543701172 0
1715019529650 0.4566948413848877 0
1715019530123 0.46291494369506836 0
1715019530586 0.455916166305542 0
1715019531116 0.4574086666107178 0
1715019531584 0.464432954788208 0
1715019532048 0.4551680088043213 0
1715019532508 0.45320820808410645 0
1715019532972 0.45544862747192383 0
1715019533441 0.45968103408813477 0
1715019533903 0.45555686950683594 0
1715019534373 0.4630589485168457 0
1715019534834 0.4567081928253174 0
1715019535302 0.4571681022644043 0
1715019535801 0.45542287826538086 0
1715019536258 0.45352792739868164 0
1715019536721 0.45511674880981445 0
1715019537194 0.4627268314361572 0
1715019537667 0.46215391159057617 0
1715019538136 0.4575071334838867 0
1715019538603 0.45819807052612305 0
1715019539070 0.456165075302124 0
1715019539542 0.46291303634643555 0
1715019540013 0.45760202407836914 0
1715019540542 0.4495539665222168 0
1715019541004 0.4570918083190918 0
1715019541484 0.4666738510131836 0
1715019542004 0.5082798004150391 0
1715019542514 0.5041601657867432 0
1715019543006 0.47887706756591797 0
1715019543470 0.45459413528442383 0
1715019543944 0.4698820114135742 0
1715019544424 0.46987390518188477 0
1715019544895 0.4618721008300781 0
1715019545435 0.4646921157836914 0
1715019545913 0.46857595443725586 0
1715019546392 0.46840500831604004 0
1715019546873 0.4645092487335205 0
1715019547350 0.46617698669433594 0
1715019547825 0.4649510383605957 0
1715019548297 0.462583065032959 0
1715019548777 0.46361684799194336 0
1715019549245 0.46080517768859863 0
1715019549724 0.4680497646331787 0
1715019550271 0.47240495681762695 0
1715019550751 0.4692840576171875 0
1715019551231 0.46782803535461426 0
1715019551701 0.459672212600708 0
1715019552175 0.4629478454589844 0
1715019552645 0.45999836921691895 0
1715019553123 0.46872591972351074 0
1715019553598 0.4647681713104248 0
1715019554073 0.4641692638397217 0
1715019554539 0.456636905670166 0
1715019555083 0.47229886054992676 0
1715019555557 0.46431589126586914 0
1715019556024 0.4565739631652832 0
1715019556517 0.47991108894348145 0
1715019556992 0.46546411514282227 0
1715019557467 0.4626028537750244 0
1715019558117 0.6404232978820801 0
1715019558586 0.45970606803894043 0
1715019559066 0.4752237796783447 0
1715019559554 0.4711441993713379 0
1715019560089 0.46787214279174805 0
1715019560566 0.4687998294830322 0
1715019561071 0.496082067489624 0
1715019561547 0.4657580852508545 0
1715019562024 0.4670889377593994 0
1715019562521 0.4844510555267334 0
1715019563001 0.4690542221069336 0
1715019563475 0.4621448516845703 0
1715019563955 0.46834516525268555 0
1715019564438 0.4723782539367676 0
1715019564985 0.47781920433044434 0
1715019565460 0.46680188179016113 0
1715019565937 0.4668920040130615 0
1715019566416 0.46671009063720703 0
1715019566884 0.4578409194946289 0
1715019567368 0.4732801914215088 0
1715019567840 0.46229982376098633 0
1715019568321 0.4678206443786621 0
1715019568803 0.47075581550598145 0
1715019569279 0.4636800289154053 0
1715019569808 0.455761194229126 0
1715019570279 0.46254587173461914 0
1715019570734 0.4440598487854004 0
1715019571204 0.4656538963317871 0
1715019571683 0.4687201976776123 0
1715019572164 0.4707367420196533 0
1715019572652 0.47098207473754883 0
1715019573123 0.459942102432251 0
1715019573593 0.45908212661743164 0
1715019574069 0.4692196846008301 0
1715019574617 0.46509480476379395 0
1715019575091 0.4655270576477051 0
1715019575581 0.48000121116638184 0
1715019576045 0.45563697814941406 0
1715019576526 0.46896910667419434 0
1715019577008 0.4714169502258301 0
1715019577483 0.463364839553833 0
1715019577959 0.4655778408050537 0
1715019578441 0.4648597240447998 0
1715019578920 0.4695899486541748 0
1715019579453 0.4642331600189209 0
1715019579925 0.46323418617248535 0
1715019580396 0.45906972885131836 0
1715019580874 0.46708178520202637 0
1715019581340 0.4550437927246094 0
1715019581816 0.46332287788391113 0
1715019582294 0.4674339294433594 0
1715019582767 0.45622801780700684 0
1715019583243 0.46424102783203125 0
1715019583719 0.4642949104309082 0
1715019584257 0.4710409641265869 0
1715019584722 0.45617103576660156 0
1715019585206 0.4723677635192871 0
1715019585683 0.46505308151245117 0
1715019586164 0.46312880516052246 0
1715019586641 0.4664907455444336 0
1715019587126 0.47192907333374023 0
1715019587599 0.4633059501647949 0
1715019588076 0.4652988910675049 0
1715019588539 0.4534292221069336 0
1715019589053 0.4593169689178467 0
1715019589527 0.4672667980194092 0
1715019590010 0.47168993949890137 0
1715019590486 0.46512413024902344 0
1715019590967 0.46949291229248047 0
1715019591431 0.4583930969238281 0
1715019591910 0.46817517280578613 0
1715019592394 0.4681541919708252 0
1715019592870 0.4659547805786133 0
1715019593352 0.47042298316955566 0
1715019593905 0.4729928970336914 0
1715019594384 0.4700322151184082 0
1715019594860 0.46366119384765625 0
1715019595337 0.46468687057495117 0
1715019595811 0.46294403076171875 0
1715019596286 0.46434521675109863 0
1715019596761 0.46292781829833984 0
1715019597239 0.46695995330810547 0
1715019597714 0.4641909599304199 0
1715019598188 0.4627041816711426 0
1715019598714 0.4575490951538086 0
1715019599176 0.45450401306152344 0
1715019599646 0.4596858024597168 0
1715019600121 0.4625089168548584 0
1715019600609 0.4708540439605713 0
1715019601087 0.46642374992370605 0
1715019601567 0.46750593185424805 0
1715019602049 0.4696829319000244 0
1715019602527 0.466249942779541 0
1715019603005 0.46728992462158203 0
1715019603541 0.4548070430755615 0
1715019604012 0.46587300300598145 0
1715019604481 0.4574458599090576 0
1715019604958 0.46352410316467285 0
1715019605438 0.4689958095550537 0
1715019605916 0.4665670394897461 0
1715019606397 0.47095489501953125 0
1715019606874 0.46511411666870117 0
1715019607349 0.46508097648620605 0
1715019607828 0.4691178798675537 0
1715019608365 0.46466779708862305 0
1715019608874 0.4966151714324951 0
1715019609350 0.4651970863342285 0
1715019609831 0.47214484214782715 0
1715019610311 0.469022274017334 0
1715019610818 0.47467494010925293 0
1715019611292 0.46416592597961426 0
1715019611769 0.46572399139404297 0
1715019612271 0.4710409641265869 0
1715019612745 0.4635300636291504 0
1715019613271 0.45421385765075684 0
1715019613740 0.46108508110046387 0
1715019614223 0.4687621593475342 0
1715019614701 0.46772193908691406 0
1715019615177 0.4651939868927002 0
1715019615650 0.4624199867248535 0
1715019616129 0.4669339656829834 0
1715019616608 0.4672420024871826 0
1715019617083 0.4620790481567383 0
1715019617560 0.4657127857208252 0
1715019618091 0.45812487602233887 0
1715019618553 0.452045202255249 0
1715019619017 0.4587368965148926 0
1715019619503 0.466156005859375 0
1715019619971 0.456024169921875 0
1715019620458 0.47448301315307617 0
1715019620926 0.4577369689941406 0
1715019621397 0.4590740203857422 0
1715019621878 0.4687018394470215 0
1715019622357 0.4678640365600586 0
1715019622902 0.4697239398956299 0
1715019623371 0.4599039554595947 0
1715019623840 0.4591350555419922 0
1715019624316 0.4655728340148926 0
1715019624792 0.46497368812561035 0
1715019625277 0.4724159240722656 0
1715019625759 0.467940092086792 0
1715019626235 0.46545910835266113 0
1715019626714 0.4672279357910156 0
1715019627184 0.4598829746246338 0
1715019627720 0.46314096450805664 0
1715019628186 0.4570810794830322 0
1715019628657 0.4584329128265381 0
1715019629130 0.46202588081359863 0
1715019629607 0.46570301055908203 0
1715019630084 0.4665560722351074 0
1715019630555 0.4599747657775879 0
1715019631032 0.4649059772491455 0
1715019631508 0.4654419422149658 0
1715019631980 0.4612421989440918 0
1715019632506 0.4570040702819824 0
1715019632979 0.4638352394104004 0
1715019633438 0.44747281074523926 0
1715019633914 0.47184109687805176 0
1715019634387 0.46259093284606934 0
1715019634859 0.4608879089355469 0
1715019635333 0.46253514289855957 0
1715019635809 0.46604180335998535 0
1715019636287 0.46559810638427734 0
1715019636759 0.46225690841674805 0
1715019637291 0.45386409759521484 0
1715019637763 0.4642469882965088 0
1715019638248 0.47092199325561523 0
1715019638710 0.4502561092376709 0
1715019639209 0.4916810989379883 0
1715019639693 0.4640018939971924 0
1715019640174 0.4696080684661865 0
1715019640649 0.4631490707397461 0
1715019641129 0.4660067558288574 0
1715019641605 0.46558713912963867 0
1715019642138 0.46111011505126953 0
1715019642624 0.47715115547180176 0
1715019643097 0.462007999420166 0
1715019643574 0.4672379493713379 0
1715019644048 0.4635798931121826 0
1715019644524 0.4658329486846924 0
1715019645002 0.4649159908294678 0
1715019645467 0.4539299011230469 0
1715019645944 0.46530795097351074 0
1715019646420 0.4645051956176758 0
1715019646943 0.45592188835144043 0
1715019647413 0.4619028568267822 0
1715019647886 0.46332597732543945 0
1715019648342 0.4452168941497803 0
1715019648815 0.469102144241333 0
1715019649293 0.46588706970214844 0
1715019649768 0.463123083114624 0
1715019650242 0.4626297950744629 0
1715019650721 0.46813416481018066 0
1715019651192 0.46292662620544434 0
1715019651752 0.48859119415283203 0
1715019652230 0.46848297119140625 0
1715019652697 0.4556701183319092 0
1715019653183 0.474992036819458 0
1715019653659 0.4638020992279053 0
1715019654142 0.47016310691833496 0
1715019654618 0.4651150703430176 0
1715019655094 0.4657108783721924 0
1715019655567 0.46289491653442383 0
1715019656039 0.45950984954833984 0
1715019656568 0.45667290687561035 0
1715019657041 0.4642922878265381 0
1715019657511 0.4593198299407959 0
1715019657985 0.4641289710998535 0
1715019658458 0.4617469310760498 0
1715019658935 0.4641561508178711 0
1715019659413 0.467893123626709 0
1715019659881 0.45720791816711426 0
1715019660354 0.4610869884490967 0
1715019660841 0.4726738929748535 0
1715019661368 0.4553537368774414 0
1715019661842 0.4639859199523926 0
1715019662318 0.46484923362731934 0
1715019662792 0.4635658264160156 0
1715019663250 0.4471769332885742 0
1715019663725 0.4692392349243164 0
1715019664199 0.46289896965026855 0
1715019664674 0.46109795570373535 0
1715019665145 0.45981383323669434 0
1715019665609 0.45244288444519043 0
1715019666152 0.46587085723876953 0
1715019666622 0.4603250026702881 0
1715019667099 0.4645829200744629 0
1715019667574 0.4639780521392822 0
1715019668048 0.46394920349121094 0
1715019668525 0.46536993980407715 0
1715019669003 0.4664499759674072 0
1715019669482 0.4677441120147705 0
1715019669956 0.4632129669189453 0
1715019670434 0.46637392044067383 0
1715019670967 0.45857906341552734 0
1715019671441 0.4655122756958008 0
1715019671920 0.4687490463256836 0
1715019672393 0.463864803314209 0
1715019672867 0.46350908279418945 0
1715019673345 0.46680617332458496 0
1715019673821 0.46303892135620117 0
1715019674299 0.46668529510498047 0
1715019674773 0.46407508850097656 0
1715019675250 0.465731143951416 0
1715019675776 0.4539966583251953 0
1715019676248 0.4637949466705322 0
1715019676706 0.4462099075317383 0
1715019677180 0.4674241542816162 0
1715019677656 0.4636270999908447 0
1715019678135 0.4677917957305908 0
1715019678601 0.45487308502197266 0
1715019679075 0.46625685691833496 0
1715019679548 0.4632680416107178 0
1715019680028 0.4695150852203369 0
1715019680559 0.45838093757629395 0
1715019681030 0.4620201587677002 0
1715019681503 0.46306705474853516 0
1715019681978 0.4650590419769287 0
1715019682456 0.4654829502105713 0
1715019682929 0.46204066276550293 0
1715019683410 0.4663691520690918 0
1715019683884 0.46390199661254883 0
1715019684358 0.464724063873291 0
1715019684834 0.4654850959777832 0
1715019685370 0.4642331600189209 0
1715019685847 0.4679899215698242 0
1715019686320 0.4623429775238037 0
1715019686810 0.47374987602233887 0
1715019687307 0.48469996452331543 0
1715019687798 0.47557783126831055 0
1715019688287 0.47675108909606934 0
1715019688782 0.4832627773284912 0
1715019689273 0.48034095764160156 0
1715019689769 0.4843599796295166 0
1715019690343 0.48320579528808594 0
1715019690841 0.4890110492706299 0
1715019691358 0.5043518543243408 0
1715019691869 0.5003631114959717 0
1715019692361 0.48206019401550293 0
1715019692873 0.5054888725280762 0
1715019693369 0.4848151206970215 0
1715019693878 0.5051870346069336 0
1715019694396 0.5070457458496094 0
1715019694919 0.5101919174194336 0
1715019695499 0.4975299835205078 0
1715019696019 0.5087559223175049 0
1715019696525 0.49562597274780273 0
1715019697038 0.5032639503479004 0
1715019697541 0.49190497398376465 0
1715019698052 0.49890613555908203 0
1715019698562 0.49695491790771484 0
1715019699069 0.4947078227996826 0
1715019699576 0.4937739372253418 0
1715019700082 0.49457812309265137 0
1715019700635 0.47574806213378906 0
1715019701130 0.48610401153564453 0
1715019701629 0.4875199794769287 0
1715019702133 0.4905998706817627 0
1715019702622 0.47782135009765625 0
1715019703130 0.49672913551330566 0
1715019703634 0.494182825088501 0
1715019704139 0.4929821491241455 0
1715019704641 0.4923439025878906 0
1715019705148 0.4940929412841797 0
1715019705702 0.4823150634765625 0
1715019706195 0.48420214653015137 0
1715019706693 0.4860100746154785 0
1715019707194 0.48972010612487793 0
1715019707696 0.4918327331542969 0
1715019708194 0.4882020950317383 0
1715019708701 0.4932670593261719 0
1715019709207 0.49350714683532715 0
1715019709723 0.5046000480651855 0
1715019710226 0.4932279586791992 0
1715019710780 0.4833071231842041 0
1715019711285 0.4955887794494629 0
1715019711785 0.4887411594390869 0
1715019712292 0.4971437454223633 0
1715019712808 0.505180835723877 0
1715019713345 0.5046749114990234 0
1715019713853 0.4965169429779053 0
1715019714360 0.4964590072631836 0
1715019714860 0.48901915550231934 0
1715019715366 0.4956679344177246 0
1715019715930 0.4872403144836426 0
1715019716425 0.4852268695831299 0
1715019716925 0.4894547462463379 0
1715019717419 0.48389506340026855 0
1715019717919 0.48798608779907227 0
1715019718419 0.4959430694580078 0
1715019718927 0.49782705307006836 0
1715019719443 0.502047061920166 0
1715019719953 0.4992051124572754 0
1715019720477 0.5118730068206787 0
1715019721037 0.4874911308288574 0
1715019721547 0.4976949691772461 0
1715019722065 0.5081322193145752 0
1715019722583 0.5026278495788574 0
1715019723098 0.5017809867858887 0
1715019723595 0.48648619651794434 0
1715019724106 0.5036840438842773 0
1715019724617 0.4978628158569336 0
1715019725134 0.505748987197876 0
1715019725641 0.49709105491638184 0
1715019726208 0.49721693992614746 0
1715019726709 0.48972082138061523 0
1715019727216 0.4956071376800537 0
1715019727725 0.4967780113220215 0
1715019728232 0.4961390495300293 0
1715019728738 0.4947779178619385 0
1715019729243 0.49823617935180664 0
1715019729754 0.49897193908691406 0
1715019730263 0.4964869022369385 0
1715019730771 0.4966280460357666 0
1715019731331 0.49185919761657715 0
1715019731830 0.48798203468322754 0
1715019732335 0.49423718452453613 0
1715019732843 0.4955010414123535 0
1715019733346 0.4922759532928467 0
1715019733853 0.4951322078704834 0
1715019734348 0.48516392707824707 0
1715019734859 0.4992029666900635 0
1715019735371 0.4972820281982422 0
1715019735871 0.48791027069091797 0
1715019736610 0.48665690422058105 0
1715019737100 0.47622132301330566 0
1715019737585 0.4735250473022461 0
1715019738096 0.4988749027252197 0
1715019738592 0.47386908531188965 0
1715019739085 0.48784589767456055 0
1715019739593 0.49729108810424805 0
1715019740101 0.49391603469848633 0
1715019740614 0.5003499984741211 0
1715019741122 0.4974229335784912 0
1715019741694 0.4994697570800781 0
1715019742212 0.5073559284210205 0
1715019742749 0.5080339908599854 0
1715019743262 0.5014588832855225 0
1715019743772 0.4990701675415039 0
1715019744284 0.5002589225769043 0
1715019744794 0.4972190856933594 0
1715019745306 0.5006611347198486 0
1715019745815 0.4976928234100342 0
1715019746312 0.48679614067077637 0
1715019746852 0.475236177444458 0
1715019747345 0.48320579528808594 0
1715019747840 0.48361873626708984 0
1715019748340 0.48826074600219727 0
1715019748826 0.47580504417419434 0
1715019749329 0.490386962890625 0
1715019749829 0.4903841018676758 0
1715019750327 0.48804402351379395 0
1715019750826 0.48795318603515625 0
1715019751324 0.4889180660247803 0
1715019751869 0.4719080924987793 0
1715019752360 0.4830501079559326 0
1715019752865 0.4906320571899414 0
1715019753335 0.45883703231811523 0
1715019753830 0.4909780025482178 0
1715019754331 0.4894242286682129 0
1715019754837 0.49504518508911133 0
1715019755348 0.497434139251709 0
1715019755850 0.49201107025146484 0
1715019756358 0.4968740940093994 0
1715019756901 0.4776797294616699 0
1715019757399 0.4877350330352783 0
1715019757903 0.48888301849365234 0
1715019758392 0.4788680076599121 0
1715019758886 0.4837758541107178 0
1715019759390 0.4934060573577881 0
1715019759885 0.4840090274810791 0
1715019760386 0.4910240173339844 0
1715019760889 0.49082207679748535 0
1715019761391 0.4897458553314209 0
1715019761930 0.4705948829650879 0
1715019762421 0.4807779788970947 0
1715019762909 0.47695112228393555 0
1715019763402 0.4836091995239258 0
1715019763900 0.48547887802124023 0
1715019764397 0.48458313941955566 0
1715019764894 0.48550891876220703 0
1715019765387 0.48325371742248535 0
1715019765878 0.4816319942474365 0
1715019766371 0.48310089111328125 0
1715019766912 0.4726252555847168 0
1715019767398 0.47656798362731934 0
1715019767883 0.4758429527282715 0
1715019768359 0.46630191802978516 0
1715019768845 0.4819808006286621 0
1715019769343 0.48679399490356445 0
1715019769839 0.4852142333984375 0
1715019770336 0.48723387718200684 0
1715019770836 0.48970699310302734 0
1715019771338 0.48903608322143555 0
1715019771872 0.46713805198669434 0
1715019772362 0.4821171760559082 0
1715019772855 0.4826529026031494 0
1715019773355 0.4882349967956543 0
1715019773851 0.4855659008026123 0
1715019774343 0.477294921875 0
1715019774834 0.4782600402832031 0
1715019775337 0.4908590316772461 0
1715019775828 0.4814159870147705 0
1715019776320 0.4824519157409668 0
1715019776860 0.4711790084838867 0
1715019777348 0.47913193702697754 0
1715019777837 0.4775989055633545 0
1715019778326 0.4780709743499756 0
1715019778810 0.4734649658203125 0
1715019779306 0.4844338893890381 0
1715019779801 0.48322296142578125 0
1715019780292 0.48068690299987793 0
1715019780786 0.48288512229919434 0
1715019781289 0.49201011657714844 0
1715019781821 0.4669077396392822 0
1715019782302 0.47302699089050293 0
1715019782794 0.4808969497680664 0
1715019783270 0.4639449119567871 0
1715019783760 0.4840972423553467 0
1715019784263 0.4918861389160156 0
1715019784756 0.4840219020843506 0
1715019785255 0.4866292476654053 0
1715019785749 0.48282384872436523 0
1715019786239 0.4779078960418701 0
1715019786778 0.4684889316558838 0
1715019787267 0.4797050952911377 0
1715019787741 0.46490001678466797 0
1715019788252 0.5058009624481201 0
1715019788744 0.48432207107543945 0
1715019789257 0.49477386474609375 0
1715019789756 0.4904210567474365 0
1715019790260 0.4926598072052002 0
1715019790764 0.49263691902160645 0
1715019791270 0.49439573287963867 0
1715019791819 0.4781460762023926 0
1715019792311 0.4818589687347412 0
1715019792807 0.48311877250671387 0
1715019793299 0.48172497749328613 0
1715019793793 0.48397088050842285 0
1715019794294 0.48990702629089355 0
1715019794795 0.48961782455444336 0
1715019795292 0.4843587875366211 0
1715019795793 0.4908790588378906 0
1715019796287 0.48130202293395996 0
1715019796831 0.4691178798675537 0
1715019797314 0.4739341735839844 0
1715019797800 0.4771416187286377 0
1715019798270 0.46019911766052246 0
1715019798763 0.4887349605560303 0
1715019799255 0.48183488845825195 0
1715019799751 0.48342299461364746 0
1715019800238 0.47736191749572754 0
1715019800736 0.485684871673584 0
1715019801232 0.4852480888366699 0
1715019801776 0.47057580947875977 0
1715019802262 0.47637104988098145 0
1715019802754 0.4825468063354492 0
1715019803246 0.48046112060546875 0
1715019803733 0.4769248962402344 0
1715019804234 0.4921090602874756 0
1715019804719 0.47359514236450195 0
1715019805215 0.48361706733703613 0
1715019805707 0.4810218811035156 0
1715019806201 0.4825911521911621 0
1715019806730 0.4582991600036621 0
1715019807211 0.4727742671966553 0
1715019807696 0.4728250503540039 0
1715019808184 0.4757208824157715 0
1715019808673 0.4757380485534668 0
1715019809156 0.47193002700805664 0
1715019809641 0.47484707832336426 0
1715019810118 0.4665060043334961 0
1715019810608 0.4761190414428711 0
1715019811096 0.4782419204711914 0
1715019811625 0.46036410331726074 0
1715019812107 0.47393107414245605 0
1715019812589 0.471240758895874 0
1715019813076 0.4767310619354248 0
1715019813553 0.4655117988586426 0
1715019814051 0.4930129051208496 0
1715019814547 0.4863443374633789 0
1715019815041 0.48463892936706543 0
1715019815533 0.47950196266174316 0
1715019816025 0.4827759265899658 0
1715019816565 0.4682576656341553 0
1715019817053 0.4785008430480957 0
1715019817547 0.4825589656829834 0
1715019818043 0.48372888565063477 0
1715019818535 0.4811079502105713 0
1715019819025 0.4786982536315918 0
1715019819523 0.4849369525909424 0
1715019820019 0.4830758571624756 0
1715019820509 0.47898197174072266 0
1715019820998 0.47907519340515137 0
1715019821526 0.46019601821899414 0
1715019822006 0.4716830253601074 0
1715019822480 0.463939905166626 0
1715019822965 0.4726850986480713 0
1715019823447 0.47166895866394043 0
1715019823934 0.4756627082824707 0
1715019824424 0.4790167808532715 0
1715019824908 0.47052502632141113 0
1715019825397 0.475726842880249 0
1715019825883 0.4745368957519531 0
1715019826417 0.4602391719818115 0
1715019826895 0.4687979221343994 0
1715019827374 0.46895885467529297 0
1715019827859 0.4729650020599365 0
1715019828318 0.4490630626678467 0
1715019828809 0.4865450859069824 0
1715019829303 0.48517680168151855 0
1715019829795 0.480820894241333 0
1715019830290 0.4832041263580322 0
1715019830779 0.4762880802154541 0
1715019831315 0.46540379524230957 0
1715019831799 0.47418904304504395 0
1715019832287 0.4767298698425293 0
1715019832778 0.47893691062927246 0
1715019833271 0.4784212112426758 0
1715019833753 0.4711639881134033 0
1715019834245 0.4813220500946045 0
1715019834738 0.48078489303588867 0
1715019835232 0.48150205612182617 0
1715019835722 0.47886204719543457 0
1715019836253 0.458881139755249 0
1715019836734 0.4714071750640869 0
1715019837219 0.4740629196166992 0
1715019837695 0.46424007415771484 0
1715019838215 0.5106308460235596 0
1715019838715 0.49039292335510254 0
1715019839200 0.473236083984375 0
1715019839701 0.4847898483276367 0
1715019840201 0.4839470386505127 0
1715019840697 0.485274076461792 0
1715019841246 0.4687328338623047 0
1715019841737 0.48128390312194824 0
1715019842228 0.479506254196167 0
1715019842728 0.49029016494750977 0
1715019843236 0.495164155960083 0
1715019843758 0.4904041290283203 0
1715019844249 0.48107194900512695 0
1715019844742 0.47936582565307617 0
1715019845222 0.46946191787719727 0
1715019845718 0.481992244720459 0
1715019846259 0.4692957401275635 0
1715019846743 0.47400999069213867 0
1715019847227 0.47232794761657715 0
1715019847715 0.4768502712249756 0
1715019848210 0.4814717769622803 0
1715019848683 0.4634890556335449 0
1715019849185 0.48946690559387207 0
1715019849675 0.4789719581604004 0
1715019850170 0.48427700996398926 0
1715019850662 0.48047494888305664 0
1715019851202 0.46018004417419434 0
1715019851678 0.46642494201660156 0
1715019852158 0.4697761535644531 0
1715019852645 0.4749588966369629 0
1715019853130 0.4742269515991211 0
1715019853628 0.4848818778991699 0
1715019854112 0.47348904609680176 0
1715019854600 0.47811102867126465 0
1715019855087 0.47527337074279785 0
1715019855572 0.47420525550842285 0
1715019856111 0.46519017219543457 0
1715019856590 0.46967411041259766 0
1715019857069 0.4678530693054199 0
1715019857550 0.47005224227905273 0
1715019858031 0.47038888931274414 0
1715019858499 0.45812201499938965 0
1715019858975 0.4713301658630371 0
1715019859464 0.479140043258667 0
1715019859961 0.48272204399108887 0
1715019860450 0.4778728485107422 0
1715019860991 0.4706270694732666 0
1715019861474 0.47461605072021484 0
1715019861963 0.4771721363067627 0
1715019862464 0.4890751838684082 0
1715019862959 0.48014068603515625 0
1715019863450 0.4806559085845947 0
1715019863938 0.47524499893188477 0
1715019864428 0.4789738655090332 0
1715019864916 0.4770629405975342 0
1715019865403 0.4750797748565674 0
1715019865931 0.4595680236816406 0
1715019866411 0.4709310531616211 0
1715019866896 0.4711148738861084 0
1715019867382 0.4738609790802002 0
1715019867864 0.47133588790893555 0
1715019868348 0.47320079803466797 0
1715019868832 0.47040295600891113 0
1715019869316 0.4732341766357422 0
1715019869805 0.4773390293121338 0
1715019870287 0.47062182426452637 0
1715019870817 0.45933103561401367 0
1715019871273 0.44669270515441895 0
1715019871756 0.4776430130004883 0
1715019872242 0.47667789459228516 0
1715019872731 0.47540783882141113 0
1715019873219 0.47579121589660645 0
1715019873704 0.4779081344604492 0
1715019874196 0.4830317497253418 0
1715019874697 0.4896550178527832 0
1715019875198 0.48786115646362305 0
1715019875754 0.4778423309326172 0
1715019876249 0.48367905616760254 0
1715019876745 0.4846668243408203 0
1715019877236 0.4803128242492676 0
1715019877731 0.4831421375274658 0
1715019878228 0.48555517196655273 0
1715019878728 0.48871898651123047 0
1715019879217 0.477435827255249 0
1715019879707 0.47644996643066406 0
1715019880196 0.4772837162017822 0
1715019880725 0.460176944732666 0
1715019881205 0.471055269241333 0
1715019881688 0.47071003913879395 0
1715019882174 0.47147607803344727 0
1715019882694 0.5076179504394531 0
1715019883200 0.49701499938964844 0
1715019883689 0.4801490306854248 0
1715019884197 0.48108601570129395 0
1715019884678 0.469379186630249 0
1715019885169 0.4779782295227051 0
1715019885715 0.467181921005249 0
1715019886202 0.47260022163391113 0
1715019886686 0.4724709987640381 0
1715019887197 0.49974894523620605 0
1715019887690 0.48291778564453125 0
1715019888185 0.4819929599761963 0
1715019888674 0.4775381088256836 0
1715019889174 0.49150705337524414 0
1715019889674 0.48922014236450195 0
1715019890179 0.49460792541503906 0
1715019890741 0.48456811904907227 0
1715019891251 0.4931981563568115 0
1715019891747 0.4732627868652344 0
1715019892248 0.48970818519592285 0
1715019892741 0.48100709915161133 0
1715019893244 0.49083399772644043 0
1715019893730 0.4757699966430664 0
1715019894223 0.48239827156066895 0
1715019894716 0.48165297508239746 0
1715019895204 0.4760868549346924 0
1715019895738 0.46630382537841797 0
1715019896220 0.4720289707183838 0
1715019896706 0.4727199077606201 0
1715019897190 0.4735429286956787 0
1715019897676 0.472074031829834 0
1715019898163 0.47553110122680664 0
1715019898654 0.47754597663879395 0
1715019899132 0.4669499397277832 0
1715019899614 0.4717090129852295 0
1715019900102 0.4779019355773926 0
1715019900626 0.45713162422180176 0
1715019901101 0.46628475189208984 0
1715019901582 0.46936702728271484 0
1715019902072 0.4783968925476074 0
1715019902555 0.4712378978729248 0
1715019903040 0.4740729331970215 0
1715019903515 0.46346616744995117 0
1715019903997 0.4779789447784424 0
1715019904496 0.48582005500793457 0
1715019904989 0.48273396492004395 0
1715019905527 0.4675760269165039 0
1715019906011 0.4753458499908447 0
1715019906502 0.4795808792114258 0
1715019907001 0.4797489643096924 0
1715019907490 0.4785442352294922 0
1715019907985 0.48349690437316895 0
1715019908476 0.4806950092315674 0
1715019908982 0.49135375022888184 0
1715019909475 0.4842648506164551 0
1715019909966 0.47839784622192383 0
1715019910513 0.47182583808898926 0
1715019910995 0.4737100601196289 0
1715019911487 0.480694055557251 0
1715019911975 0.47783803939819336 0
1715019912462 0.476304292678833 0
1715019912951 0.47861814498901367 0
1715019913439 0.47831296920776367 0
1715019913931 0.47963500022888184 0
1715019914424 0.48084306716918945 0
1715019914919 0.4830641746520996 0
1715019915455 0.4645860195159912 0
1715019915939 0.47324180603027344 0
1715019916422 0.4716148376464844 0
1715019916907 0.47388792037963867 0
1715019917396 0.4786398410797119 0
1715019917883 0.475938081741333 0
1715019918353 0.45923304557800293 0
1715019918837 0.4802231788635254 0
1715019919326 0.47678685188293457 0
1715019919825 0.4893059730529785 0
1715019920372 0.47017788887023926 0
1715019920858 0.4752058982849121 0
1715019921349 0.4750192165374756 0
1715019921845 0.4776792526245117 0
1715019922336 0.4788069725036621 0
1715019922831 0.4819939136505127 0
1715019923327 0.4844949245452881 0
1715019923822 0.48299384117126465 0
1715019924315 0.480989933013916 0
1715019924811 0.48445892333984375 0
1715019925350 0.46829700469970703 0
1715019925835 0.47460079193115234 0
1715019926323 0.4743013381958008 0
1715019926809 0.4764699935913086 0
1715019927293 0.4730970859527588 0
1715019927778 0.4740629196166992 0
1715019928262 0.47284507751464844 0
1715019928751 0.478823184967041 0
1715019929234 0.4726579189300537 0
1715019929722 0.4773528575897217 0
1715019930256 0.4619472026824951 0
1715019930739 0.4746847152709961 0
1715019931223 0.4732930660247803 0
1715019931706 0.47220516204833984 0
1715019932190 0.47199511528015137 0
1715019932681 0.4797708988189697 0
1715019933164 0.46866297721862793 0
1715019933647 0.47115182876586914 0
1715019934133 0.4784672260284424 0
1715019934623 0.4800848960876465 0
1715019935171 0.4732480049133301 0
1715019935669 0.4887080192565918 0
1715019936158 0.4768679141998291 0
1715019936651 0.47962498664855957 0
1715019937163 0.5004117488861084 0
1715019937670 0.4949219226837158 0
1715019938172 0.48569273948669434 0
1715019938665 0.48256492614746094 0
1715019939167 0.4919748306274414 0
1715019939663 0.48131895065307617 0
1715019940208 0.4715728759765625 0
1715019940699 0.4807779788970947 0
1715019941194 0.4827308654785156 0
1715019941693 0.48317384719848633 0
1715019942185 0.48000264167785645 0
1715019942679 0.4843330383300781 0
1715019943173 0.4837069511413574 0
1715019943667 0.48171186447143555 0
1715019944153 0.47420597076416016 0
1715019944640 0.47721195220947266 0
1715019945180 0.4671790599822998 0
1715019945660 0.47028398513793945 0
1715019946144 0.47108006477355957 0
1715019946619 0.46254682540893555 0
1715019947104 0.47171902656555176 0
1715019947592 0.4757418632507324 0
1715019948079 0.475780725479126 0
1715019948559 0.46504712104797363 0
1715019949044 0.4795520305633545 0
1715019949534 0.4788069725036621 0
1715019950067 0.46565794944763184 0
1715019950553 0.4758012294769287 0
1715019951041 0.4754831790924072 0
1715019951539 0.48038792610168457 0
1715019952032 0.4832878112792969 0
1715019952526 0.4825739860534668 0
1715019953019 0.48209309577941895 0
1715019953515 0.4830589294433594 0
1715019954006 0.47914600372314453 0
1715019954492 0.4764280319213867 0
1715019955035 0.46370720863342285 0
1715019955515 0.4716043472290039 0
1715019955999 0.4730350971221924 0
1715019956488 0.47492504119873047 0
1715019956977 0.47722625732421875 0
1715019957469 0.4802999496459961 0
1715019957956 0.47466492652893066 0
1715019958445 0.4783296585083008 0
1715019958930 0.47428202629089355 0
1715019959421 0.4785499572753906 0
1715019960180 0.4771912097930908 0
1715019960658 0.46907711029052734 0
1715019961145 0.47408008575439453 0
1715019961617 0.46005916595458984 0
1715019962099 0.4709789752960205 0
1715019962582 0.4710578918457031 0
1715019963066 0.4732332229614258 0
1715019963531 0.4528219699859619 0
1715019964009 0.4743201732635498 0
1715019964513 0.48950695991516113 0
1715019965067 0.47400498390197754 0
1715019965567 0.486483097076416 0
1715019966059 0.48076796531677246 0
1715019966550 0.4812049865722656 0
1715019967048 0.4869809150695801 0
1715019967557 0.49121880531311035 0
1715019968057 0.48751020431518555 0
1715019968553 0.4839348793029785 0
1715019969047 0.48423194885253906 0
1715019969545 0.4869089126586914 0
1715019970088 0.4679532051086426 0
1715019970571 0.47240543365478516 0
1715019971056 0.47379112243652344 0
1715019971544 0.47635698318481445 0
1715019972037 0.48413801193237305 0
1715019972528 0.48015785217285156 0
1715019973019 0.47894287109375 0
1715019973512 0.4812748432159424 0
1715019974001 0.4760398864746094 0
1715019974495 0.4815812110900879 0
1715019975033 0.46515583992004395 0
1715019975515 0.4721999168395996 0
1715019975998 0.47302770614624023 0
1715019976482 0.4735250473022461 0
1715019976969 0.47541213035583496 0
1715019977455 0.47475385665893555 0
1715019977947 0.48074889183044434 0
1715019978420 0.4634239673614502 0
1715019978917 0.4930880069732666 0
1715019979413 0.4851717948913574 0
1715019979956 0.4692249298095703 0
1715019980441 0.47472429275512695 0
1715019980930 0.4766199588775635 0
1715019981420 0.4795668125152588 0
1715019981933 0.4994330406188965 0
1715019982427 0.4856529235839844 0
1715019982926 0.48771119117736816 0
1715019983420 0.4826781749725342 0
1715019983918 0.4859890937805176 0
1715019984418 0.4796292781829834 0
1715019984972 0.47670698165893555 0
1715019985452 0.47069692611694336 0
1715019985945 0.4799017906188965 0
1715019986439 0.48052191734313965 0
1715019986937 0.48588991165161133 0
1715019987423 0.4789702892303467 0
1715019987930 0.49317312240600586 0
1715019988436 0.49440503120422363 0
1715019988936 0.49021005630493164 0
1715019989438 0.4915590286254883 0
1715019989989 0.47515177726745605 0
1715019990487 0.48940515518188477 0
1715019990989 0.4912600517272949 0
1715019991493 0.4907960891723633 0
1715019992005 0.5000467300415039 0
1715019992493 0.4766578674316406 0
1715019992985 0.4845407009124756 0
1715019993466 0.46906495094299316 0
1715019993973 0.5032072067260742 0
1715019994465 0.48279285430908203 0
1715019995019 0.4712560176849365 0
1715019995504 0.4766509532928467 0
1715019995995 0.4812347888946533 0
1715019996490 0.4845609664916992 0
1715019996989 0.4864020347595215 0
1715019997499 0.49881482124328613 0
1715019998000 0.4842569828033447 0
1715019998494 0.4840352535247803 0
1715019998986 0.48201417922973633 0
1715019999482 0.4818851947784424 0
1715020000017 0.4654531478881836 0
1715020000501 0.4743056297302246 0
1715020000984 0.4723989963531494 0
1715020001470 0.47510600090026855 0
1715020001955 0.4748959541320801 0
1715020002444 0.47812318801879883 0
1715020002935 0.47995424270629883 0
1715020003425 0.47997164726257324 0
1715020003921 0.48201894760131836 0
1715020004398 0.4671468734741211 0
1715020004934 0.4631459712982178 0
1715020005408 0.46428394317626953 0
1715020005892 0.47255396842956543 0
1715020006379 0.47370100021362305 0
1715020006868 0.47719597816467285 0
1715020007362 0.4810199737548828 0
1715020007853 0.4792912006378174 0
1715020008320 0.4566841125488281 0
1715020008808 0.48284912109375 0
1715020009305 0.4842519760131836 0
1715020009852 0.47166991233825684 0
1715020010334 0.47286486625671387 0
1715020010824 0.47820425033569336 0
1715020011321 0.48695921897888184 0
1715020011814 0.48268818855285645 0
1715020012306 0.4787309169769287 0
1715020012811 0.4949769973754883 0
1715020013310 0.4893181324005127 0
1715020013810 0.4882068634033203 0
1715020014310 0.48876094818115234 0
1715020014867 0.47838711738586426 0
1715020015354 0.4765923023223877 0
1715020015832 0.46630287170410156 0
1715020016326 0.48242712020874023 0
1715020016820 0.4831678867340088 0
1715020017317 0.4854390621185303 0
1715020017811 0.4843008518218994 0
1715020018311 0.48839497566223145 0
1715020018785 0.4616069793701172 0
1715020019289 0.4996790885925293 0
1715020019850 0.48589324951171875 0
1715020020344 0.48375797271728516 0
1715020020858 0.49439501762390137 0
1715020021352 0.48058319091796875 0
1715020021843 0.48154211044311523 0
1715020022349 0.4903550148010254 0
1715020022862 0.49826693534851074 0
1715020023352 0.4782869815826416 0
1715020023858 0.5029220581054688 0
1715020024368 0.4977710247039795 0
1715020024946 0.504979133605957 0
1715020025450 0.494426965713501 0
1715020025956 0.48897218704223633 0
1715020026457 0.4889810085296631 0
1715020026953 0.4772930145263672 0
1715020027453 0.48903703689575195 0
1715020027960 0.49546313285827637 0
1715020028461 0.48972487449645996 0
1715020028960 0.48766326904296875 0
1715020029462 0.4920988082885742 0
1715020030003 0.47098422050476074 0
1715020030505 0.49309611320495605 0
1715020031015 0.49594783782958984 0
1715020031504 0.4783639907836914 0
1715020031999 0.4835832118988037 0
1715020032506 0.49277687072753906 0
1715020033000 0.4846038818359375 0
1715020033499 0.4883279800415039 0
1715020033997 0.486588716506958 0
1715020034490 0.4821460247039795 0
1715020035036 0.4754941463470459 0
1715020035521 0.47556209564208984 0
1715020036020 0.48739099502563477 0
1715020036517 0.4858849048614502 0
1715020037017 0.4908311367034912 0
1715020037542 0.48935770988464355 0
1715020038044 0.486116886138916 0
1715020038536 0.4824540615081787 0
1715020039034 0.4940378665924072 0
1715020039554 0.5061309337615967 0
1715020040133 0.49262309074401855 0
1715020040638 0.4963700771331787 0
1715020041155 0.5057699680328369 0
1715020041666 0.5002529621124268 0
1715020042173 0.4960458278656006 0
1715020042694 0.5103559494018555 0
1715020043205 0.5011980533599854 0
1715020043714 0.4977750778198242 0
1715020044227 0.5017991065979004 0
1715020044729 0.4924750328063965 0
1715020045291 0.4854140281677246 0
1715020045802 0.5004558563232422 0
1715020046304 0.48960089683532715 0
1715020046803 0.488980770111084 0
1715020047303 0.48943424224853516 0
1715020047802 0.48719167709350586 0
1715020048298 0.48451685905456543 0
1715020048799 0.49022984504699707 0
1715020049292 0.4833719730377197 0
1715020049802 0.49643993377685547 0
1715020050361 0.4834718704223633 0
1715020050862 0.4907088279724121 0
1715020051360 0.48423314094543457 0
1715020051866 0.49272823333740234 0
1715020052360 0.4836239814758301 0
1715020052862 0.4903717041015625 0
1715020053347 0.47185206413269043 0
1715020053851 0.5000488758087158 0
1715020054358 0.4945230484008789 0
1715020054865 0.49589085578918457 0
1715020055435 0.49236416816711426 0
1715020055937 0.49094295501708984 0
1715020056436 0.4896969795227051 0
1715020056933 0.48827528953552246 0
1715020057440 0.4963822364807129 0
1715020057945 0.49494409561157227 0
1715020058451 0.49560070037841797 0
1715020058956 0.4943978786468506 0
1715020059459 0.49288296699523926 0
1715020059970 0.5006148815155029 0
1715020060530 0.4899561405181885 0
1715020061026 0.48615097999572754 0
1715020061523 0.4855380058288574 0
1715020062023 0.48934102058410645 0
1715020062524 0.49091672897338867 0
1715020063031 0.493488073348999 0
1715020063534 0.49305295944213867 0
1715020064041 0.49643802642822266 0
1715020064543 0.4918229579925537 0
1715020065042 0.48836684226989746 0
1715020065598 0.4838259220123291 0
1715020066095 0.48540282249450684 0
1715020066594 0.48688268661499023 0
1715020067092 0.4875519275665283 0
1715020067592 0.48929882049560547 0
1715020068096 0.4939899444580078 0
1715020068578 0.4710719585418701 0
1715020069074 0.49024486541748047 0
1715020069587 0.4959559440612793 0
1715020070094 0.4957618713378906 0
1715020070651 0.4876270294189453 0
1715020071154 0.49340105056762695 0
1715020071655 0.4904811382293701 0
1715020072159 0.48807501792907715 0
1715020072668 0.49842095375061035 0
1715020073190 0.5074398517608643 0
1715020073708 0.5021800994873047 0
1715020074220 0.4994018077850342 0
1715020074729 0.49613094329833984 0
1715020075237 0.49370598793029785 0
1715020075797 0.4797649383544922 0
1715020076291 0.4847900867462158 0
1715020076797 0.4947049617767334 0
1715020077298 0.48996472358703613 0
1715020077796 0.4881601333618164 0
1715020078298 0.49071598052978516 0
1715020078803 0.49307703971862793 0
1715020079307 0.4918839931488037 0
1715020079806 0.4891550540924072 0
1715020080309 0.49160027503967285 0
1715020080855 0.47723817825317383 0
1715020081353 0.48886609077453613 0
1715020081856 0.4875190258026123 0
1715020082343 0.4773528575897217 0
1715020082842 0.4875319004058838 0
1715020083325 0.46936917304992676 0
1715020083827 0.49903416633605957 0
1715020084330 0.49203014373779297 0
1715020084840 0.49285078048706055 0
1715020085345 0.4923059940338135 0
1715020085899 0.47966599464416504 0
1715020086404 0.4935181140899658 0
1715020086891 0.47842907905578613 0
1715020087396 0.5014150142669678 0
1715020087943 0.507803201675415 0
1715020088456 0.5028131008148193 0
1715020088959 0.49283599853515625 0
1715020089470 0.4978623390197754 0
1715020089979 0.49666595458984375 0
1715020090487 0.49675607681274414 0
1715020091051 0.4904747009277344 0
1715020091552 0.4909210205078125 0
1715020092055 0.4916222095489502 0
1715020092554 0.4892911911010742 0
1715020093053 0.4886291027069092 0
1715020093557 0.4934258460998535 0
1715020094062 0.4927401542663574 0
1715020094563 0.4908139705657959 0
1715020095067 0.49393510818481445 0
1715020095573 0.49424099922180176 0
1715020096118 0.47655797004699707 0
1715020096619 0.4910411834716797 0
1715020097110 0.4805290699005127 0
1715020097609 0.48897695541381836 0
1715020098105 0.48407864570617676 0
1715020098578 0.4634397029876709 0
1715020099070 0.48775815963745117 0
1715020099575 0.49211597442626953 0
1715020100078 0.4905552864074707 0
1715020100580 0.4891839027404785 0
1715020101140 0.48095107078552246 0
1715020101638 0.4874138832092285 0
1715020102135 0.48717784881591797 0
1715020102626 0.479201078414917 0
1715020103130 0.49378299713134766 0
1715020103636 0.49506211280822754 0
1715020104141 0.4920496940612793 0
1715020104648 0.4953882694244385 0
1715020105153 0.49413180351257324 0
1715020105647 0.48349714279174805 0
1715020106186 0.4725480079650879 0
1715020106676 0.4800536632537842 0
1715020107163 0.4768640995025635 0
1715020107657 0.48133206367492676 0
1715020108150 0.4822561740875244 0
1715020108640 0.4766569137573242 0
1715020109132 0.48068809509277344 0
1715020109627 0.48374295234680176 0
1715020110119 0.4815399646759033 0
1715020110616 0.485349178314209 0
1715020111157 0.46868133544921875 0
1715020111641 0.4747450351715088 0
1715020112132 0.48050904273986816 0
1715020112620 0.47756385803222656 0
1715020113109 0.4787108898162842 0
1715020113583 0.46364784240722656 0
1715020114070 0.4813098907470703 0
1715020114568 0.48412489891052246 0
1715020115065 0.4860413074493408 0
1715020115560 0.48336291313171387 0
1715020116104 0.4715437889099121 0
1715020116601 0.48726820945739746 0
1715020117093 0.48197031021118164 0
1715020117586 0.48313283920288086 0
1715020118081 0.4847707748413086 0
1715020118581 0.48920488357543945 0
1715020119086 0.4908621311187744 0
1715020119580 0.48453307151794434 0
1715020120076 0.4841649532318115 0
1715020120581 0.49115896224975586 0
1715020121121 0.4679698944091797 0
1715020121601 0.47094202041625977 0
1715020122081 0.47023773193359375 0
1715020122566 0.4742922782897949 0
1715020123061 0.47768306732177734 0
1715020123554 0.48249292373657227 0
1715020124047 0.4820261001586914 0
1715020124527 0.4684762954711914 0
1715020125020 0.4807741641998291 0
1715020125518 0.48679184913635254 0
1715020126055 0.463651180267334 0
1715020126540 0.4754657745361328 0
1715020127028 0.4765920639038086 0
1715020127512 0.4698011875152588 0
1715020127998 0.4766101837158203 0
1715020128474 0.4629800319671631 0
1715020128965 0.48709607124328613 0
1715020129458 0.4843587875366211 0
1715020129962 0.4931960105895996 0
1715020130455 0.4814341068267822 0
1715020130995 0.4734201431274414 0
1715020131486 0.48145079612731934 0
1715020131978 0.48034000396728516 0
1715020132473 0.4830820560455322 0
1715020132964 0.4810640811920166 0
1715020133462 0.4864010810852051 0
1715020133949 0.4762918949127197 0
1715020134454 0.49330878257751465 0
1715020134956 0.49036288261413574 0
1715020135458 0.4899141788482666 0
1715020135997 0.46851515769958496 0
1715020136492 0.48499321937561035 0
1715020136979 0.4771249294281006 0
1715020137473 0.48210597038269043 0
1715020137966 0.48143506050109863 0
1715020138452 0.4824039936065674 0
1715020138961 0.4967916011810303 0
1715020139460 0.4908459186553955 0
1715020139963 0.4907848834991455 0
1715020140472 0.4985079765319824 0
1715020141031 0.48548388481140137 0
1715020141530 0.4901769161224365 0
1715020142032 0.4894368648529053 0
1715020142534 0.4897279739379883 0
1715020143033 0.4875800609588623 0
1715020143511 0.46873974800109863 0
1715020144002 0.48665404319763184 0
1715020144500 0.48773884773254395 0
1715020144996 0.4852921962738037 0
1715020145492 0.48591089248657227 0
1715020146034 0.473585844039917 0
1715020146523 0.48117995262145996 0
1715020147023 0.48969078063964844 0
1715020147518 0.4836418628692627 0
1715020148012 0.48392224311828613 0
1715020148502 0.4809257984161377 0
1715020148995 0.4821600914001465 0
1715020149492 0.4865288734436035 0
1715020149987 0.48214292526245117 0
1715020150478 0.47997593879699707 0
1715020151035 0.4626429080963135 0
1715020151516 0.4724390506744385 0
1715020152004 0.4717850685119629 0
1715020152487 0.47128987312316895 0
1715020152972 0.4755373001098633 0
1715020153451 0.46781229972839355 0
1715020153940 0.47850894927978516 0
1715020154430 0.48006415367126465 0
1715020154918 0.477125883102417 0
1715020155408 0.48073410987854004 0
1715020155947 0.46494293212890625 0
1715020156428 0.47332191467285156 0
1715020156918 0.47641801834106445 0
1715020157403 0.47285914421081543 0
1715020157890 0.4749739170074463 0
1715020158358 0.45644378662109375 0
1715020158846 0.4830310344696045 0
1715020159340 0.48244786262512207 0
1715020159831 0.48076796531677246 0
1715020160326 0.483396053314209 0
1715020160869 0.4667167663574219 0
1715020161357 0.47925496101379395 0
1715020161843 0.4767618179321289 0
1715020162332 0.4781796932220459 0
1715020162833 0.4863431453704834 0
1715020163331 0.48599982261657715 0
1715020163827 0.48602795600891113 0
1715020164322 0.4820678234100342 0
1715020164810 0.4772307872772217 0
1715020165301 0.48030996322631836 0
1715020165836 0.4636521339416504 0
1715020166318 0.4724690914154053 0
1715020166800 0.4708230495452881 0
1715020167287 0.47638607025146484 0
1715020167772 0.47451305389404297 0
1715020168260 0.47598886489868164 0
1715020168746 0.4756932258605957 0
1715020169221 0.4648430347442627 0
1715020169713 0.47780394554138184 0
1715020170206 0.48270297050476074 0
1715020170738 0.46048879623413086 0
1715020171223 0.4758028984069824 0
1715020171683 0.44960713386535645 0
1715020172165 0.47847819328308105 0
1715020172658 0.4821135997772217 0
1715020173152 0.48202967643737793 0
1715020173638 0.47421693801879883 0
1715020174130 0.4834301471710205 0
1715020174656 0.5068788528442383 0
1715020175158 0.49299001693725586 0
1715020175718 0.482266902923584 0
1715020176213 0.4857058525085449 0
1715020176712 0.4829981327056885 0
1715020177210 0.4878690242767334 0
1715020177712 0.4898080825805664 0
1715020178215 0.4923720359802246 0
1715020178719 0.49291014671325684 0
1715020179222 0.492995023727417 0
1715020179722 0.4881870746612549 0
1715020180216 0.4812133312225342 0
1715020180753 0.4672207832336426 0
1715020181239 0.4776880741119385 0
1715020181725 0.47304868698120117 0
1715020182210 0.4734330177307129 0
1715020182694 0.47365903854370117 0
1715020183181 0.47754406929016113 0
1715020183664 0.47280097007751465 0
1715020184142 0.4672369956970215 0
1715020184628 0.47516703605651855 0
1715020185120 0.48160696029663086 0
1715020185680 0.4650838375091553 0
1715020186157 0.46796202659606934 0
1715020186642 0.4742720127105713 0
1715020187150 0.49880290031433105 0
1715020187644 0.47731709480285645 0
1715020188131 0.4769480228424072 0
1715020188608 0.4655568599700928 0
1715020189121 0.5053198337554932 0
1715020189626 0.4943399429321289 0
1715020190124 0.4877948760986328 0
1715020190681 0.4734041690826416 0
1715020191175 0.4860551357269287 0
1715020191673 0.48253393173217773 0
1715020192171 0.4872770309448242 0
1715020192667 0.48494505882263184 0
1715020193165 0.48465418815612793 0
1715020193667 0.48708605766296387 0
1715020194160 0.4835219383239746 0
1715020194655 0.4840710163116455 0
1715020195148 0.4832460880279541 0
1715020195686 0.46560096740722656 0
1715020196168 0.4729800224304199 0
1715020196651 0.4709808826446533 0
1715020197139 0.4789009094238281 0
1715020197623 0.47115492820739746 0
1715020198113 0.4775688648223877 0
1715020198603 0.4770839214324951 0
1715020199096 0.48131299018859863 0
1715020199582 0.4759659767150879 0
1715020200076 0.48169708251953125 0
1715020200610 0.4628942012786865 0
1715020201090 0.4712100028991699 0
1715020201579 0.4742238521575928 0
1715020202062 0.46880602836608887 0
1715020202541 0.4678959846496582 0
1715020203030 0.477797269821167 0
1715020203500 0.4635798931121826 0
1715020203992 0.48755669593811035 0
1715020204496 0.49520015716552734 0
1715020205003 0.49625706672668457 0
1715020205580 0.4944908618927002 0
1715020206097 0.5000410079956055 0
1715020206603 0.49332714080810547 0
1715020207116 0.5027308464050293 0
1715020207629 0.5007071495056152 0
1715020208149 0.5099039077758789 0
1715020208655 0.4963521957397461 0
1715020209157 0.490856409072876 0
1715020209659 0.49260592460632324 0
1715020210167 0.500295877456665 0
1715020210728 0.4850120544433594 0
1715020211227 0.4904899597167969 0
1715020211724 0.485994815826416 0
1715020212231 0.4947021007537842 0
1715020212736 0.4928431510925293 0
1715020213241 0.4949941635131836 0
1715020213738 0.4848148822784424 0
1715020214250 0.5009310245513916 0
1715020214748 0.4891951084136963 0
1715020215250 0.4907197952270508 0
1715020215787 0.46848368644714355 0
1715020216277 0.47986602783203125 0
1715020216748 0.4611051082611084 0
1715020217230 0.4747037887573242 0
1715020217719 0.47823286056518555 0
1715020218211 0.48216915130615234 0
1715020218700 0.4784128665924072 0
1715020219193 0.4833028316497803 0
1715020219685 0.4811971187591553 0
1715020220184 0.48211097717285156 0
1715020220740 0.47368788719177246 0
1715020221226 0.4775242805480957 0
1715020221710 0.4741182327270508 0
1715020222210 0.4864630699157715 0
1715020222698 0.4772467613220215 0
1715020223189 0.48142004013061523 0
1715020223685 0.479511022567749 0
1715020224177 0.4792358875274658 0
1715020224680 0.49082422256469727 0
1715020225181 0.4883911609649658 0
1715020225732 0.47830986976623535 0
1715020226217 0.4777991771697998 0
1715020226706 0.47719883918762207 0
1715020227204 0.4855380058288574 0
1715020227696 0.48076915740966797 0
1715020228195 0.48642897605895996 0
1715020228686 0.478971004486084 0
1715020229180 0.4829740524291992 0
1715020229677 0.48482203483581543 0
1715020230174 0.48431992530822754 0
1715020230990 0.4854910373687744 0
1715020231473 0.47352027893066406 0
1715020231951 0.46941304206848145 0
1715020232434 0.46655893325805664 0
1715020232911 0.46623992919921875 0
1715020233372 0.45150279998779297 0
1715020233853 0.47582006454467773 0
1715020234350 0.48270201683044434 0
1715020234837 0.4748218059539795 0
1715020235324 0.4758760929107666 0
1715020235872 0.4669508934020996 0
1715020236368 0.4896070957183838 0
1715020236858 0.48114514350891113 0
1715020237377 0.5075058937072754 0
1715020237907 0.5057210922241211 0
1715020238419 0.4974379539489746 0
1715020238926 0.49590015411376953 0
1715020239434 0.49742698669433594 0
1715020239941 0.49471426010131836 0
1715020240458 0.4966440200805664 0
1715020241017 0.4826028347015381 0
1715020241513 0.4865121841430664 0
1715020242009 0.48430800437927246 0
1715020242505 0.4860818386077881 0
1715020243001 0.48532891273498535 0
1715020243497 0.48431825637817383 0
1715020243992 0.4836900234222412 0
1715020244487 0.48493123054504395 0
1715020244980 0.48284125328063965 0
1715020245467 0.4754817485809326 0
1715020246002 0.46652793884277344 0
1715020246490 0.4790968894958496 0
1715020246977 0.47417402267456055 0
1715020247468 0.4799950122833252 0
1715020247960 0.4803481101989746 0
1715020248429 0.45909905433654785 0
1715020248914 0.48200130462646484 0
1715020249414 0.4894537925720215 0
1715020249906 0.48252224922180176 0
1715020250404 0.4883451461791992 0
1715020250957 0.4777350425720215 0
1715020251448 0.4805018901824951 0
1715020251947 0.48679590225219727 0
1715020252447 0.48934507369995117 0
1715020252939 0.4810678958892822 0
1715020253430 0.4795069694519043 0
1715020253931 0.4904329776763916 0
1715020254430 0.4879157543182373 0
1715020254929 0.4876668453216553 0
1715020255420 0.47996091842651367 0
1715020255966 0.469606876373291 0
1715020256451 0.47617626190185547 0
1715020256939 0.47734904289245605 0
1715020257432 0.48004603385925293 0
1715020257921 0.4777219295501709 0
1715020258412 0.48015379905700684 0
1715020258904 0.4808769226074219 0
1715020259399 0.4829680919647217 0
1715020259890 0.4799058437347412 0
1715020260385 0.4843881130218506 0
1715020260929 0.4753899574279785 0
1715020261417 0.47763895988464355 0
1715020261905 0.47632884979248047 0
1715020262392 0.4769899845123291 0
1715020262886 0.4833638668060303 0
1715020263365 0.4691150188446045 0
1715020263853 0.48360180854797363 0
1715020264349 0.4846651554107666 0
1715020264847 0.4869389533996582 0
1715020265343 0.48625612258911133 0
1715020265891 0.473376989364624 0
1715020266382 0.48039889335632324 0
1715020266866 0.4742460250854492 0
1715020267364 0.4870779514312744 0
1715020267862 0.4875810146331787 0
1715020268362 0.4895050525665283 0
1715020268857 0.4827547073364258 0
1715020269355 0.48779821395874023 0
1715020269851 0.48561692237854004 0
1715020270347 0.48400306701660156 0
1715020270897 0.46651291847229004 0
1715020271387 0.48111581802368164 0
1715020271879 0.47858095169067383 0
1715020272369 0.4803452491760254 0
1715020272863 0.4833250045776367 0
1715020273359 0.485698938369751 0
1715020273857 0.4869539737701416 0
1715020274353 0.4845108985900879 0
1715020274842 0.47905397415161133 0
1715020275350 0.4969170093536377 0
1715020275885 0.46936988830566406 0
1715020276370 0.4763009548187256 0
1715020276858 0.47960925102233887 0
1715020277342 0.4716510772705078 0
1715020277830 0.4800739288330078 0
1715020278305 0.46596693992614746 0
1715020278803 0.49311089515686035 0
1715020279311 0.49151015281677246 0
1715020279805 0.48363184928894043 0
1715020280298 0.4822821617126465 0
1715020280870 0.480133056640625 0
1715020281373 0.4913170337677002 0
1715020281870 0.4855959415435791 0
1715020282365 0.485943078994751 0
1715020282862 0.4862039089202881 0
1715020283369 0.4925730228424072 0
1715020283869 0.4890120029449463 0
1715020284384 0.5013549327850342 0
1715020284885 0.49155688285827637 0
1715020285383 0.4863920211791992 0
1715020285927 0.4722590446472168 0
1715020286412 0.4762599468231201 0
1715020286915 0.493602991104126 0
1715020287416 0.49463510513305664 0
1715020287920 0.4906609058380127 0
1715020288420 0.48920416831970215 0
1715020288923 0.4915030002593994 0
1715020289430 0.4953038692474365 0
1715020289944 0.5023469924926758 0
1715020290464 0.5114498138427734 0
1715020291061 0.5029351711273193 0
1715020291561 0.4913640022277832 0
1715020292059 0.4878242015838623 0
1715020292546 0.4753890037536621 0
1715020293041 0.48784589767456055 0
1715020293522 0.4710829257965088 0
1715020294022 0.4964110851287842 0
1715020294539 0.5049810409545898 0
1715020295043 0.4933199882507324 0
1715020295547 0.49131011962890625 0
1715020296104 0.4796631336212158 0
1715020296597 0.483579158782959 0
1715020297096 0.48497605323791504 0
1715020297599 0.49004697799682617 0
1715020298098 0.4828171730041504 0
1715020298597 0.4883279800415039 0
1715020299094 0.48363804817199707 0
1715020299595 0.488173246383667 0
1715020300090 0.48350024223327637 0
1715020300590 0.4880509376525879 0
1715020301142 0.46711206436157227 0
1715020301628 0.47632288932800293 0
1715020302118 0.4795956611633301 0
1715020302603 0.4740738868713379 0
1715020303101 0.4849720001220703 0
1715020303597 0.48364806175231934 0
1715020304089 0.480623722076416 0
1715020304586 0.48703813552856445 0
1715020305083 0.48432302474975586 0
1715020305581 0.48715782165527344 0
1715020306127 0.47185564041137695 0
1715020306620 0.48333311080932617 0
1715020307097 0.4664609432220459 0
1715020307594 0.48302507400512695 0
1715020308084 0.47989988327026367 0
1715020308563 0.4681568145751953 0
1715020309056 0.48751282691955566 0
1715020309561 0.4928288459777832 0
1715020310061 0.4900050163269043 0
1715020310565 0.4928441047668457 0
1715020311113 0.4773728847503662 0
1715020311610 0.4877660274505615 0
1715020312107 0.4861481189727783 0
1715020312608 0.48941588401794434 0
1715020313110 0.4905719757080078 0
1715020313609 0.4883577823638916 0
1715020314110 0.4905588626861572 0
1715020314609 0.4882078170776367 0
1715020315101 0.4827127456665039 0
1715020315598 0.486771821975708 0
1715020316146 0.4738631248474121 0
1715020316635 0.4792661666870117 0
1715020317123 0.47773098945617676 0
1715020317618 0.484163761138916 0
1715020318111 0.48080921173095703 0
1715020318609 0.4850311279296875 0
1715020319105 0.4824390411376953 0
1715020319596 0.4809839725494385 0
1715020320087 0.4800889492034912 0
1715020320589 0.4964017868041992 0
1715020321135 0.47596311569213867 0
1715020321636 0.4899318218231201 0
1715020322157 0.5033450126647949 0
1715020322663 0.49902796745300293 0
1715020323162 0.4864671230316162 0
1715020323670 0.4986569881439209 0
1715020324185 0.5065047740936279 0
1715020324707 0.5109460353851318 0
1715020325241 0.5131146907806396 0
1715020325757 0.5066051483154297 0
1715020326345 0.49222588539123535 0
1715020326882 0.5255491733551025 0
1715020327398 0.5068297386169434 0
1715020327908 0.4997889995574951 0
1715020328442 0.5085597038269043 0
1715020328986 0.5058190822601318 0
1715020329488 0.49135899543762207 0
1715020330002 0.5029089450836182 0
1715020330512 0.5005559921264648 0
1715020331027 0.504014253616333 0
1715020331595 0.49124598503112793 0
1715020332099 0.4928712844848633 0
1715020332609 0.5009150505065918 0
1715020333125 0.5070130825042725 0
1715020333634 0.5006799697875977 0
1715020334148 0.5036139488220215 0
1715020334654 0.49333620071411133 0
1715020335172 0.5010392665863037 0
1715020335686 0.4971950054168701 0
1715020336196 0.4969000816345215 0
1715020336742 0.46294307708740234 0
1715020337232 0.48610901832580566 0
1715020337721 0.4774949550628662 0
1715020338238 0.507929801940918 0
1715020338749 0.49434781074523926 0
1715020339272 0.5088918209075928 0
1715020339802 0.5171468257904053 0
1715020340338 0.5241868495941162 0
1715020340863 0.5157232284545898 0
1715020341401 0.5270249843597412 0
1715020341985 0.5174400806427002 0
1715020342512 0.5149779319763184 0
1715020343044 0.5259149074554443 0
1715020343583 0.5209341049194336 0
1715020344118 0.5256812572479248 0
1715020344657 0.5279960632324219 0
1715020345199 0.5294148921966553 0
1715020345742 0.5311198234558105 0
1715020346262 0.5072059631347656 0
1715020346789 0.5140552520751953 0
1715020347367 0.4957120418548584 0
1715020347872 0.493929386138916 0
1715020348368 0.4841289520263672 0
1715020348853 0.47536611557006836 0
1715020349351 0.48686790466308594 0
1715020349848 0.48541712760925293 0
1715020350338 0.478442907333374 0
1715020350831 0.4814720153808594 0
1715020351318 0.4765360355377197 0
1715020351805 0.4772670269012451 0
1715020352344 0.4719991683959961 0
1715020352831 0.47669219970703125 0
1715020353320 0.4763200283050537 0
1715020353809 0.47947120666503906 0
1715020354298 0.4780080318450928 0
1715020354790 0.48173999786376953 0
1715020355290 0.489116907119751 0
1715020355784 0.4840421676635742 0
1715020356280 0.485476016998291 0
1715020356776 0.4841289520263672 0
1715020357318 0.4708428382873535 0
1715020357811 0.48305225372314453 0
1715020358305 0.4826548099517822 0
1715020358794 0.47704315185546875 0
1715020359288 0.48357486724853516 0
1715020359777 0.47619080543518066 0
1715020360272 0.4817221164703369 0
1715020360766 0.48322319984436035 0
1715020361260 0.4828970432281494 0
1715020361756 0.48591113090515137 0
1715020362294 0.4686751365661621 0
1715020362773 0.4700777530670166 0
1715020363277 0.48892807960510254 0
1715020363777 0.49025702476501465 0
1715020364285 0.49805688858032227 0
1715020364801 0.5045952796936035 0
1715020365300 0.489001989364624 0
1715020365813 0.5034031867980957 0
1715020366316 0.4929029941558838 0
1715020366855 0.5351681709289551 0
1715020367448 0.4977409839630127 0
1715020367958 0.5010743141174316 0
1715020368490 0.5129990577697754 0
1715020369016 0.5115680694580078 0
1715020369541 0.5133359432220459 0
1715020370071 0.5193428993225098 0
1715020370593 0.511021614074707 0
1715020371119 0.5127499103546143 0
1715020371645 0.5160908699035645 0
1715020372161 0.5067331790924072 0
1715020372709 0.48080992698669434 0
1715020373238 0.5182139873504639 0
1715020373745 0.4985387325286865 0
1715020374263 0.5080268383026123 0
1715020374770 0.49430131912231445 0
1715020375271 0.4884190559387207 0
1715020375776 0.4983711242675781 0
1715020376287 0.4931211471557617 0
1715020376789 0.49045729637145996 0
1715020377298 0.4963500499725342 0
1715020377847 0.4765329360961914 0
1715020378343 0.48432111740112305 0
1715020378846 0.49271512031555176 0
1715020379350 0.4920198917388916 0
1715020379851 0.4906759262084961 0
1715020380358 0.49550795555114746 0
1715020380862 0.49326324462890625 0
1715020381359 0.4852619171142578 0
1715020381859 0.4891989231109619 0
1715020382362 0.4908101558685303 0
1715020382903 0.4734959602355957 0
1715020383390 0.4789278507232666 0
1715020383883 0.4812049865722656 0
1715020384376 0.48133397102355957 0
1715020384866 0.4791290760040283 0
1715020385361 0.4848771095275879 0
1715020385852 0.4807591438293457 0
1715020386349 0.4850130081176758 0
1715020386843 0.48444294929504395 0
1715020387335 0.4798550605773926 0
1715020387872 0.46643781661987305 0
1715020388362 0.4806399345397949 0
1715020388839 0.4672548770904541 0
1715020389328 0.48241615295410156 0
1715020389828 0.4893310070037842 0
1715020390334 0.49223899841308594 0
1715020390831 0.48805904388427734 0
1715020391332 0.48782992362976074 0
1715020391831 0.48732900619506836 0
1715020392336 0.49568724632263184 0
1715020392885 0.47511887550354004 0
1715020393377 0.4831409454345703 0
1715020393862 0.4733572006225586 0
1715020394358 0.48331403732299805 0
1715020394854 0.48638105392456055 0
1715020395355 0.4905362129211426 0
1715020395859 0.4912581443786621 0
1715020396363 0.4914820194244385 0
1715020396852 0.4790821075439453 0
1715020397352 0.48984479904174805 0
1715020397893 0.4728677272796631 0
1715020398385 0.48242807388305664 0
1715020398876 0.48098325729370117 0
1715020399363 0.4760870933532715 0
1715020399863 0.4875950813293457 0
1715020400360 0.48439908027648926 0
1715020400856 0.48454809188842773 0
1715020401355 0.48662400245666504 0
1715020401848 0.48245811462402344 0
1715020402340 0.48200082778930664 0
1715020402890 0.4783961772918701 0
1715020403395 0.4905738830566406 0
1715020403887 0.4793698787689209 0
1715020404441 0.5445332527160645 0
1715020404952 0.5001628398895264 0
1715020405453 0.49126386642456055 0
1715020405961 0.4945340156555176 0
1715020406475 0.508997917175293 0
1715020407030 0.542104959487915 0
1715020407544 0.50543212890625 0
1715020408138 0.5116710662841797 0
1715020408672 0.5231099128723145 0
1715020409194 0.5141229629516602 0
1715020409728 0.5263371467590332 0
1715020410282 0.5403778553009033 0
1715020410814 0.5214049816131592 0
1715020411350 0.5241100788116455 0
1715020411883 0.5219771862030029 0
1715020412408 0.5145306587219238 0
1715020412935 0.5165488719940186 0
1715020413501 0.4942326545715332 0
1715020414003 0.49149298667907715 0
1715020414505 0.4904909133911133 0
1715020415004 0.49006009101867676 0
1715020415490 0.47504186630249023 0
1715020415985 0.48246073722839355 0
1715020416473 0.47815823554992676 0
1715020416965 0.48067307472229004 0
1715020417458 0.48327183723449707 0
1715020417943 0.47606825828552246 0
1715020418474 0.4666309356689453 0
1715020418960 0.4764389991760254 0
1715020419447 0.47614121437072754 0
1715020419948 0.4902510643005371 0
1715020420444 0.4867720603942871 0
1715020420948 0.49242591857910156 0
1715020421457 0.49223828315734863 0
1715020421969 0.4934389591217041 0
1715020422471 0.4902799129486084 0
1715020422986 0.5037410259246826 0
1715020423524 0.46741390228271484 0
1715020424010 0.47666406631469727 0
1715020424490 0.46944093704223633 0
1715020424986 0.48480987548828125 0
1715020425482 0.4840848445892334 0
1715020425980 0.4883389472961426 0
1715020426479 0.4881021976470947 0
1715020426976 0.48637890815734863 0
1715020427474 0.4882538318634033 0
1715020427972 0.4873981475830078 0
1715020428513 0.47355198860168457 0
1715020429003 0.4804859161376953 0
1715020429526 0.5125401020050049 0
1715020430034 0.49779367446899414 0
1715020430535 0.4913158416748047 0
1715020431082 0.519085168838501 0
1715020431594 0.5039620399475098 0
1715020432121 0.5180060863494873 0
1715020432653 0.5016839504241943 0
1715020433173 0.50850510597229 0
1715020433753 0.5088069438934326 0
1715020434280 0.5170621871948242 0
1715020434804 0.5125160217285156 0
1715020435348 0.52590012550354 0
1715020435882 0.5210638046264648 0
1715020436420 0.5277602672576904 0
1715020436953 0.5204019546508789 0
1715020437476 0.5110070705413818 0
1715020438001 0.5142190456390381 0
1715020438520 0.5061838626861572 0
1715020439101 0.5013697147369385 0
1715020439593 0.48157382011413574 0
1715020440099 0.49732470512390137 0
1715020440618 0.5081789493560791 0
1715020441143 0.5097579956054688 0
1715020441664 0.5132930278778076 0
1715020442178 0.5032141208648682 0
1715020442693 0.5022108554840088 0
1715020443200 0.49501609802246094 0
1715020443720 0.5047197341918945 0
1715020444293 0.4943878650665283 0
1715020444805 0.5007219314575195 0
1715020445312 0.4967992305755615 0
1715020445821 0.4978213310241699 0
1715020446330 0.49767613410949707 0
1715020446855 0.5137579441070557 0
1715020447376 0.5091540813446045 0
1715020447889 0.503389835357666 0
1715020448394 0.49381399154663086 0
1715020448887 0.4810969829559326 0
1715020449429 0.4740872383117676 0
1715020449918 0.4801802635192871 0
1715020450419 0.48904895782470703 0
1715020450901 0.47287678718566895 0
1715020451394 0.4811098575592041 0
1715020451886 0.48125576972961426 0
1715020452378 0.4807298183441162 0
1715020452876 0.4880177974700928 0
1715020453371 0.48246097564697266 0
1715020453862 0.4800581932067871 0
1715020454393 0.46519017219543457 0
1715020454882 0.4800252914428711 0
1715020455372 0.47853899002075195 0
1715020455859 0.47668910026550293 0
1715020456347 0.47835421562194824 0
1715020456836 0.4786849021911621 0
1715020457329 0.48049092292785645 0
1715020457822 0.48400092124938965 0
1715020458315 0.48348307609558105 0
1715020458811 0.4850130081176758 0
1715020459353 0.46868014335632324 0
1715020459837 0.47496771812438965 0
1715020460331 0.48229455947875977 0
1715020460823 0.480471134185791 0
1715020461312 0.47699880599975586 0
1715020461803 0.48099184036254883 0
1715020462295 0.48189687728881836 0
1715020462789 0.4819037914276123 0
1715020463288 0.4861278533935547 0
1715020463781 0.4812018871307373 0
1715020464317 0.46785402297973633 0
1715020464806 0.4800419807434082 0
1715020465294 0.47708892822265625 0
1715020465782 0.4766578674316406 0
1715020466272 0.4808640480041504 0
1715020466763 0.48036813735961914 0
1715020467255 0.48088598251342773 0
1715020467746 0.4817159175872803 0
1715020468242 0.4847118854522705 0
1715020468736 0.4828028678894043 0
1715020469276 0.47118163108825684 0
1715020469764 0.47801804542541504 0
1715020470248 0.47366905212402344 0
1715020470739 0.48058414459228516 0
1715020471224 0.4737999439239502 0
1715020471718 0.48200130462646484 0
1715020472205 0.4769608974456787 0
1715020472713 0.5037248134613037 0
1715020473228 0.5047540664672852 0
1715020473740 0.5034167766571045 0
1715020474308 0.49221014976501465 0
1715020474847 0.5298130512237549 0
1715020475380 0.5244340896606445 0
1715020475922 0.5296690464019775 0
1715020476459 0.5256531238555908 0
1715020477018 0.5480129718780518 0
1715020477591 0.5435018539428711 0
1715020478155 0.5530319213867188 0
1715020478706 0.5414659976959229 0
1715020479268 0.550163984298706 0
1715020479885 0.5393538475036621 0
1715020480428 0.5310781002044678 0
1715020480959 0.5200061798095703 0
1715020481490 0.5210239887237549 0
1715020482010 0.5055670738220215 0
1715020482531 0.509354829788208 0
1715020483039 0.49701809883117676 0
1715020483542 0.49042510986328125 0
1715020484035 0.4800758361816406 0
1715020484525 0.47774386405944824 0
1715020485053 0.4611690044403076 0
1715020485533 0.4704630374908447 0
1715020486017 0.4732499122619629 0
1715020486498 0.46930885314941406 0
1715020486981 0.4719998836517334 0
1715020487458 0.46671199798583984 0
1715020487948 0.47823500633239746 0
1715020488441 0.48203015327453613 0
1715020488932 0.4801609516143799 0
1715020489424 0.48116302490234375 0
1715020489967 0.4666321277618408 0
1715020490449 0.47353506088256836 0
1715020490935 0.47443461418151855 0
1715020491428 0.48286986351013184 0
1715020491916 0.47603893280029297 0
1715020492411 0.4902958869934082 0
1715020492918 0.492246150970459 0
1715020493417 0.48775410652160645 0
1715020493924 0.49335193634033203 0
1715020494433 0.498096227645874 0
1715020494974 0.47206902503967285 0
1715020495473 0.489307165145874 0
1715020495971 0.48771095275878906 0
1715020496470 0.4865269660949707 0
1715020496999 0.5185081958770752 0
1715020497507 0.5031659603118896 0
1715020498012 0.49207496643066406 0
1715020498526 0.50180983543396 0
1715020499051 0.5215911865234375 0
1715020499577 0.5154633522033691 0
1715020500172 0.5026981830596924 0
1715020500701 0.5191531181335449 0
1715020501222 0.5112090110778809 0
1715020501753 0.5198709964752197 0
1715020502301 0.5266790390014648 0
1715020502863 0.5501708984375 0
1715020503409 0.5367488861083984 0
1715020503940 0.5197241306304932 0
1715020504474 0.5162570476531982 0
1715020505010 0.5229899883270264 0
1715020505582 0.49857401847839355 0
1715020506095 0.5030510425567627 0
1715020506604 0.4972059726715088 0
1715020507113 0.491131067276001 0
1715020507613 0.4875178337097168 0
1715020508130 0.4940061569213867 0
1715020508645 0.5022971630096436 0
1715020509162 0.5029292106628418 0
1715020509660 0.4865858554840088 0
1715020510161 0.48865270614624023 0
1715020510703 0.46467113494873047 0
1715020511191 0.4790019989013672 0
1715020511684 0.47994017601013184 0
1715020512174 0.4793078899383545 0
1715020512669 0.4835798740386963 0
1715020513167 0.48694300651550293 0
1715020513665 0.48673462867736816 0
1715020514162 0.48701000213623047 0
1715020514655 0.48426103591918945 0
1715020515152 0.48549890518188477 0
1715020515700 0.47720789909362793 0
1715020516181 0.4701099395751953 0
1715020516674 0.4806091785430908 0
1715020517170 0.48426103591918945 0
1715020517671 0.4910850524902344 0
1715020518206 0.5222651958465576 0
1715020518700 0.4817678928375244 0
1715020519214 0.5033719539642334 0
1715020519739 0.5194811820983887 0
1715020520252 0.5048861503601074 0
1715020520841 0.500216007232666 0
1715020521350 0.5000288486480713 0
1715020521869 0.5077402591705322 0
1715020522393 0.5076987743377686 0
1715020522932 0.5276350975036621 0
1715020523471 0.5273780822753906 0
1715020524005 0.5245711803436279 0
1715020524543 0.5228772163391113 0
1715020525075 0.5176808834075928 0
1715020525608 0.519294023513794 0
1715020526179 0.4944267272949219 0
1715020526683 0.49336767196655273 0
1715020527184 0.4896109104156494 0
1715020527690 0.49427199363708496 0
1715020528192 0.491070032119751 0
1715020528694 0.4898390769958496 0
1715020529192 0.48569798469543457 0
1715020529691 0.4840128421783447 0
1715020530183 0.48131299018859863 0
1715020530675 0.48073697090148926 0
1715020531212 0.4659898281097412 0
1715020531694 0.47313570976257324 0
1715020532179 0.47460293769836426 0
1715020532670 0.480510950088501 0
1715020533158 0.4773828983306885 0
1715020533653 0.4843320846557617 0
1715020534142 0.4792599678039551 0
1715020534641 0.48826122283935547 0
1715020535159 0.5117669105529785 0
1715020535666 0.4970080852508545 0
1715020536240 0.47449493408203125 0
1715020536742 0.493149995803833 0
1715020537266 0.5110111236572266 0
1715020537772 0.49462413787841797 0
1715020538286 0.5024230480194092 0
1715020538797 0.5000600814819336 0
1715020539315 0.5051310062408447 0
1715020539822 0.49662113189697266 0
1715020540347 0.5171000957489014 0
1715020540860 0.5039598941802979 0
1715020541448 0.4902958869934082 0
1715020541966 0.507378101348877 0
1715020542473 0.496035099029541 0
1715020542986 0.5014619827270508 0
1715020543500 0.5090899467468262 0
1715020544018 0.5083849430084229 0
1715020544543 0.508101224899292 0
1715020545066 0.510321855545044 0
1715020545583 0.5055510997772217 0
1715020546108 0.509023904800415 0
1715020546671 0.4871039390563965 0
1715020547181 0.4992959499359131 0
1715020547680 0.48955297470092773 0
1715020548183 0.49150896072387695 0
1715020548723 0.5281169414520264 0
1715020549311 0.584587574005127 0
1715020549829 0.5094280242919922 0
1715020550326 0.4920639991760254 0
1715020550840 0.509361982345581 0
1715020551370 0.5204789638519287 0
1715020551939 0.5005240440368652 0
