1716296754315 1.0 0
1716296754926 2.0 0
1716296755542 3.0 0
1716296756079 4.0 0
1716296756663 5.0 0
1716296757211 6.0 0
1716296757750 7.0 0
1716296758281 8.0 0
1716296758849 9.0 0
1716296759438 10.0 0
1716296766824 11.0 0
1716296767399 12.0 0
1716296767935 13.0 0
1716296768488 14.0 0
1716296769037 15.0 0
1716296769584 16.0 0
1716296770148 17.0 0
1716296770734 18.0 0
1716296771342 19.0 0
1716296772016 20.0 0
1716296777502 21.0 0
1716296778008 22.0 0
1716296778507 23.0 0
1716296779009 24.0 0
1716296779543 25.0 0
1716296780078 26.0 0
1716296780628 27.0 0
1716296781230 28.0 0
1716296781828 29.0 0
1716296782438 30.0 0
1716296787625 31.0 0
1716296788118 32.0 0
1716296788626 33.0 0
1716296789135 34.0 0
1716296789666 35.0 0
1716296790216 36.0 0
1716296790792 37.0 0
1716296791449 38.0 0
1716296792031 39.0 0
1716296792616 40.0 0
1716296797869 41.0 0
1716296798372 42.0 0
1716296798880 43.0 0
1716296799411 44.0 0
1716296799947 45.0 0
1716296800498 46.0 0
1716296801073 47.0 0
1716296801656 48.0 0
1716296802252 49.0 0
1716296802889 50.0 0
1716296808300 51.0 0
1716296808797 52.0 0
1716296809301 53.0 0
1716296809803 54.0 0
1716296810345 55.0 0
1716296810903 56.0 0
1716296811486 57.0 0
1716296812071 58.0 0
1716296812673 59.0 0
1716296813309 60.0 0
1716296818899 61.0 0
1716296819392 62.0 0
1716296819899 63.0 0
1716296820438 64.0 0
1716296820990 65.0 0
1716296821556 66.0 0
1716296822134 67.0 0
1716296822742 68.0 0
1716296823382 69.0 0
1716296824062 70.0 0
1716296828694 71.0 0
1716296829186 72.0 0
1716296829701 73.0 0
1716296830229 74.0 0
1716296830784 75.0 0
1716296831366 76.0 0
1716296831966 77.0 0
1716296832596 78.0 0
1716296833292 79.0 0
1716296834124 80.0 0
1716296839906 81.0 0
1716296840408 82.0 0
1716296840919 83.0 0
1716296841463 84.0 0
1716296842027 85.0 0
1716296842621 86.0 0
1716296843236 87.0 0
1716296843931 88.0 0
1716296844728 89.0 0
1716296845972 90.0 0
1716296852534 91.0 0
1716296853031 92.0 0
1716296853546 93.0 0
1716296854090 94.0 0
1716296854640 95.0 0
1716296855215 96.0 0
1716296855822 97.0 0
1716296856482 98.0 0
1716296857199 99.0 0
1716296858028 100.0 0
1716296864206 101.0 0
1716296864702 102.0 0
1716296865237 103.0 0
1716296865777 104.0 0
1716296866334 105.0 0
1716296866905 106.0 0
1716296867511 107.0 0
1716296868155 108.0 0
1716296868853 109.0 0
1716296869694 110.0 0
1716296878061 111.0 0
1716296878581 112.0 0
1716296879119 113.0 0
1716296879664 114.0 0
1716296880229 115.0 0
1716296880817 116.0 0
1716296881428 117.0 0
1716296882110 118.0 0
1716296882866 119.0 0
1716296883812 120.0 0
1716296889562 121.0 0
1716296890072 122.0 0
1716296890617 123.0 0
1716296891160 124.0 0
1716296891726 125.0 0
1716296892297 126.0 0
1716296892919 127.0 0
1716296893589 128.0 0
1716296894297 129.0 0
1716296895116 130.0 0
1716296900978 131.0 0
1716296901476 132.0 0
1716296902010 133.0 0
1716296902560 134.0 0
1716296903123 135.0 0
1716296903746 136.0 0
1716296904356 137.0 0
1716296905040 138.0 0
1716296905791 139.0 0
1716296906730 140.0 0
1716296913485 141.0 0
1716296913979 142.0 0
1716296914504 143.0 0
1716296915038 144.0 0
1716296915603 145.0 0
1716296916167 146.0 0
1716296916777 147.0 0
1716296917419 148.0 0
1716296918117 149.0 0
1716296918928 150.0 0
1716296924506 151.0 0
1716296925005 152.0 0
1716296925530 153.0 0
1716296926068 154.0 0
1716296926630 155.0 0
1716296927208 156.0 0
1716296927805 157.0 0
1716296928441 158.0 0
1716296929109 159.0 0
1716296929854 160.0 0
1716296934702 161.0 0
1716296935219 162.0 0
1716296935764 163.0 0
1716296936319 164.0 0
1716296936888 165.0 0
1716296937474 166.0 0
1716296938114 167.0 0
1716296938812 168.0 0
1716296939604 169.0 0
1716296940664 170.0 0
1716296946003 171.0 0
1716296946517 172.0 0
1716296947057 173.0 0
1716296947589 174.0 0
1716296948139 175.0 0
1716296948716 176.0 0
1716296949317 177.0 0
1716296949941 178.0 0
1716296950612 179.0 0
1716296951338 180.0 0
1716296956571 181.0 0
1716296957063 182.0 0
1716296957589 183.0 0
1716296958127 184.0 0
1716296958678 185.0 0
1716296959256 186.0 0
1716296959857 187.0 0
1716296960505 188.0 0
1716296961178 189.0 0
1716296961910 190.0 0
1716296967266 191.0 0
1716296967788 192.0 0
1716296968307 193.0 0
1716296968856 194.0 0
1716296969419 195.0 0
1716296970004 196.0 0
1716296970622 197.0 0
1716296971296 198.0 0
1716296972035 199.0 0
1716296972906 200.0 0
1716296979610 201.0 0
1716296980104 202.0 0
1716296980614 203.0 0
1716296981140 204.0 0
1716296981691 205.0 0
1716296982267 206.0 0
1716296982842 207.0 0
1716296983461 208.0 0
1716296984108 209.0 0
1716296984815 210.0 0
1716296991014 211.0 0
1716296991509 212.0 0
1716296992024 213.0 0
1716296992556 214.0 0
1716296993119 215.0 0
1716296993696 216.0 0
1716296994295 217.0 0
1716296994931 218.0 0
1716296995621 219.0 0
1716296996371 220.0 0
1716297001544 221.0 0
1716297002032 222.0 0
1716297002546 223.0 0
1716297003059 224.0 0
1716297003627 225.0 0
1716297004211 226.0 0
1716297004826 227.0 0
1716297005494 228.0 0
1716297006269 229.0 0
1716297007256 230.0 0
1716297012638 231.0 0
1716297013137 232.0 0
1716297013646 233.0 0
1716297014178 234.0 0
1716297014731 235.0 0
1716297015314 236.0 0
1716297015903 237.0 0
1716297016526 238.0 0
1716297017192 239.0 0
1716297017902 240.0 0
1716297023349 241.0 0
1716297023848 242.0 0
1716297024375 243.0 0
1716297024905 244.0 0
1716297025469 245.0 0
1716297026037 246.0 0
1716297026646 247.0 0
1716297027336 248.0 0
1716297028028 249.0 0
1716297028822 250.0 0
1716297034692 251.0 0
1716297035189 252.0 0
1716297035697 253.0 0
1716297036220 254.0 0
1716297036769 255.0 0
1716297037342 256.0 0
1716297037937 257.0 0
1716297038547 258.0 0
1716297039212 259.0 0
1716297039937 260.0 0
1716297045824 261.0 0
1716297046338 262.0 0
1716297046854 263.0 0
1716297047389 264.0 0
1716297047950 265.0 0
1716297048527 266.0 0
1716297049134 267.0 0
1716297049817 268.0 0
1716297050595 269.0 0
1716297051655 270.0 0
1716297057984 271.0 0
1716297058493 272.0 0
1716297059013 273.0 0
1716297059539 274.0 0
1716297060094 275.0 0
1716297060667 276.0 0
1716297061267 277.0 0
1716297061902 278.0 0
1716297062591 279.0 0
1716297063377 280.0 0
1716297068524 281.0 0
1716297069029 282.0 0
1716297069570 283.0 0
1716297070104 284.0 0
1716297070659 285.0 0
1716297071235 286.0 0
1716297071836 287.0 0
1716297072477 288.0 0
1716297073147 289.0 0
1716297073851 290.0 0
1716297079197 291.0 0
1716297079693 292.0 0
1716297080210 293.0 0
1716297080756 294.0 0
1716297081312 295.0 0
1716297081879 296.0 0
1716297082488 297.0 0
1716297083155 298.0 0
1716297083878 299.0 0
1716297084713 300.0 0
1716297090823 301.0 0
1716297091341 302.0 0
1716297091990 303.0 0
1716297092565 304.0 0
1716297093126 305.0 0
1716297093720 306.0 0
1716297094369 307.0 0
1716297095197 308.0 0
1716297096207 309.0 0
1716297097521 310.0 0
1716297104030 311.0 0
1716297104530 312.0 0
1716297105037 313.0 0
1716297105565 314.0 0
1716297106124 315.0 0
1716297106712 316.0 0
1716297107318 317.0 0
1716297107981 318.0 0
1716297108730 319.0 0
1716297109624 320.0 0
1716297115595 321.0 0
1716297116100 322.0 0
1716297116613 323.0 0
1716297117206 324.0 0
1716297117770 325.0 0
1716297118349 326.0 0
1716297118945 327.0 0
1716297119588 328.0 0
1716297120277 329.0 0
1716297121045 330.0 0
1716297128521 331.0 0
1716297129011 332.0 0
1716297129524 333.0 0
1716297130050 334.0 0
1716297130601 335.0 0
1716297131181 336.0 0
1716297131761 337.0 0
1716297132370 338.0 0
1716297133022 339.0 0
1716297133707 340.0 0
1716297139312 341.0 0
1716297139796 342.0 0
1716297140332 343.0 0
1716297140878 344.0 0
1716297141443 345.0 0
1716297142033 346.0 0
1716297142663 347.0 0
1716297143348 348.0 0
1716297144131 349.0 0
1716297145138 350.0 0
1716297150571 351.0 0
1716297151091 352.0 0
1716297151626 353.0 0
1716297152176 354.0 0
1716297152749 355.0 0
1716297153345 356.0 0
1716297153961 357.0 0
1716297154618 358.0 0
1716297155343 359.0 0
1716297156167 360.0 0
1716297162583 361.0 0
1716297163120 362.0 0
1716297163632 363.0 0
1716297164167 364.0 0
1716297164743 365.0 0
1716297165351 366.0 0
1716297166005 367.0 0
1716297166740 368.0 0
1716297167851 369.0 0
1716297169892 370.0 0
1716297175523 371.0 0
1716297176020 372.0 0
1716297176533 373.0 0
1716297177080 374.0 0
1716297177636 375.0 0
1716297178218 376.0 0
1716297178826 377.0 0
1716297179490 378.0 0
1716297180220 379.0 0
1716297181055 380.0 0
1716297188321 381.0 0
1716297188836 382.0 0
1716297189367 383.0 0
1716297189917 384.0 0
1716297190497 385.0 0
1716297191119 386.0 0
1716297191862 387.0 0
1716297193348 388.0 0
1716297194246 389.0 0
1716297195133 390.0 0
1716297202428 391.0 0
1716297202970 392.0 0
1716297203495 393.0 0
1716297204060 394.0 0
1716297204641 395.0 0
1716297205235 396.0 0
1716297205885 397.0 0
1716297206655 398.0 0
1716297208164 399.0 0
1716297210009 400.0 0
1716297216819 401.0 0
1716297217320 402.0 0
1716297217838 403.0 0
1716297218406 404.0 0
1716297218982 405.0 0
1716297219583 406.0 0
1716297220228 407.0 0
1716297221012 408.0 0
1716297221870 409.0 0
1716297223011 410.0 0
1716297231173 411.0 0
1716297231700 412.0 0
1716297232239 413.0 0
1716297232793 414.0 0
1716297233364 415.0 0
1716297233969 416.0 0
1716297234613 417.0 0
1716297235349 418.0 0
1716297236279 419.0 0
1716297237426 420.0 0
1716297245256 421.0 0
1716297245763 422.0 0
1716297246289 423.0 0
1716297246873 424.0 0
1716297247473 425.0 0
1716297248073 426.0 0
1716297248793 427.0 0
1716297249559 428.0 0
1716297250426 429.0 0
1716297251718 430.0 0
1716297258710 431.0 0
1716297259242 432.0 0
1716297259790 433.0 0
1716297260336 434.0 0
1716297260891 435.0 0
1716297261469 436.0 0
1716297262094 437.0 0
1716297262779 438.0 0
1716297263665 439.0 0
1716297265386 440.0 0
1716297272359 441.0 0
1716297272862 442.0 0
1716297273388 443.0 0
1716297273932 444.0 0
1716297274490 445.0 0
1716297275070 446.0 0
1716297275682 447.0 0
1716297276360 448.0 0
1716297277164 449.0 0
1716297278433 450.0 0
1716297284981 451.0 0
1716297285478 452.0 0
1716297285998 453.0 0
1716297286529 454.0 0
1716297287085 455.0 0
1716297287661 456.0 0
1716297288272 457.0 0
1716297288944 458.0 0
1716297289711 459.0 0
1716297290706 460.0 0
1716297297167 461.0 0
1716297297665 462.0 0
1716297298193 463.0 0
1716297298733 464.0 0
1716297299283 465.0 0
1716297299861 466.0 0
1716297300479 467.0 0
1716297301157 468.0 0
1716297301943 469.0 0
1716297303030 470.0 0
1716297309379 471.0 0
1716297309891 472.0 0
1716297310414 473.0 0
1716297310953 474.0 0
1716297311511 475.0 0
1716297312099 476.0 0
1716297312721 477.0 0
1716297313398 478.0 0
1716297314195 479.0 0
1716297315428 480.0 0
1716297322226 481.0 0
1716297322721 482.0 0
1716297323265 483.0 0
1716297323797 484.0 0
1716297324358 485.0 0
1716297324950 486.0 0
1716297325576 487.0 0
1716297326289 488.0 0
1716297327165 489.0 0
1716297328351 490.0 0
1716297334925 491.0 0
1716297335430 492.0 0
1716297335951 493.0 0
1716297336488 494.0 0
1716297337052 495.0 0
1716297337656 496.0 0
1716297338291 497.0 0
1716297339006 498.0 0
1716297339916 499.0 0
1716297341713 500.0 0
1716297348061 501.0 0
1716297348566 502.0 0
1716297349074 503.0 0
1716297349603 504.0 0
1716297350154 505.0 0
1716297350747 506.0 0
1716297351378 507.0 0
1716297352089 508.0 0
1716297353118 509.0 0
1716297355185 510.0 0
1716297361032 511.0 0
1716297361529 512.0 0
1716297362057 513.0 0
1716297362595 514.0 0
1716297363149 515.0 0
1716297363723 516.0 0
1716297364379 517.0 0
1716297365331 518.0 0
1716297366239 519.0 0
1716297367670 520.0 0
1716297373424 521.0 0
1716297373922 522.0 0
1716297374441 523.0 0
1716297374970 524.0 0
1716297375523 525.0 0
1716297376110 526.0 0
1716297376729 527.0 0
1716297377401 528.0 0
1716297378201 529.0 0
1716297379417 530.0 0
1716297385623 531.0 0
1716297386121 532.0 0
1716297386648 533.0 0
1716297387181 534.0 0
1716297387747 535.0 0
1716297388327 536.0 0
1716297388964 537.0 0
1716297389669 538.0 0
1716297390550 539.0 0
1716297392324 540.0 0
1716297398922 541.0 0
1716297399431 542.0 0
1716297399943 543.0 0
1716297400473 544.0 0
1716297401039 545.0 0
1716297401620 546.0 0
1716297402242 547.0 0
1716297402932 548.0 0
1716297403883 549.0 0
1716297405981 550.0 0
1716297412744 551.0 0
1716297413261 552.0 0
1716297413788 553.0 0
1716297414327 554.0 0
1716297414898 555.0 0
1716297415483 556.0 0
1716297416111 557.0 0
1716297416811 558.0 0
1716297417663 559.0 0
1716297419001 560.0 0
1716297424993 561.0 0
1716297425493 562.0 0
1716297426017 563.0 0
1716297426553 564.0 0
1716297427105 565.0 0
1716297427697 566.0 0
1716297428316 567.0 0
1716297429008 568.0 0
1716297429894 569.0 0
1716297431186 570.0 0
1716297437512 571.0 0
1716297438038 572.0 0
1716297438544 573.0 0
1716297439077 574.0 0
1716297439637 575.0 0
1716297440233 576.0 0
1716297440862 577.0 0
1716297441555 578.0 0
1716297442427 579.0 0
1716297444386 580.0 0
1716297450499 581.0 0
1716297451001 582.0 0
1716297451513 583.0 0
1716297452056 584.0 0
1716297452634 585.0 0
1716297453226 586.0 0
1716297453959 587.0 0
1716297455055 588.0 0
1716297456013 589.0 0
1716297457459 590.0 0
1716297463764 591.0 0
1716297464262 592.0 0
1716297464776 593.0 0
1716297465312 594.0 0
1716297465859 595.0 0
1716297466433 596.0 0
1716297467022 597.0 0
1716297467680 598.0 0
1716297468431 599.0 0
1716297469373 600.0 0
1716297476170 601.0 0
1716297476668 602.0 0
1716297477206 603.0 0
1716297477747 604.0 0
1716297478294 605.0 0
1716297478894 606.0 0
1716297479510 607.0 0
1716297480183 608.0 0
1716297480962 609.0 0
1716297482249 610.0 0
1716297489010 611.0 0
1716297489513 612.0 0
1716297490018 613.0 0
1716297490554 614.0 0
1716297491103 615.0 0
1716297491679 616.0 0
1716297492292 617.0 0
1716297492947 618.0 0
1716297493695 619.0 0
1716297494656 620.0 0
1716297500924 621.0 0
1716297501432 622.0 0
1716297501944 623.0 0
1716297502495 624.0 0
1716297503066 625.0 0
1716297503648 626.0 0
1716297504265 627.0 0
1716297504942 628.0 0
1716297505701 629.0 0
1716297506636 630.0 0
1716297512777 631.0 0
1716297513283 632.0 0
1716297513814 633.0 0
1716297514367 634.0 0
1716297514933 635.0 0
1716297515525 636.0 0
1716297516171 637.0 0
1716297516867 638.0 0
1716297517748 639.0 0
1716297519426 640.0 0
1716297526045 641.0 0
1716297526538 642.0 0
1716297527072 643.0 0
1716297527613 644.0 0
1716297528174 645.0 0
1716297528761 646.0 0
1716297529370 647.0 0
1716297530038 648.0 0
1716297530891 649.0 0
1716297532421 650.0 0
1716297538939 651.0 0
1716297539438 652.0 0
1716297539947 653.0 0
1716297540487 654.0 0
1716297541038 655.0 0
1716297541610 656.0 0
1716297542210 657.0 0
1716297542869 658.0 0
1716297543608 659.0 0
1716297544497 660.0 0
1716297550901 661.0 0
1716297551390 662.0 0
1716297551912 663.0 0
1716297552444 664.0 0
1716297553001 665.0 0
1716297553584 666.0 0
1716297554196 667.0 0
1716297554853 668.0 0
1716297555580 669.0 0
1716297556455 670.0 0
1716297562895 671.0 0
1716297563394 672.0 0
1716297563925 673.0 0
1716297564450 674.0 0
1716297565001 675.0 0
1716297565593 676.0 0
1716297566202 677.0 0
1716297566873 678.0 0
1716297567633 679.0 0
1716297568660 680.0 0
1716297574543 681.0 0
1716297575039 682.0 0
1716297575566 683.0 0
1716297576104 684.0 0
1716297576665 685.0 0
1716297577253 686.0 0
1716297577871 687.0 0
1716297578543 688.0 0
1716297579326 689.0 0
1716297580349 690.0 0
1716297587271 691.0 0
1716297587760 692.0 0
1716297588283 693.0 0
1716297588818 694.0 0
1716297589360 695.0 0
1716297589951 696.0 0
1716297590573 697.0 0
1716297591240 698.0 0
1716297592020 699.0 0
1716297593255 700.0 0
1716297598927 701.0 0
1716297599441 702.0 0
1716297599978 703.0 0
1716297600526 704.0 0
1716297601103 705.0 0
1716297601689 706.0 0
1716297602319 707.0 0
1716297602999 708.0 0
1716297603770 709.0 0
1716297604687 710.0 0
1716297610367 711.0 0
1716297610863 712.0 0
1716297611386 713.0 0
1716297611931 714.0 0
1716297612506 715.0 0
1716297613098 716.0 0
1716297613724 717.0 0
1716297614401 718.0 0
1716297615191 719.0 0
1716297616272 720.0 0
1716297622128 721.0 0
1716297622644 722.0 0
1716297623157 723.0 0
1716297623694 724.0 0
1716297624249 725.0 0
1716297624824 726.0 0
1716297625436 727.0 0
1716297626103 728.0 0
1716297626842 729.0 0
1716297627721 730.0 0
1716297633492 731.0 0
1716297633992 732.0 0
1716297634522 733.0 0
1716297635059 734.0 0
1716297635619 735.0 0
1716297636204 736.0 0
1716297636822 737.0 0
1716297637483 738.0 0
1716297638232 739.0 0
1716297639159 740.0 0
1716297644914 741.0 0
1716297645423 742.0 0
1716297645953 743.0 0
1716297646501 744.0 0
1716297647090 745.0 0
1716297647682 746.0 0
1716297648311 747.0 0
1716297648999 748.0 0
1716297649793 749.0 0
1716297650737 750.0 0
1716297657003 751.0 0
1716297657486 752.0 0
1716297658002 753.0 0
1716297658562 754.0 0
1716297659122 755.0 0
1716297659701 756.0 0
1716297660315 757.0 0
1716297660978 758.0 0
1716297661714 759.0 0
1716297662601 760.0 0
1716297668038 761.0 0
1716297668528 762.0 0
1716297669054 763.0 0
1716297669607 764.0 0
1716297670181 765.0 0
1716297670768 766.0 0
1716297671395 767.0 0
1716297672065 768.0 0
1716297672821 769.0 0
1716297673753 770.0 0
1716297679533 771.0 0
1716297680029 772.0 0
1716297680545 773.0 0
1716297681100 774.0 0
1716297681656 775.0 0
1716297682236 776.0 0
1716297682847 777.0 0
1716297683520 778.0 0
1716297684264 779.0 0
1716297685182 780.0 0
1716297691123 781.0 0
1716297691608 782.0 0
1716297692134 783.0 0
1716297692675 784.0 0
1716297693233 785.0 0
1716297693819 786.0 0
1716297694429 787.0 0
1716297695095 788.0 0
1716297695841 789.0 0
1716297696777 790.0 0
1716297702535 791.0 0
1716297703022 792.0 0
1716297703552 793.0 0
1716297704091 794.0 0
1716297704648 795.0 0
1716297705227 796.0 0
1716297705840 797.0 0
1716297706492 798.0 0
1716297707217 799.0 0
1716297708095 800.0 0
1716297714200 801.0 0
1716297714691 802.0 0
1716297715212 803.0 0
1716297715759 804.0 0
1716297716314 805.0 0
1716297716887 806.0 0
1716297717502 807.0 0
1716297718156 808.0 0
1716297718874 809.0 0
1716297719701 810.0 0
1716297725351 811.0 0
1716297725845 812.0 0
1716297726366 813.0 0
1716297726912 814.0 0
1716297727477 815.0 0
1716297728065 816.0 0
1716297728681 817.0 0
1716297729344 818.0 0
1716297730069 819.0 0
1716297730914 820.0 0
1716297736204 821.0 0
1716297736727 822.0 0
1716297737258 823.0 0
1716297737804 824.0 0
1716297738370 825.0 0
1716297738955 826.0 0
1716297739566 827.0 0
1716297740217 828.0 0
1716297740938 829.0 0
1716297741750 830.0 0
1716297747334 831.0 0
1716297747837 832.0 0
1716297748346 833.0 0
1716297748894 834.0 0
1716297749449 835.0 0
1716297750029 836.0 0
1716297750638 837.0 0
1716297751289 838.0 0
1716297752005 839.0 0
1716297752814 840.0 0
1716297758681 841.0 0
1716297759171 842.0 0
1716297759677 843.0 0
1716297760210 844.0 0
1716297760776 845.0 0
1716297761353 846.0 0
1716297761965 847.0 0
1716297762624 848.0 0
1716297763346 849.0 0
1716297764197 850.0 0
1716297769697 851.0 0
1716297770184 852.0 0
1716297770727 853.0 0
1716297771280 854.0 0
1716297771848 855.0 0
1716297772449 856.0 0
1716297773064 857.0 0
1716297773729 858.0 0
1716297774430 859.0 0
1716297775253 860.0 0
1716297781163 861.0 0
1716297781659 862.0 0
1716297782185 863.0 0
1716297782716 864.0 0
1716297783289 865.0 0
1716297783864 866.0 0
1716297784482 867.0 0
1716297785138 868.0 0
1716297785862 869.0 0
1716297786699 870.0 0
1716297794219 871.0 0
1716297794712 872.0 0
1716297795213 873.0 0
1716297795740 874.0 0
1716297796308 875.0 0
1716297796872 876.0 0
1716297797475 877.0 0
1716297798116 878.0 0
1716297798823 879.0 0
1716297799656 880.0 0
1716297805653 881.0 0
1716297806159 882.0 0
1716297806679 883.0 0
1716297807220 884.0 0
1716297807781 885.0 0
1716297808355 886.0 0
1716297808956 887.0 0
1716297809609 888.0 0
1716297810320 889.0 0
1716297811146 890.0 0
1716297816967 891.0 0
1716297817463 892.0 0
1716297817977 893.0 0
1716297818540 894.0 0
1716297819110 895.0 0
1716297819687 896.0 0
1716297820307 897.0 0
1716297820969 898.0 0
1716297821687 899.0 0
1716297822512 900.0 0
1716297828778 901.0 0
1716297829299 902.0 0
1716297829837 903.0 0
1716297830397 904.0 0
1716297830981 905.0 0
1716297831588 906.0 0
1716297832234 907.0 0
1716297832937 908.0 0
1716297833804 909.0 0
1716297835460 910.0 0
1716297841243 911.0 0
1716297841728 912.0 0
1716297842242 913.0 0
1716297842776 914.0 0
1716297843330 915.0 0
1716297843901 916.0 0
1716297844507 917.0 0
1716297845154 918.0 0
1716297845834 919.0 0
1716297846949 920.0 0
1716297853083 921.0 0
1716297853586 922.0 0
1716297854109 923.0 0
1716297854662 924.0 0
1716297855251 925.0 0
1716297855840 926.0 0
1716297856467 927.0 0
1716297857147 928.0 0
1716297857911 929.0 0
1716297858896 930.0 0
1716297866854 931.0 0
1716297867352 932.0 0
1716297867891 933.0 0
1716297868431 934.0 0
1716297868995 935.0 0
1716297869589 936.0 0
1716297870215 937.0 0
1716297870900 938.0 0
1716297871692 939.0 0
1716297872754 940.0 0
1716297878821 941.0 0
1716297879309 942.0 0
1716297879825 943.0 0
1716297880371 944.0 0
1716297880926 945.0 0
1716297881506 946.0 0
1716297882097 947.0 0
1716297882744 948.0 0
1716297883443 949.0 0
1716297884232 950.0 0
1716297889891 951.0 0
1716297890392 952.0 0
1716297890919 953.0 0
1716297891464 954.0 0
1716297892040 955.0 0
1716297892620 956.0 0
1716297893253 957.0 0
1716297893956 958.0 0
1716297894760 959.0 0
1716297895793 960.0 0
1716297901117 961.0 0
1716297901623 962.0 0
1716297902165 963.0 0
1716297902719 964.0 0
1716297903306 965.0 0
1716297903906 966.0 0
1716297904550 967.0 0
1716297905233 968.0 0
1716297906009 969.0 0
1716297907673 970.0 0
1716297915001 971.0 0
1716297915513 972.0 0
1716297916008 973.0 0
1716297916536 974.0 0
1716297917086 975.0 0
1716297917652 976.0 0
1716297918264 977.0 0
1716297918966 978.0 0
1716297919820 979.0 0
1716297920814 980.0 0
1716297928173 981.0 0
1716297928697 982.0 0
1716297929219 983.0 0
1716297929756 984.0 0
1716297930310 985.0 0
1716297930908 986.0 0
1716297931533 987.0 0
1716297932224 988.0 0
1716297933029 989.0 0
1716297933989 990.0 0
1716297940110 991.0 0
1716297940617 992.0 0
1716297941138 993.0 0
1716297941666 994.0 0
1716297942218 995.0 0
1716297942813 996.0 0
1716297943431 997.0 0
1716297944090 998.0 0
1716297944849 999.0 0
1716297945745 1000.0 0
1716297952283 1001.0 0
1716297952795 1002.0 0
1716297953320 1003.0 0
1716297953855 1004.0 0
1716297954405 1005.0 0
1716297954986 1006.0 0
1716297955594 1007.0 0
1716297956244 1008.0 0
1716297956945 1009.0 0
1716297957730 1010.0 0
1716297963291 1011.0 0
1716297963791 1012.0 0
1716297964325 1013.0 0
1716297964909 1014.0 0
1716297965491 1015.0 0
1716297966077 1016.0 0
1716297966742 1017.0 0
1716297967449 1018.0 0
1716297968352 1019.0 0
1716297969565 1020.0 0
1716297976274 1021.0 0
1716297976763 1022.0 0
1716297977285 1023.0 0
1716297977819 1024.0 0
1716297978370 1025.0 0
1716297978949 1026.0 0
1716297979549 1027.0 0
1716297980196 1028.0 0
1716297980904 1029.0 0
1716297981743 1030.0 0
1716297987434 1031.0 0
1716297987921 1032.0 0
1716297988471 1033.0 0
1716297989020 1034.0 0
1716297989582 1035.0 0
1716297990161 1036.0 0
1716297990781 1037.0 0
1716297991449 1038.0 0
1716297992185 1039.0 0
1716297992990 1040.0 0
1716297998727 1041.0 0
1716297999263 1042.0 0
1716297999788 1043.0 0
1716298000335 1044.0 0
1716298000903 1045.0 0
1716298001502 1046.0 0
1716298002125 1047.0 0
1716298002812 1048.0 0
1716298003594 1049.0 0
1716298004564 1050.0 0
1716298011202 1051.0 0
1716298011716 1052.0 0
1716298012236 1053.0 0
1716298012788 1054.0 0
1716298013343 1055.0 0
1716298013932 1056.0 0
1716298014542 1057.0 0
1716298015208 1058.0 0
1716298015945 1059.0 0
1716298016809 1060.0 0
1716298022682 1061.0 0
1716298023191 1062.0 0
1716298023704 1063.0 0
1716298024295 1064.0 0
1716298024858 1065.0 0
1716298025440 1066.0 0
1716298026045 1067.0 0
1716298026692 1068.0 0
1716298027413 1069.0 0
1716298028209 1070.0 0
1716298034006 1071.0 0
1716298034504 1072.0 0
1716298035031 1073.0 0
1716298035577 1074.0 0
1716298036134 1075.0 0
1716298036710 1076.0 0
1716298037341 1077.0 0
1716298038012 1078.0 0
1716298038739 1079.0 0
1716298039555 1080.0 0
1716298045232 1081.0 0
1716298045728 1082.0 0
1716298046255 1083.0 0
1716298046799 1084.0 0
1716298047362 1085.0 0
1716298047946 1086.0 0
1716298048565 1087.0 0
1716298049238 1088.0 0
1716298049986 1089.0 0
1716298050846 1090.0 0
1716298057073 1091.0 0
1716298057599 1092.0 0
1716298058116 1093.0 0
1716298058659 1094.0 0
1716298059235 1095.0 0
1716298059825 1096.0 0
1716298060469 1097.0 0
1716298061182 1098.0 0
1716298062045 1099.0 0
1716298063418 1100.0 0
1716298071883 1101.0 0
1716298072377 1102.0 0
1716298072889 1103.0 0
1716298073426 1104.0 0
1716298073980 1105.0 0
1716298074547 1106.0 0
1716298075152 1107.0 0
1716298075780 1108.0 0
1716298076480 1109.0 0
1716298077240 1110.0 0
1716298083426 1111.0 0
1716298083940 1112.0 0
1716298084462 1113.0 0
1716298084996 1114.0 0
1716298085566 1115.0 0
1716298086149 1116.0 0
1716298086763 1117.0 0
1716298087416 1118.0 0
1716298088137 1119.0 0
1716298088931 1120.0 0
1716298094318 1121.0 0
1716298094857 1122.0 0
1716298095385 1123.0 0
1716298095938 1124.0 0
1716298096508 1125.0 0
1716298097107 1126.0 0
1716298097739 1127.0 0
1716298098424 1128.0 0
1716298099215 1129.0 0
1716298100216 1130.0 0
1716298105980 1131.0 0
1716298106491 1132.0 0
1716298107012 1133.0 0
1716298107551 1134.0 0
1716298108107 1135.0 0
1716298108693 1136.0 0
1716298109312 1137.0 0
1716298109980 1138.0 0
1716298110700 1139.0 0
1716298111497 1140.0 0
1716298116947 1141.0 0
1716298117450 1142.0 0
1716298117996 1143.0 0
1716298118541 1144.0 0
1716298119100 1145.0 0
1716298119683 1146.0 0
1716298120286 1147.0 0
1716298120928 1148.0 0
1716298121620 1149.0 0
1716298122386 1150.0 0
1716298127137 1151.0 0
1716298127643 1152.0 0
1716298128163 1153.0 0
1716298128699 1154.0 0
1716298129260 1155.0 0
1716298129864 1156.0 0
1716298130506 1157.0 0
1716298131181 1158.0 0
1716298131928 1159.0 0
1716298133030 1160.0 0
1716298139269 1161.0 0
1716298139749 1162.0 0
1716298140272 1163.0 0
1716298140810 1164.0 0
1716298141356 1165.0 0
1716298141921 1166.0 0
1716298142510 1167.0 0
1716298143135 1168.0 0
1716298143796 1169.0 0
1716298144490 1170.0 0
1716298149541 1171.0 0
1716298150047 1172.0 0
1716298150564 1173.0 0
1716298151095 1174.0 0
1716298151652 1175.0 0
1716298152224 1176.0 0
1716298152818 1177.0 0
1716298153453 1178.0 0
1716298154119 1179.0 0
1716298154838 1180.0 0
1716298159434 1181.0 0
1716298159934 1182.0 0
1716298160461 1183.0 0
1716298160990 1184.0 0
1716298161584 1185.0 0
1716298162235 1186.0 0
1716298162919 1187.0 0
1716298163671 1188.0 0
1716298164655 1189.0 0
1716298166126 1190.0 0
1716298172172 1191.0 0
1716298172669 1192.0 0
1716298173174 1193.0 0
1716298173697 1194.0 0
1716298174246 1195.0 0
1716298174814 1196.0 0
1716298175402 1197.0 0
1716298176020 1198.0 0
1716298176684 1199.0 0
1716298177378 1200.0 0
1716298182677 1201.0 0
1716298183177 1202.0 0
1716298183696 1203.0 0
1716298184237 1204.0 0
1716298184785 1205.0 0
1716298185352 1206.0 0
1716298185953 1207.0 0
1716298186589 1208.0 0
1716298187258 1209.0 0
1716298187979 1210.0 0
1716298193679 1211.0 0
1716298194200 1212.0 0
1716298194728 1213.0 0
1716298195263 1214.0 0
1716298195827 1215.0 0
1716298196421 1216.0 0
1716298197026 1217.0 0
1716298197676 1218.0 0
1716298198422 1219.0 0
1716298199323 1220.0 0
1716298204749 1221.0 0
1716298205253 1222.0 0
1716298205766 1223.0 0
1716298206311 1224.0 0
1716298206866 1225.0 0
1716298207458 1226.0 0
1716298208060 1227.0 0
1716298208678 1228.0 0
1716298209342 1229.0 0
1716298210042 1230.0 0
1716298215315 1231.0 0
1716298215808 1232.0 0
1716298216336 1233.0 0
1716298216881 1234.0 0
1716298217438 1235.0 0
1716298218020 1236.0 0
1716298218657 1237.0 0
1716298219413 1238.0 0
1716298220205 1239.0 0
1716298221114 1240.0 0
1716298229328 1241.0 0
1716298229831 1242.0 0
1716298230365 1243.0 0
1716298230915 1244.0 0
1716298231466 1245.0 0
1716298232114 1246.0 0
1716298232733 1247.0 0
1716298233397 1248.0 0
1716298234177 1249.0 0
1716298235149 1250.0 0
1716298241444 1251.0 0
1716298241949 1252.0 0
1716298242472 1253.0 0
1716298243004 1254.0 0
1716298243574 1255.0 0
1716298244167 1256.0 0
1716298244779 1257.0 0
1716298245473 1258.0 0
1716298246501 1259.0 0
1716298247761 1260.0 0
1716298254453 1261.0 0
1716298254961 1262.0 0
1716298255485 1263.0 0
1716298256027 1264.0 0
1716298256582 1265.0 0
1716298257167 1266.0 0
1716298257790 1267.0 0
1716298258489 1268.0 0
1716298259385 1269.0 0
1716298260984 1270.0 0
1716298270556 1271.0 0
1716298271066 1272.0 0
1716298271601 1273.0 0
1716298272126 1274.0 0
1716298272675 1275.0 0
1716298273231 1276.0 0
1716298273810 1277.0 0
1716298274435 1278.0 0
1716298275151 1279.0 0
1716298276176 1280.0 0
1716298283599 1281.0 0
1716298284095 1282.0 0
1716298284604 1283.0 0
1716298285157 1284.0 0
1716298285733 1285.0 0
1716298286338 1286.0 0
1716298286974 1287.0 0
1716298287663 1288.0 0
1716298288493 1289.0 0
1716298289729 1290.0 0
1716298295610 1291.0 0
1716298296099 1292.0 0
1716298296626 1293.0 0
1716298297180 1294.0 0
1716298297727 1295.0 0
1716298298309 1296.0 0
1716298298915 1297.0 0
1716298299554 1298.0 0
1716298300267 1299.0 0
1716298301108 1300.0 0
1716298307095 1301.0 0
1716298307590 1302.0 0
1716298308101 1303.0 0
1716298308644 1304.0 0
1716298309207 1305.0 0
1716298309789 1306.0 0
1716298310398 1307.0 0
1716298311056 1308.0 0
1716298311780 1309.0 0
1716298312616 1310.0 0
1716298317871 1311.0 0
1716298318367 1312.0 0
1716298318897 1313.0 0
1716298319450 1314.0 0
1716298320005 1315.0 0
1716298320577 1316.0 0
1716298321196 1317.0 0
1716298321843 1318.0 0
1716298322552 1319.0 0
1716298323326 1320.0 0
1716298328559 1321.0 0
1716298329051 1322.0 0
1716298329574 1323.0 0
1716298330114 1324.0 0
1716298330680 1325.0 0
1716298331259 1326.0 0
1716298331854 1327.0 0
1716298332505 1328.0 0
1716298333223 1329.0 0
1716298334038 1330.0 0
1716298338920 1331.0 0
1716298339444 1332.0 0
1716298339983 1333.0 0
1716298340531 1334.0 0
1716298341099 1335.0 0
1716298341681 1336.0 0
1716298342301 1337.0 0
1716298342938 1338.0 0
1716298343603 1339.0 0
1716298344288 1340.0 0
1716298349261 1341.0 0
1716298349747 1342.0 0
1716298350262 1343.0 0
1716298350797 1344.0 0
1716298351348 1345.0 0
1716298351919 1346.0 0
1716298352513 1347.0 0
1716298353155 1348.0 0
1716298353835 1349.0 0
1716298354545 1350.0 0
1716298359442 1351.0 0
1716298359930 1352.0 0
1716298360454 1353.0 0
1716298360990 1354.0 0
1716298361550 1355.0 0
1716298362118 1356.0 0
1716298362715 1357.0 0
1716298363347 1358.0 0
1716298364015 1359.0 0
1716298364733 1360.0 0
1716298369542 1361.0 0
1716298370045 1362.0 0
1716298370567 1363.0 0
1716298371111 1364.0 0
1716298371676 1365.0 0
1716298372268 1366.0 0
1716298372886 1367.0 0
1716298373541 1368.0 0
1716298374280 1369.0 0
1716298375093 1370.0 0
1716298380793 1371.0 0
1716298381288 1372.0 0
1716298381813 1373.0 0
1716298382350 1374.0 0
1716298382900 1375.0 0
1716298383474 1376.0 0
1716298384057 1377.0 0
1716298384672 1378.0 0
1716298385340 1379.0 0
1716298386065 1380.0 0
1716298395341 1381.0 0
1716298395831 1382.0 0
1716298396340 1383.0 0
1716298396864 1384.0 0
1716298397434 1385.0 0
1716298398010 1386.0 0
1716298398594 1387.0 0
1716298399200 1388.0 0
1716298399880 1389.0 0
1716298400618 1390.0 0
1716298406116 1391.0 0
1716298406633 1392.0 0
1716298407243 1393.0 0
1716298407879 1394.0 0
1716298408446 1395.0 0
1716298409041 1396.0 0
1716298409669 1397.0 0
1716298410349 1398.0 0
1716298411094 1399.0 0
1716298412006 1400.0 0
1716298418158 1401.0 0
1716298418665 1402.0 0
1716298419214 1403.0 0
1716298419776 1404.0 0
1716298420331 1405.0 0
1716298420974 1406.0 0
1716298421596 1407.0 0
1716298422359 1408.0 0
1716298423388 1409.0 0
1716298424510 1410.0 0
1716298431896 1411.0 0
1716298432424 1412.0 0
1716298432951 1413.0 0
1716298433510 1414.0 0
1716298434079 1415.0 0
1716298434669 1416.0 0
1716298435290 1417.0 0
1716298435953 1418.0 0
1716298436718 1419.0 0
1716298437664 1420.0 0
1716298443530 1421.0 0
1716298444033 1422.0 0
1716298444543 1423.0 0
1716298445064 1424.0 0
1716298445605 1425.0 0
1716298446173 1426.0 0
1716298446778 1427.0 0
1716298447393 1428.0 0
1716298448062 1429.0 0
1716298448773 1430.0 0
1716298454068 1431.0 0
1716298454580 1432.0 0
1716298455092 1433.0 0
1716298455641 1434.0 0
1716298456202 1435.0 0
1716298456773 1436.0 0
1716298457364 1437.0 0
1716298458011 1438.0 0
1716298458686 1439.0 0
1716298459431 1440.0 0
1716298465844 1441.0 0
1716298466348 1442.0 0
1716298466857 1443.0 0
1716298467391 1444.0 0
1716298467948 1445.0 0
1716298468517 1446.0 0
1716298469109 1447.0 0
1716298469735 1448.0 0
1716298470415 1449.0 0
1716298471177 1450.0 0
1716298476694 1451.0 0
1716298477178 1452.0 0
1716298477695 1453.0 0
1716298478231 1454.0 0
1716298478781 1455.0 0
1716298479377 1456.0 0
1716298479982 1457.0 0
1716298480625 1458.0 0
1716298481354 1459.0 0
1716298482164 1460.0 0
1716298488244 1461.0 0
1716298488736 1462.0 0
1716298489278 1463.0 0
1716298489823 1464.0 0
1716298490575 1465.0 0
1716298491277 1466.0 0
1716298492017 1467.0 0
1716298492831 1468.0 0
1716298493808 1469.0 0
1716298495263 1470.0 0
1716298501775 1471.0 0
1716298502275 1472.0 0
1716298502789 1473.0 0
1716298503336 1474.0 0
1716298503880 1475.0 0
1716298504456 1476.0 0
1716298505053 1477.0 0
1716298505698 1478.0 0
1716298506402 1479.0 0
1716298507196 1480.0 0
1716298513210 1481.0 0
1716298513705 1482.0 0
1716298514231 1483.0 0
1716298514771 1484.0 0
1716298515318 1485.0 0
1716298515887 1486.0 0
1716298516495 1487.0 0
1716298517141 1488.0 0
1716298517860 1489.0 0
1716298518669 1490.0 0
1716298524297 1491.0 0
1716298524797 1492.0 0
1716298525324 1493.0 0
1716298525862 1494.0 0
1716298526420 1495.0 0
1716298527007 1496.0 0
1716298527635 1497.0 0
1716298528312 1498.0 0
1716298529119 1499.0 0
1716298530096 1500.0 0
1716298535888 1501.0 0
1716298536390 1502.0 0
1716298536908 1503.0 0
1716298537446 1504.0 0
1716298538002 1505.0 0
1716298538580 1506.0 0
1716298539187 1507.0 0
1716298539830 1508.0 0
1716298540525 1509.0 0
1716298541287 1510.0 0
1716298546603 1511.0 0
1716298547108 1512.0 0
1716298547628 1513.0 0
1716298548173 1514.0 0
1716298548746 1515.0 0
1716298549326 1516.0 0
1716298549975 1517.0 0
1716298550675 1518.0 0
1716298551558 1519.0 0
1716298553083 1520.0 0
1716298558258 1521.0 0
1716298558774 1522.0 0
1716298559288 1523.0 0
1716298559818 1524.0 0
1716298560378 1525.0 0
1716298560953 1526.0 0
1716298561555 1527.0 0
1716298562203 1528.0 0
1716298562896 1529.0 0
1716298563667 1530.0 0
1716298569080 1531.0 0
1716298569607 1532.0 0
1716298570154 1533.0 0
1716298570674 1534.0 0
1716298571215 1535.0 0
1716298571794 1536.0 0
1716298572496 1537.0 0
1716298573431 1538.0 0
1716298574405 1539.0 0
1716298575901 1540.0 0
1716298581885 1541.0 0
1716298582386 1542.0 0
1716298582905 1543.0 0
1716298583431 1544.0 0
1716298583983 1545.0 0
1716298584544 1546.0 0
1716298585134 1547.0 0
1716298585751 1548.0 0
1716298586398 1549.0 0
1716298587125 1550.0 0
1716298593564 1551.0 0
1716298594059 1552.0 0
1716298594564 1553.0 0
1716298595131 1554.0 0
1716298595688 1555.0 0
1716298596265 1556.0 0
1716298596866 1557.0 0
1716298597498 1558.0 0
1716298598188 1559.0 0
1716298598928 1560.0 0
1716298605043 1561.0 0
1716298605532 1562.0 0
1716298606063 1563.0 0
1716298606596 1564.0 0
1716298607150 1565.0 0
1716298607720 1566.0 0
1716298608315 1567.0 0
1716298608925 1568.0 0
1716298609593 1569.0 0
1716298610325 1570.0 0
1716298616546 1571.0 0
1716298617050 1572.0 0
1716298617559 1573.0 0
1716298618100 1574.0 0
1716298618656 1575.0 0
1716298619248 1576.0 0
1716298619857 1577.0 0
1716298620516 1578.0 0
1716298621237 1579.0 0
1716298622043 1580.0 0
1716298627473 1581.0 0
1716298627963 1582.0 0
1716298628507 1583.0 0
1716298629061 1584.0 0
1716298629635 1585.0 0
1716298630215 1586.0 0
1716298630841 1587.0 0
1716298631515 1588.0 0
1716298632248 1589.0 0
1716298633116 1590.0 0
1716298638685 1591.0 0
1716298639200 1592.0 0
1716298639736 1593.0 0
1716298640271 1594.0 0
1716298640838 1595.0 0
1716298641416 1596.0 0
1716298642040 1597.0 0
1716298642708 1598.0 0
1716298643421 1599.0 0
1716298644226 1600.0 0
1716298650877 1601.0 0
1716298651394 1602.0 0
1716298651998 1603.0 0
1716298652576 1604.0 0
1716298653219 1605.0 0
1716298653959 1606.0 0
1716298654658 1607.0 0
1716298655434 1608.0 0
1716298656391 1609.0 0
1716298657910 1610.0 0
1716298663712 1611.0 0
1716298664206 1612.0 0
1716298664714 1613.0 0
1716298665253 1614.0 0
1716298665822 1615.0 0
1716298666385 1616.0 0
1716298666998 1617.0 0
1716298667684 1618.0 0
1716298668503 1619.0 0
1716298669837 1620.0 0
1716298676396 1621.0 0
1716298676896 1622.0 0
1716298677403 1623.0 0
1716298677927 1624.0 0
1716298678471 1625.0 0
1716298679041 1626.0 0
1716298679646 1627.0 0
1716298680274 1628.0 0
1716298680956 1629.0 0
1716298681708 1630.0 0
1716298686654 1631.0 0
1716298687163 1632.0 0
1716298687686 1633.0 0
1716298688241 1634.0 0
1716298688803 1635.0 0
1716298689376 1636.0 0
1716298689999 1637.0 0
1716298690649 1638.0 0
1716298691345 1639.0 0
1716298692109 1640.0 0
1716298697131 1641.0 0
1716298697628 1642.0 0
1716298698146 1643.0 0
1716298698674 1644.0 0
1716298699224 1645.0 0
1716298699801 1646.0 0
1716298700392 1647.0 0
1716298701028 1648.0 0
1716298701701 1649.0 0
1716298702411 1650.0 0
1716298707328 1651.0 0
1716298707850 1652.0 0
1716298708355 1653.0 0
1716298708881 1654.0 0
1716298709425 1655.0 0
1716298709998 1656.0 0
1716298710595 1657.0 0
1716298711226 1658.0 0
1716298711903 1659.0 0
1716298712623 1660.0 0
1716298717837 1661.0 0
1716298718325 1662.0 0
1716298718846 1663.0 0
1716298719376 1664.0 0
1716298719925 1665.0 0
1716298720505 1666.0 0
1716298721113 1667.0 0
1716298721754 1668.0 0
1716298722451 1669.0 0
1716298723204 1670.0 0
1716298728623 1671.0 0
1716298729112 1672.0 0
1716298729612 1673.0 0
1716298730135 1674.0 0
1716298730683 1675.0 0
1716298731272 1676.0 0
1716298731877 1677.0 0
1716298732526 1678.0 0
1716298733240 1679.0 0
1716298734058 1680.0 0
1716298740560 1681.0 0
1716298741062 1682.0 0
1716298741566 1683.0 0
1716298742096 1684.0 0
1716298742644 1685.0 0
1716298743218 1686.0 0
1716298743824 1687.0 0
1716298744470 1688.0 0
1716298745176 1689.0 0
1716298745989 1690.0 0
1716298752299 1691.0 0
1716298752814 1692.0 0
1716298753334 1693.0 0
1716298753867 1694.0 0
1716298754433 1695.0 0
1716298755002 1696.0 0
1716298755596 1697.0 0
1716298756225 1698.0 0
1716298756914 1699.0 0
1716298757653 1700.0 0
1716298763245 1701.0 0
1716298763757 1702.0 0
1716298764269 1703.0 0
1716298764807 1704.0 0
1716298765365 1705.0 0
1716298765944 1706.0 0
1716298766551 1707.0 0
1716298767190 1708.0 0
1716298767862 1709.0 0
1716298768590 1710.0 0
1716298775351 1711.0 0
1716298775851 1712.0 0
1716298776358 1713.0 0
1716298776893 1714.0 0
1716298777436 1715.0 0
1716298777999 1716.0 0
1716298778594 1717.0 0
1716298779219 1718.0 0
1716298779912 1719.0 0
1716298780681 1720.0 0
1716298785786 1721.0 0
1716298786286 1722.0 0
1716298786820 1723.0 0
1716298787375 1724.0 0
1716298787941 1725.0 0
1716298788539 1726.0 0
1716298789138 1727.0 0
1716298789797 1728.0 0
1716298790526 1729.0 0
1716298791359 1730.0 0
1716298803758 1731.0 0
1716298804274 1732.0 0
1716298804802 1733.0 0
1716298805330 1734.0 0
1716298805881 1735.0 0
1716298806455 1736.0 0
1716298807058 1737.0 0
1716298807736 1738.0 0
1716298808582 1739.0 0
1716298809762 1740.0 0
1716298816453 1741.0 0
1716298816955 1742.0 0
1716298817477 1743.0 0
1716298818009 1744.0 0
1716298818557 1745.0 0
1716298819124 1746.0 0
1716298819725 1747.0 0
1716298820370 1748.0 0
1716298821079 1749.0 0
1716298821856 1750.0 0
1716298827923 1751.0 0
1716298828425 1752.0 0
1716298828941 1753.0 0
1716298829481 1754.0 0
1716298830040 1755.0 0
1716298830612 1756.0 0
1716298831214 1757.0 0
1716298831856 1758.0 0
1716298832537 1759.0 0
1716298833296 1760.0 0
1716298839293 1761.0 0
1716298839789 1762.0 0
1716298840317 1763.0 0
1716298840842 1764.0 0
1716298841398 1765.0 0
1716298841966 1766.0 0
1716298842571 1767.0 0
1716298843246 1768.0 0
1716298843940 1769.0 0
1716298844719 1770.0 0
1716298850873 1771.0 0
1716298851364 1772.0 0
1716298851890 1773.0 0
1716298852421 1774.0 0
1716298852979 1775.0 0
1716298853557 1776.0 0
1716298854174 1777.0 0
1716298854824 1778.0 0
1716298855520 1779.0 0
1716298856318 1780.0 0
1716298862804 1781.0 0
1716298863315 1782.0 0
1716298863858 1783.0 0
1716298864394 1784.0 0
1716298864954 1785.0 0
1716298865540 1786.0 0
1716298866183 1787.0 0
1716298866880 1788.0 0
1716298867705 1789.0 0
1716298868879 1790.0 0
1716298875670 1791.0 0
1716298876177 1792.0 0
1716298876710 1793.0 0
1716298877267 1794.0 0
1716298877843 1795.0 0
1716298878435 1796.0 0
1716298879101 1797.0 0
1716298879826 1798.0 0
1716298880699 1799.0 0
1716298882035 1800.0 0
1716298888856 1801.0 0
1716298889342 1802.0 0
1716298889858 1803.0 0
1716298890401 1804.0 0
1716298890960 1805.0 0
1716298891538 1806.0 0
1716298892155 1807.0 0
1716298892812 1808.0 0
1716298893540 1809.0 0
1716298894423 1810.0 0
1716298900150 1811.0 0
1716298900665 1812.0 0
1716298901187 1813.0 0
1716298901728 1814.0 0
1716298902287 1815.0 0
1716298902869 1816.0 0
1716298903503 1817.0 0
1716298904202 1818.0 0
1716298905008 1819.0 0
1716298906172 1820.0 0
1716298912016 1821.0 0
1716298912525 1822.0 0
1716298913049 1823.0 0
1716298913600 1824.0 0
1716298914161 1825.0 0
1716298914736 1826.0 0
1716298915348 1827.0 0
1716298915995 1828.0 0
1716298916715 1829.0 0
1716298917502 1830.0 0
1716298923353 1831.0 0
1716298923860 1832.0 0
1716298924381 1833.0 0
1716298924943 1834.0 0
1716298925539 1835.0 0
1716298926166 1836.0 0
1716298926843 1837.0 0
1716298927729 1838.0 0
1716298929032 1839.0 0
1716298930583 1840.0 0
1716298937429 1841.0 0
1716298937947 1842.0 0
1716298938478 1843.0 0
1716298939044 1844.0 0
1716298939602 1845.0 0
1716298940251 1846.0 0
1716298941179 1847.0 0
1716298942028 1848.0 0
1716298943204 1849.0 0
1716298945067 1850.0 0
1716298951726 1851.0 0
1716298952235 1852.0 0
1716298952776 1853.0 0
1716298953305 1854.0 0
1716298953893 1855.0 0
1716298954473 1856.0 0
1716298955083 1857.0 0
1716298955749 1858.0 0
1716298956506 1859.0 0
1716298957508 1860.0 0
1716298964429 1861.0 0
1716298964960 1862.0 0
1716298965484 1863.0 0
1716298966023 1864.0 0
1716298966579 1865.0 0
1716298967153 1866.0 0
1716298967774 1867.0 0
1716298968446 1868.0 0
1716298969233 1869.0 0
1716298970288 1870.0 0
1716298976582 1871.0 0
1716298977106 1872.0 0
1716298977640 1873.0 0
1716298978173 1874.0 0
1716298978727 1875.0 0
1716298979299 1876.0 0
1716298979896 1877.0 0
1716298980538 1878.0 0
1716298981253 1879.0 0
1716298982064 1880.0 0
1716298988355 1881.0 0
1716298988850 1882.0 0
1716298989371 1883.0 0
1716298989917 1884.0 0
1716298990486 1885.0 0
1716298991067 1886.0 0
1716298991691 1887.0 0
1716298992356 1888.0 0
1716298993078 1889.0 0
1716298993904 1890.0 0
1716298999640 1891.0 0
1716299000151 1892.0 0
1716299000684 1893.0 0
1716299001216 1894.0 0
1716299001785 1895.0 0
1716299002368 1896.0 0
1716299002997 1897.0 0
1716299003688 1898.0 0
1716299004477 1899.0 0
1716299005459 1900.0 0
1716299010957 1901.0 0
1716299011473 1902.0 0
1716299012067 1903.0 0
1716299012609 1904.0 0
1716299013176 1905.0 0
1716299013763 1906.0 0
1716299014432 1907.0 0
1716299015126 1908.0 0
1716299015958 1909.0 0
1716299017165 1910.0 0
1716299023595 1911.0 0
1716299024105 1912.0 0
1716299024638 1913.0 0
1716299025189 1914.0 0
1716299025786 1915.0 0
1716299026391 1916.0 0
1716299027022 1917.0 0
1716299027737 1918.0 0
1716299028935 1919.0 0
1716299030542 1920.0 0
1716299037221 1921.0 0
1716299037719 1922.0 0
1716299038222 1923.0 0
1716299038755 1924.0 0
1716299039301 1925.0 0
1716299039876 1926.0 0
1716299040471 1927.0 0
1716299041091 1928.0 0
1716299041782 1929.0 0
1716299042565 1930.0 0
1716299048376 1931.0 0
1716299048873 1932.0 0
1716299049387 1933.0 0
1716299049931 1934.0 0
1716299050492 1935.0 0
1716299051079 1936.0 0
1716299051696 1937.0 0
1716299052359 1938.0 0
1716299053090 1939.0 0
1716299053906 1940.0 0
1716299059287 1941.0 0
1716299059777 1942.0 0
1716299060290 1943.0 0
1716299060832 1944.0 0
1716299061398 1945.0 0
1716299061973 1946.0 0
1716299062592 1947.0 0
1716299063257 1948.0 0
1716299063987 1949.0 0
1716299064834 1950.0 0
1716299070711 1951.0 0
1716299071233 1952.0 0
1716299071756 1953.0 0
1716299072334 1954.0 0
1716299072905 1955.0 0
1716299073494 1956.0 0
1716299074146 1957.0 0
1716299074866 1958.0 0
1716299075837 1959.0 0
1716299077503 1960.0 0
1716299083839 1961.0 0
1716299084331 1962.0 0
1716299084857 1963.0 0
1716299085381 1964.0 0
1716299085939 1965.0 0
1716299086513 1966.0 0
1716299087096 1967.0 0
1716299087726 1968.0 0
1716299088396 1969.0 0
1716299089090 1970.0 0
1716299095201 1971.0 0
1716299095696 1972.0 0
1716299096202 1973.0 0
1716299096732 1974.0 0
1716299097277 1975.0 0
1716299097842 1976.0 0
1716299098442 1977.0 0
1716299099069 1978.0 0
1716299099743 1979.0 0
1716299100462 1980.0 0
1716299105967 1981.0 0
1716299106476 1982.0 0
1716299106993 1983.0 0
1716299107527 1984.0 0
1716299108093 1985.0 0
1716299108674 1986.0 0
1716299109273 1987.0 0
1716299109908 1988.0 0
1716299110617 1989.0 0
1716299111408 1990.0 0
1716299116699 1991.0 0
1716299117201 1992.0 0
1716299117715 1993.0 0
1716299118236 1994.0 0
1716299118796 1995.0 0
1716299119360 1996.0 0
1716299119953 1997.0 0
1716299120587 1998.0 0
1716299121259 1999.0 0
1716299122009 2000.0 0
1716299127317 2001.0 0
1716299127836 2002.0 0
1716299128359 2003.0 0
1716299128902 2004.0 0
1716299129449 2005.0 0
1716299130033 2006.0 0
1716299130643 2007.0 0
1716299131303 2008.0 0
1716299131982 2009.0 0
1716299132690 2010.0 0
1716299137727 2011.0 0
1716299138227 2012.0 0
1716299138741 2013.0 0
1716299139277 2014.0 0
1716299139839 2015.0 0
1716299140419 2016.0 0
1716299141035 2017.0 0
1716299141682 2018.0 0
1716299142379 2019.0 0
1716299143134 2020.0 0
1716299148730 2021.0 0
1716299149237 2022.0 0
1716299149765 2023.0 0
1716299150315 2024.0 0
1716299150886 2025.0 0
1716299151477 2026.0 0
1716299152090 2027.0 0
1716299152755 2028.0 0
1716299153476 2029.0 0
1716299154288 2030.0 0
1716299159577 2031.0 0
1716299160079 2032.0 0
1716299160615 2033.0 0
1716299161149 2034.0 0
1716299161703 2035.0 0
1716299162292 2036.0 0
1716299162902 2037.0 0
1716299163534 2038.0 0
1716299164198 2039.0 0
1716299164922 2040.0 0
1716299170203 2041.0 0
1716299170709 2042.0 0
1716299171242 2043.0 0
1716299171775 2044.0 0
1716299172317 2045.0 0
1716299172883 2046.0 0
1716299173483 2047.0 0
1716299174107 2048.0 0
1716299174794 2049.0 0
1716299175521 2050.0 0
1716299180884 2051.0 0
1716299181378 2052.0 0
1716299181889 2053.0 0
1716299182437 2054.0 0
1716299183030 2055.0 0
1716299183649 2056.0 0
1716299184817 2057.0 0
1716299185827 2058.0 0
1716299188006 2059.0 0
1716299188736 2060.0 0
1716299195687 2061.0 0
1716299196188 2062.0 0
1716299196701 2063.0 0
1716299197224 2064.0 0
1716299197787 2065.0 0
1716299198358 2066.0 0
1716299198969 2067.0 0
1716299199623 2068.0 0
1716299200422 2069.0 0
1716299201537 2070.0 0
1716299208248 2071.0 0
1716299208754 2072.0 0
1716299209264 2073.0 0
1716299209800 2074.0 0
1716299210365 2075.0 0
1716299210943 2076.0 0
1716299211593 2077.0 0
1716299212282 2078.0 0
1716299213109 2079.0 0
1716299214484 2080.0 0
1716299220497 2081.0 0
1716299220991 2082.0 0
1716299221531 2083.0 0
1716299222080 2084.0 0
1716299222626 2085.0 0
1716299223194 2086.0 0
1716299223798 2087.0 0
1716299224434 2088.0 0
1716299225129 2089.0 0
1716299225896 2090.0 0
1716299231629 2091.0 0
1716299232128 2092.0 0
1716299232671 2093.0 0
1716299233200 2094.0 0
1716299233751 2095.0 0
1716299234333 2096.0 0
1716299234931 2097.0 0
1716299235573 2098.0 0
1716299236263 2099.0 0
1716299237016 2100.0 0
1716299242740 2101.0 0
1716299243257 2102.0 0
1716299243805 2103.0 0
1716299244354 2104.0 0
1716299244933 2105.0 0
1716299245515 2106.0 0
1716299246150 2107.0 0
1716299246824 2108.0 0
1716299247613 2109.0 0
1716299248622 2110.0 0
1716299254178 2111.0 0
1716299254676 2112.0 0
1716299255195 2113.0 0
1716299255745 2114.0 0
1716299256294 2115.0 0
1716299256879 2116.0 0
1716299257487 2117.0 0
1716299258139 2118.0 0
1716299258827 2119.0 0
1716299259598 2120.0 0
1716299264939 2121.0 0
1716299265448 2122.0 0
1716299265969 2123.0 0
1716299266508 2124.0 0
1716299267070 2125.0 0
1716299267637 2126.0 0
1716299268233 2127.0 0
1716299268853 2128.0 0
1716299269508 2129.0 0
1716299270227 2130.0 0
1716299276609 2131.0 0
1716299277114 2132.0 0
1716299277644 2133.0 0
1716299278188 2134.0 0
1716299278761 2135.0 0
1716299279356 2136.0 0
1716299279981 2137.0 0
1716299280659 2138.0 0
1716299281415 2139.0 0
1716299282348 2140.0 0
1716299288356 2141.0 0
1716299288850 2142.0 0
1716299289369 2143.0 0
1716299289906 2144.0 0
1716299290462 2145.0 0
1716299291033 2146.0 0
1716299291637 2147.0 0
1716299292280 2148.0 0
1716299292977 2149.0 0
1716299293736 2150.0 0
1716299306692 2151.0 0
1716299307180 2152.0 0
1716299307683 2153.0 0
1716299308212 2154.0 0
1716299308752 2155.0 0
1716299309322 2156.0 0
1716299309919 2157.0 0
1716299310550 2158.0 0
1716299311239 2159.0 0
1716299311988 2160.0 0
1716299318668 2161.0 0
1716299319167 2162.0 0
1716299319672 2163.0 0
1716299320195 2164.0 0
1716299320746 2165.0 0
1716299321307 2166.0 0
1716299321914 2167.0 0
1716299322558 2168.0 0
1716299323235 2169.0 0
1716299323997 2170.0 0
1716299330547 2171.0 0
1716299331056 2172.0 0
1716299331591 2173.0 0
1716299332130 2174.0 0
1716299332693 2175.0 0
1716299333340 2176.0 0
1716299334053 2177.0 0
1716299334757 2178.0 0
1716299335677 2179.0 0
1716299336557 2180.0 0
1716299343443 2181.0 0
1716299343946 2182.0 0
1716299344461 2183.0 0
1716299344986 2184.0 0
1716299345532 2185.0 0
1716299346097 2186.0 0
1716299346680 2187.0 0
1716299347319 2188.0 0
1716299347987 2189.0 0
1716299348745 2190.0 0
1716299354852 2191.0 0
1716299355360 2192.0 0
1716299355877 2193.0 0
1716299356400 2194.0 0
1716299356940 2195.0 0
1716299357531 2196.0 0
1716299358117 2197.0 0
1716299358740 2198.0 0
1716299359403 2199.0 0
1716299360109 2200.0 0
1716299365622 2201.0 0
1716299366119 2202.0 0
1716299366658 2203.0 0
1716299367205 2204.0 0
1716299367754 2205.0 0
1716299368352 2206.0 0
1716299368973 2207.0 0
1716299369619 2208.0 0
1716299370350 2209.0 0
1716299371200 2210.0 0
1716299377374 2211.0 0
1716299377872 2212.0 0
1716299378402 2213.0 0
1716299378930 2214.0 0
1716299379478 2215.0 0
1716299380041 2216.0 0
1716299380629 2217.0 0
1716299381251 2218.0 0
1716299381911 2219.0 0
1716299382618 2220.0 0
1716299388122 2221.0 0
1716299388634 2222.0 0
1716299389157 2223.0 0
1716299389686 2224.0 0
1716299390251 2225.0 0
1716299390838 2226.0 0
1716299391466 2227.0 0
1716299392114 2228.0 0
1716299392829 2229.0 0
1716299393641 2230.0 0
1716299399043 2231.0 0
1716299399527 2232.0 0
1716299400029 2233.0 0
1716299400560 2234.0 0
1716299401123 2235.0 0
1716299401690 2236.0 0
1716299402288 2237.0 0
1716299402912 2238.0 0
1716299403577 2239.0 0
1716299404265 2240.0 0
1716299409813 2241.0 0
1716299410305 2242.0 0
1716299410814 2243.0 0
1716299411348 2244.0 0
1716299411912 2245.0 0
1716299412483 2246.0 0
1716299413067 2247.0 0
1716299413697 2248.0 0
1716299414405 2249.0 0
1716299415175 2250.0 0
1716299420876 2251.0 0
1716299421375 2252.0 0
1716299421888 2253.0 0
1716299422408 2254.0 0
1716299422961 2255.0 0
1716299423529 2256.0 0
1716299424124 2257.0 0
1716299424762 2258.0 0
1716299425434 2259.0 0
1716299426212 2260.0 0
1716299433589 2261.0 0
1716299434080 2262.0 0
1716299434613 2263.0 0
1716299435155 2264.0 0
1716299435702 2265.0 0
1716299436258 2266.0 0
1716299436848 2267.0 0
1716299437479 2268.0 0
1716299438145 2269.0 0
1716299438894 2270.0 0
1716299445253 2271.0 0
1716299445758 2272.0 0
1716299446316 2273.0 0
1716299446844 2274.0 0
1716299447391 2275.0 0
1716299447961 2276.0 0
1716299448557 2277.0 0
1716299449181 2278.0 0
1716299449885 2279.0 0
1716299450659 2280.0 0
1716299456696 2281.0 0
1716299457196 2282.0 0
1716299457712 2283.0 0
1716299458254 2284.0 0
1716299458802 2285.0 0
1716299459363 2286.0 0
1716299459945 2287.0 0
1716299460554 2288.0 0
1716299461204 2289.0 0
1716299461889 2290.0 0
1716299466887 2291.0 0
1716299467383 2292.0 0
1716299467902 2293.0 0
1716299468438 2294.0 0
1716299468984 2295.0 0
1716299469550 2296.0 0
1716299470150 2297.0 0
1716299470789 2298.0 0
1716299471466 2299.0 0
1716299472182 2300.0 0
1716299477573 2301.0 0
1716299478063 2302.0 0
1716299478580 2303.0 0
1716299479132 2304.0 0
1716299479694 2305.0 0
1716299480266 2306.0 0
1716299480858 2307.0 0
1716299481483 2308.0 0
1716299482153 2309.0 0
1716299482862 2310.0 0
1716299488357 2311.0 0
1716299488871 2312.0 0
1716299489386 2313.0 0
1716299489946 2314.0 0
1716299490515 2315.0 0
1716299491099 2316.0 0
1716299491710 2317.0 0
1716299492367 2318.0 0
1716299493095 2319.0 0
1716299493902 2320.0 0
1716299500808 2321.0 0
1716299501321 2322.0 0
1716299501833 2323.0 0
1716299502352 2324.0 0
1716299502892 2325.0 0
1716299503462 2326.0 0
1716299504053 2327.0 0
1716299504683 2328.0 0
1716299505344 2329.0 0
1716299506073 2330.0 0
1716299513292 2331.0 0
1716299513790 2332.0 0
1716299514298 2333.0 0
1716299514834 2334.0 0
1716299515404 2335.0 0
1716299515951 2336.0 0
1716299516520 2337.0 0
1716299517119 2338.0 0
1716299517753 2339.0 0
1716299518418 2340.0 0
1716299523820 2341.0 0
1716299524324 2342.0 0
1716299524842 2343.0 0
1716299525389 2344.0 0
1716299525930 2345.0 0
1716299526497 2346.0 0
1716299527089 2347.0 0
1716299527715 2348.0 0
1716299528363 2349.0 0
1716299529076 2350.0 0
1716299534407 2351.0 0
1716299534906 2352.0 0
1716299535421 2353.0 0
1716299535952 2354.0 0
1716299536495 2355.0 0
1716299537059 2356.0 0
1716299537677 2357.0 0
1716299538340 2358.0 0
1716299539062 2359.0 0
1716299539896 2360.0 0
1716299546728 2361.0 0
1716299547231 2362.0 0
1716299547741 2363.0 0
1716299548261 2364.0 0
1716299548816 2365.0 0
1716299549388 2366.0 0
1716299549986 2367.0 0
1716299550636 2368.0 0
1716299551342 2369.0 0
1716299552174 2370.0 0
1716299558479 2371.0 0
1716299558974 2372.0 0
1716299559490 2373.0 0
1716299560025 2374.0 0
1716299560573 2375.0 0
1716299561141 2376.0 0
1716299561729 2377.0 0
1716299562354 2378.0 0
1716299563025 2379.0 0
1716299563712 2380.0 0
1716299568811 2381.0 0
1716299569316 2382.0 0
1716299569829 2383.0 0
1716299570375 2384.0 0
1716299570925 2385.0 0
1716299571510 2386.0 0
1716299572115 2387.0 0
1716299572769 2388.0 0
1716299573479 2389.0 0
1716299574275 2390.0 0
1716299580344 2391.0 0
1716299580836 2392.0 0
1716299581364 2393.0 0
1716299581892 2394.0 0
1716299582432 2395.0 0
1716299583002 2396.0 0
1716299583587 2397.0 0
1716299584196 2398.0 0
1716299584852 2399.0 0
1716299585538 2400.0 0
1716299590817 2401.0 0
1716299591316 2402.0 0
1716299591839 2403.0 0
1716299592381 2404.0 0
1716299592942 2405.0 0
1716299593521 2406.0 0
1716299594114 2407.0 0
1716299594730 2408.0 0
1716299595394 2409.0 0
1716299596104 2410.0 0
1716299602049 2411.0 0
1716299602552 2412.0 0
1716299603082 2413.0 0
1716299603631 2414.0 0
1716299604174 2415.0 0
1716299604746 2416.0 0
1716299605341 2417.0 0
1716299605986 2418.0 0
1716299606638 2419.0 0
1716299607348 2420.0 0
1716299614042 2421.0 0
1716299614554 2422.0 0
1716299615086 2423.0 0
1716299615613 2424.0 0
1716299616153 2425.0 0
1716299616727 2426.0 0
1716299617346 2427.0 0
1716299617994 2428.0 0
1716299618690 2429.0 0
1716299619482 2430.0 0
1716299624981 2431.0 0
1716299625492 2432.0 0
1716299625995 2433.0 0
1716299626531 2434.0 0
1716299627079 2435.0 0
1716299627645 2436.0 0
1716299628245 2437.0 0
1716299628870 2438.0 0
1716299629520 2439.0 0
1716299630277 2440.0 0
1716299635542 2441.0 0
1716299636035 2442.0 0
1716299636564 2443.0 0
1716299637105 2444.0 0
1716299637662 2445.0 0
1716299638233 2446.0 0
1716299638834 2447.0 0
1716299639463 2448.0 0
1716299640141 2449.0 0
1716299640843 2450.0 0
1716299645796 2451.0 0
1716299646283 2452.0 0
1716299646797 2453.0 0
1716299647366 2454.0 0
1716299647916 2455.0 0
1716299648502 2456.0 0
1716299649103 2457.0 0
1716299649730 2458.0 0
1716299650388 2459.0 0
1716299651089 2460.0 0
1716299656433 2461.0 0
1716299656938 2462.0 0
1716299657445 2463.0 0
1716299657972 2464.0 0
1716299658530 2465.0 0
1716299659092 2466.0 0
1716299659678 2467.0 0
1716299660306 2468.0 0
1716299660964 2469.0 0
1716299661686 2470.0 0
1716299666801 2471.0 0
1716299667297 2472.0 0
1716299667810 2473.0 0
1716299668342 2474.0 0
1716299668884 2475.0 0
1716299669454 2476.0 0
1716299670046 2477.0 0
1716299670664 2478.0 0
1716299671322 2479.0 0
1716299672007 2480.0 0
1716299677076 2481.0 0
1716299677573 2482.0 0
1716299678088 2483.0 0
1716299678618 2484.0 0
1716299679168 2485.0 0
1716299679730 2486.0 0
1716299680318 2487.0 0
1716299680930 2488.0 0
1716299681610 2489.0 0
1716299682308 2490.0 0
1716299687481 2491.0 0
1716299687972 2492.0 0
1716299688495 2493.0 0
1716299689025 2494.0 0
1716299689574 2495.0 0
1716299690151 2496.0 0
1716299690776 2497.0 0
1716299691443 2498.0 0
1716299692164 2499.0 0
1716299692956 2500.0 0
1716299698055 2501.0 0
1716299698540 2502.0 0
1716299699082 2503.0 0
1716299699619 2504.0 0
1716299700177 2505.0 0
1716299700742 2506.0 0
1716299701341 2507.0 0
1716299701971 2508.0 0
1716299702646 2509.0 0
1716299703365 2510.0 0
1716299708675 2511.0 0
1716299709180 2512.0 0
1716299709696 2513.0 0
1716299710234 2514.0 0
1716299710785 2515.0 0
1716299711354 2516.0 0
1716299711954 2517.0 0
1716299712584 2518.0 0
1716299713260 2519.0 0
1716299713945 2520.0 0
1716299719752 2521.0 0
1716299720244 2522.0 0
1716299720763 2523.0 0
1716299721282 2524.0 0
1716299721859 2525.0 0
1716299722409 2526.0 0
1716299723019 2527.0 0
1716299723675 2528.0 0
1716299724397 2529.0 0
1716299725256 2530.0 0
1716299731176 2531.0 0
1716299731666 2532.0 0
1716299732181 2533.0 0
1716299732726 2534.0 0
1716299733276 2535.0 0
1716299733841 2536.0 0
1716299734420 2537.0 0
1716299735017 2538.0 0
1716299735643 2539.0 0
1716299736293 2540.0 0
1716299741507 2541.0 0
1716299742010 2542.0 0
1716299742541 2543.0 0
1716299743076 2544.0 0
1716299743614 2545.0 0
1716299744191 2546.0 0
1716299744780 2547.0 0
1716299745412 2548.0 0
1716299746082 2549.0 0
1716299746818 2550.0 0
1716299752821 2551.0 0
1716299753326 2552.0 0
1716299753830 2553.0 0
1716299754380 2554.0 0
1716299755007 2555.0 0
1716299755583 2556.0 0
1716299756178 2557.0 0
1716299756801 2558.0 0
1716299757485 2559.0 0
1716299758260 2560.0 0
1716299763805 2561.0 0
1716299764289 2562.0 0
1716299764814 2563.0 0
1716299765364 2564.0 0
1716299765915 2565.0 0
1716299766477 2566.0 0
1716299767076 2567.0 0
1716299767702 2568.0 0
1716299768373 2569.0 0
1716299769079 2570.0 0
1716299775244 2571.0 0
1716299775756 2572.0 0
1716299776260 2573.0 0
1716299776775 2574.0 0
1716299777322 2575.0 0
1716299777906 2576.0 0
1716299778543 2577.0 0
1716299779230 2578.0 0
1716299780042 2579.0 0
1716299781108 2580.0 0
1716299787577 2581.0 0
1716299788071 2582.0 0
1716299788599 2583.0 0
1716299789125 2584.0 0
1716299789668 2585.0 0
1716299790230 2586.0 0
1716299790820 2587.0 0
1716299791442 2588.0 0
1716299792115 2589.0 0
1716299792838 2590.0 0
1716299798049 2591.0 0
1716299798539 2592.0 0
1716299799053 2593.0 0
1716299799594 2594.0 0
1716299800137 2595.0 0
1716299800712 2596.0 0
1716299801306 2597.0 0
1716299801930 2598.0 0
1716299802594 2599.0 0
1716299803284 2600.0 0
1716299808534 2601.0 0
1716299809054 2602.0 0
1716299809570 2603.0 0
1716299810103 2604.0 0
1716299810660 2605.0 0
1716299811239 2606.0 0
1716299811866 2607.0 0
1716299812533 2608.0 0
1716299813273 2609.0 0
1716299814077 2610.0 0
1716299819907 2611.0 0
1716299820404 2612.0 0
1716299820932 2613.0 0
1716299821465 2614.0 0
1716299822029 2615.0 0
1716299822597 2616.0 0
1716299823209 2617.0 0
1716299823852 2618.0 0
1716299824532 2619.0 0
1716299825261 2620.0 0
1716299830428 2621.0 0
1716299830922 2622.0 0
1716299831434 2623.0 0
1716299831962 2624.0 0
1716299832516 2625.0 0
1716299833089 2626.0 0
1716299833669 2627.0 0
1716299834303 2628.0 0
1716299834984 2629.0 0
1716299835705 2630.0 0
1716299841778 2631.0 0
1716299842270 2632.0 0
1716299842784 2633.0 0
1716299843314 2634.0 0
1716299843872 2635.0 0
1716299844435 2636.0 0
1716299845024 2637.0 0
1716299845634 2638.0 0
1716299846327 2639.0 0
1716299847022 2640.0 0
1716299853307 2641.0 0
1716299853815 2642.0 0
1716299854322 2643.0 0
1716299854870 2644.0 0
1716299855442 2645.0 0
1716299856028 2646.0 0
1716299856666 2647.0 0
1716299857375 2648.0 0
1716299858234 2649.0 0
1716299859609 2650.0 0
1716299864722 2651.0 0
1716299865213 2652.0 0
1716299865731 2653.0 0
1716299866262 2654.0 0
1716299866814 2655.0 0
1716299867380 2656.0 0
1716299867966 2657.0 0
1716299868574 2658.0 0
1716299869203 2659.0 0
1716299869910 2660.0 0
1716299875426 2661.0 0
1716299875915 2662.0 0
1716299876422 2663.0 0
1716299876956 2664.0 0
1716299877507 2665.0 0
1716299878072 2666.0 0
1716299878668 2667.0 0
1716299879290 2668.0 0
1716299879943 2669.0 0
1716299880631 2670.0 0
1716299885614 2671.0 0
1716299886113 2672.0 0
1716299886636 2673.0 0
1716299887185 2674.0 0
1716299887738 2675.0 0
1716299888315 2676.0 0
1716299888915 2677.0 0
1716299889548 2678.0 0
1716299890201 2679.0 0
1716299890915 2680.0 0
1716299895663 2681.0 0
1716299896155 2682.0 0
1716299896673 2683.0 0
1716299897208 2684.0 0
1716299897754 2685.0 0
1716299898329 2686.0 0
1716299898924 2687.0 0
1716299899558 2688.0 0
1716299900228 2689.0 0
1716299900946 2690.0 0
1716299918648 2691.0 0
1716299919161 2692.0 0
1716299919680 2693.0 0
1716299920213 2694.0 0
1716299920753 2695.0 0
1716299921290 2696.0 0
1716299921846 2697.0 0
1716299922408 2698.0 0
1716299923011 2699.0 0
1716299923647 2700.0 0
1716299931931 2701.0 0
1716299932445 2702.0 0
1716299932975 2703.0 0
1716299933502 2704.0 0
1716299934052 2705.0 0
1716299934622 2706.0 0
1716299935233 2707.0 0
1716299935925 2708.0 0
1716299936751 2709.0 0
1716299938118 2710.0 0
1716299944048 2711.0 0
1716299944546 2712.0 0
1716299945063 2713.0 0
1716299945583 2714.0 0
1716299946129 2715.0 0
1716299946685 2716.0 0
1716299947263 2717.0 0
1716299947868 2718.0 0
1716299948513 2719.0 0
1716299949186 2720.0 0
1716299954303 2721.0 0
1716299954799 2722.0 0
1716299955308 2723.0 0
1716299955844 2724.0 0
1716299956404 2725.0 0
1716299956998 2726.0 0
1716299957598 2727.0 0
1716299958240 2728.0 0
1716299958935 2729.0 0
1716299959690 2730.0 0
1716299965066 2731.0 0
1716299965566 2732.0 0
1716299966086 2733.0 0
1716299966636 2734.0 0
1716299967184 2735.0 0
1716299967760 2736.0 0
1716299968363 2737.0 0
1716299968990 2738.0 0
1716299969658 2739.0 0
1716299970360 2740.0 0
1716299975410 2741.0 0
1716299975913 2742.0 0
1716299976419 2743.0 0
1716299976967 2744.0 0
1716299977519 2745.0 0
1716299978092 2746.0 0
1716299978691 2747.0 0
1716299979333 2748.0 0
1716299980015 2749.0 0
1716299980741 2750.0 0
1716299985992 2751.0 0
1716299986494 2752.0 0
1716299987023 2753.0 0
1716299987573 2754.0 0
1716299988134 2755.0 0
1716299988730 2756.0 0
1716299989339 2757.0 0
1716299989997 2758.0 0
1716299990750 2759.0 0
1716299991669 2760.0 0
1716299998121 2761.0 0
1716299998624 2762.0 0
1716299999133 2763.0 0
1716299999657 2764.0 0
1716300000206 2765.0 0
1716300000775 2766.0 0
1716300001357 2767.0 0
1716300001977 2768.0 0
1716300002665 2769.0 0
1716300003387 2770.0 0
1716300009161 2771.0 0
1716300009682 2772.0 0
1716300010197 2773.0 0
1716300010734 2774.0 0
1716300011291 2775.0 0
1716300011856 2776.0 0
1716300012452 2777.0 0
1716300013088 2778.0 0
1716300013773 2779.0 0
1716300014523 2780.0 0
1716300020176 2781.0 0
1716300020691 2782.0 0
1716300021204 2783.0 0
1716300021731 2784.0 0
1716300022299 2785.0 0
1716300022874 2786.0 0
1716300023470 2787.0 0
1716300024111 2788.0 0
1716300024794 2789.0 0
1716300025508 2790.0 0
1716300032902 2791.0 0
1716300033405 2792.0 0
1716300033918 2793.0 0
1716300034457 2794.0 0
1716300035011 2795.0 0
1716300035578 2796.0 0
1716300036181 2797.0 0
1716300036824 2798.0 0
1716300037532 2799.0 0
1716300038389 2800.0 0
1716300044136 2801.0 0
1716300044637 2802.0 0
1716300045164 2803.0 0
1716300045705 2804.0 0
1716300046257 2805.0 0
1716300046822 2806.0 0
1716300047417 2807.0 0
1716300048040 2808.0 0
1716300048696 2809.0 0
1716300049377 2810.0 0
1716300055002 2811.0 0
1716300055506 2812.0 0
1716300056024 2813.0 0
1716300056562 2814.0 0
1716300057106 2815.0 0
1716300057680 2816.0 0
1716300058275 2817.0 0
1716300058906 2818.0 0
1716300059575 2819.0 0
1716300060281 2820.0 0
1716300065753 2821.0 0
1716300066248 2822.0 0
1716300066788 2823.0 0
1716300067349 2824.0 0
1716300067905 2825.0 0
1716300068480 2826.0 0
1716300069115 2827.0 0
1716300069756 2828.0 0
1716300070457 2829.0 0
1716300071222 2830.0 0
1716300077529 2831.0 0
1716300078033 2832.0 0
1716300078556 2833.0 0
1716300079094 2834.0 0
1716300079644 2835.0 0
1716300080223 2836.0 0
1716300080840 2837.0 0
1716300081503 2838.0 0
1716300082208 2839.0 0
1716300083024 2840.0 0
1716300089886 2841.0 0
1716300090380 2842.0 0
1716300090893 2843.0 0
1716300091429 2844.0 0
1716300091991 2845.0 0
1716300092570 2846.0 0
1716300093183 2847.0 0
1716300093839 2848.0 0
1716300094542 2849.0 0
1716300095344 2850.0 0
1716300101767 2851.0 0
1716300102258 2852.0 0
1716300102795 2853.0 0
1716300103330 2854.0 0
1716300103887 2855.0 0
1716300104464 2856.0 0
1716300105070 2857.0 0
1716300105712 2858.0 0
1716300106454 2859.0 0
1716300107329 2860.0 0
1716300113679 2861.0 0
1716300114187 2862.0 0
1716300114692 2863.0 0
1716300115221 2864.0 0
1716300115788 2865.0 0
1716300116371 2866.0 0
1716300116995 2867.0 0
1716300117671 2868.0 0
1716300118433 2869.0 0
1716300119382 2870.0 0
1716300125315 2871.0 0
1716300125809 2872.0 0
1716300126319 2873.0 0
1716300126849 2874.0 0
1716300127420 2875.0 0
1716300128007 2876.0 0
1716300128613 2877.0 0
1716300129269 2878.0 0
1716300129975 2879.0 0
1716300130750 2880.0 0
1716300136900 2881.0 0
1716300137402 2882.0 0
1716300137915 2883.0 0
1716300138465 2884.0 0
1716300139023 2885.0 0
1716300139588 2886.0 0
1716300140200 2887.0 0
1716300140838 2888.0 0
1716300141555 2889.0 0
1716300142395 2890.0 0
1716300148071 2891.0 0
1716300148593 2892.0 0
1716300149122 2893.0 0
1716300149652 2894.0 0
1716300150212 2895.0 0
1716300150798 2896.0 0
1716300151416 2897.0 0
1716300152086 2898.0 0
1716300152811 2899.0 0
1716300153615 2900.0 0
1716300158884 2901.0 0
1716300159412 2902.0 0
1716300159941 2903.0 0
1716300160491 2904.0 0
1716300161054 2905.0 0
1716300161632 2906.0 0
1716300162239 2907.0 0
1716300162889 2908.0 0
1716300163595 2909.0 0
1716300164373 2910.0 0
1716300170062 2911.0 0
1716300170559 2912.0 0
1716300171096 2913.0 0
1716300171639 2914.0 0
1716300172205 2915.0 0
1716300172785 2916.0 0
1716300173392 2917.0 0
1716300174042 2918.0 0
1716300174737 2919.0 0
1716300175512 2920.0 0
1716300180722 2921.0 0
1716300181231 2922.0 0
1716300181752 2923.0 0
1716300182294 2924.0 0
1716300182846 2925.0 0
1716300183429 2926.0 0
1716300184031 2927.0 0
1716300184664 2928.0 0
1716300185385 2929.0 0
1716300186202 2930.0 0
1716300192155 2931.0 0
1716300192653 2932.0 0
1716300193184 2933.0 0
1716300193724 2934.0 0
1716300194302 2935.0 0
1716300194907 2936.0 0
1716300195534 2937.0 0
1716300196194 2938.0 0
1716300197051 2939.0 0
1716300197941 2940.0 0
1716300204996 2941.0 0
1716300205484 2942.0 0
1716300206003 2943.0 0
1716300206525 2944.0 0
1716300207086 2945.0 0
1716300207648 2946.0 0
1716300208239 2947.0 0
1716300208859 2948.0 0
1716300209524 2949.0 0
1716300210227 2950.0 0
1716300215647 2951.0 0
1716300216152 2952.0 0
1716300216663 2953.0 0
1716300217209 2954.0 0
1716300217763 2955.0 0
1716300218334 2956.0 0
1716300218926 2957.0 0
1716300219560 2958.0 0
1716300220225 2959.0 0
1716300220924 2960.0 0
1716300226066 2961.0 0
1716300226554 2962.0 0
1716300227067 2963.0 0
1716300227608 2964.0 0
1716300228161 2965.0 0
1716300228721 2966.0 0
1716300229298 2967.0 0
1716300229912 2968.0 0
1716300230631 2969.0 0
1716300231390 2970.0 0
1716300236947 2971.0 0
1716300237446 2972.0 0
1716300237977 2973.0 0
1716300238522 2974.0 0
1716300239080 2975.0 0
1716300239658 2976.0 0
1716300240261 2977.0 0
1716300240906 2978.0 0
1716300241590 2979.0 0
1716300242316 2980.0 0
1716300247869 2981.0 0
1716300248376 2982.0 0
1716300248902 2983.0 0
1716300249435 2984.0 0
1716300249985 2985.0 0
1716300250553 2986.0 0
1716300251149 2987.0 0
1716300251792 2988.0 0
1716300252475 2989.0 0
1716300253191 2990.0 0
1716300258303 2991.0 0
1716300258800 2992.0 0
1716300259329 2993.0 0
1716300259868 2994.0 0
1716300260415 2995.0 0
1716300261006 2996.0 0
1716300261592 2997.0 0
1716300262221 2998.0 0
1716300262890 2999.0 0
1716300263595 3000.0 0
1716300269301 3001.0 0
1716300269788 3002.0 0
1716300270313 3003.0 0
1716300270872 3004.0 0
1716300271427 3005.0 0
1716300272001 3006.0 0
1716300272596 3007.0 0
1716300273232 3008.0 0
1716300273914 3009.0 0
1716300274644 3010.0 0
1716300279718 3011.0 0
1716300280217 3012.0 0
1716300280737 3013.0 0
1716300281276 3014.0 0
1716300281822 3015.0 0
1716300282392 3016.0 0
1716300282993 3017.0 0
1716300283629 3018.0 0
1716300284288 3019.0 0
1716300284990 3020.0 0
1716300291706 3021.0 0
1716300292196 3022.0 0
1716300292709 3023.0 0
1716300293274 3024.0 0
1716300293812 3025.0 0
1716300294376 3026.0 0
1716300294964 3027.0 0
1716300295581 3028.0 0
1716300296226 3029.0 0
1716300296914 3030.0 0
1716300302767 3031.0 0
1716300303261 3032.0 0
1716300303770 3033.0 0
1716300304299 3034.0 0
1716300304855 3035.0 0
1716300305442 3036.0 0
1716300306040 3037.0 0
1716300306673 3038.0 0
1716300307366 3039.0 0
1716300308088 3040.0 0
1716300313271 3041.0 0
1716300313759 3042.0 0
1716300314263 3043.0 0
1716300314776 3044.0 0
1716300315323 3045.0 0
1716300315893 3046.0 0
1716300316489 3047.0 0
1716300317121 3048.0 0
1716300317812 3049.0 0
1716300318541 3050.0 0
1716300323602 3051.0 0
1716300324099 3052.0 0
1716300324612 3053.0 0
1716300325163 3054.0 0
1716300325716 3055.0 0
1716300326285 3056.0 0
1716300326889 3057.0 0
1716300327510 3058.0 0
1716300328163 3059.0 0
1716300328865 3060.0 0
1716300334894 3061.0 0
1716300335386 3062.0 0
1716300335885 3063.0 0
1716300336413 3064.0 0
1716300336970 3065.0 0
1716300337538 3066.0 0
1716300338122 3067.0 0
1716300338722 3068.0 0
1716300339444 3069.0 0
1716300340217 3070.0 0
1716300346029 3071.0 0
1716300346518 3072.0 0
1716300347033 3073.0 0
1716300347565 3074.0 0
1716300348113 3075.0 0
1716300348681 3076.0 0
1716300349258 3077.0 0
1716300349895 3078.0 0
1716300350605 3079.0 0
1716300351366 3080.0 0
1716300357245 3081.0 0
1716300357733 3082.0 0
1716300358247 3083.0 0
1716300358773 3084.0 0
1716300359333 3085.0 0
1716300359896 3086.0 0
1716300360479 3087.0 0
1716300361090 3088.0 0
1716300361723 3089.0 0
1716300362402 3090.0 0
1716300367465 3091.0 0
1716300367947 3092.0 0
1716300368469 3093.0 0
1716300369006 3094.0 0
1716300369580 3095.0 0
1716300370150 3096.0 0
1716300370748 3097.0 0
1716300371376 3098.0 0
1716300372047 3099.0 0
1716300372761 3100.0 0
1716300378431 3101.0 0
1716300378932 3102.0 0
1716300379429 3103.0 0
1716300379962 3104.0 0
1716300380531 3105.0 0
1716300381098 3106.0 0
1716300381700 3107.0 0
1716300382340 3108.0 0
1716300383034 3109.0 0
1716300383787 3110.0 0
1716300389002 3111.0 0
1716300389486 3112.0 0
1716300390006 3113.0 0
1716300390583 3114.0 0
1716300391138 3115.0 0
1716300391700 3116.0 0
1716300392296 3117.0 0
1716300392928 3118.0 0
1716300393585 3119.0 0
1716300394277 3120.0 0
1716300399407 3121.0 0
1716300399904 3122.0 0
1716300400424 3123.0 0
1716300400959 3124.0 0
1716300401498 3125.0 0
1716300402056 3126.0 0
1716300402643 3127.0 0
1716300403268 3128.0 0
1716300403938 3129.0 0
1716300404642 3130.0 0
1716300409968 3131.0 0
1716300410472 3132.0 0
1716300410998 3133.0 0
1716300411532 3134.0 0
1716300412085 3135.0 0
1716300412667 3136.0 0
1716300413255 3137.0 0
1716300413876 3138.0 0
1716300414538 3139.0 0
1716300415245 3140.0 0
1716300420457 3141.0 0
1716300420973 3142.0 0
1716300421492 3143.0 0
1716300422021 3144.0 0
1716300422576 3145.0 0
1716300423156 3146.0 0
1716300423752 3147.0 0
1716300424367 3148.0 0
1716300425031 3149.0 0
1716300425747 3150.0 0
1716300431930 3151.0 0
1716300432436 3152.0 0
1716300432953 3153.0 0
1716300433484 3154.0 0
1716300434029 3155.0 0
1716300434597 3156.0 0
1716300435201 3157.0 0
1716300435825 3158.0 0
1716300436472 3159.0 0
1716300437281 3160.0 0
1716300443321 3161.0 0
1716300443817 3162.0 0
1716300444331 3163.0 0
1716300444853 3164.0 0
1716300445408 3165.0 0
1716300445979 3166.0 0
1716300446554 3167.0 0
1716300447180 3168.0 0
1716300447847 3169.0 0
1716300448584 3170.0 0
1716300454721 3171.0 0
1716300455230 3172.0 0
1716300455754 3173.0 0
1716300456294 3174.0 0
1716300456874 3175.0 0
1716300457443 3176.0 0
1716300458033 3177.0 0
1716300458662 3178.0 0
1716300459481 3179.0 0
1716300460473 3180.0 0
1716300468655 3181.0 0
1716300469168 3182.0 0
1716300469687 3183.0 0
1716300470224 3184.0 0
1716300470809 3185.0 0
1716300471400 3186.0 0
1716300472016 3187.0 0
1716300472671 3188.0 0
1716300473405 3189.0 0
1716300474309 3190.0 0
1716300480404 3191.0 0
1716300480904 3192.0 0
1716300481440 3193.0 0
1716300481973 3194.0 0
1716300482519 3195.0 0
1716300483094 3196.0 0
1716300483697 3197.0 0
1716300484342 3198.0 0
1716300485053 3199.0 0
1716300485836 3200.0 0
1716300493364 3201.0 0
1716300493907 3202.0 0
1716300494432 3203.0 0
1716300494975 3204.0 0
1716300495560 3205.0 0
1716300496195 3206.0 0
1716300496853 3207.0 0
1716300497645 3208.0 0
1716300498824 3209.0 0
1716300500493 3210.0 0
1716300506789 3211.0 0
1716300507289 3212.0 0
1716300507801 3213.0 0
1716300508339 3214.0 0
1716300508890 3215.0 0
1716300509461 3216.0 0
1716300510059 3217.0 0
1716300510698 3218.0 0
1716300511399 3219.0 0
1716300512234 3220.0 0
1716300521844 3221.0 0
1716300522364 3222.0 0
1716300522902 3223.0 0
1716300523450 3224.0 0
1716300524033 3225.0 0
1716300524711 3226.0 0
1716300525494 3227.0 0
1716300526278 3228.0 0
1716300527221 3229.0 0
1716300528651 3230.0 0
1716300536961 3231.0 0
1716300537469 3232.0 0
1716300537998 3233.0 0
1716300538537 3234.0 0
1716300539098 3235.0 0
1716300539752 3236.0 0
1716300540600 3237.0 0
1716300541436 3238.0 0
1716300542445 3239.0 0
1716300543933 3240.0 0
1716300555720 3241.0 0
1716300556274 3242.0 0
1716300556804 3243.0 0
1716300557341 3244.0 0
1716300557895 3245.0 0
1716300558510 3246.0 0
1716300559223 3247.0 0
1716300560088 3248.0 0
1716300561637 3249.0 0
1716300563062 3250.0 0
1716300569694 3251.0 0
1716300570192 3252.0 0
1716300570707 3253.0 0
1716300571256 3254.0 0
1716300571803 3255.0 0
1716300572393 3256.0 0
1716300572992 3257.0 0
1716300573648 3258.0 0
1716300574358 3259.0 0
1716300575191 3260.0 0
1716300581450 3261.0 0
1716300581955 3262.0 0
1716300582500 3263.0 0
1716300583066 3264.0 0
1716300583642 3265.0 0
1716300584246 3266.0 0
1716300584886 3267.0 0
1716300585583 3268.0 0
1716300586426 3269.0 0
1716300587780 3270.0 0
1716300594027 3271.0 0
1716300594538 3272.0 0
1716300595062 3273.0 0
1716300595599 3274.0 0
1716300596146 3275.0 0
1716300596719 3276.0 0
1716300597338 3277.0 0
1716300598006 3278.0 0
1716300598740 3279.0 0
1716300599642 3280.0 0
1716300606102 3281.0 0
1716300606599 3282.0 0
1716300607138 3283.0 0
1716300607715 3284.0 0
1716300608318 3285.0 0
1716300609498 3286.0 0
1716300610275 3287.0 0
1716300611138 3288.0 0
1716300612199 3289.0 0
1716300613644 3290.0 0
1716300621119 3291.0 0
1716300621629 3292.0 0
1716300622147 3293.0 0
1716300622670 3294.0 0
1716300623245 3295.0 0
1716300623823 3296.0 0
1716300624446 3297.0 0
1716300625126 3298.0 0
1716300625861 3299.0 0
1716300626747 3300.0 0
1716300633973 3301.0 0
1716300634510 3302.0 0
1716300635045 3303.0 0
1716300635604 3304.0 0
1716300636187 3305.0 0
1716300636796 3306.0 0
1716300637459 3307.0 0
1716300638353 3308.0 0
1716300640297 3309.0 0
1716300641959 3310.0 0
1716300648181 3311.0 0
1716300648679 3312.0 0
1716300649192 3313.0 0
1716300649748 3314.0 0
1716300650320 3315.0 0
1716300650885 3316.0 0
1716300651508 3317.0 0
1716300652198 3318.0 0
1716300652995 3319.0 0
1716300654368 3320.0 0
1716300661115 3321.0 0
1716300661605 3322.0 0
1716300662170 3323.0 0
1716300662714 3324.0 0
1716300663265 3325.0 0
1716300663847 3326.0 0
1716300664509 3327.0 0
1716300665437 3328.0 0
1716300666814 3329.0 0
1716300667820 3330.0 0
1716300674977 3331.0 0
1716300675488 3332.0 0
1716300676010 3333.0 0
1716300676551 3334.0 0
1716300677135 3335.0 0
1716300677731 3336.0 0
1716300678371 3337.0 0
1716300679078 3338.0 0
1716300679953 3339.0 0
1716300681547 3340.0 0
1716300688409 3341.0 0
1716300688902 3342.0 0
1716300689442 3343.0 0
1716300690004 3344.0 0
1716300690579 3345.0 0
1716300691204 3346.0 0
1716300691854 3347.0 0
1716300692739 3348.0 0
1716300694008 3349.0 0
1716300695489 3350.0 0
1716300739633 3351.0 0
1716300740181 3352.0 0
1716300740783 3353.0 0
1716300741403 3354.0 0
1716300741927 3355.0 0
1716300742489 3356.0 0
1716300743033 3357.0 0
1716300743561 3358.0 0
1716300744097 3359.0 0
1716300744635 3360.0 0
1716300752723 3361.0 0
1716300753239 3362.0 0
1716300753819 3363.0 0
1716300754569 3364.0 0
1716300755316 3365.0 0
1716300756238 3366.0 0
1716300757071 3367.0 0
1716300757863 3368.0 0
1716300758969 3369.0 0
1716300760092 3370.0 0
1716300769169 3371.0 0
1716300769711 3372.0 0
1716300770308 3373.0 0
1716300770903 3374.0 0
1716300771548 3375.0 0
1716300773445 3376.0 0
1716300774193 3377.0 0
1716300774929 3378.0 0
1716300777468 3379.0 0
1716300778688 3380.0 0
1716300788772 3381.0 0
1716300789321 3382.0 0
1716300789852 3383.0 0
1716300790633 3384.0 0
1716300791650 3385.0 0
1716300793929 3386.0 0
1716300794754 3387.0 0
1716300795652 3388.0 0
1716300796376 3389.0 0
1716300797137 3390.0 0
1716300807201 3391.0 0
1716300807711 3392.0 0
1716300808236 3393.0 0
1716300808771 3394.0 0
1716300809349 3395.0 0
1716300809976 3396.0 0
1716300810661 3397.0 0
1716300812039 3398.0 0
1716300813836 3399.0 0
1716300815344 3400.0 0
1716300823002 3401.0 0
1716300823515 3402.0 0
1716300824045 3403.0 0
1716300824597 3404.0 0
1716300825183 3405.0 0
1716300825804 3406.0 0
1716300826466 3407.0 0
1716300827491 3408.0 0
1716300829707 3409.0 0
1716300831284 3410.0 0
1716300838514 3411.0 0
1716300839040 3412.0 0
1716300839558 3413.0 0
1716300840103 3414.0 0
1716300840660 3415.0 0
1716300841269 3416.0 0
1716300841913 3417.0 0
1716300842644 3418.0 0
1716300843618 3419.0 0
1716300845511 3420.0 0
1716300851813 3421.0 0
1716300852311 3422.0 0
1716300852845 3423.0 0
1716300853403 3424.0 0
1716300853978 3425.0 0
1716300854572 3426.0 0
1716300855212 3427.0 0
1716300855898 3428.0 0
1716300856721 3429.0 0
1716300857941 3430.0 0
1716300865309 3431.0 0
1716300865817 3432.0 0
1716300866332 3433.0 0
1716300866870 3434.0 0
1716300867425 3435.0 0
1716300868020 3436.0 0
1716300868635 3437.0 0
1716300869327 3438.0 0
1716300870146 3439.0 0
1716300871655 3440.0 0
1716300878631 3441.0 0
1716300879147 3442.0 0
1716300879708 3443.0 0
1716300880246 3444.0 0
1716300880804 3445.0 0
1716300881378 3446.0 0
1716300881994 3447.0 0
1716300882676 3448.0 0
1716300883429 3449.0 0
1716300884367 3450.0 0
1716300891161 3451.0 0
1716300891655 3452.0 0
1716300892178 3453.0 0
1716300892740 3454.0 0
1716300893305 3455.0 0
1716300893897 3456.0 0
1716300894533 3457.0 0
1716300895216 3458.0 0
1716300896052 3459.0 0
1716300897450 3460.0 0
1716300904775 3461.0 0
1716300905308 3462.0 0
1716300905830 3463.0 0
1716300906369 3464.0 0
1716300906923 3465.0 0
1716300907513 3466.0 0
1716300908175 3467.0 0
1716300908907 3468.0 0
1716300909833 3469.0 0
1716300911564 3470.0 0
1716300918143 3471.0 0
1716300918638 3472.0 0
1716300919178 3473.0 0
1716300919725 3474.0 0
1716300920286 3475.0 0
1716300920867 3476.0 0
1716300921474 3477.0 0
1716300922125 3478.0 0
1716300922843 3479.0 0
1716300923698 3480.0 0
1716300930108 3481.0 0
1716300930616 3482.0 0
1716300931129 3483.0 0
1716300931667 3484.0 0
1716300932228 3485.0 0
1716300932812 3486.0 0
1716300933434 3487.0 0
1716300934099 3488.0 0
1716300934842 3489.0 0
1716300935694 3490.0 0
1716300941484 3491.0 0
1716300942014 3492.0 0
1716300942547 3493.0 0
1716300943094 3494.0 0
1716300943680 3495.0 0
1716300944281 3496.0 0
1716300944938 3497.0 0
1716300945692 3498.0 0
1716300946888 3499.0 0
1716300948797 3500.0 0
1716300954814 3501.0 0
1716300955353 3502.0 0
1716300955870 3503.0 0
1716300956405 3504.0 0
1716300956966 3505.0 0
1716300957550 3506.0 0
1716300958197 3507.0 0
1716300958860 3508.0 0
1716300959633 3509.0 0
1716300960682 3510.0 0
1716300967648 3511.0 0
1716300968149 3512.0 0
1716300968664 3513.0 0
1716300969214 3514.0 0
1716300969779 3515.0 0
1716300970379 3516.0 0
1716300970979 3517.0 0
1716300971633 3518.0 0
1716300972358 3519.0 0
1716300973208 3520.0 0
1716300980075 3521.0 0
1716300980571 3522.0 0
1716300981080 3523.0 0
1716300981630 3524.0 0
1716300982186 3525.0 0
1716300982778 3526.0 0
1716300983407 3527.0 0
1716300984074 3528.0 0
1716300984815 3529.0 0
1716300985662 3530.0 0
1716300992650 3531.0 0
1716300993236 3532.0 0
1716300993844 3533.0 0
1716300994400 3534.0 0
1716300994958 3535.0 0
1716300995547 3536.0 0
1716300996248 3537.0 0
1716300997149 3538.0 0
1716300998059 3539.0 0
1716300999258 3540.0 0
1716301005605 3541.0 0
1716301006113 3542.0 0
1716301006630 3543.0 0
1716301007161 3544.0 0
1716301007716 3545.0 0
1716301008299 3546.0 0
1716301008925 3547.0 0
1716301009599 3548.0 0
1716301010437 3549.0 0
1716301011921 3550.0 0
1716301018029 3551.0 0
1716301018523 3552.0 0
1716301019055 3553.0 0
1716301019591 3554.0 0
1716301020132 3555.0 0
1716301020710 3556.0 0
1716301021313 3557.0 0
1716301021961 3558.0 0
1716301022656 3559.0 0
1716301023426 3560.0 0
1716301029402 3561.0 0
1716301029907 3562.0 0
1716301030450 3563.0 0
1716301030993 3564.0 0
1716301031556 3565.0 0
1716301032131 3566.0 0
1716301032740 3567.0 0
1716301033411 3568.0 0
1716301034139 3569.0 0
1716301034989 3570.0 0
1716301041830 3571.0 0
1716301042359 3572.0 0
1716301042890 3573.0 0
1716301043439 3574.0 0
1716301044004 3575.0 0
1716301044597 3576.0 0
1716301045242 3577.0 0
1716301045968 3578.0 0
1716301046969 3579.0 0
1716301048499 3580.0 0
1716301055111 3581.0 0
1716301055639 3582.0 0
1716301056163 3583.0 0
1716301056691 3584.0 0
1716301057262 3585.0 0
1716301057836 3586.0 0
1716301058460 3587.0 0
1716301059126 3588.0 0
1716301059861 3589.0 0
1716301060794 3590.0 0
1716301067384 3591.0 0
1716301067898 3592.0 0
1716301068436 3593.0 0
1716301068956 3594.0 0
1716301069539 3595.0 0
1716301070137 3596.0 0
1716301070748 3597.0 0
1716301071425 3598.0 0
1716301072210 3599.0 0
1716301073399 3600.0 0
1716301080675 3601.0 0
1716301081170 3602.0 0
1716301081676 3603.0 0
1716301082202 3604.0 0
1716301082763 3605.0 0
1716301083339 3606.0 0
1716301083933 3607.0 0
1716301084573 3608.0 0
1716301085261 3609.0 0
1716301086045 3610.0 0
1716301093641 3611.0 0
1716301094155 3612.0 0
1716301094684 3613.0 0
1716301095214 3614.0 0
1716301095768 3615.0 0
1716301096339 3616.0 0
1716301096963 3617.0 0
1716301097606 3618.0 0
1716301098297 3619.0 0
1716301099096 3620.0 0
1716301105973 3621.0 0
1716301106583 3622.0 0
1716301107186 3623.0 0
1716301107815 3624.0 0
1716301108484 3625.0 0
1716301109186 3626.0 0
1716301109964 3627.0 0
1716301110997 3628.0 0
1716301112131 3629.0 0
1716301113530 3630.0 0
1716301119933 3631.0 0
1716301120444 3632.0 0
1716301120955 3633.0 0
1716301121491 3634.0 0
1716301122036 3635.0 0
1716301122621 3636.0 0
1716301123212 3637.0 0
1716301123927 3638.0 0
1716301125031 3639.0 0
1716301126054 3640.0 0
1716301132709 3641.0 0
1716301133220 3642.0 0
1716301133736 3643.0 0
1716301134281 3644.0 0
1716301134833 3645.0 0
1716301135407 3646.0 0
1716301136021 3647.0 0
1716301136660 3648.0 0
1716301137362 3649.0 0
1716301138202 3650.0 0
1716301143930 3651.0 0
1716301144422 3652.0 0
1716301144959 3653.0 0
1716301145486 3654.0 0
1716301146040 3655.0 0
1716301146625 3656.0 0
1716301147250 3657.0 0
1716301147920 3658.0 0
1716301148648 3659.0 0
1716301149468 3660.0 0
1716301155860 3661.0 0
1716301156355 3662.0 0
1716301156891 3663.0 0
1716301157437 3664.0 0
1716301158024 3665.0 0
1716301158629 3666.0 0
1716301159258 3667.0 0
1716301159945 3668.0 0
1716301160769 3669.0 0
1716301162064 3670.0 0
1716301169639 3671.0 0
1716301170154 3672.0 0
1716301170679 3673.0 0
1716301171233 3674.0 0
1716301171799 3675.0 0
1716301172414 3676.0 0
1716301173049 3677.0 0
1716301173736 3678.0 0
1716301174764 3679.0 0
1716301176274 3680.0 0
1716301183453 3681.0 0
1716301183943 3682.0 0
1716301184488 3683.0 0
1716301185017 3684.0 0
1716301185567 3685.0 0
1716301186183 3686.0 0
1716301186843 3687.0 0
1716301187495 3688.0 0
1716301188226 3689.0 0
1716301189228 3690.0 0
1716301198521 3691.0 0
1716301199010 3692.0 0
1716301199533 3693.0 0
1716301200066 3694.0 0
1716301200633 3695.0 0
1716301201208 3696.0 0
1716301201816 3697.0 0
1716301202470 3698.0 0
1716301203186 3699.0 0
1716301204028 3700.0 0
1716301210084 3701.0 0
1716301210587 3702.0 0
1716301211113 3703.0 0
1716301211643 3704.0 0
1716301212235 3705.0 0
1716301212830 3706.0 0
1716301213495 3707.0 0
1716301214237 3708.0 0
1716301215296 3709.0 0
1716301217551 3710.0 0
1716301225467 3711.0 0
1716301225997 3712.0 0
1716301226524 3713.0 0
1716301227067 3714.0 0
1716301227634 3715.0 0
1716301228228 3716.0 0
1716301228888 3717.0 0
1716301229629 3718.0 0
1716301231198 3719.0 0
1716301232452 3720.0 0
1716301238919 3721.0 0
1716301239406 3722.0 0
1716301239950 3723.0 0
1716301240489 3724.0 0
1716301241041 3725.0 0
1716301241599 3726.0 0
1716301242185 3727.0 0
1716301242835 3728.0 0
1716301243542 3729.0 0
1716301244369 3730.0 0
1716301251512 3731.0 0
1716301252017 3732.0 0
1716301252593 3733.0 0
1716301253137 3734.0 0
1716301253722 3735.0 0
1716301254324 3736.0 0
1716301254944 3737.0 0
1716301255624 3738.0 0
1716301256423 3739.0 0
1716301257597 3740.0 0
1716301264167 3741.0 0
1716301264687 3742.0 0
1716301265209 3743.0 0
1716301265756 3744.0 0
1716301266321 3745.0 0
1716301266926 3746.0 0
1716301267579 3747.0 0
1716301268691 3748.0 0
1716301269784 3749.0 0
1716301270873 3750.0 0
1716301278628 3751.0 0
1716301279142 3752.0 0
1716301279693 3753.0 0
1716301280281 3754.0 0
1716301280860 3755.0 0
1716301281538 3756.0 0
1716301282280 3757.0 0
1716301283468 3758.0 0
1716301284386 3759.0 0
1716301285667 3760.0 0
1716301292417 3761.0 0
1716301292917 3762.0 0
1716301293447 3763.0 0
1716301293978 3764.0 0
1716301294559 3765.0 0
1716301295130 3766.0 0
1716301295733 3767.0 0
1716301296426 3768.0 0
1716301297136 3769.0 0
1716301297951 3770.0 0
1716301304899 3771.0 0
1716301305404 3772.0 0
1716301305930 3773.0 0
1716301306526 3774.0 0
1716301307216 3775.0 0
1716301308168 3776.0 0
1716301308985 3777.0 0
