1716280896082 1.0 0
1716280907369 2.0 0
1716280915836 3.0 0
1716280921536 4.0 0
1716280934338 5.0 0
1716280946582 6.0 0
1716280957164 7.0 0
1716280967486 8.0 0
1716280974700 9.0 0
1716280981942 10.0 0
1716281001755 11.0 0
1716281008957 12.0 0
1716281014191 13.0 0
1716281018818 14.0 0
1716281023518 15.0 0
1716281027948 16.0 0
1716281036433 17.0 0
1716281041371 18.0 0
1716281046208 19.0 0
1716281051478 20.0 0
1716281069701 21.0 0
1716281077524 22.0 0
1716281088310 23.0 0
1716281095773 24.0 0
1716281110180 25.0 0
