1716280895884 0.3285481929779053 0
1716280907138 0.3271341323852539 0
1716280915740 0.3257450461387634 0
1716280921438 0.32437968254089355 0
1716280934046 0.32303252816200256 0
1716280946427 0.32170364260673523 0
1716280956024 0.3203902244567871 0
1716280967331 0.31908977031707764 0
1716280974601 0.3178027272224426 0
1716280981861 0.316528856754303 0
1716281001592 0.31526345014572144 0
1716281008791 0.3140065670013428 0
1716281014110 0.31275755167007446 0
1716281018731 0.311513751745224 0
1716281023460 0.31027522683143616 0
1716281027884 0.3090380132198334 0
1716281036370 0.3078010082244873 0
1716281041305 0.30656513571739197 0
1716281046154 0.30532801151275635 0
1716281051285 0.30408763885498047 0
1716281069653 0.30284422636032104 0
1716281077387 0.30159273743629456 0
1716281088227 0.30033251643180847 0
1716281095619 0.2990637719631195 0
1716281110031 0.29778337478637695 0
