1716280896091 6.84000301361084 0
1716280907482 6.671907186508179 0
1716280915842 4.282202959060669 0
1716280921541 2.299217939376831 0
1716280934344 8.440666198730469 0
1716280946587 5.650851726531982 0
1716280957381 6.37614893913269 0
1716280967493 4.106723070144653 0
1716280974761 3.2954471111297607 0
1716280981947 3.457303047180176 0
1716281001766 12.127198934555054 0
1716281008961 2.8401360511779785 0
1716281014201 1.8564741611480713 0
1716281018822 1.6928229331970215 0
1716281023525 1.697554111480713 0
1716281027952 1.4483959674835205 0
1716281036437 4.545351266860962 0
1716281041376 1.8024780750274658 0
1716281046214 1.6842701435089111 0
1716281051579 1.9742510318756104 0
1716281069709 8.496231079101562 0
1716281077670 4.030080080032349 0
1716281088316 4.0558531284332275 0
1716281095811 3.9657175540924072 0
1716281110185 9.232392072677612 0
