1716276494366 1.0 0
1716276500130 2.0 0
1716276504318 3.0 0
1716276506971 4.0 0
1716276511081 5.0 0
1716276516220 6.0 0
1716276520887 7.0 0
1716276525885 8.0 0
1716276530390 9.0 0
1716276534077 10.0 0
1716276540824 11.0 0
1716276544753 12.0 0
1716276548455 13.0 0
1716276551530 14.0 0
1716276554281 15.0 0
1716276557258 16.0 0
1716276559738 17.0 0
1716276562156 18.0 0
1716276565418 19.0 0
1716276568432 20.0 0
1716276573589 21.0 0
1716276576604 22.0 0
1716276579828 23.0 0
1716276583175 24.0 0
1716276586552 25.0 0
1716276589558 26.0 0
1716276592607 27.0 0
1716276595660 28.0 0
1716276598766 29.0 0
1716276601881 30.0 0
1716276607449 31.0 0
1716276610579 32.0 0
1716276614321 33.0 0
1716276617377 34.0 0
1716276620489 35.0 0
1716276623190 36.0 0
1716276626001 37.0 0
1716276628981 38.0 0
1716276631993 39.0 0
1716276634326 40.0 0
1716276639463 41.0 0
1716276642642 42.0 0
1716276645854 43.0 0
1716276648810 44.0 0
1716276651828 45.0 0
1716276654207 46.0 0
1716276657140 47.0 0
1716276660252 48.0 0
1716276663481 49.0 0
1716276666438 50.0 0
1716276671975 51.0 0
1716276674935 52.0 0
1716276677417 53.0 0
1716276679574 54.0 0
1716276681869 55.0 0
1716276684474 56.0 0
1716276686739 57.0 0
1716276688922 58.0 0
1716276691351 59.0 0
1716276693644 60.0 0
1716276698733 61.0 0
1716276701498 62.0 0
1716276704872 63.0 0
1716276708936 64.0 0
1716276712282 65.0 0
1716276715579 66.0 0
1716276719174 67.0 0
1716276722841 68.0 0
1716276727357 69.0 0
1716276731325 70.0 0
1716276738326 71.0 0
1716276742986 72.0 0
1716276747497 73.0 0
1716276750983 74.0 0
1716276754126 75.0 0
1716276757252 76.0 0
1716276760714 77.0 0
1716276763746 78.0 0
1716276767152 79.0 0
1716276770595 80.0 0
1716276776699 81.0 0
1716276779855 82.0 0
1716276783228 83.0 0
1716276786610 84.0 0
1716276790876 85.0 0
1716276794328 86.0 0
1716276797586 87.0 0
1716276801390 88.0 0
1716276804799 89.0 0
1716276808150 90.0 0
1716276814675 91.0 0
1716276818122 92.0 0
1716276822464 93.0 0
1716276825841 94.0 0
1716276828884 95.0 0
1716276831935 96.0 0
1716276835263 97.0 0
1716276838144 98.0 0
1716276841003 99.0 0
1716276844092 100.0 0
1716276851477 101.0 0
1716276855632 102.0 0
1716276860299 103.0 0
1716276864705 104.0 0
1716276869497 105.0 0
1716276873470 106.0 0
1716276877177 107.0 0
1716276881413 108.0 0
1716276886636 109.0 0
1716276890891 110.0 0
1716276897235 111.0 0
1716276900689 112.0 0
1716276904312 113.0 0
1716276907358 114.0 0
1716276911138 115.0 0
1716276914580 116.0 0
1716276917838 117.0 0
1716276921175 118.0 0
1716276924463 119.0 0
1716276927736 120.0 0
1716276934531 121.0 0
1716276937213 122.0 0
1716276940744 123.0 0
1716276944119 124.0 0
1716276947710 125.0 0
1716276950558 126.0 0
1716276953921 127.0 0
1716276957012 128.0 0
1716276959730 129.0 0
1716276962782 130.0 0
1716276968920 131.0 0
1716276971877 132.0 0
1716276975145 133.0 0
1716276978053 134.0 0
1716276981090 135.0 0
1716276984053 136.0 0
1716276987202 137.0 0
1716276990189 138.0 0
1716276993387 139.0 0
1716276996466 140.0 0
1716277002672 141.0 0
1716277005711 142.0 0
1716277008815 143.0 0
1716277012004 144.0 0
1716277015246 145.0 0
1716277018198 146.0 0
1716277021412 147.0 0
1716277024645 148.0 0
1716277027764 149.0 0
1716277030636 150.0 0
1716277036277 151.0 0
1716277039362 152.0 0
1716277043626 153.0 0
1716277047235 154.0 0
1716277050819 155.0 0
1716277054213 156.0 0
1716277057668 157.0 0
1716277060758 158.0 0
1716277063958 159.0 0
1716277066735 160.0 0
1716277072333 161.0 0
1716277075462 162.0 0
1716277078441 163.0 0
1716277081425 164.0 0
1716277084732 165.0 0
1716277088003 166.0 0
1716277092858 167.0 0
1716277096623 168.0 0
1716277100024 169.0 0
1716277102873 170.0 0
1716277108345 171.0 0
1716277112712 172.0 0
1716277116752 173.0 0
1716277120411 174.0 0
1716277124777 175.0 0
1716277128679 176.0 0
1716277131891 177.0 0
1716277135169 178.0 0
1716277138655 179.0 0
1716277141781 180.0 0
1716277147335 181.0 0
1716277150381 182.0 0
1716277153914 183.0 0
1716277157086 184.0 0
1716277160593 185.0 0
1716277163960 186.0 0
1716277167214 187.0 0
1716277170524 188.0 0
1716277173460 189.0 0
1716277176721 190.0 0
1716277182594 191.0 0
1716277185878 192.0 0
1716277189166 193.0 0
1716277192126 194.0 0
1716277195696 195.0 0
1716277199021 196.0 0
1716277201907 197.0 0
1716277205205 198.0 0
1716277208683 199.0 0
1716277212102 200.0 0
1716277217564 201.0 0
1716277220586 202.0 0
1716277224031 203.0 0
1716277227296 204.0 0
1716277230722 205.0 0
1716277234700 206.0 0
1716277238477 207.0 0
1716277241651 208.0 0
1716277244989 209.0 0
1716277248307 210.0 0
1716277254642 211.0 0
1716277257962 212.0 0
1716277261196 213.0 0
1716277264766 214.0 0
1716277268078 215.0 0
1716277271111 216.0 0
1716277274721 217.0 0
1716277277737 218.0 0
1716277281133 219.0 0
1716277283952 220.0 0
1716277291045 221.0 0
1716277295114 222.0 0
1716277299806 223.0 0
1716277303843 224.0 0
1716277307180 225.0 0
1716277310465 226.0 0
1716277313795 227.0 0
1716277317176 228.0 0
1716277320301 229.0 0
1716277323480 230.0 0
1716277329769 231.0 0
1716277333396 232.0 0
1716277336911 233.0 0
1716277340123 234.0 0
1716277343338 235.0 0
1716277346652 236.0 0
1716277350159 237.0 0
1716277353224 238.0 0
1716277356806 239.0 0
1716277360538 240.0 0
1716277366252 241.0 0
1716277369366 242.0 0
1716277372522 243.0 0
1716277375268 244.0 0
1716277378593 245.0 0
1716277381605 246.0 0
1716277385178 247.0 0
1716277388027 248.0 0
1716277390887 249.0 0
1716277393594 250.0 0
1716277399099 251.0 0
1716277401997 252.0 0
1716277405056 253.0 0
1716277408327 254.0 0
1716277411478 255.0 0
1716277414582 256.0 0
1716277418065 257.0 0
1716277421245 258.0 0
1716277424571 259.0 0
1716277427647 260.0 0
1716277433103 261.0 0
1716277436428 262.0 0
1716277439455 263.0 0
1716277442980 264.0 0
1716277446324 265.0 0
1716277449523 266.0 0
1716277452705 267.0 0
1716277455722 268.0 0
1716277458905 269.0 0
1716277461937 270.0 0
1716277467589 271.0 0
1716277470948 272.0 0
1716277474223 273.0 0
1716277476851 274.0 0
1716277480148 275.0 0
1716277483477 276.0 0
1716277487019 277.0 0
1716277489857 278.0 0
1716277492728 279.0 0
1716277495522 280.0 0
1716277501231 281.0 0
1716277504523 282.0 0
1716277508075 283.0 0
1716277511556 284.0 0
1716277516603 285.0 0
1716277522260 286.0 0
1716277527132 287.0 0
1716277531178 288.0 0
1716277534785 289.0 0
1716277538168 290.0 0
1716277543996 291.0 0
1716277548742 292.0 0
1716277552728 293.0 0
1716277556649 294.0 0
1716277560914 295.0 0
1716277564544 296.0 0
1716277568015 297.0 0
1716277571144 298.0 0
1716277574494 299.0 0
1716277577592 300.0 0
1716277583618 301.0 0
1716277586840 302.0 0
1716277589759 303.0 0
1716277592205 304.0 0
1716277594566 305.0 0
1716277597506 306.0 0
1716277600451 307.0 0
1716277604173 308.0 0
1716277607559 309.0 0
1716277610852 310.0 0
1716277618406 311.0 0
1716277622632 312.0 0
1716277626164 313.0 0
1716277629948 314.0 0
1716277633681 315.0 0
1716277636624 316.0 0
1716277639663 317.0 0
1716277642351 318.0 0
1716277645903 319.0 0
1716277649208 320.0 0
1716277654756 321.0 0
1716277657959 322.0 0
1716277661061 323.0 0
1716277664423 324.0 0
1716277668072 325.0 0
1716277672454 326.0 0
1716277677183 327.0 0
1716277681534 328.0 0
1716277685598 329.0 0
1716277688747 330.0 0
1716277694623 331.0 0
1716277698104 332.0 0
1716277702243 333.0 0
1716277705451 334.0 0
1716277708659 335.0 0
1716277711279 336.0 0
1716277715000 337.0 0
1716277719184 338.0 0
1716277722739 339.0 0
1716277726201 340.0 0
1716277732342 341.0 0
1716277735452 342.0 0
1716277739259 343.0 0
1716277743417 344.0 0
1716277747191 345.0 0
1716277749919 346.0 0
1716277753550 347.0 0
1716277757035 348.0 0
1716277760977 349.0 0
1716277764488 350.0 0
1716277771617 351.0 0
1716277775078 352.0 0
1716277778810 353.0 0
1716277783590 354.0 0
1716277788073 355.0 0
1716277793899 356.0 0
1716277801812 357.0 0
1716277806231 358.0 0
1716277810237 359.0 0
1716277814342 360.0 0
1716277820411 361.0 0
1716277823732 362.0 0
1716277827440 363.0 0
1716277831332 364.0 0
1716277834842 365.0 0
1716277838041 366.0 0
1716277841390 367.0 0
1716277845120 368.0 0
1716277848677 369.0 0
1716277851783 370.0 0
1716277857465 371.0 0
1716277860916 372.0 0
1716277863692 373.0 0
1716277867142 374.0 0
1716277871823 375.0 0
1716277877975 376.0 0
1716277883155 377.0 0
1716277888518 378.0 0
1716277892767 379.0 0
1716277896435 380.0 0
1716277902508 381.0 0
1716277907159 382.0 0
1716277911816 383.0 0
1716277915788 384.0 0
1716277919715 385.0 0
1716277923156 386.0 0
1716277926467 387.0 0
1716277929779 388.0 0
1716277933982 389.0 0
1716277938476 390.0 0
1716277944691 391.0 0
1716277948642 392.0 0
1716277952556 393.0 0
1716277956139 394.0 0
1716277959465 395.0 0
1716277963030 396.0 0
1716277966828 397.0 0
1716277970831 398.0 0
1716277974429 399.0 0
1716277978414 400.0 0
1716277986653 401.0 0
1716277990815 402.0 0
1716277995091 403.0 0
1716277998885 404.0 0
1716278002590 405.0 0
1716278005754 406.0 0
1716278009833 407.0 0
1716278013323 408.0 0
1716278016761 409.0 0
1716278019899 410.0 0
1716278026924 411.0 0
1716278031221 412.0 0
1716278034500 413.0 0
1716278038043 414.0 0
1716278041373 415.0 0
1716278044609 416.0 0
1716278048544 417.0 0
1716278052122 418.0 0
1716278055919 419.0 0
1716278059563 420.0 0
1716278065556 421.0 0
1716278068655 422.0 0
1716278071628 423.0 0
1716278074895 424.0 0
1716278078845 425.0 0
1716278083117 426.0 0
1716278086970 427.0 0
1716278091260 428.0 0
1716278094637 429.0 0
1716278097294 430.0 0
1716278102908 431.0 0
1716278106064 432.0 0
1716278109768 433.0 0
1716278113335 434.0 0
1716278116873 435.0 0
1716278120068 436.0 0
1716278123277 437.0 0
1716278126360 438.0 0
1716278129940 439.0 0
1716278133721 440.0 0
1716278139712 441.0 0
1716278143520 442.0 0
1716278146962 443.0 0
1716278150183 444.0 0
1716278153357 445.0 0
1716278156466 446.0 0
1716278159838 447.0 0
1716278163745 448.0 0
1716278167027 449.0 0
1716278170291 450.0 0
1716278176212 451.0 0
1716278179332 452.0 0
1716278182994 453.0 0
1716278186629 454.0 0
1716278190465 455.0 0
1716278193693 456.0 0
1716278197120 457.0 0
1716278200676 458.0 0
1716278205409 459.0 0
1716278208823 460.0 0
1716278215115 461.0 0
1716278218970 462.0 0
1716278223033 463.0 0
1716278226860 464.0 0
1716278230318 465.0 0
1716278233868 466.0 0
1716278237255 467.0 0
1716278240562 468.0 0
1716278243908 469.0 0
1716278246837 470.0 0
1716278252865 471.0 0
1716278256065 472.0 0
1716278260468 473.0 0
1716278265190 474.0 0
1716278268888 475.0 0
1716278272727 476.0 0
1716278276816 477.0 0
1716278280517 478.0 0
1716278285677 479.0 0
1716278289077 480.0 0
1716278295520 481.0 0
1716278298687 482.0 0
1716278301848 483.0 0
1716278305474 484.0 0
1716278309938 485.0 0
1716278313483 486.0 0
1716278316797 487.0 0
1716278320109 488.0 0
1716278323866 489.0 0
1716278327508 490.0 0
1716278334533 491.0 0
1716278338035 492.0 0
1716278341760 493.0 0
1716278345934 494.0 0
1716278350820 495.0 0
1716278354226 496.0 0
1716278358519 497.0 0
1716278363027 498.0 0
1716278366663 499.0 0
1716278370274 500.0 0
1716278377212 501.0 0
1716278380358 502.0 0
1716278384558 503.0 0
1716278388080 504.0 0
1716278392583 505.0 0
1716278396400 506.0 0
1716278400336 507.0 0
1716278403758 508.0 0
1716278407869 509.0 0
1716278411449 510.0 0
1716278421836 511.0 0
1716278426208 512.0 0
1716278430344 513.0 0
1716278436280 514.0 0
1716278441772 515.0 0
1716278446188 516.0 0
1716278450279 517.0 0
1716278454709 518.0 0
1716278459612 519.0 0
1716278464067 520.0 0
1716278471292 521.0 0
