1716276494305 7.0728983879089355 0
1716276500100 6.580250263214111 0
1716276504276 6.362374305725098 0
1716276506947 6.16284704208374 0
1716276511049 6.005665302276611 0
1716276516195 5.8630595207214355 0
1716276520735 5.692394733428955 0
1716276525821 5.457519054412842 0
1716276530357 5.161767482757568 0
1716276534024 4.938925266265869 0
1716276540771 4.570817470550537 0
1716276544723 4.30300235748291 0
1716276548429 4.143304824829102 0
1716276551506 3.9140725135803223 0
1716276554253 3.7841503620147705 0
1716276557222 3.662065267562866 0
1716276559693 3.531973123550415 0
1716276562128 3.3974926471710205 0
1716276565391 3.275319814682007 0
1716276568404 3.1980762481689453 0
1716276573563 3.134946584701538 0
1716276576580 3.0786325931549072 0
1716276579793 3.028622627258301 0
1716276583142 2.988356351852417 0
1716276586528 2.954049587249756 0
1716276589534 2.9164023399353027 0
1716276592574 2.876862049102783 0
1716276595627 2.8383357524871826 0
1716276598735 2.801968812942505 0
1716276601857 2.769636869430542 0
1716276607426 2.741999626159668 0
1716276610541 2.7163455486297607 0
1716276614299 2.6904795169830322 0
1716276617352 2.6649582386016846 0
1716276620448 2.6432204246520996 0
1716276623166 2.6207268238067627 0
1716276625967 2.595320701599121 0
1716276628965 2.5732505321502686 0
1716276631962 2.553114652633667 0
1716276634300 2.532687187194824 0
1716276639435 2.5106940269470215 0
1716276642621 2.4876296520233154 0
1716276645823 2.4654181003570557 0
1716276648785 2.444423198699951 0
1716276651795 2.423602342605591 0
1716276654180 2.401367425918579 0
1716276657113 2.379854917526245 0
1716276660210 2.3600971698760986 0
1716276663457 2.341167449951172 0
1716276666415 2.3225085735321045 0
1716276671958 2.3027307987213135 0
1716276674916 2.281057834625244 0
1716276677394 2.2588956356048584 0
1716276679555 2.237399101257324 0
1716276681843 2.2163448333740234 0
1716276684430 2.1953651905059814 0
1716276686714 2.174238920211792 0
1716276688895 2.153017044067383 0
1716276691317 2.1321773529052734 0
1716276693626 2.1114256381988525 0
1716276698699 2.090488910675049 0
1716276701476 2.069279193878174 0
1716276704827 2.0475211143493652 0
1716276708913 2.0257019996643066 0
1716276712245 2.003408908843994 0
1716276715546 1.9806674718856812 0
1716276719133 1.9569953680038452 0
1716276722809 1.9327609539031982 0
1716276727320 1.9081861972808838 0
1716276731297 1.8837016820907593 0
1716276738289 1.8593342304229736 0
1716276742960 1.8352299928665161 0
1716276747475 1.811787724494934 0
1716276750954 1.7889925241470337 0
1716276754084 1.7665373086929321 0
1716276757227 1.7444281578063965 0
1716276760664 1.722509741783142 0
1716276763720 1.7011600732803345 0
1716276767122 1.680723786354065 0
1716276770574 1.6645163297653198 0
1716276776664 1.6476569175720215 0
1716276779834 1.6248183250427246 0
1716276783196 1.6001877784729004 0
1716276786585 1.5791345834732056 0
1716276790839 1.5661416053771973 0
1716276794301 1.5473583936691284 0
1716276797546 1.5252089500427246 0
1716276801369 1.5036017894744873 0
1716276804764 1.4848674535751343 0
1716276808120 1.4711861610412598 0
1716276814646 1.4508142471313477 0
1716276818088 1.4343786239624023 0
1716276822426 1.418529748916626 0
1716276825819 1.3994195461273193 0
1716276828855 1.387983798980713 0
1716276831918 1.382722020149231 0
1716276835231 1.3566213846206665 0
1716276838123 1.3556135892868042 0
1716276840966 1.3371206521987915 0
1716276844068 1.3175723552703857 0
1716276851457 1.3067549467086792 0
1716276855614 1.2860182523727417 0
1716276860244 1.2816932201385498 0
1716276864672 1.258646011352539 0
1716276869472 1.2511212825775146 0
1716276873439 1.227424144744873 0
1716276877142 1.222272276878357 0
1716276881371 1.2105059623718262 0
1716276886598 1.2007964849472046 0
1716276890862 1.1871397495269775 0
1716276897217 1.1588417291641235 0
1716276900663 1.1463701725006104 0
1716276904278 1.136181116104126 0
1716276907320 1.1272568702697754 0
1716276911114 1.15890634059906 0
1716276914562 2.1469500064849854 0
1716276917808 1.9653937816619873 0
1716276921151 1.8589932918548584 0
1716276924435 1.8580607175827026 0
1716276927713 1.8672614097595215 0
1716276934513 1.8641098737716675 0
1716276937194 1.8919694423675537 0
1716276940670 1.8925343751907349 0
1716276944093 1.8511501550674438 0
1716276947684 1.792651891708374 0
1716276950536 1.7378216981887817 0
1716276953894 1.6954158544540405 0
1716276956994 1.6575795412063599 0
1716276959712 1.6109896898269653 0
1716276962758 1.5617072582244873 0
1716276968897 1.5213016271591187 0
1716276971852 1.486807942390442 0
1716276975114 1.4511070251464844 0
1716276978023 1.411220908164978 0
1716276981064 1.3772603273391724 0
1716276984035 1.344433069229126 0
1716276987169 1.3133437633514404 0
1716276990160 1.2880789041519165 0
1716276993352 1.2660412788391113 0
1716276996436 1.2420928478240967 0
1716277002652 1.2168937921524048 0
1716277005688 1.195355772972107 0
1716277008776 1.1763582229614258 0
1716277011981 1.1582727432250977 0
1716277015221 1.1432536840438843 0
1716277018176 1.1289089918136597 0
1716277021384 1.114781379699707 0
1716277024620 1.101077675819397 0
1716277027723 1.0862292051315308 0
1716277030613 1.0719115734100342 0
1716277036238 1.059545636177063 0
1716277039340 1.0484424829483032 0
1716277043595 1.0385454893112183 0
1716277047208 1.028861165046692 0
1716277050792 1.0188391208648682 0
1716277054189 1.007961630821228 0
1716277057629 0.9961780309677124 0
1716277060731 0.984893262386322 0
1716277063923 0.9745615124702454 0
1716277066710 0.9652482271194458 0
1716277072309 0.9562492966651917 0
1716277075440 0.947236180305481 0
1716277078425 0.9385228157043457 0
1716277081403 0.9301944375038147 0
1716277084695 0.9224406480789185 0
1716277087979 0.9147607088088989 0
1716277092831 0.9070257544517517 0
1716277096595 0.8994646668434143 0
1716277099998 0.8919396996498108 0
1716277102848 0.8845995664596558 0
1716277108307 0.8773286938667297 0
1716277112686 0.8701679110527039 0
1716277116723 0.8631545305252075 0
1716277120385 0.8560435771942139 0
1716277124740 0.8490318059921265 0
1716277128654 0.8422197103500366 0
1716277131862 0.835620105266571 0
1716277135119 0.828938364982605 0
1716277138606 0.8222634792327881 0
1716277141745 0.8158771991729736 0
1716277147314 0.8096815943717957 0
1716277150357 0.8036308884620667 0
1716277153884 0.7976552844047546 0
1716277157066 0.7918186187744141 0
1716277160548 0.7860776782035828 0
1716277163933 0.7804051041603088 0
1716277167181 0.7747969627380371 0
1716277170496 0.7692368626594543 0
1716277173410 0.7638567686080933 0
1716277176701 0.7585687041282654 0
1716277182566 0.7533317804336548 0
1716277185855 0.748175859451294 0
1716277189130 0.7431303858757019 0
1716277192101 0.7381713390350342 0
1716277195661 0.7332831025123596 0
1716277198997 0.7284440994262695 0
1716277201881 0.7236489057540894 0
1716277205182 0.7189204692840576 0
1716277208651 0.714231550693512 0
1716277212083 0.7095717191696167 0
1716277217533 0.7049310803413391 0
1716277220560 0.7003231048583984 0
1716277223975 0.6957526803016663 0
1716277227268 0.6912152171134949 0
1716277230685 0.6867042779922485 0
1716277234671 0.6822429895401001 0
1716277238427 0.6778169274330139 0
1716277241631 0.673414409160614 0
1716277244951 0.6690405607223511 0
1716277248262 0.6647032499313354 0
1716277254615 0.6603928804397583 0
1716277257941 0.6561234593391418 0
1716277261141 0.6518984436988831 0
1716277264746 0.6477062106132507 0
1716277268043 0.6435522437095642 0
1716277271086 0.6394385695457458 0
1716277274680 0.6353541016578674 0
1716277277716 0.6313028931617737 0
1716277281102 0.6272907853126526 0
1716277283901 0.6233132481575012 0
1716277291015 0.6193669438362122 0
1716277295086 0.6154533624649048 0
1716277299781 0.6115769147872925 0
1716277303820 0.6077366471290588 0
1716277307141 0.6039304733276367 0
1716277310423 0.6001700162887573 0
1716277313744 0.5964543223381042 0
1716277317147 0.5927844643592834 0
1716277320276 0.5891585350036621 0
1716277323457 0.5855754017829895 0
1716277329737 0.5820320248603821 0
1716277333365 0.5785329937934875 0
1716277336884 0.5750706195831299 0
1716277340103 0.5716517567634583 0
1716277343306 0.5682695508003235 0
1716277346574 0.5649242401123047 0
1716277350129 0.5616148114204407 0
1716277353207 0.5583415031433105 0
1716277356780 0.5551018714904785 0
1716277360516 0.5518940091133118 0
1716277366233 0.5487198829650879 0
1716277369348 0.5455764532089233 0
1716277372484 0.5424636006355286 0
1716277375212 0.53938227891922 0
1716277378567 0.5363274216651917 0
1716277381585 0.5333026647567749 0
1716277385140 0.5303045511245728 0
1716277388003 0.5273297429084778 0
1716277390862 0.5243827104568481 0
1716277393573 0.5214588046073914 0
1716277399073 0.518554151058197 0
1716277401970 0.5156711339950562 0
1716277405027 0.512806236743927 0
1716277408294 0.509960949420929 0
1716277411451 0.5071337819099426 0
1716277414557 0.5043258666992188 0
1716277418029 0.5015328526496887 0
1716277421215 0.4987541735172272 0
1716277424537 0.4959946572780609 0
1716277427625 0.49325063824653625 0
1716277433075 0.49052169919013977 0
1716277436409 0.4878111779689789 0
1716277439418 0.4851163923740387 0
1716277442956 0.48243874311447144 0
1716277446297 0.4797813296318054 0
1716277449504 0.4771404564380646 0
1716277452668 0.4745171368122101 0
1716277455701 0.47191476821899414 0
1716277458863 0.4693305492401123 0
1716277461906 0.46676456928253174 0
1716277467561 0.4642198383808136 0
1716277470918 0.46169325709342957 0
1716277474173 0.4591861367225647 0
1716277476825 0.4566970765590668 0
1716277480116 0.4542318880558014 0
1716277483451 0.4517849087715149 0
1716277486985 0.4493577778339386 0
1716277489834 0.44695112109184265 0
1716277492691 0.4445649981498718 0
1716277495492 0.4422028362751007 0
1716277501197 0.43986156582832336 0
1716277504503 0.43754106760025024 0
1716277508039 0.43524277210235596 0
1716277511539 0.4329664707183838 0
1716277516551 0.4307126998901367 0
1716277522229 0.42848169803619385 0
1716277527065 0.4262699484825134 0
1716277531127 0.42408302426338196 0
1716277534739 0.42191454768180847 0
1716277538140 0.41976580023765564 0
1716277543970 0.41763952374458313 0
1716277548695 0.4155324697494507 0
1716277552681 0.4134436249732971 0
1716277556551 0.4113754332065582 0
1716277560882 0.4093242883682251 0
1716277564506 0.4072892963886261 0
1716277567973 0.4052758514881134 0
1716277571123 0.4032750427722931 0
1716277574466 0.40129354596138 0
1716277577570 0.39932775497436523 0
1716277583591 0.3973759710788727 0
1716277586818 0.3954404890537262 0
1716277589716 0.39352166652679443 0
1716277592179 0.3916139602661133 0
1716277594544 0.3897247314453125 0
1716277597478 0.3878469467163086 0
1716277600428 0.3859826624393463 0
1716277604153 0.38413476943969727 0
1716277607515 0.38230109214782715 0
1716277610828 0.3804798424243927 0
1716277618376 0.3786751329898834 0
1716277622606 0.3768860399723053 0
1716277626134 0.3751179277896881 0
1716277629917 0.37339097261428833 0
1716277633655 0.371772438287735 0
1716277636601 0.3705427348613739 0
1716277639625 0.37059444189071655 0
1716277642329 0.37698894739151 0
1716277645865 0.42146310210227966 0
1716277649185 0.41225937008857727 0
1716277654724 0.403425008058548 0
1716277657927 0.4207729697227478 0
1716277661023 0.4158239960670471 0
1716277664400 0.3887065351009369 0
1716277668038 0.3940710723400116 0
1716277672420 0.38273611664772034 0
1716277677137 0.3814471960067749 0
1716277681501 0.3872823417186737 0
1716277685553 0.3799918293952942 0
1716277688721 0.3738898038864136 0
1716277694586 0.369517982006073 0
1716277698049 0.37061426043510437 0
1716277702186 0.3669470250606537 0
1716277705431 0.3632330298423767 0
1716277708624 0.3605721890926361 0
1716277711256 0.35581064224243164 0
1716277714952 0.3519805073738098 0
1716277719156 0.35052525997161865 0
1716277722698 0.34752440452575684 0
1716277726162 0.34639787673950195 0
1716277732309 0.34381672739982605 0
1716277735423 0.34060195088386536 0
1716277739195 0.3381115198135376 0
1716277743389 0.33651140332221985 0
1716277747148 0.3349461257457733 0
1716277749889 0.3331661522388458 0
1716277753530 0.3304879665374756 0
1716277757011 0.328701376914978 0
1716277760957 0.3271620571613312 0
1716277764442 0.32546091079711914 0
1716277771591 0.32431361079216003 0
1716277775053 0.3229462206363678 0
1716277778786 0.3207969069480896 0
1716277783555 0.31923261284828186 0
1716277788004 0.3180728554725647 0
1716277793821 0.3165013790130615 0
1716277801740 0.31507816910743713 0
1716277806181 0.3137628138065338 0
1716277810194 0.31220051646232605 0
1716277814312 0.3108181655406952 0
1716277820379 0.3096977770328522 0
1716277823716 0.30849888920783997 0
1716277827396 0.30716100335121155 0
1716277831300 0.3058817982673645 0
1716277834796 0.30471980571746826 0
1716277838025 0.30344530940055847 0
1716277841320 0.30229106545448303 0
1716277845091 0.30109986662864685 0
1716277848611 0.2998845875263214 0
1716277851756 0.2987349033355713 0
1716277857441 0.29761070013046265 0
1716277860889 0.29648420214653015 0
1716277863653 0.29531052708625793 0
1716277867105 0.294186532497406 0
1716277871784 0.2931079864501953 0
1716277877939 0.2920023202896118 0
1716277883042 0.2909034490585327 0
1716277888488 0.2898092269897461 0
1716277892731 0.288735955953598 0
1716277896413 0.2876720428466797 0
1716277902483 0.2866075038909912 0
1716277907130 0.28554049134254456 0
1716277911765 0.2844961881637573 0
1716277915766 0.28345686197280884 0
1716277919689 0.2824248671531677 0
1716277923130 0.28139442205429077 0
1716277926421 0.2803671956062317 0
1716277929754 0.27935436367988586 0
1716277933906 0.27834323048591614 0
1716277938436 0.2773403525352478 0
1716277944671 0.2763483226299286 0
1716277948598 0.2753496766090393 0
1716277952494 0.2743634879589081 0
1716277956112 0.2733878195285797 0
1716277959422 0.2724149823188782 0
1716277962997 0.27144861221313477 0
1716277966806 0.27048444747924805 0
1716277970774 0.26952803134918213 0
1716277974396 0.2685753405094147 0
1716277978379 0.2676272690296173 0
1716277986555 0.26668715476989746 0
1716277990744 0.2657487392425537 0
1716277995042 0.26481708884239197 0
1716277998817 0.2638925313949585 0
1716278002536 0.2629741430282593 0
1716278005713 0.26206305623054504 0
1716278009746 0.2611612379550934 0
1716278013296 0.2602692246437073 0
1716278016712 0.2593841552734375 0
1716278019881 0.25850823521614075 0
1716278026898 0.25764280557632446 0
1716278031191 0.2567862868309021 0
1716278034473 0.2559390366077423 0
1716278038011 0.25510063767433167 0
1716278041333 0.25426942110061646 0
1716278044580 0.2534455955028534 0
1716278048505 0.2526305615901947 0
1716278052099 0.2518232762813568 0
1716278055893 0.2510240972042084 0
1716278059538 0.25023153424263 0
1716278065536 0.24944570660591125 0
1716278068628 0.2486678659915924 0
1716278071596 0.24789544939994812 0
1716278074870 0.24713009595870972 0
1716278078791 0.2463729828596115 0
1716278083072 0.24562206864356995 0
1716278086890 0.2448752522468567 0
1716278091232 0.24413566291332245 0
1716278094611 0.2434016466140747 0
1716278097271 0.24267344176769257 0
1716278102859 0.24195055663585663 0
1716278106040 0.2412327527999878 0
1716278109725 0.24051962792873383 0
1716278113318 0.23981444537639618 0
1716278116821 0.2391105592250824 0
1716278120036 0.23841387033462524 0
1716278123239 0.23772035539150238 0
1716278126328 0.23703232407569885 0
1716278129917 0.23634958267211914 0
1716278133682 0.2356697916984558 0
1716278139685 0.2349959909915924 0
1716278143460 0.23432455956935883 0
1716278146938 0.2336592674255371 0
1716278150135 0.23299643397331238 0
1716278153312 0.2323380410671234 0
1716278156440 0.23168370127677917 0
1716278159802 0.2310330718755722 0
1716278163728 0.2303859293460846 0
1716278166984 0.22974391281604767 0
1716278170256 0.22910335659980774 0
1716278176175 0.2284669578075409 0
1716278179311 0.22783444821834564 0
1716278182973 0.22720539569854736 0
1716278186607 0.2265785038471222 0
1716278190424 0.22595734894275665 0
1716278193667 0.22533686459064484 0
1716278197087 0.22472034394741058 0
1716278200646 0.22410748898983002 0
1716278205367 0.2234969586133957 0
1716278208801 0.22289001941680908 0
1716278215084 0.2222854197025299 0
1716278218942 0.2216835469007492 0
1716278223001 0.22108584642410278 0
1716278226843 0.2204892486333847 0
1716278230279 0.21989697217941284 0
1716278233846 0.2193068116903305 0
1716278237223 0.21871934831142426 0
1716278240523 0.21813422441482544 0
1716278243876 0.2175530344247818 0
1716278246810 0.21697288751602173 0
1716278252843 0.21639615297317505 0
1716278256034 0.21582219004631042 0
1716278260433 0.21525099873542786 0
1716278265153 0.21468105912208557 0
1716278268861 0.21411478519439697 0
1716278272690 0.21355029940605164 0
1716278276780 0.21298794448375702 0
1716278280484 0.21242883801460266 0
1716278285645 0.2118716984987259 0
1716278289053 0.21131636202335358 0
1716278295495 0.21076418459415436 0
1716278298664 0.21021266281604767 0
1716278301805 0.20966419577598572 0
1716278305437 0.20911860466003418 0
1716278309908 0.20857402682304382 0
1716278313453 0.20803231000900269 0
1716278316768 0.2074921578168869 0
1716278320089 0.20695433020591736 0
1716278323833 0.2064180225133896 0
1716278327470 0.2058834284543991 0
1716278334500 0.2053515464067459 0
1716278338013 0.2048204243183136 0
1716278341718 0.2042929232120514 0
1716278345884 0.20376582443714142 0
1716278350782 0.20324155688285828 0
1716278354206 0.20271793007850647 0
1716278358480 0.2021968811750412 0
1716278362997 0.20167839527130127 0
1716278366621 0.20116034150123596 0
1716278370252 0.2006453573703766 0
1716278377175 0.200130432844162 0
1716278380326 0.19961941242218018 0
1716278384528 0.19910795986652374 0
1716278388058 0.1986001431941986 0
1716278392538 0.19809319078922272 0
1716278396363 0.19758862257003784 0
1716278400287 0.19708530604839325 0
1716278403733 0.19658327102661133 0
1716278407839 0.19608445465564728 0
1716278411426 0.19558599591255188 0
1716278421579 0.19509023427963257 0
1716278426182 0.19459545612335205 0
1716278430250 0.19410298764705658 0
1716278436243 0.19361282885074615 0
1716278441719 0.1931239366531372 0
1716278446130 0.1926364153623581 0
1716278450215 0.19215163588523865 0
1716278454635 0.19166764616966248 0
1716278459565 0.1911855787038803 0
1716278464029 0.19070599973201752 0
1716278471270 0.1902284026145935 0
