1716276494372 1.7869200706481934 0
1716276500137 1.382491111755371 0
1716276504327 1.3906140327453613 0
1716276506993 0.6643929481506348 0
1716276511089 1.5141839981079102 0
1716276516227 1.349323034286499 0
1716276520893 1.796579122543335 0
1716276525899 1.6516621112823486 0
1716276530394 1.4169487953186035 0
1716276534081 1.1367549896240234 0
1716276540830 1.891977071762085 0
1716276544759 1.3034260272979736 0
1716276548467 1.3772680759429932 0
1716276551538 1.0422320365905762 0
1716276554288 0.8342411518096924 0
1716276557271 1.0932512283325195 0
1716276559750 0.6659739017486572 0
1716276562163 0.65299391746521 0
1716276565426 1.2521979808807373 0
1716276568442 1.1711208820343018 0
1716276573598 1.309079647064209 0
1716276576611 1.0488882064819336 0
1716276579840 1.1505887508392334 0
1716276583194 1.148376226425171 0
1716276586561 1.1942839622497559 0
1716276589567 1.0220210552215576 0
1716276592640 1.1121392250061035 0
1716276595664 1.004822015762329 0
1716276598778 1.2398381233215332 0
1716276601887 1.1751790046691895 0
1716276607456 1.327437162399292 0
1716276610583 1.2001330852508545 0
1716276614327 1.2388529777526855 0
1716276617384 1.0432729721069336 0
1716276620507 1.224005937576294 0
1716276623198 0.9107098579406738 0
1716276626009 1.1612279415130615 0
1716276628987 1.0816471576690674 0
1716276632005 1.1971380710601807 0
1716276634340 0.693943977355957 0
1716276639470 1.2546019554138184 0
1716276642647 1.1232819557189941 0
1716276645872 1.1637909412384033 0
1716276648818 0.9716479778289795 0
1716276651838 1.0902438163757324 0
1716276654213 0.5940449237823486 0
1716276657153 1.1094000339508057 0
1716276660258 1.1011638641357422 0
1716276663497 1.1384119987487793 0
1716276666445 1.0325829982757568 0
1716276671981 1.3662080764770508 0
1716276674941 0.9551830291748047 0
1716276677444 0.935621976852417 0
1716276679581 0.5898990631103516 0
1716276681892 0.715285062789917 0
1716276684489 0.8492133617401123 0
1716276686752 0.627579927444458 0
1716276688935 0.6308939456939697 0
1716276691362 0.7889449596405029 0
1716276693656 0.5923750400543213 0
1716276698750 1.1866402626037598 0
1716276701505 0.9913070201873779 0
1716276704881 1.2672791481018066 0
1716276708946 1.353722095489502 0
1716276712300 1.2266011238098145 0
1716276715585 1.1869480609893799 0
1716276719180 1.1471071243286133 0
1716276722855 1.4796440601348877 0
1716276727385 1.5231938362121582 0
1716276731330 1.2773358821868896 0
1716276738330 1.6969928741455078 0
1716276742992 1.3653717041015625 0
1716276747504 1.618238925933838 0
1716276750993 1.0833420753479004 0
1716276754135 1.1959381103515625 0
1716276757258 1.0633289813995361 0
1716276760724 1.3197691440582275 0
1716276763754 1.043915033340454 0
1716276767172 1.2847938537597656 0
1716276770603 1.1787512302398682 0
1716276776707 1.3618988990783691 0
1716276779861 1.1573879718780518 0
1716276783235 1.1878559589385986 0
1716276786617 1.1207542419433594 0
1716276790883 1.533804178237915 0
1716276794336 1.1454060077667236 0
1716276797596 1.233159065246582 0
1716276801396 1.2809789180755615 0
1716276804809 1.230978012084961 0
1716276808155 1.1724166870117188 0
1716276814693 1.3473732471466064 0
1716276818140 1.1853749752044678 0
1716276822483 1.5532937049865723 0
1716276825846 0.9780306816101074 0
1716276828895 1.1219191551208496 0
1716276831941 0.9928288459777832 0
1716276835282 1.2318089008331299 0
1716276838150 0.9410750865936279 0
1716276841021 0.9826951026916504 0
1716276844107 1.0745792388916016 0
1716276851484 1.556623935699463 0
1716276855637 1.27937912940979 0
1716276860303 1.4088058471679688 0
1716276864711 1.3650760650634766 0
1716276869549 1.5070359706878662 0
1716276873476 1.2389450073242188 0
1716276877186 1.3912529945373535 0
1716276881424 1.3958957195281982 0
1716276886642 1.5944218635559082 0
1716276890900 1.2764251232147217 0
1716276897241 1.3230788707733154 0
1716276900699 1.1522800922393799 0
1716276904324 1.207265853881836 0
1716276907363 1.1110987663269043 0
1716276911144 1.486802339553833 0
1716276914586 1.2391071319580078 0
1716276917842 1.256485939025879 0
1716276921184 1.1953752040863037 0
1716276924489 1.2618587017059326 0
1716276927745 1.080583095550537 0
1716276934548 1.3358919620513916 0
1716276937219 0.7187211513519287 0
1716276940754 1.3951728343963623 0
1716276944126 1.0913522243499756 0
1716276947729 1.3620929718017578 0
1716276950565 0.8174111843109131 0
1716276953939 1.2036550045013428 0
1716276957019 1.0411479473114014 0
1716276959738 0.7419929504394531 0
1716276962788 1.1029558181762695 0
1716276968926 1.2893321514129639 0
1716276971882 1.0728938579559326 0
1716276975153 1.1777129173278809 0
1716276978060 0.873847246170044 0
1716276981108 1.0846831798553467 0
1716276984058 1.0495388507843018 0
1716276987212 1.2056901454925537 0
1716276990193 1.0233898162841797 0
1716276993399 1.177804946899414 0
1716276996472 1.1125850677490234 0
1716277002678 1.2961721420288086 0
1716277005724 1.048732042312622 0
1716277008833 1.227998971939087 0
1716277012026 1.0996339321136475 0
1716277015260 1.1929478645324707 0
1716277018204 0.941277027130127 0
1716277021424 1.160046100616455 0
1716277024652 1.0020332336425781 0
1716277027775 1.1948058605194092 0
1716277030657 1.0142841339111328 0
1716277036289 1.3336942195892334 0
1716277039368 1.1719729900360107 0
1716277043632 1.3801462650299072 0
1716277047242 1.2386040687561035 0
1716277050838 1.3864648342132568 0
1716277054220 0.9757719039916992 0
1716277057679 1.2447950839996338 0
1716277060771 0.9921510219573975 0
1716277063977 1.1665878295898438 0
1716277066742 0.832439661026001 0
1716277072350 1.3237090110778809 0
1716277075468 1.0035738945007324 0
1716277078449 1.1333560943603516 0
1716277081431 1.003343105316162 0
1716277084745 1.3569879531860352 0
1716277088009 1.1686317920684814 0
1716277092864 1.5111770629882812 0
1716277096629 1.1371188163757324 0
1716277100034 1.169062852859497 0
1716277102880 0.9808981418609619 0
1716277108360 1.3968539237976074 0
1716277112718 2.1366090774536133 0
1716277116758 1.59120774269104 0
1716277120426 1.2783901691436768 0
1716277124820 1.8720908164978027 0
1716277128686 1.067349910736084 0
1716277131913 1.2015748023986816 0
1716277135173 1.1518781185150146 0
1716277138667 1.347503662109375 0
1716277141789 1.054053783416748 0
1716277147343 1.3798649311065674 0
1716277150386 1.1216540336608887 0
1716277153924 1.2470669746398926 0
1716277157092 1.0641438961029053 0
1716277160622 1.2859699726104736 0
1716277163978 1.2022020816802979 0
1716277167232 1.2688617706298828 0
1716277170530 1.1043717861175537 0
1716277173472 0.9562530517578125 0
1716277176739 1.0795063972473145 0
1716277182608 1.3848950862884521 0
1716277185894 1.1154520511627197 0
1716277189186 1.1815578937530518 0
1716277192142 0.976830005645752 0
1716277195704 1.519416093826294 0
1716277199027 1.1768348217010498 0
1716277201917 0.8558950424194336 0
1716277205212 1.075164794921875 0
1716277208701 1.2549397945404053 0
1716277212109 1.119264841079712 0
1716277217572 1.1916770935058594 0
1716277220592 1.099599838256836 0
1716277224057 1.3532748222351074 0
1716277227306 1.0604100227355957 0
1716277230743 1.2636520862579346 0
1716277234708 1.2674329280853271 0
1716277238501 1.295863151550293 0
1716277241662 1.0799269676208496 0
1716277245001 1.2144110202789307 0
1716277248314 1.2092039585113525 0
1716277254651 1.4201507568359375 0
1716277257969 1.1590850353240967 0
1716277261202 1.2944509983062744 0
1716277264773 1.1396360397338867 0
1716277268090 1.0911459922790527 0
1716277271117 1.0156590938568115 0
1716277274740 1.3520169258117676 0
1716277277744 1.0639982223510742 0
1716277281151 1.2098710536956787 0
1716277283977 0.8626649379730225 0
1716277291057 1.3460099697113037 0
1716277295128 1.3485610485076904 0
1716277299819 1.4218330383300781 0
1716277303851 1.1727831363677979 0
1716277307202 1.213742733001709 0
1716277310479 1.1174299716949463 0
1716277313809 1.254011869430542 0
1716277317184 1.1269800662994385 0
1716277320328 1.167428970336914 0
1716277323489 1.1298308372497559 0
1716277329788 1.305992841720581 0
1716277333404 1.3510630130767822 0
1716277336921 1.1268389225006104 0
1716277340131 1.063080072402954 0
1716277343345 1.26320219039917 0
1716277346664 1.1545090675354004 0
1716277350212 1.4033982753753662 0
1716277353229 1.0305180549621582 0
1716277356820 1.5499248504638672 0
1716277360554 1.1543481349945068 0
1716277366263 1.32210373878479 0
1716277369377 1.076899766921997 0
1716277372544 1.115736961364746 0
1716277375274 0.7632770538330078 0
1716277378604 1.2245159149169922 0
1716277381613 1.037822961807251 0
1716277385197 1.2836599349975586 0
1716277388034 0.9725532531738281 0
1716277390892 1.1696209907531738 0
1716277393600 0.9342899322509766 0
1716277399110 1.2955689430236816 0
1716277402008 0.992570161819458 0
1716277405067 1.2481677532196045 0
1716277408335 1.080859899520874 0
1716277411506 1.211503028869629 0
1716277414597 0.9832148551940918 0
1716277418085 1.3008179664611816 0
1716277421260 1.1478731632232666 0
1716277424590 1.2373402118682861 0
1716277427653 1.1265819072723389 0
1716277433113 1.3301713466644287 0
1716277436435 1.1214580535888672 0
1716277439477 0.9911413192749023 0
1716277442987 1.082028865814209 0
1716277446336 1.187849998474121 0
1716277449529 1.1003549098968506 0
1716277452716 1.2049269676208496 0
1716277455729 1.0839507579803467 0
1716277458916 1.1955678462982178 0
1716277461944 1.0753259658813477 0
1716277467599 1.3732411861419678 0
1716277470956 1.0510270595550537 0
1716277474234 1.316687822341919 0
1716277476858 0.8180408477783203 0
1716277480158 1.1874918937683105 0
1716277483483 1.1067698001861572 0
1716277487031 1.2175192832946777 0
1716277489863 1.0067379474639893 0
1716277492747 1.059704065322876 0
1716277495528 0.7053308486938477 0
1716277501239 1.3132688999176025 0
1716277504538 1.187056064605713 0
1716277508087 1.370500087738037 0
1716277511570 1.3831102848052979 0
1716277516613 1.5244369506835938 0
1716277522266 1.5110809803009033 0
1716277527142 1.5500967502593994 0
1716277531182 1.1259429454803467 0
1716277534792 1.356137990951538 0
1716277538180 1.065119981765747 0
1716277544004 1.384324073791504 0
1716277548749 1.3191869258880615 0
1716277552739 1.4346401691436768 0
1716277556691 1.6571369171142578 0
1716277560922 1.3731071949005127 0
1716277564551 1.289581060409546 0
1716277568030 1.2925338745117188 0
1716277571150 1.0556650161743164 0
1716277574503 1.296605110168457 0
1716277577598 1.0782620906829834 0
1716277583627 1.3497810363769531 0
1716277586850 1.2048828601837158 0
1716277589772 0.8825311660766602 0
1716277592218 0.6850371360778809 0
1716277594572 0.6239371299743652 0
1716277597514 1.0353479385375977 0
1716277600462 1.1124191284179688 0
1716277604194 1.1027352809906006 0
1716277607579 1.2610349655151367 0
1716277610859 1.0722990036010742 0
1716277618422 1.3824028968811035 0
1716277622639 1.3438427448272705 0
1716277626173 1.25449800491333 0
1716277629960 1.1879312992095947 0
1716277633697 1.3978021144866943 0
1716277636639 0.801487922668457 0
1716277639674 1.1380012035369873 0
1716277642357 0.7476119995117188 0
1716277645923 1.3473970890045166 0
1716277649226 1.0625879764556885 0
1716277654769 1.3801348209381104 0
1716277657967 1.1047718524932861 0
1716277661073 1.3103480339050293 0
1716277664430 1.1731431484222412 0
1716277668086 1.3529102802276611 0
1716277672460 1.7969176769256592 0
1716277677189 1.5899748802185059 0
1716277681550 1.362300157546997 0
1716277685609 1.3751389980316162 0
1716277688754 1.0825788974761963 0
1716277694635 1.337764024734497 0
1716277698111 1.3802070617675781 0
1716277702262 1.4611709117889404 0
1716277705457 1.066161870956421 0
1716277708671 1.1816740036010742 0
1716277711285 0.6958260536193848 0
1716277715006 1.5278630256652832 0
1716277719190 1.2837839126586914 0
1716277722750 1.2549831867218018 0
1716277726207 1.2462680339813232 0
1716277732350 1.3336513042449951 0
1716277735460 1.0568339824676514 0
1716277739337 1.5416009426116943 0
1716277743426 1.2606921195983887 0
1716277747200 1.2963531017303467 0
1716277749925 0.7182247638702393 0
1716277753560 1.3484141826629639 0
1716277757050 1.1869468688964844 0
1716277760985 1.4420270919799805 0
1716277764503 1.2676970958709717 0
1716277771624 1.292513132095337 0
1716277775091 1.1231067180633545 0
1716277778816 1.341459035873413 0
1716277783598 1.3268628120422363 0
1716277788082 1.5075781345367432 0
1716277793972 2.056314706802368 0
1716277801817 1.7687182426452637 0
1716277806236 1.3443329334259033 0
1716277810264 1.244933843612671 0
1716277814352 1.2201299667358398 0
1716277820422 1.3013310432434082 0
1716277823737 1.0652098655700684 0
1716277827448 1.218324899673462 0
1716277831338 1.2671067714691162 0
1716277834852 1.239077091217041 0
1716277838048 1.0584869384765625 0
1716277841399 1.320037841796875 0
1716277845126 1.28812575340271 0
1716277848691 1.3841619491577148 0
1716277851790 1.0171918869018555 0
1716277857490 1.4494340419769287 0
1716277860922 1.242203950881958 0
1716277863701 0.8193788528442383 0
1716277867168 1.1930429935455322 0
1716277871842 1.6908481121063232 0
1716277877994 1.3813591003417969 0
1716277883159 1.5644590854644775 0
1716277888525 1.4989161491394043 0
1716277892787 1.4899959564208984 0
1716277896441 1.0165390968322754 0
1716277902529 1.3340840339660645 0
1716277907164 1.4929180145263672 0
1716277911831 1.4694740772247314 0
1716277915797 1.270324945449829 0
1716277919725 1.3156189918518066 0
1716277923165 1.1513028144836426 0
1716277926488 1.316978931427002 0
1716277929786 1.1669490337371826 0
1716277933992 1.502425193786621 0
1716277938483 1.2772390842437744 0
1716277944701 1.3211266994476318 0
1716277948647 1.4168579578399658 0
1716277952600 1.366581916809082 0
1716277956149 1.0971741676330566 0
1716277959486 1.1796722412109375 0
1716277963045 1.2103936672210693 0
1716277966843 1.288978099822998 0
1716277970836 1.3387959003448486 0
1716277974435 1.291903018951416 0
1716277978418 1.418320894241333 0
1716277986663 1.387665033340454 0
1716277990914 1.3432531356811523 0
1716277995104 1.6573758125305176 0
1716277998890 1.3474230766296387 0
1716278002604 1.528398036956787 0
1716278005770 1.089372158050537 0
1716278009838 1.5491409301757812 0
1716278013330 1.179537057876587 0
1716278016773 1.2816288471221924 0
1716278019924 1.1260738372802734 0
1716278026931 1.3396549224853516 0
1716278031228 1.2693021297454834 0
1716278034518 1.2437918186187744 0
1716278038047 1.4784388542175293 0
1716278041393 1.3129987716674805 0
1716278044615 1.0998892784118652 0
1716278048555 1.5801620483398438 0
1716278052129 1.2702960968017578 0
1716278055927 1.3504788875579834 0
1716278059570 1.3792548179626465 0
1716278065565 1.331211805343628 0
1716278068664 1.0510740280151367 0
1716278071654 1.0960161685943604 0
1716278074905 1.2300069332122803 0
1716278078856 1.4860029220581055 0
1716278083124 1.6391541957855225 0
1716278086984 1.3398330211639404 0
1716278091275 1.412968397140503 0
1716278094649 1.282585859298706 0
1716278097300 0.6948237419128418 0
1716278102926 1.3361597061157227 0
1716278106070 1.1283400058746338 0
1716278109786 1.448997974395752 0
1716278113341 1.1191589832305908 0
1716278116892 1.43314790725708 0
1716278120075 1.0724880695343018 0
1716278123298 1.2089529037475586 0
1716278126368 1.0430338382720947 0
1716278129955 1.2552499771118164 0
1716278133725 1.343656063079834 0
1716278139722 1.2961452007293701 0
1716278143524 1.2554550170898438 0
1716278146971 1.296658992767334 0
1716278150198 1.0687007904052734 0
1716278153369 1.0935842990875244 0
1716278156478 1.0793819427490234 0
1716278159852 1.2904300689697266 0
1716278163751 1.2276008129119873 0
1716278167043 1.2611119747161865 0
1716278170299 1.0364317893981934 0
1716278176222 1.299933910369873 0
1716278179340 1.109550952911377 0
1716278183002 1.3514859676361084 0
1716278186638 1.387052059173584 0
1716278190484 1.2666990756988525 0
1716278193728 1.3149230480194092 0
1716278197130 1.2793691158294678 0
1716278200683 1.4627110958099365 0
1716278205414 1.5819621086120605 0
1716278208831 1.049746036529541 0
1716278215126 1.4007139205932617 0
1716278218978 1.3263182640075684 0
1716278223047 1.2463507652282715 0
1716278226867 1.1628220081329346 0
1716278230338 1.3866262435913086 0
1716278233875 1.158271074295044 0
1716278237273 1.2493860721588135 0
1716278240574 1.1589069366455078 0
1716278243920 1.2008318901062012 0
1716278246845 0.8561320304870605 0
1716278252873 1.366529941558838 0
1716278256071 1.0863020420074463 0
1716278260479 1.4527630805969238 0
1716278265201 1.4134418964385986 0
1716278268904 1.218101978302002 0
1716278272735 1.2943038940429688 0
1716278276823 1.5659751892089844 0
1716278280527 1.2139058113098145 0
1716278285688 1.4152140617370605 0
1716278289084 1.1426892280578613 0
1716278295535 1.3394920825958252 0
1716278298697 1.054527997970581 0
1716278301860 1.2080259323120117 0
1716278305481 1.6414847373962402 0
1716278309952 1.4328408241271973 0
1716278313494 1.12778902053833 0
1716278316815 1.146233081817627 0
1716278320114 0.980726957321167 0
1716278323874 1.231537103652954 0
1716278327515 1.390528678894043 0
1716278334543 1.330308198928833 0
1716278338043 1.0826380252838135 0
1716278341768 1.4069910049438477 0
1716278345943 1.4708333015441895 0
1716278350830 1.6760849952697754 0
1716278354239 1.0405850410461426 0
1716278358529 1.465399980545044 0
1716278363033 1.187114953994751 0
1716278366694 1.427016019821167 0
1716278370280 1.1747677326202393 0
1716278377220 1.3703069686889648 0
1716278380364 1.0757699012756348 0
1716278384568 1.345027208328247 0
1716278388091 1.1194188594818115 0
1716278392594 1.324507713317871 0
1716278396407 1.3973088264465332 0
1716278400342 1.410728931427002 0
1716278403764 1.0703322887420654 0
1716278407885 1.6248457431793213 0
1716278411456 1.2332727909088135 0
1716278421851 1.705970048904419 0
1716278426214 1.318073034286499 0
1716278430352 1.3812549114227295 0
1716278436286 1.6229631900787354 0
1716278441785 1.61971116065979 0
1716278446194 1.2863471508026123 0
1716278450295 1.4741671085357666 0
1716278454714 1.5723540782928467 0
1716278459627 1.5583741664886475 0
1716278464071 1.3584098815917969 0
1716278471397 1.4697260856628418 0
