1716292298756 1.0 0
1716292305033 2.0 0
1716292310347 3.0 0
1716292318147 4.0 0
1716292326345 5.0 0
1716292332768 6.0 0
1716292338000 7.0 0
1716292345630 8.0 0
1716292350054 9.0 0
1716292355971 10.0 0
1716292364430 11.0 0
1716292371678 12.0 0
1716292376907 13.0 0
1716292384002 14.0 0
1716292389467 15.0 0
1716292395984 16.0 0
1716292401140 17.0 0
1716292406714 18.0 0
1716292412641 19.0 0
1716292418772 20.0 0
1716292435130 21.0 0
1716292442442 22.0 0
1716292450759 23.0 0
1716292458035 24.0 0
1716292463876 25.0 0
1716292470575 26.0 0
1716292480432 27.0 0
1716292485347 28.0 0
1716292491468 29.0 0
1716292497569 30.0 0
1716292514288 31.0 0
1716292521716 32.0 0
1716292526124 33.0 0
1716292533470 34.0 0
