1716292298665 7.320279598236084 0
1716292304964 7.300778388977051 0
1716292310270 7.282318592071533 0
1716292317978 7.264796257019043 0
1716292325044 7.2480926513671875 0
1716292332672 7.232084274291992 0
1716292337942 7.216686248779297 0
1716292345299 7.201816082000732 0
1716292349964 7.1874165534973145 0
1716292355904 7.173428058624268 0
1716292364327 7.159804344177246 0
1716292370444 7.146512985229492 0
1716292376852 7.133515357971191 0
1716292383947 7.1207804679870605 0
1716292389431 7.108270645141602 0
1716292395931 7.095961570739746 0
1716292400785 7.083822727203369 0
1716292406622 7.071818828582764 0
1716292412512 7.059902191162109 0
1716292418700 7.048037052154541 0
1716292435058 7.036191463470459 0
1716292442322 7.024300575256348 0
1716292450324 7.012312412261963 0
1716292457951 7.00015926361084 0
1716292463791 6.987765789031982 0
1716292470341 6.975025653839111 0
1716292476321 6.961819171905518 0
1716292485233 6.948009014129639 0
1716292491420 6.933431625366211 0
1716292496803 6.917951583862305 0
1716292513203 6.901490688323975 0
1716292520466 6.884058952331543 0
1716292526075 6.865843296051025 0
1716292532540 6.847182273864746 0
