1716292299036 4.206468105316162 0
1716292305038 2.212494134902954 0
1716292310363 1.7013840675354004 0
1716292318182 3.726407051086426 0
1716292326505 3.5766825675964355 0
1716292332799 2.5153589248657227 0
1716292338005 1.573793888092041 0
1716292345640 3.55460262298584 0
1716292350122 1.820786952972412 0
1716292355974 2.4787371158599854 0
1716292364436 2.4245052337646484 0
1716292371693 3.6683671474456787 0
1716292376911 1.78824782371521 0
1716292384008 1.9464571475982666 0
1716292389471 1.813246250152588 0
1716292395988 1.965684175491333 0
1716292401145 1.7922561168670654 0
1716292406740 2.020707845687866 0
1716292412646 2.059953212738037 0
1716292418776 2.210102081298828 0
1716292435136 6.881149768829346 0
1716292442447 3.315845012664795 0
1716292450765 3.4281280040740967 0
1716292458045 4.134658098220825 0
1716292463880 3.0397748947143555 0
1716292470580 3.4103949069976807 0
1716292480445 6.54193902015686 0
1716292485419 2.3151190280914307 0
1716292491474 1.614403247833252 0
1716292497584 2.6056160926818848 0
1716292514295 7.971495866775513 0
1716292521723 3.9039127826690674 0
1716292526129 1.5877137184143066 0
1716292533484 3.4302918910980225 0
