1716284012743 1.0 0
1716284018545 2.0 0
1716284024557 3.0 0
1716284029943 4.0 0
1716284035610 5.0 0
1716284041030 6.0 0
1716284046932 7.0 0
1716284051936 8.0 0
1716284056366 9.0 0
1716284062081 10.0 0
1716284071896 11.0 0
1716284078269 12.0 0
1716284083213 13.0 0
1716284088540 14.0 0
1716284094176 15.0 0
1716284099033 16.0 0
1716284103461 17.0 0
1716284107673 18.0 0
1716284111531 19.0 0
1716284115654 20.0 0
1716284122965 21.0 0
1716284126668 22.0 0
1716284130179 23.0 0
1716284134250 24.0 0
1716284137984 25.0 0
1716284141882 26.0 0
1716284145525 27.0 0
1716284149495 28.0 0
1716284153251 29.0 0
1716284156825 30.0 0
1716284163845 31.0 0
1716284167201 32.0 0
1716284170602 33.0 0
1716284174085 34.0 0
1716284177745 35.0 0
1716284181237 36.0 0
1716284184909 37.0 0
1716284188737 38.0 0
1716284193061 39.0 0
1716284197025 40.0 0
1716284205009 41.0 0
1716284210766 42.0 0
1716284215398 43.0 0
1716284219482 44.0 0
1716284223273 45.0 0
1716284227140 46.0 0
1716284230726 47.0 0
1716284234586 48.0 0
1716284238062 49.0 0
1716284241726 50.0 0
1716284248709 51.0 0
1716284251969 52.0 0
1716284255693 53.0 0
1716284258890 54.0 0
1716284262793 55.0 0
1716284266355 56.0 0
1716284269787 57.0 0
1716284272886 58.0 0
1716284276123 59.0 0
1716284279550 60.0 0
1716284286173 61.0 0
1716284290559 62.0 0
1716284294341 63.0 0
1716284297585 64.0 0
1716284301406 65.0 0
1716284305146 66.0 0
1716284309254 67.0 0
1716284313823 68.0 0
1716284317868 69.0 0
1716284321291 70.0 0
1716284327731 71.0 0
1716284330970 72.0 0
1716284334205 73.0 0
1716284337654 74.0 0
1716284340901 75.0 0
1716284344515 76.0 0
1716284347743 77.0 0
1716284350942 78.0 0
1716284354529 79.0 0
1716284357297 80.0 0
1716284363657 81.0 0
1716284367000 82.0 0
1716284370181 83.0 0
1716284373594 84.0 0
1716284376827 85.0 0
1716284380267 86.0 0
1716284383997 87.0 0
1716284387545 88.0 0
1716284391141 89.0 0
1716284394296 90.0 0
1716284400553 91.0 0
1716284403872 92.0 0
1716284406841 93.0 0
1716284410308 94.0 0
1716284413527 95.0 0
1716284417301 96.0 0
1716284420628 97.0 0
1716284423873 98.0 0
1716284427240 99.0 0
1716284430511 100.0 0
1716284436783 101.0 0
1716284440452 102.0 0
1716284444237 103.0 0
1716284447829 104.0 0
1716284451353 105.0 0
1716284454916 106.0 0
1716284458297 107.0 0
1716284461883 108.0 0
1716284465495 109.0 0
1716284468653 110.0 0
1716284474955 111.0 0
1716284478131 112.0 0
1716284481308 113.0 0
1716284484760 114.0 0
1716284488181 115.0 0
1716284491431 116.0 0
1716284494886 117.0 0
1716284497953 118.0 0
1716284501446 119.0 0
1716284505420 120.0 0
1716284511847 121.0 0
1716284515429 122.0 0
1716284518788 123.0 0
1716284522206 124.0 0
1716284525845 125.0 0
1716284529019 126.0 0
1716284532576 127.0 0
1716284536047 128.0 0
1716284539180 129.0 0
1716284543246 130.0 0
1716284550668 131.0 0
1716284554116 132.0 0
1716284557607 133.0 0
1716284560678 134.0 0
1716284564016 135.0 0
1716284567425 136.0 0
1716284570729 137.0 0
1716284574183 138.0 0
1716284577114 139.0 0
1716284580602 140.0 0
1716284586856 141.0 0
1716284590099 142.0 0
1716284593258 143.0 0
1716284596748 144.0 0
1716284599976 145.0 0
1716284603367 146.0 0
1716284606752 147.0 0
1716284609441 148.0 0
1716284612968 149.0 0
1716284616581 150.0 0
1716284623079 151.0 0
1716284627301 152.0 0
1716284631445 153.0 0
1716284635171 154.0 0
1716284639018 155.0 0
1716284642860 156.0 0
1716284646304 157.0 0
1716284650024 158.0 0
1716284653660 159.0 0
1716284657195 160.0 0
1716284663736 161.0 0
1716284666884 162.0 0
1716284670395 163.0 0
1716284673463 164.0 0
1716284676923 165.0 0
1716284680002 166.0 0
1716284683973 167.0 0
1716284687325 168.0 0
1716284690598 169.0 0
1716284693577 170.0 0
1716284700299 171.0 0
1716284703587 172.0 0
1716284706778 173.0 0
1716284710402 174.0 0
1716284713999 175.0 0
1716284717070 176.0 0
1716284720327 177.0 0
1716284723668 178.0 0
1716284726923 179.0 0
1716284730207 180.0 0
1716284736610 181.0 0
1716284740154 182.0 0
1716284744109 183.0 0
1716284747789 184.0 0
1716284751285 185.0 0
1716284754680 186.0 0
1716284758129 187.0 0
1716284761489 188.0 0
1716284764979 189.0 0
1716284768115 190.0 0
1716284774528 191.0 0
1716284777711 192.0 0
1716284780818 193.0 0
1716284784492 194.0 0
1716284787768 195.0 0
1716284791109 196.0 0
1716284794338 197.0 0
1716284797715 198.0 0
1716284800742 199.0 0
1716284804304 200.0 0
1716284810674 201.0 0
1716284814438 202.0 0
1716284817794 203.0 0
1716284821448 204.0 0
1716284825817 205.0 0
1716284829484 206.0 0
1716284833381 207.0 0
1716284837042 208.0 0
1716284840321 209.0 0
1716284843814 210.0 0
1716284850014 211.0 0
1716284853075 212.0 0
1716284856427 213.0 0
1716284859931 214.0 0
1716284863716 215.0 0
1716284867420 216.0 0
1716284870801 217.0 0
1716284874030 218.0 0
1716284877439 219.0 0
1716284880754 220.0 0
1716284887371 221.0 0
1716284890347 222.0 0
1716284893897 223.0 0
1716284897167 224.0 0
1716284900414 225.0 0
1716284904037 226.0 0
1716284907689 227.0 0
1716284910997 228.0 0
1716284914203 229.0 0
1716284917621 230.0 0
1716284925017 231.0 0
1716284931016 232.0 0
1716284937464 233.0 0
1716284942254 234.0 0
1716284946570 235.0 0
1716284950798 236.0 0
1716284955746 237.0 0
1716284959936 238.0 0
1716284964322 239.0 0
1716284968624 240.0 0
1716284975959 241.0 0
1716284980004 242.0 0
1716284984705 243.0 0
1716284988936 244.0 0
1716284992760 245.0 0
1716284997232 246.0 0
1716285001722 247.0 0
1716285005878 248.0 0
1716285009844 249.0 0
1716285014571 250.0 0
1716285021927 251.0 0
1716285025993 252.0 0
1716285030364 253.0 0
1716285034393 254.0 0
1716285038230 255.0 0
1716285042488 256.0 0
1716285046567 257.0 0
1716285050236 258.0 0
1716285053989 259.0 0
1716285058234 260.0 0
1716285065345 261.0 0
1716285069041 262.0 0
1716285072658 263.0 0
1716285076456 264.0 0
1716285079914 265.0 0
1716285084116 266.0 0
1716285087951 267.0 0
1716285091667 268.0 0
1716285095387 269.0 0
1716285098949 270.0 0
1716285105994 271.0 0
1716285110609 272.0 0
1716285115211 273.0 0
1716285119043 274.0 0
1716285122790 275.0 0
1716285126523 276.0 0
1716285130020 277.0 0
1716285134074 278.0 0
1716285137589 279.0 0
1716285141747 280.0 0
1716285148354 281.0 0
1716285151727 282.0 0
1716285155159 283.0 0
1716285158866 284.0 0
1716285162989 285.0 0
1716285166643 286.0 0
1716285170477 287.0 0
1716285174171 288.0 0
1716285177714 289.0 0
1716285181295 290.0 0
1716285188039 291.0 0
1716285191530 292.0 0
1716285196526 293.0 0
1716285202922 294.0 0
1716285207539 295.0 0
1716285212004 296.0 0
1716285216413 297.0 0
1716285220097 298.0 0
1716285224042 299.0 0
1716285228151 300.0 0
1716285235624 301.0 0
1716285239202 302.0 0
1716285242873 303.0 0
1716285246497 304.0 0
1716285249967 305.0 0
1716285253395 306.0 0
1716285257011 307.0 0
1716285260416 308.0 0
1716285264108 309.0 0
1716285269287 310.0 0
1716285276345 311.0 0
1716285280195 312.0 0
1716285284556 313.0 0
1716285289638 314.0 0
1716285294337 315.0 0
1716285299593 316.0 0
1716285304929 317.0 0
1716285309461 318.0 0
1716285313909 319.0 0
1716285317786 320.0 0
1716285324420 321.0 0
1716285328059 322.0 0
1716285331847 323.0 0
1716285335344 324.0 0
1716285339188 325.0 0
1716285344130 326.0 0
1716285348707 327.0 0
1716285352972 328.0 0
1716285357202 329.0 0
1716285361627 330.0 0
1716285368452 331.0 0
1716285372586 332.0 0
1716285376922 333.0 0
1716285381624 334.0 0
1716285386379 335.0 0
1716285390954 336.0 0
1716285394865 337.0 0
1716285398296 338.0 0
1716285401820 339.0 0
1716285405909 340.0 0
1716285412327 341.0 0
1716285416290 342.0 0
1716285419997 343.0 0
1716285423814 344.0 0
1716285427519 345.0 0
1716285431033 346.0 0
1716285435401 347.0 0
1716285439045 348.0 0
1716285442835 349.0 0
1716285446586 350.0 0
1716285453133 351.0 0
1716285457330 352.0 0
1716285462522 353.0 0
1716285466898 354.0 0
1716285471415 355.0 0
1716285475517 356.0 0
1716285480010 357.0 0
1716285483684 358.0 0
1716285487507 359.0 0
1716285491839 360.0 0
1716285498869 361.0 0
1716285503019 362.0 0
1716285506791 363.0 0
1716285510397 364.0 0
1716285513965 365.0 0
1716285517714 366.0 0
1716285521428 367.0 0
1716285525704 368.0 0
1716285529668 369.0 0
1716285533273 370.0 0
1716285539707 371.0 0
1716285543195 372.0 0
1716285547116 373.0 0
1716285551810 374.0 0
1716285555446 375.0 0
1716285559451 376.0 0
1716285563432 377.0 0
1716285567626 378.0 0
1716285571788 379.0 0
1716285576022 380.0 0
1716285584473 381.0 0
1716285588647 382.0 0
1716285592591 383.0 0
1716285596314 384.0 0
1716285600271 385.0 0
1716285604287 386.0 0
1716285608712 387.0 0
1716285612963 388.0 0
1716285617271 389.0 0
1716285622762 390.0 0
1716285630680 391.0 0
1716285634242 392.0 0
1716285637783 393.0 0
1716285641540 394.0 0
1716285645267 395.0 0
1716285649525 396.0 0
1716285653279 397.0 0
1716285656724 398.0 0
1716285660394 399.0 0
1716285664198 400.0 0
1716285670798 401.0 0
1716285674606 402.0 0
1716285678039 403.0 0
1716285681702 404.0 0
1716285686986 405.0 0
1716285691935 406.0 0
1716285696551 407.0 0
1716285701328 408.0 0
1716285705929 409.0 0
1716285709916 410.0 0
1716285716484 411.0 0
1716285719879 412.0 0
1716285723627 413.0 0
1716285727436 414.0 0
1716285733574 415.0 0
1716285739334 416.0 0
1716285743766 417.0 0
1716285748537 418.0 0
1716285753292 419.0 0
1716285757815 420.0 0
1716285764838 421.0 0
1716285768448 422.0 0
1716285771998 423.0 0
1716285775344 424.0 0
1716285779167 425.0 0
1716285782837 426.0 0
1716285786147 427.0 0
1716285789507 428.0 0
1716285793015 429.0 0
1716285797449 430.0 0
1716285805358 431.0 0
1716285809545 432.0 0
1716285813346 433.0 0
1716285817199 434.0 0
1716285820866 435.0 0
1716285824609 436.0 0
1716285828794 437.0 0
1716285832678 438.0 0
1716285836113 439.0 0
1716285841594 440.0 0
1716285848842 441.0 0
1716285853482 442.0 0
1716285858105 443.0 0
1716285861867 444.0 0
1716285866173 445.0 0
1716285870959 446.0 0
1716285875348 447.0 0
1716285879600 448.0 0
1716285884320 449.0 0
1716285888238 450.0 0
1716285895015 451.0 0
1716285899030 452.0 0
1716285902775 453.0 0
1716285906307 454.0 0
1716285909995 455.0 0
1716285914106 456.0 0
1716285919774 457.0 0
1716285923608 458.0 0
1716285927714 459.0 0
1716285931401 460.0 0
1716285938346 461.0 0
1716285942046 462.0 0
1716285945922 463.0 0
1716285950368 464.0 0
1716285954187 465.0 0
1716285961040 466.0 0
1716285966534 467.0 0
1716285971133 468.0 0
1716285975940 469.0 0
1716285980414 470.0 0
1716285987850 471.0 0
1716285993172 472.0 0
1716285998883 473.0 0
1716286004108 474.0 0
1716286010006 475.0 0
1716286014359 476.0 0
1716286018641 477.0 0
1716286022929 478.0 0
1716286026722 479.0 0
1716286030841 480.0 0
1716286039289 481.0 0
1716286043322 482.0 0
1716286047881 483.0 0
1716286051975 484.0 0
1716286056322 485.0 0
1716286060715 486.0 0
1716286065040 487.0 0
1716286069527 488.0 0
1716286073591 489.0 0
1716286078473 490.0 0
1716286091533 491.0 0
1716286095656 492.0 0
1716286099536 493.0 0
1716286104008 494.0 0
1716286111128 495.0 0
1716286117104 496.0 0
1716286123917 497.0 0
1716286128955 498.0 0
1716286133969 499.0 0
1716286138886 500.0 0
1716286146673 501.0 0
1716286152240 502.0 0
1716286156565 503.0 0
1716286160769 504.0 0
1716286164985 505.0 0
1716286168834 506.0 0
1716286172594 507.0 0
1716286176825 508.0 0
1716286181443 509.0 0
1716286185519 510.0 0
1716286192387 511.0 0
1716286196696 512.0 0
1716286200774 513.0 0
1716286204643 514.0 0
1716286208753 515.0 0
1716286214050 516.0 0
1716286218143 517.0 0
1716286222400 518.0 0
1716286226768 519.0 0
1716286230702 520.0 0
1716286240346 521.0 0
1716286246095 522.0 0
1716286250943 523.0 0
1716286255086 524.0 0
1716286259876 525.0 0
1716286264051 526.0 0
1716286268044 527.0 0
1716286272368 528.0 0
1716286276453 529.0 0
1716286280972 530.0 0
1716286288244 531.0 0
1716286292713 532.0 0
1716286297388 533.0 0
1716286303162 534.0 0
1716286308356 535.0 0
1716286313473 536.0 0
1716286318733 537.0 0
1716286323791 538.0 0
1716286328900 539.0 0
1716286332961 540.0 0
1716286341450 541.0 0
1716286345846 542.0 0
1716286350068 543.0 0
1716286354887 544.0 0
1716286359815 545.0 0
1716286363547 546.0 0
1716286367438 547.0 0
1716286371782 548.0 0
1716286375696 549.0 0
1716286379875 550.0 0
1716286387048 551.0 0
1716286390607 552.0 0
1716286395110 553.0 0
1716286399264 554.0 0
1716286403259 555.0 0
1716286407258 556.0 0
1716286411124 557.0 0
1716286415190 558.0 0
1716286419000 559.0 0
1716286423288 560.0 0
1716286430355 561.0 0
1716286434486 562.0 0
1716286438373 563.0 0
1716286442984 564.0 0
1716286447096 565.0 0
1716286451185 566.0 0
1716286455326 567.0 0
1716286459021 568.0 0
1716286463135 569.0 0
1716286466881 570.0 0
1716286473744 571.0 0
1716286477159 572.0 0
1716286480979 573.0 0
1716286485578 574.0 0
1716286489784 575.0 0
1716286493803 576.0 0
1716286497852 577.0 0
1716286501856 578.0 0
1716286506491 579.0 0
1716286510074 580.0 0
1716286517049 581.0 0
1716286520848 582.0 0
1716286524546 583.0 0
1716286528179 584.0 0
1716286531865 585.0 0
1716286535542 586.0 0
1716286539362 587.0 0
1716286543409 588.0 0
1716286547289 589.0 0
1716286551130 590.0 0
1716286557901 591.0 0
1716286561427 592.0 0
1716286565344 593.0 0
1716286569067 594.0 0
1716286572921 595.0 0
1716286576796 596.0 0
1716286580511 597.0 0
1716286584113 598.0 0
1716286587815 599.0 0
1716286592469 600.0 0
1716286599213 601.0 0
1716286603473 602.0 0
1716286607415 603.0 0
1716286611230 604.0 0
1716286615146 605.0 0
1716286619313 606.0 0
1716286623047 607.0 0
1716286626799 608.0 0
1716286630435 609.0 0
1716286634715 610.0 0
1716286641407 611.0 0
1716286644812 612.0 0
1716286648614 613.0 0
1716286652534 614.0 0
1716286656449 615.0 0
1716286660711 616.0 0
1716286665172 617.0 0
1716286669067 618.0 0
1716286672956 619.0 0
1716286676713 620.0 0
1716286686967 621.0 0
1716286690452 622.0 0
1716286694011 623.0 0
1716286698294 624.0 0
1716286702020 625.0 0
1716286706256 626.0 0
1716286710196 627.0 0
1716286713972 628.0 0
1716286718014 629.0 0
1716286722133 630.0 0
1716286729247 631.0 0
1716286732923 632.0 0
1716286736773 633.0 0
1716286740585 634.0 0
1716286744535 635.0 0
1716286748276 636.0 0
1716286752305 637.0 0
1716286757109 638.0 0
1716286762771 639.0 0
1716286767309 640.0 0
1716286774247 641.0 0
1716286777797 642.0 0
1716286781543 643.0 0
1716286785148 644.0 0
1716286789128 645.0 0
1716286792842 646.0 0
1716286796726 647.0 0
1716286801065 648.0 0
1716286804865 649.0 0
1716286808726 650.0 0
1716286815434 651.0 0
1716286818994 652.0 0
1716286822785 653.0 0
1716286826492 654.0 0
1716286830308 655.0 0
1716286834071 656.0 0
1716286837930 657.0 0
1716286842291 658.0 0
1716286846540 659.0 0
1716286850600 660.0 0
1716286857271 661.0 0
1716286860962 662.0 0
1716286864996 663.0 0
1716286868820 664.0 0
1716286872473 665.0 0
1716286876279 666.0 0
1716286879881 667.0 0
1716286883529 668.0 0
1716286887278 669.0 0
1716286891311 670.0 0
1716286897916 671.0 0
1716286901541 672.0 0
1716286905850 673.0 0
1716286910118 674.0 0
1716286914199 675.0 0
1716286918477 676.0 0
1716286922349 677.0 0
1716286925945 678.0 0
1716286929552 679.0 0
1716286933427 680.0 0
1716286940101 681.0 0
1716286943807 682.0 0
1716286947483 683.0 0
1716286951252 684.0 0
1716286955185 685.0 0
1716286959370 686.0 0
1716286963412 687.0 0
1716286967018 688.0 0
1716286970915 689.0 0
1716286974466 690.0 0
1716286981256 691.0 0
1716286984785 692.0 0
1716286989026 693.0 0
1716286993941 694.0 0
1716286998538 695.0 0
1716287002555 696.0 0
1716287006770 697.0 0
1716287013003 698.0 0
1716287018367 699.0 0
1716287023069 700.0 0
1716287030605 701.0 0
1716287034235 702.0 0
1716287037962 703.0 0
1716287041841 704.0 0
1716287045884 705.0 0
1716287049941 706.0 0
1716287053876 707.0 0
1716287057663 708.0 0
1716287062170 709.0 0
1716287066694 710.0 0
1716287074016 711.0 0
1716287078005 712.0 0
1716287082084 713.0 0
1716287086016 714.0 0
1716287089876 715.0 0
1716287093682 716.0 0
1716287097374 717.0 0
1716287101041 718.0 0
1716287104835 719.0 0
1716287108585 720.0 0
1716287115411 721.0 0
1716287119466 722.0 0
1716287124403 723.0 0
1716287129577 724.0 0
1716287133436 725.0 0
1716287137208 726.0 0
1716287141483 727.0 0
1716287145909 728.0 0
1716287149701 729.0 0
1716287153578 730.0 0
1716287160490 731.0 0
1716287164843 732.0 0
1716287168835 733.0 0
1716287172677 734.0 0
1716287176477 735.0 0
1716287180270 736.0 0
1716287184148 737.0 0
1716287188399 738.0 0
1716287192164 739.0 0
1716287195657 740.0 0
1716287202441 741.0 0
1716287206275 742.0 0
1716287210117 743.0 0
1716287213733 744.0 0
1716287217452 745.0 0
1716287221156 746.0 0
1716287225009 747.0 0
1716287228761 748.0 0
1716287232667 749.0 0
1716287236572 750.0 0
1716287243518 751.0 0
1716287247266 752.0 0
1716287250895 753.0 0
1716287254913 754.0 0
1716287259194 755.0 0
1716287263330 756.0 0
1716287267574 757.0 0
1716287271315 758.0 0
1716287275108 759.0 0
1716287278814 760.0 0
1716287285523 761.0 0
1716287289247 762.0 0
1716287292918 763.0 0
1716287296410 764.0 0
1716287300049 765.0 0
1716287303797 766.0 0
1716287307432 767.0 0
1716287311137 768.0 0
1716287314729 769.0 0
1716287318388 770.0 0
1716287325193 771.0 0
1716287328818 772.0 0
1716287332439 773.0 0
1716287336024 774.0 0
1716287339567 775.0 0
1716287343835 776.0 0
1716287348040 777.0 0
1716287352268 778.0 0
1716287355996 779.0 0
1716287359704 780.0 0
1716287366356 781.0 0
1716287369861 782.0 0
1716287373587 783.0 0
1716287377216 784.0 0
1716287380926 785.0 0
1716287385344 786.0 0
1716287389423 787.0 0
1716287393274 788.0 0
1716287397059 789.0 0
1716287400687 790.0 0
1716287410894 791.0 0
1716287414557 792.0 0
1716287418600 793.0 0
1716287422265 794.0 0
1716287426121 795.0 0
1716287430570 796.0 0
1716287434671 797.0 0
1716287438602 798.0 0
1716287442990 799.0 0
1716287447085 800.0 0
1716287454022 801.0 0
1716287457633 802.0 0
1716287461476 803.0 0
1716287465777 804.0 0
1716287469489 805.0 0
1716287473530 806.0 0
1716287477702 807.0 0
1716287481821 808.0 0
1716287485611 809.0 0
1716287489275 810.0 0
1716287496079 811.0 0
1716287499563 812.0 0
1716287503622 813.0 0
1716287507836 814.0 0
1716287511958 815.0 0
1716287515564 816.0 0
1716287519861 817.0 0
1716287523586 818.0 0
1716287527380 819.0 0
1716287530950 820.0 0
1716287537582 821.0 0
1716287540988 822.0 0
1716287544681 823.0 0
1716287548446 824.0 0
1716287552372 825.0 0
1716287556111 826.0 0
1716287560042 827.0 0
1716287564352 828.0 0
1716287568763 829.0 0
1716287572547 830.0 0
1716287579274 831.0 0
1716287582943 832.0 0
1716287586648 833.0 0
1716287590401 834.0 0
1716287594181 835.0 0
1716287597764 836.0 0
1716287601557 837.0 0
1716287605833 838.0 0
1716287609665 839.0 0
1716287613414 840.0 0
1716287620081 841.0 0
1716287624255 842.0 0
1716287628319 843.0 0
1716287632564 844.0 0
1716287636561 845.0 0
1716287640420 846.0 0
1716287644439 847.0 0
1716287648829 848.0 0
1716287653392 849.0 0
1716287656869 850.0 0
1716287663943 851.0 0
1716287667555 852.0 0
1716287671325 853.0 0
1716287675027 854.0 0
1716287678704 855.0 0
1716287683047 856.0 0
1716287687365 857.0 0
1716287691058 858.0 0
1716287694925 859.0 0
1716287698814 860.0 0
1716287705855 861.0 0
1716287709490 862.0 0
1716287713706 863.0 0
1716287717462 864.0 0
1716287721345 865.0 0
1716287724955 866.0 0
1716287728720 867.0 0
1716287732271 868.0 0
1716287736018 869.0 0
1716287739592 870.0 0
1716287746646 871.0 0
1716287750078 872.0 0
1716287753874 873.0 0
1716287757195 874.0 0
1716287761520 875.0 0
1716287765365 876.0 0
1716287769732 877.0 0
1716287773204 878.0 0
1716287777359 879.0 0
1716287780909 880.0 0
1716287787810 881.0 0
1716287791536 882.0 0
1716287795252 883.0 0
1716287799038 884.0 0
1716287803295 885.0 0
1716287807050 886.0 0
1716287810793 887.0 0
1716287814541 888.0 0
1716287818400 889.0 0
1716287822135 890.0 0
1716287828933 891.0 0
1716287832536 892.0 0
1716287836437 893.0 0
1716287840127 894.0 0
1716287843942 895.0 0
1716287847314 896.0 0
1716287851357 897.0 0
1716287855622 898.0 0
1716287859526 899.0 0
1716287863740 900.0 0
1716287870776 901.0 0
1716287874311 902.0 0
1716287878093 903.0 0
1716287881965 904.0 0
1716287885891 905.0 0
1716287889492 906.0 0
1716287893421 907.0 0
1716287897257 908.0 0
1716287900961 909.0 0
1716287904998 910.0 0
1716287911551 911.0 0
1716287914687 912.0 0
1716287918354 913.0 0
1716287921730 914.0 0
1716287926293 915.0 0
1716287929687 916.0 0
1716287933618 917.0 0
1716287937390 918.0 0
1716287941163 919.0 0
1716287944926 920.0 0
1716287952130 921.0 0
1716287955677 922.0 0
1716287959498 923.0 0
1716287963127 924.0 0
1716287967021 925.0 0
1716287971079 926.0 0
1716287974629 927.0 0
1716287978765 928.0 0
1716287982745 929.0 0
1716287986656 930.0 0
1716287993629 931.0 0
1716287997239 932.0 0
1716288000978 933.0 0
1716288004624 934.0 0
1716288008350 935.0 0
1716288011992 936.0 0
1716288015959 937.0 0
1716288019534 938.0 0
1716288023342 939.0 0
1716288027237 940.0 0
1716288034565 941.0 0
1716288038180 942.0 0
1716288042134 943.0 0
1716288046687 944.0 0
1716288050597 945.0 0
1716288054567 946.0 0
1716288058504 947.0 0
1716288062394 948.0 0
1716288066334 949.0 0
1716288070188 950.0 0
1716288077115 951.0 0
1716288080806 952.0 0
1716288084480 953.0 0
1716288088076 954.0 0
1716288091660 955.0 0
1716288095491 956.0 0
1716288099297 957.0 0
1716288103550 958.0 0
1716288107949 959.0 0
1716288111878 960.0 0
1716288119179 961.0 0
1716288122909 962.0 0
1716288126677 963.0 0
1716288130386 964.0 0
1716288134188 965.0 0
1716288137938 966.0 0
1716288141366 967.0 0
1716288145722 968.0 0
1716288149333 969.0 0
1716288153250 970.0 0
1716288160090 971.0 0
1716288164003 972.0 0
1716288167973 973.0 0
1716288172206 974.0 0
1716288176036 975.0 0
1716288179799 976.0 0
1716288183729 977.0 0
1716288187494 978.0 0
1716288191283 979.0 0
1716288195204 980.0 0
1716288202318 981.0 0
1716288206193 982.0 0
1716288209944 983.0 0
1716288213619 984.0 0
1716288217276 985.0 0
1716288220795 986.0 0
1716288225295 987.0 0
1716288229399 988.0 0
1716288233119 989.0 0
1716288236697 990.0 0
1716288247006 991.0 0
1716288250848 992.0 0
1716288255385 993.0 0
1716288259527 994.0 0
1716288263715 995.0 0
1716288267642 996.0 0
1716288271643 997.0 0
1716288275931 998.0 0
1716288279822 999.0 0
1716288284203 1000.0 0
1716288291630 1001.0 0
1716288295146 1002.0 0
1716288298950 1003.0 0
1716288303091 1004.0 0
1716288307648 1005.0 0
1716288311992 1006.0 0
1716288315854 1007.0 0
1716288319793 1008.0 0
1716288323681 1009.0 0
1716288327548 1010.0 0
1716288334469 1011.0 0
1716288337946 1012.0 0
1716288341475 1013.0 0
1716288346000 1014.0 0
1716288350348 1015.0 0
1716288354204 1016.0 0
1716288358192 1017.0 0
1716288361965 1018.0 0
1716288366079 1019.0 0
1716288369732 1020.0 0
1716288376772 1021.0 0
1716288380271 1022.0 0
1716288384200 1023.0 0
1716288388336 1024.0 0
1716288392168 1025.0 0
1716288395991 1026.0 0
1716288399778 1027.0 0
1716288403903 1028.0 0
1716288408064 1029.0 0
1716288411895 1030.0 0
1716288418721 1031.0 0
1716288422479 1032.0 0
1716288426460 1033.0 0
1716288430207 1034.0 0
1716288434335 1035.0 0
1716288438264 1036.0 0
1716288441711 1037.0 0
1716288445604 1038.0 0
1716288449263 1039.0 0
1716288453116 1040.0 0
1716288460100 1041.0 0
1716288464287 1042.0 0
1716288468804 1043.0 0
1716288472900 1044.0 0
1716288476706 1045.0 0
1716288480917 1046.0 0
1716288484906 1047.0 0
1716288489008 1048.0 0
1716288493009 1049.0 0
1716288496826 1050.0 0
1716288503738 1051.0 0
1716288507444 1052.0 0
1716288511246 1053.0 0
1716288515052 1054.0 0
1716288518882 1055.0 0
1716288522961 1056.0 0
1716288526986 1057.0 0
1716288530815 1058.0 0
1716288534632 1059.0 0
1716288538370 1060.0 0
1716288545371 1061.0 0
1716288549323 1062.0 0
1716288552963 1063.0 0
1716288556706 1064.0 0
1716288560726 1065.0 0
1716288564742 1066.0 0
1716288568665 1067.0 0
1716288572476 1068.0 0
1716288576403 1069.0 0
1716288580473 1070.0 0
1716288587606 1071.0 0
1716288591107 1072.0 0
1716288594533 1073.0 0
1716288598279 1074.0 0
1716288602064 1075.0 0
1716288606131 1076.0 0
1716288610043 1077.0 0
1716288613945 1078.0 0
1716288617621 1079.0 0
1716288621425 1080.0 0
1716288628538 1081.0 0
1716288632325 1082.0 0
1716288636075 1083.0 0
1716288639703 1084.0 0
1716288644028 1085.0 0
1716288648141 1086.0 0
1716288652030 1087.0 0
1716288655859 1088.0 0
1716288659729 1089.0 0
1716288663515 1090.0 0
1716288670474 1091.0 0
1716288674188 1092.0 0
1716288677543 1093.0 0
1716288681494 1094.0 0
1716288685426 1095.0 0
1716288689589 1096.0 0
1716288693506 1097.0 0
1716288697436 1098.0 0
1716288701120 1099.0 0
1716288705618 1100.0 0
1716288712876 1101.0 0
1716288717337 1102.0 0
1716288721451 1103.0 0
1716288725824 1104.0 0
1716288729993 1105.0 0
1716288734200 1106.0 0
1716288738074 1107.0 0
1716288741796 1108.0 0
1716288745670 1109.0 0
1716288749480 1110.0 0
1716288756433 1111.0 0
1716288759987 1112.0 0
1716288764384 1113.0 0
1716288768748 1114.0 0
1716288772693 1115.0 0
1716288776495 1116.0 0
1716288780203 1117.0 0
1716288784433 1118.0 0
1716288788190 1119.0 0
1716288792054 1120.0 0
1716288798969 1121.0 0
1716288802829 1122.0 0
1716288806958 1123.0 0
1716288810957 1124.0 0
1716288814915 1125.0 0
1716288819087 1126.0 0
1716288823265 1127.0 0
1716288827194 1128.0 0
1716288831298 1129.0 0
1716288835550 1130.0 0
1716288842360 1131.0 0
1716288846219 1132.0 0
1716288851148 1133.0 0
1716288856022 1134.0 0
1716288860996 1135.0 0
1716288869379 1136.0 0
1716288874831 1137.0 0
1716288880050 1138.0 0
1716288884693 1139.0 0
1716288889317 1140.0 0
1716288896748 1141.0 0
1716288903470 1142.0 0
1716288911427 1143.0 0
1716288916924 1144.0 0
1716288921575 1145.0 0
1716288926291 1146.0 0
1716288930903 1147.0 0
1716288935675 1148.0 0
1716288940269 1149.0 0
1716288945272 1150.0 0
1716288953714 1151.0 0
1716288959416 1152.0 0
1716288966954 1153.0 0
1716288972794 1154.0 0
1716288979875 1155.0 0
1716288988001 1156.0 0
1716288996725 1157.0 0
