1716284012668 7.405019283294678 0
1716284018429 7.381415843963623 0
1716284024492 7.363373756408691 0
1716284029915 7.347360610961914 0
1716284035539 7.332319736480713 0
1716284040970 7.31797456741333 0
1716284046904 7.304331302642822 0
1716284051909 7.291430473327637 0
1716284056344 7.279244422912598 0
1716284062045 7.267693042755127 0
1716284071856 7.256692409515381 0
1716284078249 7.2461748123168945 0
1716284083177 7.236072540283203 0
1716284088505 7.226329803466797 0
1716284094141 7.216907978057861 0
1716284099014 7.207754135131836 0
1716284103443 7.198836803436279 0
1716284107652 7.190120697021484 0
1716284111504 7.181577205657959 0
1716284115638 7.173196315765381 0
1716284122944 7.164967060089111 0
1716284126650 7.156883239746094 0
1716284130153 7.148952484130859 0
1716284134228 7.141183853149414 0
1716284137965 7.133569240570068 0
1716284141849 7.126095771789551 0
1716284145507 7.1187543869018555 0
1716284149477 7.111527919769287 0
1716284153229 7.104397296905518 0
1716284156803 7.097348690032959 0
1716284163823 7.090370178222656 0
1716284167179 7.083453178405762 0
1716284170583 7.076589584350586 0
1716284174066 7.0697712898254395 0
1716284177724 7.062979698181152 0
1716284181215 7.056212425231934 0
1716284184886 7.049459934234619 0
1716284188705 7.0427117347717285 0
1716284193038 7.035961151123047 0
1716284197005 7.029191493988037 0
1716284204986 7.022380352020264 0
1716284210738 7.015525817871094 0
1716284215372 7.008602142333984 0
1716284219457 7.001585483551025 0
1716284223251 6.994448184967041 0
1716284227120 6.98715877532959 0
1716284230702 6.979668617248535 0
1716284234560 6.971935272216797 0
1716284238025 6.963879585266113 0
1716284241705 6.9554219245910645 0
1716284248680 6.946442604064941 0
1716284251949 6.936801910400391 0
1716284255661 6.9262847900390625 0
1716284258859 6.91461706161499 0
1716284262770 6.9014058113098145 0
1716284266339 6.886140823364258 0
1716284269766 6.868168354034424 0
1716284272867 6.846796035766602 0
1716284276092 6.821722984313965 0
1716284279527 6.793956279754639 0
1716284286137 6.766315937042236 0
1716284290542 6.74166202545166 0
1716284294322 6.720964431762695 0
1716284297564 6.703817367553711 0
1716284301376 6.689348220825195 0
1716284305128 6.676945209503174 0
1716284309216 6.6663289070129395 0
1716284313801 6.657256603240967 0
1716284317834 6.649388313293457 0
1716284321270 6.642378330230713 0
1716284327713 6.635985374450684 0
1716284330952 6.6300883293151855 0
1716284334188 6.62463903427124 0
1716284337637 6.619626045227051 0
1716284340886 6.615004062652588 0
1716284344489 6.610696315765381 0
1716284347703 6.6066365242004395 0
1716284350922 6.6027631759643555 0
1716284354510 6.599027633666992 0
1716284357276 6.595408916473389 0
1716284363635 6.591861724853516 0
1716284366984 6.588398456573486 0
1716284370162 6.584986209869385 0
1716284373573 6.581617832183838 0
1716284376794 6.578295707702637 0
1716284380247 6.575000762939453 0
1716284383971 6.571734428405762 0
1716284387526 6.568492412567139 0
1716284391116 6.565266132354736 0
1716284394269 6.5620574951171875 0
1716284400522 6.5588579177856445 0
1716284403850 6.555668354034424 0
1716284406825 6.552489280700684 0
1716284410291 6.549307823181152 0
1716284413507 6.546139717102051 0
1716284417285 6.542961597442627 0
1716284420605 6.539789199829102 0
1716284423855 6.5366129875183105 0
1716284427208 6.533431529998779 0
1716284430485 6.5302510261535645 0
1716284436769 6.527059555053711 0
1716284440431 6.523867607116699 0
1716284444211 6.520662307739258 0
1716284447810 6.5174560546875 0
1716284451327 6.514235019683838 0
1716284454892 6.51101016998291 0
1716284458280 6.5077738761901855 0
1716284461860 6.5045294761657715 0
1716284465470 6.5012736320495605 0
1716284468632 6.498011112213135 0
1716284474927 6.494735240936279 0
1716284478104 6.491456508636475 0
1716284481285 6.488169193267822 0
1716284484741 6.484870433807373 0
1716284488133 6.481560707092285 0
1716284491413 6.478244304656982 0
1716284494855 6.474918365478516 0
1716284497938 6.471586227416992 0
1716284501417 6.468247413635254 0
1716284505396 6.464897632598877 0
1716284511819 6.461549282073975 0
1716284515407 6.458188533782959 0
1716284518765 6.454826831817627 0
1716284522178 6.451460361480713 0
1716284525821 6.448086261749268 0
1716284528977 6.444718837738037 0
1716284532549 6.441338062286377 0
1716284536030 6.437962532043457 0
1716284539145 6.434577465057373 0
1716284543223 6.431199550628662 0
1716284550633 6.42781400680542 0
1716284554094 6.424434185028076 0
1716284557585 6.421050071716309 0
1716284560653 6.417667865753174 0
1716284563992 6.414288520812988 0
1716284567403 6.410911560058594 0
1716284570707 6.407530784606934 0
1716284574168 6.404159069061279 0
1716284577055 6.400784015655518 0
1716284580583 6.3974151611328125 0
1716284586822 6.39403772354126 0
1716284590080 6.390669345855713 0
1716284593233 6.387303829193115 0
1716284596719 6.383938312530518 0
1716284599943 6.380568027496338 0
1716284603342 6.377207279205322 0
1716284606718 6.3738484382629395 0
1716284609418 6.370486259460449 0
1716284612950 6.367124080657959 0
1716284616563 6.363763809204102 0
1716284623059 6.360403060913086 0
1716284627275 6.357045650482178 0
1716284631425 6.353687286376953 0
1716284635130 6.350327491760254 0
1716284638993 6.3469719886779785 0
1716284642818 6.343615531921387 0
1716284646286 6.340257167816162 0
1716284650006 6.336904048919678 0
1716284653635 6.333547592163086 0
1716284657175 6.3302001953125 0
1716284663709 6.32684850692749 0
1716284666867 6.3235015869140625 0
1716284670371 6.320157527923584 0
1716284673420 6.31682825088501 0
1716284676903 6.313493251800537 0
1716284679983 6.310168266296387 0
1716284683954 6.306854724884033 0
1716284687308 6.303547382354736 0
1716284690581 6.300251483917236 0
1716284693550 6.296967029571533 0
1716284700269 6.293696880340576 0
1716284703566 6.290440559387207 0
1716284706760 6.287202835083008 0
1716284710385 6.283977031707764 0
1716284713978 6.280770301818848 0
1716284717050 6.277577877044678 0
1716284720312 6.274418354034424 0
1716284723648 6.271269798278809 0
1716284726889 6.268148422241211 0
1716284730191 6.265044689178467 0
1716284736593 6.261970043182373 0
1716284740124 6.258921146392822 0
1716284744083 6.255898952484131 0
1716284747771 6.252905368804932 0
1716284751264 6.249927520751953 0
1716284754645 6.246984958648682 0
1716284758094 6.244072914123535 0
1716284761469 6.241182327270508 0
1716284764952 6.238321304321289 0
1716284768090 6.235487461090088 0
1716284774504 6.232685565948486 0
1716284777693 6.229905128479004 0
1716284780797 6.22715425491333 0
1716284784474 6.224430084228516 0
1716284787742 6.221735000610352 0
1716284791091 6.219060897827148 0
1716284794305 6.216414928436279 0
1716284797685 6.2137908935546875 0
1716284800699 6.211190223693848 0
1716284804280 6.208621978759766 0
1716284810645 6.206065654754639 0
1716284814410 6.2035322189331055 0
1716284817768 6.201026916503906 0
1716284821425 6.198537826538086 0
1716284825780 6.196067810058594 0
1716284829462 6.193626403808594 0
1716284833360 6.191194534301758 0
1716284837010 6.188785552978516 0
1716284840296 6.186389923095703 0
1716284843796 6.184007167816162 0
1716284849993 6.181650638580322 0
1716284853052 6.179309844970703 0
1716284856403 6.176979064941406 0
1716284859913 6.17466402053833 0
1716284863691 6.172358989715576 0
1716284867403 6.170073986053467 0
1716284870779 6.167798042297363 0
1716284874009 6.165539741516113 0
1716284877408 6.163287162780762 0
1716284880733 6.161042213439941 0
1716284887344 6.15881872177124 0
1716284890325 6.156599044799805 0
1716284893875 6.154390811920166 0
1716284897149 6.152197360992432 0
1716284900393 6.150010585784912 0
1716284904018 6.147830009460449 0
1716284907668 6.14566707611084 0
1716284910967 6.143503665924072 0
1716284914166 6.141346454620361 0
1716284917592 6.139208793640137 0
1716284924979 6.137067794799805 0
1716284930994 6.134941577911377 0
1716284937399 6.132816791534424 0
1716284942232 6.130702972412109 0
1716284946546 6.128591537475586 0
1716284950776 6.126491546630859 0
1716284955714 6.12439489364624 0
1716284959899 6.122302055358887 0
1716284964298 6.120219707489014 0
1716284968594 6.118138313293457 0
1716284975934 6.116065979003906 0
1716284979975 6.113997936248779 0
1716284984671 6.111931324005127 0
1716284988914 6.1098713874816895 0
1716284992720 6.107814788818359 0
1716284997198 6.1057658195495605 0
1716285001696 6.103719711303711 0
1716285005842 6.101675987243652 0
1716285009806 6.099637985229492 0
1716285014537 6.097601890563965 0
1716285021906 6.0955729484558105 0
1716285025965 6.0935444831848145 0
1716285030333 6.091518878936768 0
1716285034373 6.089494705200195 0
1716285038206 6.087475776672363 0
1716285042456 6.085463047027588 0
1716285046535 6.083448886871338 0
1716285050206 6.081430912017822 0
1716285053963 6.079424858093262 0
1716285058206 6.077419757843018 0
1716285065331 6.075415134429932 0
1716285069023 6.073411464691162 0
1716285072621 6.071413993835449 0
1716285076430 6.069416522979736 0
1716285079886 6.067416667938232 0
1716285084093 6.065425395965576 0
1716285087920 6.063429355621338 0
1716285091641 6.06143856048584 0
1716285095363 6.059446811676025 0
1716285098930 6.057459354400635 0
1716285105969 6.055468559265137 0
1716285110583 6.053476810455322 0
1716285115160 6.051497936248779 0
1716285119026 6.049513339996338 0
1716285122761 6.047525405883789 0
1716285126505 6.045542240142822 0
1716285129992 6.043556213378906 0
1716285134050 6.041569232940674 0
1716285137550 6.039583683013916 0
1716285141728 6.03760290145874 0
1716285148326 6.035623073577881 0
1716285151710 6.033641338348389 0
1716285155129 6.031657695770264 0
1716285158846 6.029674530029297 0
1716285162962 6.02769136428833 0
1716285166628 6.025709629058838 0
1716285170459 6.023726940155029 0
1716285174129 6.021742343902588 0
1716285177687 6.019754409790039 0
1716285181277 6.017766952514648 0
1716285188001 6.015784740447998 0
1716285191504 6.013797760009766 0
1716285196486 6.011806488037109 0
1716285202893 6.009817123413086 0
1716285207479 6.007824897766113 0
1716285211975 6.005832672119141 0
1716285216386 6.003841400146484 0
1716285220064 6.001840591430664 0
1716285224019 5.999842643737793 0
1716285228113 5.9978485107421875 0
1716285235602 5.995847225189209 0
1716285239180 5.993844985961914 0
1716285242850 5.9918341636657715 0
1716285246479 5.9898295402526855 0
1716285249938 5.987818717956543 0
1716285253355 5.9858078956604 0
1716285256991 5.98378849029541 0
1716285260396 5.981770992279053 0
1716285264088 5.979748249053955 0
1716285269258 5.977720737457275 0
1716285276305 5.975691795349121 0
1716285280172 5.973658561706543 0
1716285284526 5.97162389755249 0
1716285289613 5.969582557678223 0
1716285294313 5.967535018920898 0
1716285299564 5.965485572814941 0
1716285304876 5.963432788848877 0
1716285309431 5.961374759674072 0
1716285313887 5.959310531616211 0
1716285317766 5.957242488861084 0
1716285324387 5.955166339874268 0
1716285328029 5.9530839920043945 0
1716285331809 5.9510040283203125 0
1716285335310 5.94890832901001 0
1716285339165 5.946805477142334 0
1716285344098 5.944701194763184 0
1716285348679 5.942586421966553 0
1716285352940 5.940467357635498 0
1716285357180 5.938337802886963 0
1716285361601 5.9362006187438965 0
1716285368428 5.93405818939209 0
1716285372557 5.93190336227417 0
1716285376898 5.929738998413086 0
1716285381592 5.927570819854736 0
1716285386354 5.925383567810059 0
1716285390920 5.923189640045166 0
1716285394831 5.920987606048584 0
1716285398272 5.918774604797363 0
1716285401786 5.916543483734131 0
1716285405882 5.914303779602051 0
1716285412307 5.912052154541016 0
1716285416262 5.909785747528076 0
1716285419974 5.907504081726074 0
1716285423782 5.905210018157959 0
1716285427492 5.90289831161499 0
1716285431009 5.900576114654541 0
1716285435366 5.898228645324707 0
1716285439009 5.895865440368652 0
1716285442804 5.893484115600586 0
1716285446554 5.891080856323242 0
1716285453114 5.888661861419678 0
1716285457298 5.886213779449463 0
1716285462493 5.883747577667236 0
1716285466877 5.881255149841309 0
1716285471390 5.878732681274414 0
1716285475492 5.876187801361084 0
1716285479988 5.873607635498047 0
1716285483656 5.871001243591309 0
1716285487486 5.868359088897705 0
1716285491808 5.8656768798828125 0
1716285498847 5.862965106964111 0
1716285502994 5.86020040512085 0
1716285506768 5.8574042320251465 0
1716285510369 5.854550838470459 0
1716285513945 5.851654529571533 0
1716285517681 5.848696708679199 0
1716285521401 5.845682144165039 0
1716285525673 5.842604160308838 0
1716285529639 5.83945369720459 0
1716285533254 5.836222171783447 0
1716285539685 5.832904815673828 0
1716285543175 5.8294997215271 0
1716285547045 5.825979232788086 0
1716285551788 5.8223466873168945 0
1716285555415 5.818579196929932 0
1716285559433 5.814667701721191 0
1716285563385 5.8105854988098145 0
1716285567588 5.806312561035156 0
1716285571762 5.80181884765625 0
1716285576000 5.797070026397705 0
1716285584455 5.792015552520752 0
1716285588626 5.786604404449463 0
1716285592556 5.780778408050537 0
1716285596288 5.774435520172119 0
1716285600249 5.767469882965088 0
1716285604262 5.759711265563965 0
1716285608680 5.75095796585083 0
1716285612939 5.740900039672852 0
1716285617235 5.729103088378906 0
1716285622725 5.714894771575928 0
1716285630661 5.697237014770508 0
1716285634225 5.674471855163574 0
1716285637755 5.64382266998291 0
1716285641495 5.600560665130615 0
1716285645238 5.5370330810546875 0
1716285649507 5.443037033081055 0
1716285653252 5.315035343170166 0
1716285656694 5.175889492034912 0
1716285660373 5.063409805297852 0
1716285664179 4.981905460357666 0
1716285670764 4.914581775665283 0
1716285674582 4.855951309204102 0
1716285678002 4.803506851196289 0
1716285681664 4.755636692047119 0
1716285686949 4.712940216064453 0
1716285691908 4.674427509307861 0
1716285696518 4.639041423797607 0
1716285701302 4.606191158294678 0
1716285705899 4.575483322143555 0
1716285709894 4.546642780303955 0
1716285716460 4.519449710845947 0
1716285719850 4.493732929229736 0
1716285723605 4.469339370727539 0
1716285727411 4.44614315032959 0
1716285733531 4.424030780792236 0
1716285739308 4.402899265289307 0
1716285743724 4.382670879364014 0
1716285748513 4.363253593444824 0
1716285753269 4.344587802886963 0
1716285757795 4.326615333557129 0
1716285764817 4.309283256530762 0
1716285768421 4.292545795440674 0
1716285771965 4.276360511779785 0
1716285775327 4.260686874389648 0
1716285779147 4.245502948760986 0
1716285782804 4.230775356292725 0
1716285786114 4.216475963592529 0
1716285789484 4.202579975128174 0
1716285792987 4.189073085784912 0
1716285797418 4.175921440124512 0
1716285805333 4.163121700286865 0
1716285809528 4.150644779205322 0
1716285813312 4.138479232788086 0
1716285817165 4.126601219177246 0
1716285820821 4.1150102615356445 0
1716285824580 4.103684425354004 0
1716285828773 4.0926127433776855 0
1716285832646 4.081787109375 0
1716285836091 4.071196556091309 0
1716285841568 4.060829162597656 0
1716285848798 4.050670623779297 0
1716285853456 4.040721416473389 0
1716285858086 4.030967712402344 0
1716285861834 4.02140474319458 0
1716285866146 4.0120158195495605 0
1716285870933 4.002801895141602 0
1716285875318 3.9937446117401123 0
1716285879568 3.98484468460083 0
1716285884284 3.9760892391204834 0
1716285888220 3.96746563911438 0
1716285894976 3.958972215652466 0
1716285899011 3.9505960941314697 0
1716285902752 3.942328691482544 0
1716285906286 3.9341695308685303 0
1716285909975 3.926095724105835 0
1716285914067 3.9181063175201416 0
1716285919735 3.9102015495300293 0
1716285923564 3.902367353439331 0
1716285927680 3.8945987224578857 0
1716285931380 3.8868885040283203 0
1716285938322 3.8792407512664795 0
1716285942014 3.871638298034668 0
1716285945882 3.864086866378784 0
1716285950340 3.8565735816955566 0
1716285954154 3.8491060733795166 0
1716285960984 3.8416748046875 0
1716285966503 3.8342702388763428 0
1716285971103 3.826901435852051 0
1716285975903 3.819550037384033 0
1716285980391 3.8122265338897705 0
1716285987828 3.804927349090576 0
1716285993128 3.7976813316345215 0
1716285998831 3.790498971939087 0
1716286004076 3.7833917140960693 0
1716286009979 3.7763473987579346 0
1716286014332 3.769359588623047 0
1716286018602 3.762422561645508 0
1716286022899 3.7555291652679443 0
1716286026700 3.7486627101898193 0
1716286030793 3.7418317794799805 0
1716286039263 3.7350356578826904 0
1716286043289 3.728266477584839 0
1716286047848 3.721529245376587 0
1716286051954 3.7148303985595703 0
1716286056287 3.708163261413574 0
1716286060696 3.7015347480773926 0
1716286064979 3.694931983947754 0
1716286069498 3.6883738040924072 0
1716286073545 3.6818487644195557 0
1716286078435 3.6753554344177246 0
1716286091166 3.668898582458496 0
1716286095628 3.6624670028686523 0
1716286099496 3.656064987182617 0
1716286103951 3.6496920585632324 0
1716286111071 3.643343687057495 0
1716286117032 3.6370174884796143 0
1716286123881 3.630708694458008 0
1716286128896 3.6244194507598877 0
1716286133915 3.6181507110595703 0
1716286138855 3.611891031265259 0
1716286146630 3.6056456565856934 0
1716286152213 3.5994150638580322 0
1716286156537 3.5931851863861084 0
1716286160747 3.586962938308716 0
1716286164962 3.580745220184326 0
1716286168808 3.574531078338623 0
1716286172543 3.5683252811431885 0
1716286176786 3.5621337890625 0
1716286181400 3.555957794189453 0
1716286185495 3.5498046875 0
1716286192350 3.5436789989471436 0
1716286196672 3.5375983715057373 0
1716286200751 3.531562328338623 0
1716286204618 3.5255658626556396 0
1716286208726 3.5196332931518555 0
1716286214019 3.513746500015259 0
1716286218110 3.5079245567321777 0
1716286222376 3.5021488666534424 0
1716286226738 3.496427297592163 0
1716286230677 3.4907572269439697 0
1716286240292 3.485140800476074 0
1716286246059 3.479574680328369 0
1716286250910 3.4740586280822754 0
1716286255056 3.468587636947632 0
1716286259853 3.4631707668304443 0
1716286264029 3.4577999114990234 0
1716286268020 3.4524686336517334 0
1716286272336 3.4471895694732666 0
1716286276419 3.441956043243408 0
1716286280941 3.436764717102051 0
1716286288211 3.431619167327881 0
1716286292692 3.426518440246582 0
1716286297346 3.4214556217193604 0
1716286303067 3.4164392948150635 0
1716286308318 3.411468982696533 0
1716286313445 3.406540870666504 0
1716286318694 3.401654005050659 0
1716286323755 3.396815299987793 0
1716286328860 3.392014503479004 0
1716286332938 3.3872573375701904 0
1716286341428 3.382544994354248 0
1716286345818 3.377873659133911 0
1716286350035 3.3732500076293945 0
1716286354850 3.368664503097534 0
1716286359790 3.3641271591186523 0
1716286363531 3.3596317768096924 0
1716286367405 3.355179786682129 0
1716286371758 3.350776195526123 0
1716286375673 3.3464162349700928 0
1716286379857 3.3421006202697754 0
1716286387027 3.337831735610962 0
1716286390572 3.3336074352264404 0
1716286395068 3.3294317722320557 0
1716286399241 3.32529878616333 0
1716286403237 3.321214437484741 0
1716286407231 3.3171792030334473 0
1716286411084 3.313190460205078 0
1716286415158 3.3092479705810547 0
1716286418973 3.3053531646728516 0
1716286423262 3.3015058040618896 0
1716286430323 3.297710418701172 0
1716286434465 3.2939586639404297 0
1716286438335 3.290255308151245 0
1716286442960 3.286595344543457 0
1716286447066 3.2829883098602295 0
1716286451167 3.2794244289398193 0
1716286455302 3.2759106159210205 0
1716286458996 3.272442579269409 0
1716286463110 3.2690203189849854 0
1716286466844 3.2656455039978027 0
1716286473711 3.262312650680542 0
1716286477132 3.259026288986206 0
1716286480949 3.2557904720306396 0
1716286485558 3.2525932788848877 0
1716286489757 3.249439239501953 0
1716286493783 3.2463321685791016 0
1716286497825 3.243264675140381 0
1716286501835 3.2402408123016357 0
1716286506468 3.23726224899292 0
1716286510054 3.2343201637268066 0
1716286517030 3.2314188480377197 0
1716286520830 3.228559732437134 0
1716286524520 3.2257378101348877 0
1716286528155 3.222958564758301 0
1716286531835 3.22021222114563 0
1716286535519 3.2175071239471436 0
1716286539334 3.214841604232788 0
1716286543376 3.212205648422241 0
1716286547259 3.2096052169799805 0
1716286551111 3.2070438861846924 0
1716286557886 3.204515218734741 0
1716286561398 3.2020201683044434 0
1716286565318 3.1995584964752197 0
1716286569039 3.197129249572754 0
1716286572887 3.1947312355041504 0
1716286576757 3.192366361618042 0
1716286580471 3.1900246143341064 0
1716286584085 3.187720537185669 0
1716286587785 3.1854398250579834 0
1716286592430 3.183187246322632 0
1716286599183 3.1809678077697754 0
1716286603432 3.178772449493408 0
1716286607378 3.176604747772217 0
1716286611200 3.174463987350464 0
1716286615115 3.172346353530884 0
1716286619281 3.1702492237091064 0
1716286623022 3.1681835651397705 0
1716286626779 3.1661376953125 0
1716286630413 3.1641128063201904 0
1716286634681 3.162113666534424 0
1716286641387 3.160134792327881 0
1716286644794 3.158177375793457 0
1716286648586 3.156244993209839 0
1716286652503 3.154326915740967 0
1716286656427 3.152428388595581 0
1716286660690 3.1505544185638428 0
1716286665129 3.1486964225769043 0
1716286669048 3.146857738494873 0
1716286672929 3.14503812789917 0
1716286676689 3.143228769302368 0
1716286686951 3.1414413452148438 0
1716286690430 3.1396727561950684 0
1716286693963 3.137917995452881 0
1716286698246 3.136178493499756 0
1716286701995 3.134455442428589 0
1716286706220 3.1327450275421143 0
1716286710155 3.1310503482818604 0
1716286713944 3.1293702125549316 0
1716286717987 3.127704620361328 0
1716286722106 3.1260502338409424 0
1716286729229 3.124408721923828 0
1716286732905 3.1227805614471436 0
1716286736722 3.1211647987365723 0
1716286740562 3.119560718536377 0
1716286744496 3.117966651916504 0
1716286748241 3.1163883209228516 0
1716286752233 3.114816188812256 0
1716286757086 3.113259792327881 0
1716286762698 3.1117100715637207 0
1716286767292 3.11016845703125 0
1716286774213 3.108639717102051 0
1716286777769 3.10711932182312 0
1716286781511 3.105607271194458 0
1716286785121 3.1041016578674316 0
1716286789097 3.102607250213623 0
1716286792823 3.101120948791504 0
1716286796697 3.099637031555176 0
1716286801036 3.098165273666382 0
1716286804846 3.0966989994049072 0
1716286808708 3.0952346324920654 0
1716286815408 3.093782424926758 0
1716286818954 3.0923311710357666 0
1716286822758 3.090885639190674 0
1716286826451 3.0894477367401123 0
1716286830290 3.088014602661133 0
1716286834047 3.0865848064422607 0
1716286837904 3.08516526222229 0
1716286842259 3.0837559700012207 0
1716286846517 3.082357168197632 0
1716286850585 3.080967903137207 0
1716286857247 3.079591751098633 0
1716286860901 3.078220844268799 0
1716286864962 3.076859712600708 0
1716286868801 3.0755090713500977 0
1716286872443 3.0741612911224365 0
1716286876252 3.072819948196411 0
1716286879844 3.071486473083496 0
1716286883499 3.070154905319214 0
1716286887250 3.068836212158203 0
1716286891284 3.0675148963928223 0
1716286897880 3.066202402114868 0
1716286901514 3.0648953914642334 0
1716286905824 3.063594341278076 0
1716286910090 3.0622928142547607 0
1716286914172 3.0610010623931885 0
1716286918440 3.059713840484619 0
1716286922321 3.0584299564361572 0
1716286925917 3.057152271270752 0
1716286929512 3.0558764934539795 0
1716286933392 3.054605007171631 0
1716286940069 3.0533406734466553 0
1716286943771 3.0520808696746826 0
1716286947455 3.050825834274292 0
1716286951231 3.049574613571167 0
1716286955147 3.0483248233795166 0
1716286959345 3.0470831394195557 0
1716286963383 3.0458428859710693 0
1716286966981 3.0446088314056396 0
1716286970874 3.043377637863159 0
1716286974442 3.0421559810638428 0
1716286981231 3.040930986404419 0
1716286984769 3.0397140979766846 0
1716286988985 3.038503885269165 0
1716286993908 3.037296772003174 0
1716286998516 3.0360937118530273 0
1716287002538 3.03489089012146 0
1716287006688 3.0336999893188477 0
1716287012965 3.0325069427490234 0
1716287018327 3.031322956085205 0
1716287023044 3.0301449298858643 0
1716287030582 3.0289688110351562 0
1716287034210 3.0277979373931885 0
1716287037904 3.0266284942626953 0
1716287041815 3.025463104248047 0
1716287045848 3.024303913116455 0
1716287049916 3.023143768310547 0
1716287053829 3.0219931602478027 0
1716287057637 3.0208468437194824 0
1716287062108 3.0196971893310547 0
1716287066670 3.018559455871582 0
1716287073982 3.0174241065979004 0
1716287077986 3.0162878036499023 0
1716287082056 3.015158176422119 0
1716287085996 3.0140304565429688 0
1716287089851 3.012906312942505 0
1716287093651 3.0117838382720947 0
1716287097337 3.010667562484741 0
1716287101015 3.009552478790283 0
1716287104805 3.0084407329559326 0
1716287108552 3.0073294639587402 0
1716287115381 3.006227970123291 0
1716287119449 3.0051229000091553 0
1716287124305 3.0040249824523926 0
1716287129555 3.002927303314209 0
1716287133412 3.0018322467803955 0
1716287137179 3.000742197036743 0
1716287141444 2.999650001525879 0
1716287145871 2.998565196990967 0
1716287149672 2.9974846839904785 0
1716287153558 2.9963982105255127 0
1716287160433 2.9953243732452393 0
1716287164815 2.9942471981048584 0
1716287168797 2.9931747913360596 0
1716287172647 2.9921016693115234 0
1716287176446 2.9910318851470947 0
1716287180251 2.9899697303771973 0
1716287184123 2.9888999462127686 0
1716287188381 2.987842082977295 0
1716287192143 2.9867782592773438 0
1716287195623 2.9857237339019775 0
1716287202416 2.984666347503662 0
1716287206242 2.9836127758026123 0
1716287210083 2.9825639724731445 0
1716287213707 2.981516122817993 0
1716287217429 2.980468273162842 0
1716287221140 2.9794249534606934 0
1716287224977 2.9783802032470703 0
1716287228743 2.9773402214050293 0
1716287232642 2.9763011932373047 0
1716287236555 2.9752683639526367 0
1716287243487 2.974234104156494 0
1716287247242 2.9732024669647217 0
1716287250857 2.9721765518188477 0
1716287254876 2.97114896774292 0
1716287259158 2.970125913619995 0
1716287263300 2.969104766845703 0
1716287267544 2.968090057373047 0
1716287271299 2.9670777320861816 0
1716287275087 2.966064691543579 0
1716287278793 2.965057849884033 0
1716287285479 2.9640514850616455 0
1716287289220 2.9630508422851562 0
1716287292886 2.962055206298828 0
1716287296377 2.961059808731079 0
1716287300022 2.9600658416748047 0
1716287303743 2.959077835083008 0
1716287307393 2.9580867290496826 0
1716287311118 2.957106351852417 0
1716287314693 2.9561219215393066 0
1716287318370 2.9551451206207275 0
1716287325171 2.9541726112365723 0
1716287328803 2.953200340270996 0
1716287332417 2.95222806930542 0
1716287335997 2.9512603282928467 0
1716287339528 2.95029878616333 0
1716287343804 2.949336051940918 0
1716287348004 2.948375701904297 0
1716287352245 2.947415351867676 0
1716287355962 2.946463108062744 0
1716287359684 2.9455106258392334 0
1716287366312 2.944566249847412 0
1716287369830 2.9436147212982178 0
1716287373563 2.9426698684692383 0
1716287377196 2.9417262077331543 0
1716287380894 2.9407896995544434 0
1716287385315 2.939847230911255 0
1716287389397 2.938910961151123 0
1716287393253 2.937981367111206 0
1716287397034 2.9370505809783936 0
1716287400662 2.93612003326416 0
1716287410868 2.9351978302001953 0
1716287414521 2.9342706203460693 0
1716287418572 2.933349132537842 0
1716287422214 2.9324288368225098 0
1716287426079 2.9315145015716553 0
1716287430544 2.930598258972168 0
1716287434648 2.9296865463256836 0
1716287438577 2.9287753105163574 0
1716287442923 2.927870512008667 0
1716287447052 2.9269607067108154 0
1716287453998 2.9260599613189697 0
1716287457601 2.925159215927124 0
1716287461450 2.924258232116699 0
1716287465749 2.9233615398406982 0
1716287469465 2.9224631786346436 0
1716287473499 2.9215734004974365 0
1716287477663 2.920677900314331 0
1716287481783 2.9197895526885986 0
1716287485580 2.91890549659729 0
1716287489258 2.9180150032043457 0
1716287496050 2.917133092880249 0
1716287499526 2.916248321533203 0
1716287503597 2.91536808013916 0
1716287507807 2.914489507675171 0
1716287511928 2.913606882095337 0
1716287515529 2.912727117538452 0
1716287519825 2.911839723587036 0
1716287523562 2.9109408855438232 0
1716287527336 2.910029649734497 0
1716287530914 2.909113883972168 0
1716287537541 2.9081976413726807 0
1716287540965 2.907292366027832 0
1716287544659 2.906403064727783 0
1716287548414 2.9055187702178955 0
1716287552345 2.9046430587768555 0
1716287556079 2.9037697315216064 0
1716287560001 2.9029040336608887 0
1716287564317 2.902042865753174 0
1716287568732 2.9011800289154053 0
1716287572515 2.900322675704956 0
1716287579247 2.899465322494507 0
1716287582907 2.8986127376556396 0
1716287586614 2.8977596759796143 0
1716287590374 2.896911144256592 0
1716287594141 2.896069288253784 0
1716287597737 2.89522123336792 0
1716287601523 2.894380569458008 0
1716287605800 2.8935365676879883 0
1716287609638 2.8927011489868164 0
1716287613380 2.891862154006958 0
1716287620056 2.8910250663757324 0
1716287624222 2.8901989459991455 0
1716287628290 2.8893659114837646 0
1716287632533 2.8885343074798584 0
1716287636539 2.8877108097076416 0
1716287640385 2.88688588142395 0
1716287644404 2.886061429977417 0
1716287648794 2.885240316390991 0
1716287653363 2.8844220638275146 0
1716287656834 2.883600950241089 0
1716287663910 2.8827900886535645 0
1716287667526 2.881974220275879 0
1716287671293 2.881159782409668 0
1716287674997 2.880352020263672 0
1716287678668 2.879544258117676 0
1716287683010 2.878737211227417 0
1716287687332 2.877927780151367 0
1716287691037 2.8771309852600098 0
1716287694875 2.876328468322754 0
1716287698784 2.87552809715271 0
1716287705823 2.874727964401245 0
1716287709446 2.8739328384399414 0
1716287713677 2.873140811920166 0
1716287717421 2.8723456859588623 0
1716287721317 2.871556282043457 0
1716287724932 2.8707666397094727 0
1716287728682 2.8699793815612793 0
1716287732238 2.8691928386688232 0
1716287735979 2.868408203125 0
1716287739562 2.8676233291625977 0
1716287746623 2.8668434619903564 0
1716287750050 2.8660659790039062 0
1716287753837 2.8652865886688232 0
1716287757150 2.8645095825195312 0
1716287761482 2.8637356758117676 0
1716287765323 2.8629631996154785 0
1716287769708 2.8621909618377686 0
1716287773171 2.8614203929901123 0
1716287777310 2.8606526851654053 0
1716287780877 2.8598861694335938 0
1716287787783 2.8591206073760986 0
1716287791486 2.858355760574341 0
1716287795220 2.857591390609741 0
1716287799013 2.8568317890167236 0
1716287803258 2.8560705184936523 0
1716287807013 2.8553152084350586 0
1716287810765 2.8545587062835693 0
1716287814518 2.853802442550659 0
1716287818369 2.8530499935150146 0
1716287822099 2.8522989749908447 0
1716287828904 2.8515491485595703 0
1716287832494 2.8507981300354004 0
1716287836399 2.85005259513855 0
1716287840100 2.8493034839630127 0
1716287843911 2.8485608100891113 0
1716287847281 2.8478143215179443 0
1716287851322 2.8470733165740967 0
1716287855591 2.8463335037231445 0
1716287859491 2.845595121383667 0
1716287863714 2.8448543548583984 0
1716287870752 2.8441202640533447 0
1716287874276 2.8433873653411865 0
1716287878057 2.842646360397339 0
1716287881928 2.841916561126709 0
1716287885850 2.8411872386932373 0
1716287889472 2.8404574394226074 0
1716287893391 2.8397305011749268 0
1716287897224 2.8390026092529297 0
1716287900925 2.8382794857025146 0
1716287904975 2.837556838989258 0
1716287911520 2.836833953857422 0
1716287914662 2.8361101150512695 0
1716287918322 2.8353888988494873 0
1716287921673 2.834671974182129 0
1716287926264 2.8339507579803467 0
1716287929649 2.8332340717315674 0
1716287933592 2.832520008087158 0
1716287937356 2.8318052291870117 0
1716287941121 2.8310937881469727 0
1716287944884 2.830380916595459 0
1716287952088 2.829669952392578 0
1716287955647 2.82896089553833 0
1716287959475 2.828256130218506 0
1716287963091 2.8275527954101562 0
1716287966998 2.826843023300171 0
1716287971039 2.826138734817505 0
1716287974584 2.82543683052063 0
1716287978733 2.824733018875122 0
1716287982709 2.824031114578247 0
1716287986622 2.823333740234375 0
1716287993609 2.8226380348205566 0
1716287997203 2.821942090988159 0
1716288000954 2.821244239807129 0
1716288004597 2.8205502033233643 0
1716288008318 2.8198587894439697 0
1716288011969 2.8191604614257812 0
1716288015923 2.8184731006622314 0
1716288019501 2.817782402038574 0
1716288023302 2.817096710205078 0
1716288027176 2.81640887260437 0
1716288034548 2.8157191276550293 0
1716288038152 2.8150339126586914 0
1716288042093 2.8143532276153564 0
1716288046661 2.8136658668518066 0
1716288050567 2.8129847049713135 0
1716288054538 2.8122997283935547 0
1716288058474 2.8116214275360107 0
1716288062363 2.8109424114227295 0
1716288066299 2.8102669715881348 0
1716288070163 2.8095896244049072 0
1716288077081 2.808915138244629 0
1716288080789 2.8082387447357178 0
1716288084446 2.807563304901123 0
1716288088052 2.8068900108337402 0
1716288091615 2.8062195777893066 0
1716288095465 2.8055503368377686 0
1716288099254 2.804880142211914 0
1716288103515 2.804210662841797 0
1716288107918 2.8035449981689453 0
1716288111840 2.802877902984619 0
1716288119158 2.802213668823242 0
1716288122886 2.801546812057495 0
1716288126652 2.800882339477539 0
1716288130367 2.8002212047576904 0
1716288134163 2.79955792427063 0
1716288137920 2.798898458480835 0
1716288141316 2.7982380390167236 0
1716288145695 2.797577381134033 0
1716288149299 2.796922445297241 0
1716288153232 2.796267032623291 0
1716288160051 2.795609712600708 0
1716288163969 2.7949516773223877 0
1716288167946 2.794300079345703 0
1716288172174 2.79364275932312 0
1716288176010 2.792991876602173 0
1716288179766 2.7923424243927 0
1716288183696 2.7916901111602783 0
1716288187468 2.791041851043701 0
1716288191243 2.7903919219970703 0
1716288195171 2.789742946624756 0
1716288202299 2.7890939712524414 0
1716288206171 2.7884464263916016 0
1716288209912 2.7878000736236572 0
1716288213596 2.7871570587158203 0
1716288217239 2.786510467529297 0
1716288220760 2.7858736515045166 0
1716288225272 2.785224437713623 0
1716288229370 2.7845845222473145 0
1716288233085 2.783942699432373 0
1716288236664 2.783302068710327 0
1716288246979 2.782663583755493 0
1716288250816 2.7820260524749756 0
1716288255362 2.781388998031616 0
1716288259496 2.780752420425415 0
1716288263692 2.780115842819214 0
1716288267605 2.77947735786438 0
1716288271597 2.7788455486297607 0
1716288275902 2.7782137393951416 0
1716288279787 2.7775778770446777 0
1716288284170 2.7769436836242676 0
1716288291610 2.776310682296753 0
1716288295116 2.775681972503662 0
1716288298913 2.775052309036255 0
1716288303059 2.7744216918945312 0
1716288307615 2.7737925052642822 0
1716288311955 2.7731661796569824 0
1716288315828 2.7725374698638916 0
1716288319769 2.77190899848938 0
1716288323662 2.771284818649292 0
1716288327521 2.770655632019043 0
1716288334438 2.7700321674346924 0
1716288337918 2.76941180229187 0
1716288341437 2.7687861919403076 0
1716288345968 2.7681612968444824 0
1716288350307 2.767542839050293 0
1716288354169 2.7669198513031006 0
1716288358161 2.7662997245788574 0
1716288361919 2.765676975250244 0
1716288366046 2.765058994293213 0
1716288369705 2.7644388675689697 0
1716288376750 2.763824462890625 0
1716288380249 2.7632007598876953 0
1716288384162 2.7625856399536133 0
1716288388301 2.7619709968566895 0
1716288392139 2.7613511085510254 0
1716288395974 2.7607407569885254 0
1716288399758 2.7601253986358643 0
1716288403880 2.7595107555389404 0
1716288408044 2.758894205093384 0
1716288411878 2.758281707763672 0
1716288418700 2.7576699256896973 0
1716288422457 2.757061004638672 0
1716288426433 2.7564470767974854 0
1716288430169 2.7558352947235107 0
1716288434306 2.7552270889282227 0
1716288438239 2.754617214202881 0
1716288441690 2.7540037631988525 0
1716288445572 2.7533953189849854 0
1716288449242 2.752791404724121 0
1716288453096 2.752185106277466 0
1716288460079 2.7515742778778076 0
1716288464246 2.7509665489196777 0
1716288468769 2.750363349914551 0
1716288472879 2.7497591972351074 0
1716288476676 2.7491490840911865 0
1716288480890 2.7485475540161133 0
1716288484872 2.7479426860809326 0
1716288488972 2.747340679168701 0
1716288492971 2.746737480163574 0
1716288496809 2.7461354732513428 0
1716288503702 2.7455339431762695 0
1716288507416 2.7449357509613037 0
1716288511212 2.7443294525146484 0
1716288515019 2.743729829788208 0
1716288518845 2.7431302070617676 0
1716288522932 2.742527723312378 0
1716288526969 2.7419304847717285 0
1716288530799 2.741332530975342 0
1716288534610 2.7407338619232178 0
1716288538348 2.740133762359619 0
1716288545349 2.7395355701446533 0
1716288549303 2.7389419078826904 0
1716288552940 2.7383458614349365 0
1716288556689 2.737751007080078 0
1716288560703 2.737152576446533 0
1716288564719 2.7365589141845703 0
1716288568631 2.7359652519226074 0
1716288572445 2.7353694438934326 0
1716288576362 2.734776020050049 0
1716288580438 2.734180450439453 0
1716288587585 2.733586549758911 0
1716288591088 2.7329983711242676 0
1716288594511 2.7324042320251465 0
1716288598262 2.73181414604187 0
1716288602025 2.7312192916870117 0
1716288606113 2.7306292057037354 0
1716288610020 2.730036497116089 0
1716288613922 2.7294504642486572 0
1716288617602 2.7288548946380615 0
1716288621395 2.7282674312591553 0
1716288628522 2.7276792526245117 0
1716288632307 2.727091073989868 0
1716288636051 2.726503610610962 0
1716288639682 2.7259137630462646 0
1716288644001 2.725327253341675 0
1716288648106 2.7247400283813477 0
1716288651991 2.724154472351074 0
1716288655830 2.7235655784606934 0
1716288659688 2.7229819297790527 0
1716288663497 2.722393035888672 0
1716288670449 2.721811532974243 0
1716288674171 2.7212281227111816 0
1716288677509 2.720641613006592 0
1716288681471 2.7200558185577393 0
1716288685392 2.7194719314575195 0
1716288689552 2.7188868522644043 0
1716288693471 2.7183034420013428 0
1716288697404 2.7177250385284424 0
1716288701087 2.7171406745910645 0
1716288705590 2.7165560722351074 0
1716288712857 2.7159743309020996 0
1716288717304 2.715397596359253 0
1716288721420 2.7148098945617676 0
1716288725802 2.714231252670288 0
1716288729962 2.713651180267334 0
1716288734165 2.713071823120117 0
1716288738036 2.7124905586242676 0
1716288741763 2.7119107246398926 0
1716288745640 2.7113285064697266 0
1716288749457 2.7107508182525635 0
1716288756410 2.710172414779663 0
1716288759957 2.709594249725342 0
1716288764346 2.709016799926758 0
1716288768730 2.708433151245117 0
1716288772657 2.707859516143799 0
1716288776474 2.7072811126708984 0
1716288780171 2.7067041397094727 0
1716288784414 2.706127166748047 0
1716288788149 2.705549716949463 0
1716288792021 2.7049753665924072 0
1716288798942 2.704396963119507 0
1716288802807 2.7038235664367676 0
1716288806927 2.7032461166381836 0
1716288810933 2.7026705741882324 0
1716288814875 2.702096462249756 0
1716288819048 2.7015199661254883 0
1716288823219 2.7009432315826416 0
1716288827166 2.7003679275512695 0
1716288831259 2.6997945308685303 0
1716288835528 2.6992220878601074 0
1716288842322 2.698648691177368 0
1716288846191 2.6980724334716797 0
1716288851122 2.6975040435791016 0
1716288856000 2.696924924850464 0
1716288860957 2.696352481842041 0
1716288869346 2.695780038833618 0
1716288874791 2.6952083110809326 0
1716288880028 2.6946349143981934 0
1716288884661 2.694061517715454 0
1716288889252 2.693493127822876 0
1716288896725 2.692918539047241 0
1716288903407 2.692347526550293 0
1716288911314 2.6917712688446045 0
1716288916900 2.69120454788208 0
1716288921548 2.6906330585479736 0
1716288926262 2.69006085395813 0
1716288930873 2.6894917488098145 0
1716288935646 2.6889219284057617 0
1716288940228 2.6883461475372314 0
1716288945248 2.6877758502960205 0
1716288953692 2.687206268310547 0
1716288959286 2.686635732650757 0
1716288965835 2.686062812805176 0
1716288972732 2.6854944229125977 0
1716288979824 2.6849234104156494 0
1716288987900 2.6843528747558594 0
1716288996669 2.683781623840332 0
