1716284012762 1.8361918926239014 0
1716284018551 1.5221261978149414 0
1716284024603 1.8320410251617432 0
1716284029950 1.5025601387023926 0
1716284035617 1.8930559158325195 0
1716284041049 1.8084988594055176 0
1716284046954 1.7339372634887695 0
1716284051942 1.5675289630889893 0
1716284056373 1.579369068145752 0
1716284062090 1.7587263584136963 0
1716284071925 2.1069397926330566 0
1716284078288 1.5041148662567139 0
1716284083220 1.4436829090118408 0
1716284088545 1.5603861808776855 0
1716284094182 1.4052391052246094 0
1716284099040 1.3690099716186523 0
1716284103481 1.3963029384613037 0
1716284107681 1.3237171173095703 0
1716284111539 1.427927017211914 0
1716284115659 1.3853719234466553 0
1716284122972 1.3597919940948486 0
1716284126676 1.1054799556732178 0
1716284130185 1.101935863494873 0
1716284134257 1.090062141418457 0
1716284137998 1.1462349891662598 0
1716284141887 1.2406649589538574 0
1716284145542 1.2174901962280273 0
1716284149501 1.0734710693359375 0
1716284153274 1.2326231002807617 0
1716284156832 1.0085639953613281 0
1716284163851 1.2368121147155762 0
1716284167215 1.054119348526001 0
1716284170610 1.0697710514068604 0
1716284174092 1.1421287059783936 0
1716284177757 1.1019768714904785 0
1716284181250 1.1183278560638428 0
1716284184927 1.1261098384857178 0
1716284188749 1.610860824584961 0
1716284193098 1.6228790283203125 0
1716284197040 1.2311780452728271 0
1716284205014 1.4528529644012451 0
1716284210779 1.6017460823059082 0
1716284215406 1.5048210620880127 0
1716284219497 1.3268890380859375 0
1716284223280 1.0640342235565186 0
1716284227148 1.1110241413116455 0
1716284230733 1.1603691577911377 0
1716284234592 1.0784080028533936 0
1716284238088 1.1731619834899902 0
1716284241738 1.1510350704193115 0
1716284248718 1.2623159885406494 0
1716284251978 1.0602021217346191 0
1716284255711 1.1845672130584717 0
1716284258898 1.1243767738342285 0
1716284262801 1.3015029430389404 0
1716284266361 1.099769115447998 0
1716284269814 1.0859050750732422 0
1716284272907 0.7188992500305176 0
1716284276128 1.1100640296936035 0
1716284279562 1.0606262683868408 0
1716284286182 1.374634027481079 0
1716284290572 1.3879799842834473 0
1716284294369 1.1196203231811523 0
1716284297608 0.9237868785858154 0
1716284301418 1.1665558815002441 0
1716284305173 1.2800452709197998 0
1716284309263 1.4338350296020508 0
1716284313830 1.3475160598754883 0
1716284317871 1.5026512145996094 0
1716284321298 1.033869981765747 0
1716284327738 1.267341136932373 0
1716284330977 0.9593498706817627 0
1716284334224 1.0432651042938232 0
1716284337660 0.9923999309539795 0
1716284340919 1.095060110092163 0
1716284344522 1.0158019065856934 0
1716284347753 1.202387809753418 0
1716284350948 0.9838871955871582 0
1716284354539 1.0856070518493652 0
1716284357303 0.6349670886993408 0
1716284363668 1.251924991607666 0
1716284367013 1.0267479419708252 0
1716284370190 1.0355010032653809 0
1716284373618 1.131727933883667 0
1716284376841 1.1528429985046387 0
1716284380274 1.0442821979522705 0
1716284384003 1.2768921852111816 0
1716284387566 1.0440919399261475 0
1716284391150 1.1270101070404053 0
1716284394303 1.0283360481262207 0
1716284400569 1.2469868659973145 0
1716284403880 1.1431808471679688 0
1716284406846 0.7949168682098389 0
1716284410314 0.9773991107940674 0
1716284413534 0.9965310096740723 0
1716284417307 1.0998759269714355 0
1716284420660 1.1521968841552734 0
1716284423880 1.0058071613311768 0
1716284427255 1.1137380599975586 0
1716284430520 1.1660900115966797 0
1716284436789 1.2457859516143799 0
1716284440458 1.0695416927337646 0
1716284444255 1.3172779083251953 0
1716284447836 0.9695608615875244 0
1716284451364 1.0096631050109863 0
1716284454923 1.0234670639038086 0
1716284458305 1.1263427734375 0
1716284461891 1.0114758014678955 0
1716284465505 1.1817209720611572 0
1716284468659 0.9668490886688232 0
1716284474962 1.2353179454803467 0
1716284478137 0.8466827869415283 0
1716284481316 1.058643102645874 0
1716284484767 1.0413999557495117 0
1716284488202 1.2962231636047363 0
1716284491437 0.9606359004974365 0
1716284494900 1.0830740928649902 0
1716284497970 1.0462660789489746 0
1716284501454 1.195483922958374 0
1716284505444 1.4468574523925781 0
1716284511862 1.2481281757354736 0
1716284515435 1.0228919982910156 0
1716284518796 1.196004867553711 0
1716284522213 1.1568782329559326 0
1716284525853 1.117473840713501 0
1716284529027 1.0913567543029785 0
1716284532582 1.2444450855255127 0
1716284536054 1.0788390636444092 0
1716284539208 1.1484990119934082 0
1716284543254 1.4452862739562988 0
1716284550686 1.2734582424163818 0
1716284554123 1.0416228771209717 0
1716284557623 1.1535570621490479 0
1716284560691 0.9890279769897461 0
1716284564025 1.1030018329620361 0
1716284567446 1.1013922691345215 0
1716284570737 1.030278205871582 0
1716284574190 1.0254359245300293 0
1716284577153 0.8785641193389893 0
1716284580626 1.0887672901153564 0
1716284586863 1.2406761646270752 0
1716284590110 1.0607490539550781 0
1716284593292 1.1190671920776367 0
1716284596761 1.1067142486572266 0
1716284599985 1.055872917175293 0
1716284603373 1.1117918491363525 0
1716284606768 1.251816987991333 0
1716284609448 0.6403300762176514 0
1716284612976 1.0389540195465088 0
1716284616587 1.0420660972595215 0
1716284623087 1.281048059463501 0
1716284627307 1.515247106552124 0
1716284631460 1.6455421447753906 0
1716284635176 1.1009650230407715 0
1716284639025 1.19822096824646 0
1716284642869 1.4376072883605957 0
1716284646311 1.0302128791809082 0
1716284650032 1.1068029403686523 0
1716284653666 1.2401161193847656 0
1716284657202 0.811478853225708 0
1716284663749 1.2527968883514404 0
1716284666898 0.9592311382293701 0
1716284670417 1.1194088459014893 0
1716284673478 0.9448421001434326 0
1716284676931 1.0143730640411377 0
1716284680008 0.652644157409668 0
1716284683985 1.587280035018921 0
1716284687332 1.0744390487670898 0
1716284690609 0.7413859367370605 0
1716284693590 0.6597990989685059 0
1716284700304 1.227226972579956 0
1716284703595 1.08266282081604 0
1716284706785 1.047455072402954 0
1716284710411 1.037384033203125 0
1716284714015 1.1953997611999512 0
1716284717095 1.043353796005249 0
1716284720332 0.7881090641021729 0
1716284723679 1.0693199634552002 0
1716284726947 1.2250850200653076 0
1716284730227 0.9570660591125488 0
1716284736633 1.2488210201263428 0
1716284740161 1.2353262901306152 0
1716284744131 1.1765282154083252 0
1716284747810 1.0421020984649658 0
1716284751293 1.0685229301452637 0
1716284754688 1.1094322204589844 0
1716284758135 1.2101349830627441 0
1716284761496 1.084028959274292 0
1716284764986 1.0909199714660645 0
1716284768128 0.7604982852935791 0
1716284774535 1.2571399211883545 0
1716284777718 0.9412298202514648 0
1716284780824 0.9552919864654541 0
1716284784499 1.168583869934082 0
1716284787781 1.0675852298736572 0
1716284791117 0.9873030185699463 0
1716284794347 1.037513017654419 0
1716284797722 1.0467381477355957 0
1716284800759 0.7643041610717773 0
1716284804315 1.0307002067565918 0
1716284810690 1.263381004333496 0
1716284814457 1.3768460750579834 0
1716284817800 1.1339671611785889 0
1716284821462 1.197390079498291 0
1716284825828 1.387321949005127 0
1716284829501 1.2321112155914307 0
1716284833387 1.2586328983306885 0
1716284837058 1.0990610122680664 0
1716284840329 1.1178019046783447 0
1716284843822 1.0906691551208496 0
1716284850020 1.2799558639526367 0
1716284853083 0.7872350215911865 0
1716284856436 1.0720329284667969 0
1716284859963 1.022068977355957 0
1716284863731 1.3147990703582764 0
1716284867440 1.051429033279419 0
1716284870813 1.0611398220062256 0
1716284874038 1.0756452083587646 0
1716284877447 1.2180132865905762 0
1716284880761 1.002892017364502 0
1716284887391 1.2723891735076904 0
1716284890353 0.9510529041290283 0
1716284893924 1.0861890316009521 0
1716284897173 1.0885682106018066 0
1716284900423 1.1013989448547363 0
1716284904050 1.1376011371612549 0
1716284907714 1.1633148193359375 0
1716284911013 1.1055481433868408 0
1716284914211 1.0452017784118652 0
1716284917628 1.0864338874816895 0
1716284925024 1.3341660499572754 0
1716284931025 1.6455650329589844 0
1716284937469 1.652034044265747 0
1716284942262 1.340782880783081 0
1716284946606 1.4703099727630615 0
1716284950827 1.3894782066345215 0
1716284955752 1.6191511154174805 0
1716284959963 1.5362749099731445 0
1716284964328 1.3257317543029785 0
1716284968636 1.308312177658081 0
1716284975966 1.2880640029907227 0
1716284980011 1.2197277545928955 0
1716284984718 1.4304859638214111 0
1716284988953 1.3115220069885254 0
1716284992772 1.2422587871551514 0
1716284997237 1.511885166168213 0
1716285001730 1.4483959674835205 0
1716285005894 1.6260838508605957 0
1716285009851 1.210848093032837 0
1716285014578 1.4385387897491455 0
1716285021934 1.27925705909729 0
1716285026008 1.3659980297088623 0
1716285030372 1.5535879135131836 0
1716285034410 1.085439920425415 0
1716285038238 1.2190520763397217 0
1716285042500 1.4855461120605469 0
1716285046577 1.316176176071167 0
1716285050252 1.0725507736206055 0
1716285053999 1.2554092407226562 0
1716285058248 1.485901117324829 0
1716285065354 1.249155044555664 0
1716285069048 1.12605619430542 0
1716285072663 1.177785873413086 0
1716285076469 1.1163620948791504 0
1716285079923 1.1808090209960938 0
1716285084128 1.382155179977417 0
1716285087960 1.2743010520935059 0
1716285091675 1.2480549812316895 0
1716285095394 1.2221360206604004 0
1716285098956 0.9768221378326416 0
1716285106000 1.2725021839141846 0
1716285110615 1.6112189292907715 0
1716285115215 1.4478483200073242 0
1716285119051 1.0593628883361816 0
1716285122799 1.3373870849609375 0
1716285126540 1.0891551971435547 0
1716285130027 0.9142608642578125 0
1716285134101 1.4428989887237549 0
1716285137602 1.1695401668548584 0
1716285141760 1.2901110649108887 0
1716285148367 1.2811551094055176 0
1716285151734 1.0690770149230957 0
1716285155164 1.10430908203125 0
1716285158873 1.075613021850586 0
1716285162998 1.6942470073699951 0
1716285166665 1.0141761302947998 0
1716285170484 1.0963027477264404 0
1716285174189 1.241119146347046 0
1716285177722 1.2486209869384766 0
1716285181302 1.0664420127868652 0
1716285188043 1.247793197631836 0
1716285191539 1.1014289855957031 0
1716285196534 1.5027530193328857 0
1716285202935 3.2048559188842773 0
1716285207546 1.639298915863037 0
1716285212020 1.444993019104004 0
1716285216432 1.602658987045288 0
1716285220112 1.1303479671478271 0
1716285224068 1.1865921020507812 0
1716285228155 1.471156120300293 0
1716285235631 1.2867169380187988 0
1716285239211 1.0695972442626953 0
1716285242891 1.1073956489562988 0
1716285246521 1.1335937976837158 0
1716285249987 1.1400971412658691 0
1716285253403 1.133112907409668 0
1716285257022 1.128807783126831 0
1716285260429 1.2026829719543457 0
1716285264115 1.1722652912139893 0
1716285269293 1.4697740077972412 0
1716285276363 1.3002171516418457 0
1716285280203 1.3431251049041748 0
1716285284565 1.701828956604004 0
1716285289646 1.4227328300476074 0
1716285294345 1.5244159698486328 0
1716285299600 1.5999407768249512 0
1716285304934 1.5192830562591553 0
1716285309471 1.4724831581115723 0
1716285313923 1.6730833053588867 0
1716285317811 1.0625600814819336 0
1716285324427 1.236288070678711 0
1716285328067 1.135854959487915 0
1716285331856 1.203066110610962 0
1716285335351 1.1352808475494385 0
1716285339207 1.2177860736846924 0
1716285344141 1.641754150390625 0
1716285348715 1.3709001541137695 0
1716285352978 1.508955955505371 0
1716285357219 1.4150147438049316 0
1716285361634 1.652008056640625 0
1716285368458 1.2860407829284668 0
1716285372595 1.230025053024292 0
1716285376929 1.249450922012329 0
1716285381644 1.7430860996246338 0
1716285386386 1.4859521389007568 0
1716285390959 1.4519977569580078 0
1716285394872 1.241156816482544 0
1716285398304 1.1167962551116943 0
1716285401825 1.1647429466247559 0
1716285405925 1.4846501350402832 0
1716285412335 1.2541251182556152 0
1716285416303 1.4166698455810547 0
1716285420003 1.1700491905212402 0
1716285423820 1.0510931015014648 0
1716285427530 1.2244601249694824 0
1716285431039 0.9862709045410156 0
1716285435414 1.476369857788086 0
1716285439062 1.2080912590026855 0
1716285442845 1.1670410633087158 0
1716285446603 1.1887340545654297 0
1716285453141 1.263026237487793 0
1716285457335 1.5563230514526367 0
1716285462536 1.8896031379699707 0
1716285466926 1.3573479652404785 0
1716285471432 1.5357239246368408 0
1716285475525 1.3953170776367188 0
1716285480016 1.4599709510803223 0
1716285483692 1.1212971210479736 0
1716285487514 1.158785104751587 0
1716285491845 1.4428038597106934 0
1716285498877 1.2612848281860352 0
1716285503025 1.2270691394805908 0
1716285506799 1.2213680744171143 0
1716285510415 1.1195640563964844 0
1716285513984 1.1247992515563965 0
1716285517722 1.1729750633239746 0
1716285521433 1.2603187561035156 0
1716285525715 1.293839931488037 0
1716285529675 1.3859567642211914 0
1716285533279 1.0329549312591553 0
1716285539713 1.2482190132141113 0
1716285543201 1.0084619522094727 0
1716285547126 1.4762248992919922 0
1716285551824 1.587411880493164 0
1716285555451 1.2027430534362793 0
1716285559458 1.1825063228607178 0
1716285563440 1.1894721984863281 0
1716285567651 1.6885449886322021 0
1716285571794 1.1930770874023438 0
1716285576044 1.303454875946045 0
1716285584489 1.251197099685669 0
1716285588656 1.3442790508270264 0
1716285592605 1.2449679374694824 0
1716285596321 1.0861060619354248 0
1716285600285 1.2970187664031982 0
1716285604294 1.4801981449127197 0
1716285608724 1.553551197052002 0
1716285612969 1.3260788917541504 0
1716285617290 1.3638310432434082 0
1716285622771 1.8650627136230469 0
1716285630694 1.2938978672027588 0
1716285634250 1.089021921157837 0
1716285637798 1.1053390502929688 0
1716285641548 1.206833839416504 0
1716285645275 1.1313693523406982 0
1716285649532 1.3814709186553955 0
1716285653312 1.1834568977355957 0
1716285656733 1.1263880729675293 0
1716285660411 1.1522879600524902 0
1716285664204 0.9931929111480713 0
1716285670836 1.3259310722351074 0
1716285674613 1.093000888824463 0
1716285678044 1.1955468654632568 0
1716285681706 1.1522190570831299 0
1716285686995 1.8271067142486572 0
1716285691944 1.4287700653076172 0
1716285696560 1.6166980266571045 0
1716285701340 1.5858612060546875 0
1716285705941 1.5806589126586914 0
1716285709936 1.079186201095581 0
1716285716505 1.2784509658813477 0
1716285719896 1.0693161487579346 0
1716285723645 1.1872310638427734 0
1716285727449 1.175335168838501 0
1716285733584 1.7929902076721191 0
1716285739348 1.309028148651123 0
1716285743786 1.3462700843811035 0
1716285748545 1.5284578800201416 0
1716285753299 1.5250742435455322 0
1716285757830 1.2532339096069336 0
1716285764846 1.2220289707183838 0
1716285768455 1.0871620178222656 0
1716285772013 1.3567743301391602 0
1716285775352 0.9998867511749268 0
1716285779175 1.2043750286102295 0
1716285782844 1.067033052444458 0
1716285786162 1.1729600429534912 0
1716285789518 1.0862090587615967 0
1716285793039 1.1324470043182373 0
1716285797458 1.6473286151885986 0
1716285805365 1.4390552043914795 0
1716285809551 1.3665947914123535 0
1716285813353 1.2012879848480225 0
1716285817215 1.1286301612854004 0
1716285820872 1.2610690593719482 0
1716285824625 1.1074926853179932 0
1716285828807 1.3307762145996094 0
1716285832693 1.2718358039855957 0
1716285836120 1.0717310905456543 0
1716285841608 1.8012878894805908 0
1716285848847 1.3423900604248047 0
1716285853489 1.3502452373504639 0
1716285858111 1.4690659046173096 0
1716285861874 1.1988341808319092 0
1716285866180 1.5972421169281006 0
1716285870967 1.377917766571045 0
1716285875353 1.4471421241760254 0
1716285879606 1.713804006576538 0
1716285884339 1.3852269649505615 0
1716285888255 1.0889031887054443 0
1716285895026 1.3707327842712402 0
1716285899049 1.3367600440979004 0
1716285902785 1.193605661392212 0
1716285906315 1.0691618919372559 0
1716285910011 1.1614468097686768 0
1716285914113 1.2082462310791016 0
1716285919784 1.7875609397888184 0
1716285923614 1.1723291873931885 0
1716285927729 1.268402338027954 0
1716285931410 1.093756914138794 0
1716285938360 1.2970411777496338 0
1716285942058 1.1563999652862549 0
1716285945937 1.4300260543823242 0
1716285950375 1.4504458904266357 0
1716285954194 1.3249931335449219 0
1716285961057 2.7188961505889893 0
1716285966540 1.3861000537872314 0
1716285971139 1.4001579284667969 0
1716285975960 1.3569278717041016 0
1716285980438 1.5539512634277344 0
1716285987865 1.2852942943572998 0
1716285993198 1.6552660465240479 0
1716285998889 1.6450700759887695 0
1716286004115 1.4958720207214355 0
1716286010014 1.6386518478393555 0
1716286014369 1.3093760013580322 0
1716286018648 1.413330078125 0
1716286022937 1.3206632137298584 0
1716286026744 1.1466879844665527 0
1716286030853 1.6069550514221191 0
1716286039295 1.3485820293426514 0
1716286043332 1.219074010848999 0
1716286047930 1.593372106552124 0
1716286051989 1.1437921524047852 0
1716286056350 1.5920228958129883 0
1716286060721 1.4128258228302002 0
1716286065050 1.4759690761566162 0
1716286069533 1.3157732486724854 0
1716286073636 1.2831840515136719 0
1716286078477 1.3662068843841553 0
1716286091546 1.9395127296447754 0
1716286095679 1.4284608364105225 0
1716286099543 1.3091788291931152 0
1716286104030 1.4633610248565674 0
1716286111153 3.8711190223693848 0
1716286117125 1.5958797931671143 0
1716286123936 1.7326209545135498 0
1716286128960 1.475144863128662 0
1716286133997 1.784843921661377 0
1716286138889 1.4135620594024658 0
1716286146685 1.3453330993652344 0
1716286152247 1.2643201351165771 0
1716286156573 1.2507340908050537 0
1716286160780 1.3134300708770752 0
1716286165004 1.2814640998840332 0
1716286168842 1.1833548545837402 0
1716286172608 1.1367990970611572 0
1716286176837 1.2929458618164062 0
1716286181450 1.3980238437652588 0
1716286185526 1.0420331954956055 0
1716286192399 1.2555210590362549 0
1716286196702 1.4762718677520752 0
1716286200782 1.2473909854888916 0
1716286204653 1.0334491729736328 0
1716286208762 1.3181471824645996 0
1716286214058 1.406101942062378 0
1716286218153 1.3696129322052002 0
1716286222408 1.5813860893249512 0
1716286226777 1.3753178119659424 0
1716286230709 1.1787357330322266 0
1716286240374 1.6653790473937988 0
1716286246102 1.4913592338562012 0
1716286250950 1.6379830837249756 0
1716286255094 1.2435450553894043 0
1716286259882 1.4235789775848389 0
1716286264057 1.1004788875579834 0
1716286268053 1.2299420833587646 0
1716286272380 1.4510619640350342 0
1716286276459 1.2387518882751465 0
1716286280988 1.3837499618530273 0
1716286288252 1.2828762531280518 0
1716286292722 1.3193979263305664 0
1716286297395 1.4540081024169922 0
1716286303168 1.5700430870056152 0
1716286308362 1.5656859874725342 0
1716286313491 1.4297280311584473 0
1716286318764 1.6139929294586182 0
1716286323798 1.4923059940338135 0
1716286328907 1.4848198890686035 0
1716286332978 1.3245911598205566 0
1716286341459 1.2690093517303467 0
1716286345856 1.388852834701538 0
1716286350077 1.385981798171997 0
1716286354899 1.3937091827392578 0
1716286359830 1.428159236907959 0
1716286363554 1.042738914489746 0
1716286367446 1.219606876373291 0
1716286371789 1.3386878967285156 0
1716286375703 1.1739401817321777 0
1716286379881 1.2258431911468506 0
1716286387056 1.2510080337524414 0
1716286390614 1.0532000064849854 0
1716286395115 1.536194086074829 0
1716286399272 1.29193115234375 0
1716286403279 1.228736162185669 0
1716286407266 1.077631950378418 0
1716286411132 1.3363499641418457 0
1716286415206 1.2464540004730225 0
1716286419015 1.2580111026763916 0
1716286423294 1.4600398540496826 0
1716286430362 1.26082181930542 0
1716286434494 1.3848860263824463 0
1716286438385 1.2773399353027344 0
1716286442991 1.382964849472046 0
1716286447105 1.2473232746124268 0
1716286451192 1.2132577896118164 0
1716286455334 1.1791439056396484 0
1716286459031 1.1354687213897705 0
1716286463142 1.476128101348877 0
1716286466895 1.123694896697998 0
1716286473761 1.2691259384155273 0
1716286477169 1.103736162185669 0
1716286480991 1.2815470695495605 0
1716286485600 1.577354907989502 0
1716286489791 1.319258689880371 0
1716286493810 1.352437973022461 0
1716286497859 1.2977187633514404 0
1716286501869 1.0809950828552246 0
1716286506497 1.2608649730682373 0
1716286510081 1.0861449241638184 0
1716286517066 1.241718053817749 0
1716286520856 0.9939119815826416 0
1716286524557 1.1058449745178223 0
1716286528187 1.0922040939331055 0
1716286531872 1.2122671604156494 0
1716286535550 1.0488181114196777 0
1716286539372 1.2013657093048096 0
1716286543416 1.1223711967468262 0
1716286547297 1.253363847732544 0
1716286551149 1.1141808032989502 0
1716286557909 1.2125177383422852 0
1716286561441 1.1032791137695312 0
1716286565351 1.276991844177246 0
1716286569076 1.1929962635040283 0
1716286572940 1.2822716236114502 0
1716286576810 1.1835131645202637 0
1716286580525 1.3158531188964844 0
1716286584120 1.1167480945587158 0
1716286587822 1.2323071956634521 0
1716286592479 1.2573599815368652 0
1716286599220 1.377086877822876 0
1716286603480 1.3950579166412354 0
1716286607425 1.3222458362579346 0
1716286611236 1.1306040287017822 0
1716286615160 1.1757988929748535 0
1716286619321 1.2649600505828857 0
1716286623056 1.0785980224609375 0
1716286626808 1.0684020519256592 0
1716286630443 1.214508056640625 0
1716286634731 1.3422300815582275 0
1716286641431 1.269625186920166 0
1716286644825 1.0325191020965576 0
1716286648621 1.258592128753662 0
1716286652555 1.2098722457885742 0
1716286656456 1.1813881397247314 0
1716286660718 1.309528112411499 0
1716286665177 1.5437266826629639 0
1716286669089 1.041877031326294 0
1716286672967 1.156538963317871 0
1716286676721 1.0598640441894531 0
1716286686976 1.2517969608306885 0
1716286690459 1.0958762168884277 0
1716286694019 1.3647897243499756 0
1716286698307 1.6333308219909668 0
1716286702028 1.3155980110168457 0
1716286706272 1.4651241302490234 0
1716286710215 1.3131871223449707 0
1716286713979 1.170581340789795 0
1716286718021 1.3854188919067383 0
1716286722141 1.4427790641784668 0
1716286729260 1.265192985534668 0
1716286732948 1.1767499446868896 0
1716286736781 1.3171770572662354 0
1716286740592 1.1523387432098389 0
1716286744553 1.2876567840576172 0
1716286748283 1.1479229927062988 0
1716286752326 1.6605489253997803 0
1716286757120 1.455599069595337 0
1716286762785 1.665341854095459 0
1716286767331 1.3227159976959229 0
1716286774259 1.2330329418182373 0
1716286777805 1.0575599670410156 0
1716286781555 1.1677498817443848 0
1716286785160 1.0808911323547363 0
1716286789136 1.239919900894165 0
1716286792849 1.0513720512390137 0
1716286796736 1.1484880447387695 0
1716286801081 1.4580070972442627 0
1716286804874 1.150115728378296 0
1716286808739 1.0491230487823486 0
1716286815442 1.260345697402954 0
1716286819003 1.1993730068206787 0
1716286822793 1.3996739387512207 0
1716286826500 1.1832597255706787 0
1716286830315 1.2708799839019775 0
1716286834079 1.1330702304840088 0
1716286837937 1.0912799835205078 0
1716286842299 1.4867680072784424 0
1716286846547 1.335094928741455 0
1716286850606 1.4657061100006104 0
1716286857277 1.2538821697235107 0
1716286861000 1.1453497409820557 0
1716286865001 1.1717429161071777 0
1716286868828 1.0645849704742432 0
1716286872480 1.2476789951324463 0
1716286876286 1.2095277309417725 0
1716286879888 1.1200330257415771 0
1716286883543 1.153275966644287 0
1716286887302 1.2831270694732666 0
1716286891320 1.4244651794433594 0
1716286897929 1.314729928970337 0
1716286901549 1.0645251274108887 0
1716286905858 1.1785337924957275 0
1716286910131 1.3567378520965576 0
1716286914211 1.215820074081421 0
1716286918485 1.534693717956543 0
1716286922365 1.2796871662139893 0
1716286925953 1.1156790256500244 0
1716286929561 1.3671400547027588 0
1716286933436 1.6230409145355225 0
1716286940110 1.2896080017089844 0
1716286943820 1.1367759704589844 0
1716286947490 1.2509889602661133 0
1716286951268 1.1798510551452637 0
1716286955192 1.2489941120147705 0
1716286959382 1.5250811576843262 0
1716286963431 1.6391570568084717 0
1716286967032 1.1383388042449951 0
1716286970924 1.2887511253356934 0
1716286974473 1.041947841644287 0
1716286981278 1.3538830280303955 0
1716286984792 0.9784088134765625 0
1716286989035 1.567573070526123 0
1716286993948 1.4831342697143555 0
1716286998544 1.3767979145050049 0
1716287002562 1.0535881519317627 0
1716287006808 1.3824310302734375 0
1716287013013 1.611534833908081 0
1716287018372 1.642230749130249 0
1716287023130 1.5351359844207764 0
1716287030618 1.2903339862823486 0
1716287034245 1.0553593635559082 0
1716287037969 1.1739158630371094 0
1716287041848 1.1052711009979248 0
1716287045891 1.2076990604400635 0
1716287049948 1.2188079357147217 0
1716287053882 1.2116501331329346 0
1716287057671 1.1043369770050049 0
1716287062176 1.6116442680358887 0
1716287066708 1.3716280460357666 0
1716287074027 1.3612961769104004 0
1716287078012 1.1352870464324951 0
1716287082092 1.3049399852752686 0
1716287086043 1.1212220191955566 0
1716287089883 1.2218241691589355 0
1716287093690 1.0647809505462646 0
1716287097389 1.2215569019317627 0
1716287101068 1.0703339576721191 0
1716287104855 1.1546759605407715 0
1716287108606 1.1099660396575928 0
1716287115420 1.2608630657196045 0
1716287119472 1.0253891944885254 0
1716287124409 1.4803028106689453 0
1716287129585 1.258786916732788 0
1716287133445 1.2411878108978271 0
1716287137216 1.0722408294677734 0
1716287141490 1.3416459560394287 0
1716287145915 1.2666130065917969 0
1716287149711 1.1525838375091553 0
1716287153586 1.0732710361480713 0
1716287160506 1.3140690326690674 0
1716287164851 1.4297959804534912 0
1716287168845 1.4589238166809082 0
1716287172684 1.1261258125305176 0
1716287176482 1.1116678714752197 0
1716287180277 1.005208969116211 0
1716287184175 1.19144606590271 0
1716287188405 1.3352727890014648 0
1716287192171 1.1466176509857178 0
1716287195666 1.1232657432556152 0
1716287202450 1.3288278579711914 0
1716287206281 1.0605990886688232 0
1716287210124 1.1994779109954834 0
1716287213742 1.0076491832733154 0
1716287217482 1.1076841354370117 0
1716287221171 1.1081130504608154 0
1716287225030 1.180757999420166 0
1716287228794 1.0687155723571777 0
1716287232678 1.1860783100128174 0
1716287236585 1.1237859725952148 0
1716287243537 1.2903761863708496 0
1716287247280 1.325866937637329 0
1716287250903 1.2910537719726562 0
1716287254920 1.248208999633789 0
1716287259201 1.5469231605529785 0
1716287263336 1.392777919769287 0
1716287267584 1.526547908782959 0
1716287271321 0.9752118587493896 0
1716287275127 1.142930030822754 0
1716287278826 1.0327708721160889 0
1716287285527 1.2751140594482422 0
1716287289258 1.193335771560669 0
1716287292927 1.2337710857391357 0
1716287296428 1.2079720497131348 0
1716287300056 1.31923508644104 0
1716287303804 1.332021951675415 0
1716287307441 1.2187910079956055 0
1716287311163 1.2347347736358643 0
1716287314750 1.2501320838928223 0
1716287318413 1.1743388175964355 0
1716287325203 1.2429168224334717 0
1716287328831 0.9860119819641113 0
1716287332447 1.1694741249084473 0
1716287336030 1.1231579780578613 0
1716287339576 1.145388126373291 0
1716287343841 1.6304850578308105 0
1716287348054 1.151515245437622 0
1716287352277 1.3429102897644043 0
1716287356006 1.1734259128570557 0
1716287359711 1.0562570095062256 0
1716287366363 1.2502799034118652 0
1716287369881 1.0589771270751953 0
1716287373595 1.0954887866973877 0
1716287377223 1.0621321201324463 0
1716287380937 1.1756958961486816 0
1716287385362 1.3984901905059814 0
1716287389443 1.1462159156799316 0
1716287393281 1.0919098854064941 0
1716287397070 1.1012439727783203 0
1716287400700 1.116089105606079 0
1716287410902 1.274054765701294 0
1716287414571 1.3576281070709229 0
1716287418608 1.2934350967407227 0
1716287422271 1.2541558742523193 0
1716287426130 1.32631516456604 0
1716287430576 1.4734952449798584 0
1716287434679 1.2576420307159424 0
1716287438631 1.1642789840698242 0
1716287443013 1.6407220363616943 0
1716287447091 1.1904170513153076 0
1716287454060 1.2797110080718994 0
1716287457647 1.1476259231567383 0
1716287461497 1.34368896484375 0
1716287465797 1.5734121799468994 0
1716287469511 1.2957470417022705 0
1716287473543 1.2010281085968018 0
1716287477710 1.3465230464935303 0
1716287481832 1.3315141201019287 0
1716287485618 1.1648309230804443 0
1716287489281 0.9840061664581299 0
1716287496092 1.2764387130737305 0
1716287499570 1.0835871696472168 0
1716287503630 1.3921308517456055 0
1716287507843 1.5736138820648193 0
1716287511981 1.3298571109771729 0
1716287515571 1.0621871948242188 0
1716287519882 1.5508601665496826 0
1716287523610 1.065899133682251 0
1716287527394 1.2169406414031982 0
1716287530963 1.0736052989959717 0
1716287537599 1.2355859279632568 0
1716287540995 1.0836591720581055 0
1716287544688 1.1792500019073486 0
1716287548454 1.1018610000610352 0
1716287552391 1.3018341064453125 0
1716287556124 1.0616881847381592 0
1716287560060 1.272230863571167 0
1716287564358 1.4209861755371094 0
1716287568771 1.5386061668395996 0
1716287572562 1.1980412006378174 0
1716287579286 1.2775070667266846 0
1716287582950 1.1556298732757568 0
1716287586663 1.2843921184539795 0
1716287590408 1.097447156906128 0
1716287594208 1.325235366821289 0
1716287597778 1.0627562999725342 0
1716287601569 1.3069138526916504 0
1716287605853 1.4198100566864014 0
1716287609674 1.3446049690246582 0
1716287613422 1.1653809547424316 0
1716287620089 1.277207612991333 0
1716287624271 1.3596220016479492 0
1716287628327 1.3070402145385742 0
1716287632571 1.323774814605713 0
1716287636578 1.4059808254241943 0
1716287640434 1.1535439491271973 0
1716287644444 1.2971527576446533 0
1716287648850 1.4747660160064697 0
1716287653409 1.591249942779541 0
1716287656893 0.8199470043182373 0
1716287663950 1.262171745300293 0
1716287667562 1.1669037342071533 0
1716287671332 1.3577799797058105 0
1716287675033 1.1333379745483398 0
1716287678711 1.1609821319580078 0
1716287683057 1.5031318664550781 0
1716287687374 1.48268723487854 0
1716287691064 1.0486159324645996 0
1716287694936 1.2550971508026123 0
1716287698823 1.1473650932312012 0
1716287705863 1.2831182479858398 0
1716287709503 1.2388358116149902 0
1716287713727 1.4335911273956299 0
1716287717475 1.176482915878296 0
1716287721352 1.3175859451293945 0
1716287724962 1.0986559391021729 0
1716287728734 1.2999396324157715 0
1716287732284 1.1299309730529785 0
1716287736034 1.2739391326904297 0
1716287739605 1.100602149963379 0
1716287746653 1.2488479614257812 0
1716287750088 1.0403010845184326 0
1716287753886 1.1958701610565186 0
1716287757203 0.7485110759735107 0
1716287761526 1.498570203781128 0
1716287765372 1.1758017539978027 0
1716287769747 1.6903150081634521 0
1716287773214 0.787477970123291 0
1716287777365 1.3649020195007324 0
1716287780915 1.066335916519165 0
1716287787817 1.2876639366149902 0
1716287791543 1.2166459560394287 0
1716287795260 1.1453077793121338 0
1716287799052 1.0775341987609863 0
1716287803302 1.6047601699829102 0
1716287807072 1.0670180320739746 0
1716287810823 1.119783878326416 0
1716287814551 1.0643789768218994 0
1716287818406 1.2808780670166016 0
1716287822149 1.0990369319915771 0
1716287828955 1.2489142417907715 0
1716287832543 1.1276988983154297 0
1716287836447 1.2606360912322998 0
1716287840135 1.1054761409759521 0
1716287843956 1.1790990829467773 0
1716287847344 0.7692341804504395 0
1716287851363 1.2551612854003906 0
1716287855629 1.5672781467437744 0
1716287859533 1.20900297164917 0
1716287863746 1.351762056350708 0
1716287870787 1.2552220821380615 0
1716287874325 1.162065029144287 0
1716287878101 1.2511670589447021 0
1716287881972 1.1378812789916992 0
1716287885900 1.2477850914001465 0
1716287889501 1.0322091579437256 0
1716287893428 1.2302489280700684 0
1716287897279 1.1041769981384277 0
1716287900968 1.150343894958496 0
1716287905006 1.282782793045044 0
1716287911565 1.2382121086120605 0
1716287914707 0.7096128463745117 0
1716287918362 1.19309401512146 0
1716287921765 0.9013919830322266 0
1716287926301 1.4660720825195312 0
1716287929695 0.8355770111083984 0
1716287933632 1.2861888408660889 0
1716287937398 1.097235918045044 0
1716287941170 1.2354421615600586 0
1716287944935 1.194835901260376 0
1716287952137 1.2540981769561768 0
1716287955683 1.1351370811462402 0
1716287959507 1.1859221458435059 0
1716287963135 1.0660429000854492 0
1716287967036 1.2833220958709717 0
1716287971093 1.3153951168060303 0
1716287974638 0.956038236618042 0
1716287978772 1.2638468742370605 0
1716287982757 1.4495790004730225 0
1716287986664 1.1263039112091064 0
1716287993637 1.2566206455230713 0
1716287997252 1.0509469509124756 0
1716288000993 1.3333566188812256 0
1716288004631 1.213014841079712 0
1716288008364 1.2692208290100098 0
1716288012005 1.1240170001983643 0
1716288015967 1.2570900917053223 0
1716288019546 1.1281960010528564 0
1716288023358 1.3541009426116943 0
1716288027249 1.3995189666748047 0
1716288034577 1.2523410320281982 0
1716288038187 1.1098098754882812 0
1716288042144 1.402055025100708 0
1716288046695 1.4351940155029297 0
1716288050604 1.2246451377868652 0
1716288054581 1.1658599376678467 0
1716288058521 1.2438089847564697 0
1716288062407 1.1281850337982178 0
1716288066341 1.2689826488494873 0
1716288070196 1.1217830181121826 0
1716288077123 1.2555289268493652 0
1716288080812 1.091386079788208 0
1716288084498 1.2115609645843506 0
1716288088103 1.0715529918670654 0
1716288091679 0.9560198783874512 0
1716288095502 1.154212236404419 0
1716288099314 1.326598882675171 0
1716288103567 1.4716768264770508 0
1716288107960 1.4720089435577393 0
1716288111901 1.1403920650482178 0
1716288119192 1.2783210277557373 0
1716288122918 1.157177209854126 0
1716288126687 1.233057975769043 0
1716288130393 1.0470359325408936 0
1716288134215 1.164858102798462 0
1716288137945 1.0551979541778564 0
1716288141394 0.9181370735168457 0
1716288145728 1.3910527229309082 0
1716288149355 1.1770801544189453 0
1716288153269 1.1098010540008545 0
1716288160098 1.2563059329986572 0
1716288164010 1.2773008346557617 0
1716288168013 1.2372510433197021 0
1716288172214 1.3565270900726318 0
1716288176042 1.3004190921783447 0
1716288179822 1.0590810775756836 0
1716288183738 1.1871261596679688 0
1716288187518 1.1288819313049316 0
1716288191298 1.2462430000305176 0
1716288195218 1.1568446159362793 0
1716288202331 1.242192268371582 0
1716288206200 1.36576509475708 0
1716288209970 1.2884716987609863 0
1716288213644 1.162405252456665 0
1716288217283 1.2454769611358643 0
1716288220804 1.1358821392059326 0
1716288225313 1.6617999076843262 0
1716288229410 1.609774112701416 0
1716288233134 1.267455816268921 0
1716288236705 1.1446599960327148 0
1716288247014 1.2772140502929688 0
1716288250861 1.395709753036499 0
1716288255437 1.5427210330963135 0
1716288259535 1.2118589878082275 0
1716288263723 1.360241174697876 0
1716288267655 1.1039438247680664 0
1716288271654 1.2095017433166504 0
1716288275938 1.520725965499878 0
1716288279849 1.2281830310821533 0
1716288284209 1.4458119869232178 0
1716288291643 1.2785959243774414 0
1716288295159 1.1304550170898438 0
1716288298956 1.3058912754058838 0
1716288303104 1.6545469760894775 0
1716288307659 1.632641077041626 0
1716288312006 1.6135962009429932 0
1716288315867 1.28171706199646 0
1716288319800 1.0470519065856934 0
1716288323690 1.2601659297943115 0
1716288327563 1.0620381832122803 0
1716288334476 1.267669916152954 0
1716288337952 1.0808207988739014 0
1716288341483 1.120239019393921 0
1716288346008 1.3849830627441406 0
1716288350378 1.5229170322418213 0
1716288354212 1.0807108879089355 0
1716288358199 1.2860832214355469 0
1716288361980 1.1908819675445557 0
1716288366086 1.2574326992034912 0
1716288369740 1.0609581470489502 0
1716288376778 1.2371852397918701 0
1716288380279 0.9557590484619141 0
1716288384208 1.381636142730713 0
1716288388344 1.5765771865844727 0
1716288392175 1.1510350704193115 0
1716288396007 1.0492630004882812 0
1716288399788 1.1468451023101807 0
1716288403910 1.2958190441131592 0
1716288408091 1.179758071899414 0
1716288411919 1.0274617671966553 0
1716288418728 1.2890238761901855 0
1716288422486 1.1281580924987793 0
1716288426483 1.3062958717346191 0
1716288430222 1.1527941226959229 0
1716288434342 1.497542142868042 0
1716288438278 1.1294081211090088 0
1716288441736 0.8437776565551758 0
1716288445612 1.1755461692810059 0
1716288449278 1.1534650325775146 0
1716288453123 1.0478758811950684 0
1716288460114 1.2611198425292969 0
1716288464294 1.337609052658081 0
1716288468819 1.3515889644622803 0
1716288472907 1.0947637557983398 0
1716288476714 1.1917500495910645 0
1716288480925 1.2684650421142578 0
1716288484925 1.200815200805664 0
1716288489023 1.2615420818328857 0
1716288493017 1.2321500778198242 0
1716288496835 1.043139934539795 0
1716288503743 1.271986961364746 0
1716288507450 1.0913410186767578 0
1716288511264 1.2743120193481445 0
1716288515059 1.159101963043213 0
1716288518906 1.2709431648254395 0
1716288522975 1.5219252109527588 0
1716288527003 1.092480182647705 0
1716288530844 1.1003520488739014 0
1716288534639 1.1384708881378174 0
1716288538376 0.9836208820343018 0
1716288545377 1.2391982078552246 0
1716288549330 1.2373239994049072 0
1716288552976 1.2029650211334229 0
1716288556713 1.0835421085357666 0
1716288560747 1.4638681411743164 0
1716288564756 1.3914480209350586 0
1716288568680 1.206939697265625 0
1716288572490 1.111288070678711 0
1716288576407 1.2100739479064941 0
1716288580481 1.1699862480163574 0
1716288587621 1.2532711029052734 0
1716288591114 1.0318920612335205 0
1716288594542 0.863579273223877 0
1716288598286 1.0863778591156006 0
1716288602071 1.0949628353118896 0
1716288606143 1.152644157409668 0
1716288610062 1.1789617538452148 0
1716288613953 1.1091680526733398 0
1716288617647 1.0906071662902832 0
1716288621433 1.1402678489685059 0
1716288628553 1.2527601718902588 0
1716288632332 1.123777151107788 0
1716288636083 1.248016119003296 0
1716288639722 1.1216950416564941 0
1716288644046 1.5922739505767822 0
1716288648149 1.429168939590454 0
1716288652047 1.2940280437469482 0
1716288655867 1.0895650386810303 0
1716288659738 1.2870280742645264 0
1716288663522 1.0670557022094727 0
1716288670484 1.2780678272247314 0
1716288674201 1.0609307289123535 0
1716288677556 0.8058433532714844 0
1716288681502 1.055891752243042 0
1716288685441 1.1989538669586182 0
1716288689601 1.3328328132629395 0
1716288693521 1.2339410781860352 0
1716288697441 1.1586601734161377 0
1716288701147 1.2156190872192383 0
1716288705624 1.395226001739502 0
1716288712884 1.2621159553527832 0
1716288717345 1.5710980892181396 0
1716288721465 1.400521993637085 0
1716288725832 1.5199580192565918 0
1716288730001 1.488055944442749 0
1716288734209 1.4920880794525146 0
1716288738090 1.3102760314941406 0
1716288741812 1.1252660751342773 0
1716288745696 1.2566282749176025 0
1716288749486 1.1359398365020752 0
1716288756441 1.2431957721710205 0
1716288759993 1.0399351119995117 0
1716288764397 1.4047532081604004 0
1716288768755 1.2982730865478516 0
1716288772708 1.2771258354187012 0
1716288776502 1.089677095413208 0
1716288780212 1.1328010559082031 0
1716288784441 1.3364229202270508 0
1716288788196 1.2598819732666016 0
1716288792061 1.1293940544128418 0
1716288798978 1.3173229694366455 0
1716288802851 1.0913851261138916 0
1716288806986 1.3519668579101562 0
1716288810965 1.3331918716430664 0
1716288814925 1.3543519973754883 0
1716288819097 1.4222540855407715 0
1716288823269 1.5149588584899902 0
1716288827200 1.177098035812378 0
1716288831305 1.2224900722503662 0
1716288835557 1.4383659362792969 0
1716288842386 1.3262150287628174 0
1716288846226 1.3325679302215576 0
1716288851154 1.5553789138793945 0
1716288856038 1.631199836730957 0
1716288861003 1.6706931591033936 0
1716288869418 1.9178822040557861 0
1716288874839 1.6681180000305176 0
1716288880058 1.4329490661621094 0
1716288884707 1.7932119369506836 0
1716288889322 1.543942928314209 0
1716288896754 1.2984619140625 0
1716288903481 2.354538917541504 0
1716288911519 1.9949009418487549 0
1716288916931 1.5557000637054443 0
1716288921581 1.5424230098724365 0
1716288926310 1.3903977870941162 0
1716288930913 1.4240810871124268 0
1716288935684 1.3906538486480713 0
1716288940297 1.605464220046997 0
1716288945279 1.5037951469421387 0
1716288953720 1.3726441860198975 0
1716288959436 2.3054230213165283 0
1716288966976 2.7731471061706543 0
1716288972814 1.7686657905578613 0
1716288979884 2.1727709770202637 0
1716288988075 2.6075918674468994 0
