1716293800142 1.0 0
1716293800661 2.0 0
1716293801172 3.0 0
1716293801670 4.0 0
1716293802167 5.0 0
1716293802660 6.0 0
1716293803229 7.0 0
1716293803783 8.0 0
1716293804286 9.0 0
1716293804809 10.0 0
1716293810266 11.0 0
1716293810785 12.0 0
1716293811333 13.0 0
1716293811848 14.0 0
1716293812387 15.0 0
1716293812945 16.0 0
1716293813472 17.0 0
1716293813997 18.0 0
1716293814506 19.0 0
1716293815021 20.0 0
1716293819931 21.0 0
1716293820446 22.0 0
1716293821003 23.0 0
1716293821565 24.0 0
1716293822070 25.0 0
1716293822589 26.0 0
1716293823112 27.0 0
1716293823615 28.0 0
1716293824126 29.0 0
1716293824634 30.0 0
1716293829064 31.0 0
1716293829578 32.0 0
1716293830118 33.0 0
1716293830649 34.0 0
1716293831162 35.0 0
1716293831673 36.0 0
1716293832170 37.0 0
1716293832658 38.0 0
1716293833164 39.0 0
1716293833663 40.0 0
1716293837772 41.0 0
1716293838325 42.0 0
1716293838831 43.0 0
1716293839334 44.0 0
1716293839849 45.0 0
1716293840369 46.0 0
1716293840885 47.0 0
1716293841413 48.0 0
1716293841926 49.0 0
1716293842527 50.0 0
1716293847183 51.0 0
1716293847667 52.0 0
1716293848192 53.0 0
1716293848718 54.0 0
1716293849427 55.0 0
1716293850066 56.0 0
1716293850736 57.0 0
1716293851347 58.0 0
1716293851932 59.0 0
1716293852451 60.0 0
1716293856183 61.0 0
1716293856664 62.0 0
1716293857186 63.0 0
1716293857706 64.0 0
1716293858253 65.0 0
1716293858756 66.0 0
1716293859270 67.0 0
1716293859770 68.0 0
1716293860277 69.0 0
1716293860786 70.0 0
1716293864055 71.0 0
1716293864558 72.0 0
1716293865066 73.0 0
1716293865565 74.0 0
1716293866068 75.0 0
1716293866565 76.0 0
1716293867064 77.0 0
1716293867560 78.0 0
1716293868059 79.0 0
1716293868558 80.0 0
1716293872179 81.0 0
1716293872672 82.0 0
1716293873198 83.0 0
1716293873699 84.0 0
1716293874207 85.0 0
1716293874700 86.0 0
1716293875194 87.0 0
1716293875685 88.0 0
1716293876183 89.0 0
1716293876675 90.0 0
1716293879980 91.0 0
1716293880487 92.0 0
1716293881027 93.0 0
1716293881529 94.0 0
1716293882044 95.0 0
1716293882546 96.0 0
1716293883059 97.0 0
1716293883714 98.0 0
1716293884357 99.0 0
1716293884868 100.0 0
1716293888282 101.0 0
1716293888772 102.0 0
1716293889288 103.0 0
1716293889786 104.0 0
1716293890292 105.0 0
1716293890797 106.0 0
1716293891294 107.0 0
1716293891794 108.0 0
1716293892293 109.0 0
1716293892790 110.0 0
1716293895973 111.0 0
1716293896471 112.0 0
1716293896976 113.0 0
1716293897479 114.0 0
1716293897975 115.0 0
1716293898478 116.0 0
1716293898975 117.0 0
1716293899468 118.0 0
1716293899974 119.0 0
1716293900478 120.0 0
1716293903692 121.0 0
1716293904181 122.0 0
1716293904687 123.0 0
1716293905196 124.0 0
1716293905704 125.0 0
1716293906206 126.0 0
1716293906735 127.0 0
1716293907230 128.0 0
1716293907728 129.0 0
1716293908232 130.0 0
1716293912159 131.0 0
1716293912785 132.0 0
1716293913576 133.0 0
1716293914200 134.0 0
1716293914795 135.0 0
1716293915314 136.0 0
1716293915823 137.0 0
1716293916343 138.0 0
1716293916865 139.0 0
1716293917377 140.0 0
1716293921223 141.0 0
1716293921706 142.0 0
1716293922212 143.0 0
1716293922712 144.0 0
1716293923217 145.0 0
1716293923721 146.0 0
1716293924221 147.0 0
1716293924721 148.0 0
1716293925218 149.0 0
1716293925716 150.0 0
1716293928954 151.0 0
1716293929443 152.0 0
1716293929941 153.0 0
1716293930442 154.0 0
1716293930938 155.0 0
1716293931441 156.0 0
1716293931941 157.0 0
1716293932442 158.0 0
1716293932935 159.0 0
1716293933431 160.0 0
1716293936671 161.0 0
1716293937173 162.0 0
1716293937688 163.0 0
1716293938186 164.0 0
1716293938688 165.0 0
1716293939185 166.0 0
1716293939677 167.0 0
1716293940175 168.0 0
1716293940662 169.0 0
1716293941159 170.0 0
1716293944971 171.0 0
1716293945476 172.0 0
1716293945984 173.0 0
1716293946484 174.0 0
1716293946990 175.0 0
1716293947493 176.0 0
1716293948003 177.0 0
1716293948506 178.0 0
1716293949014 179.0 0
1716293949509 180.0 0
1716293953293 181.0 0
1716293953784 182.0 0
1716293954288 183.0 0
1716293954792 184.0 0
1716293955291 185.0 0
1716293955793 186.0 0
1716293956291 187.0 0
1716293956789 188.0 0
1716293957292 189.0 0
1716293957805 190.0 0
1716293961030 191.0 0
1716293961536 192.0 0
1716293962049 193.0 0
1716293962543 194.0 0
1716293963048 195.0 0
1716293963548 196.0 0
1716293964049 197.0 0
1716293964564 198.0 0
1716293965082 199.0 0
1716293965587 200.0 0
1716293969427 201.0 0
1716293969920 202.0 0
1716293970464 203.0 0
1716293970963 204.0 0
1716293971480 205.0 0
1716293971979 206.0 0
1716293972477 207.0 0
1716293972972 208.0 0
1716293973473 209.0 0
1716293973989 210.0 0
1716293977452 211.0 0
1716293977979 212.0 0
1716293978479 213.0 0
1716293978976 214.0 0
1716293979486 215.0 0
1716293979989 216.0 0
1716293980494 217.0 0
1716293980993 218.0 0
1716293981489 219.0 0
1716293981989 220.0 0
1716293985319 221.0 0
1716293985811 222.0 0
1716293986331 223.0 0
1716293986829 224.0 0
1716293987326 225.0 0
1716293987830 226.0 0
1716293988336 227.0 0
1716293988832 228.0 0
1716293989332 229.0 0
1716293989835 230.0 0
1716293993214 231.0 0
1716293993711 232.0 0
1716293994221 233.0 0
1716293994736 234.0 0
1716293995237 235.0 0
1716293995740 236.0 0
1716293996260 237.0 0
1716293996767 238.0 0
1716293997269 239.0 0
1716293997771 240.0 0
1716294001208 241.0 0
1716294001700 242.0 0
1716294002201 243.0 0
1716294002708 244.0 0
1716294003220 245.0 0
1716294003722 246.0 0
1716294004215 247.0 0
1716294004712 248.0 0
1716294005215 249.0 0
1716294005711 250.0 0
1716294009548 251.0 0
1716294010043 252.0 0
1716294010548 253.0 0
1716294011049 254.0 0
1716294011553 255.0 0
1716294012048 256.0 0
1716294012558 257.0 0
1716294013055 258.0 0
1716294013560 259.0 0
1716294014051 260.0 0
1716294017352 261.0 0
1716294017836 262.0 0
1716294018348 263.0 0
1716294018856 264.0 0
1716294019370 265.0 0
1716294019887 266.0 0
1716294020391 267.0 0
1716294020894 268.0 0
1716294021396 269.0 0
1716294021898 270.0 0
1716294025101 271.0 0
1716294025583 272.0 0
1716294026098 273.0 0
1716294026603 274.0 0
1716294027111 275.0 0
1716294027629 276.0 0
1716294028144 277.0 0
1716294028642 278.0 0
1716294029143 279.0 0
1716294029644 280.0 0
1716294032870 281.0 0
1716294033359 282.0 0
1716294033866 283.0 0
1716294034368 284.0 0
1716294034885 285.0 0
1716294035396 286.0 0
1716294035908 287.0 0
1716294036412 288.0 0
1716294036920 289.0 0
1716294037422 290.0 0
1716294040846 291.0 0
1716294041346 292.0 0
1716294041854 293.0 0
1716294042361 294.0 0
1716294042877 295.0 0
1716294043372 296.0 0
1716294043882 297.0 0
1716294044389 298.0 0
1716294044904 299.0 0
1716294045412 300.0 0
1716294049862 301.0 0
1716294050344 302.0 0
1716294050869 303.0 0
1716294051375 304.0 0
1716294051896 305.0 0
1716294052386 306.0 0
1716294052888 307.0 0
1716294053402 308.0 0
1716294053909 309.0 0
1716294054408 310.0 0
1716294058123 311.0 0
1716294058644 312.0 0
1716294059152 313.0 0
1716294059663 314.0 0
1716294060163 315.0 0
1716294060660 316.0 0
1716294061160 317.0 0
1716294061662 318.0 0
1716294062178 319.0 0
1716294062666 320.0 0
1716294066020 321.0 0
1716294066524 322.0 0
1716294067054 323.0 0
1716294067563 324.0 0
1716294068070 325.0 0
1716294068561 326.0 0
1716294069068 327.0 0
1716294069565 328.0 0
1716294070066 329.0 0
1716294070563 330.0 0
1716294074478 331.0 0
1716294074970 332.0 0
1716294075463 333.0 0
1716294075973 334.0 0
1716294076480 335.0 0
1716294076977 336.0 0
1716294077468 337.0 0
1716294077986 338.0 0
1716294078486 339.0 0
1716294078979 340.0 0
1716294082512 341.0 0
1716294083027 342.0 0
1716294083534 343.0 0
1716294084034 344.0 0
1716294084554 345.0 0
1716294085059 346.0 0
1716294085561 347.0 0
1716294086057 348.0 0
1716294086556 349.0 0
1716294087047 350.0 0
1716294090789 351.0 0
1716294091302 352.0 0
1716294091819 353.0 0
1716294092321 354.0 0
1716294092874 355.0 0
1716294093397 356.0 0
1716294093919 357.0 0
1716294094442 358.0 0
1716294094962 359.0 0
1716294095469 360.0 0
1716294099841 361.0 0
1716294100334 362.0 0
1716294100871 363.0 0
1716294101370 364.0 0
1716294101874 365.0 0
1716294102381 366.0 0
1716294102879 367.0 0
1716294103372 368.0 0
1716294103874 369.0 0
1716294104380 370.0 0
1716294107765 371.0 0
1716294108263 372.0 0
1716294108790 373.0 0
1716294109284 374.0 0
1716294109786 375.0 0
1716294110294 376.0 0
1716294110791 377.0 0
1716294111291 378.0 0
1716294111794 379.0 0
1716294112294 380.0 0
1716294115941 381.0 0
1716294116455 382.0 0
1716294117065 383.0 0
1716294117634 384.0 0
1716294118149 385.0 0
1716294118654 386.0 0
1716294119150 387.0 0
1716294119646 388.0 0
1716294120152 389.0 0
1716294120661 390.0 0
1716294124952 391.0 0
1716294125450 392.0 0
1716294125963 393.0 0
1716294126479 394.0 0
1716294126995 395.0 0
1716294127495 396.0 0
1716294128012 397.0 0
1716294128517 398.0 0
1716294129033 399.0 0
1716294129546 400.0 0
1716294133940 401.0 0
1716294134436 402.0 0
1716294134967 403.0 0
1716294135461 404.0 0
1716294135986 405.0 0
1716294136513 406.0 0
1716294137036 407.0 0
1716294137537 408.0 0
1716294138038 409.0 0
1716294138568 410.0 0
1716294142888 411.0 0
1716294143373 412.0 0
1716294143881 413.0 0
1716294144376 414.0 0
1716294144887 415.0 0
1716294145389 416.0 0
1716294145891 417.0 0
1716294146391 418.0 0
1716294146892 419.0 0
1716294147408 420.0 0
1716294151637 421.0 0
1716294152152 422.0 0
1716294152693 423.0 0
1716294153191 424.0 0
1716294153701 425.0 0
1716294154201 426.0 0
1716294154698 427.0 0
1716294155200 428.0 0
1716294155717 429.0 0
1716294156229 430.0 0
1716294161473 431.0 0
1716294161978 432.0 0
1716294162506 433.0 0
1716294163006 434.0 0
1716294163524 435.0 0
1716294164029 436.0 0
1716294164554 437.0 0
1716294165089 438.0 0
1716294165600 439.0 0
1716294166126 440.0 0
1716294169962 441.0 0
1716294170348 442.0 0
1716294170868 443.0 0
1716294171391 444.0 0
1716294171937 445.0 0
1716294172464 446.0 0
1716294173017 447.0 0
1716294173532 448.0 0
1716294174077 449.0 0
1716294174602 450.0 0
1716294179537 451.0 0
1716294180080 452.0 0
1716294180683 453.0 0
1716294181229 454.0 0
1716294181772 455.0 0
1716294182305 456.0 0
1716294182855 457.0 0
1716294183400 458.0 0
1716294183941 459.0 0
1716294184496 460.0 0
1716294190325 461.0 0
1716294190843 462.0 0
1716294191379 463.0 0
1716294191908 464.0 0
1716294192438 465.0 0
1716294192971 466.0 0
1716294193520 467.0 0
1716294194172 468.0 0
1716294194822 469.0 0
1716294195364 470.0 0
1716294200348 471.0 0
1716294200884 472.0 0
1716294201400 473.0 0
1716294201918 474.0 0
1716294202444 475.0 0
1716294202956 476.0 0
1716294203464 477.0 0
1716294203984 478.0 0
1716294204490 479.0 0
1716294205003 480.0 0
1716294209846 481.0 0
1716294210427 482.0 0
1716294210960 483.0 0
1716294211496 484.0 0
1716294212053 485.0 0
1716294212604 486.0 0
1716294213130 487.0 0
1716294213644 488.0 0
1716294214151 489.0 0
1716294214669 490.0 0
1716294219453 491.0 0
1716294219998 492.0 0
1716294220507 493.0 0
1716294221018 494.0 0
1716294221531 495.0 0
1716294222034 496.0 0
1716294222536 497.0 0
1716294223058 498.0 0
1716294223594 499.0 0
1716294224102 500.0 0
1716294228117 501.0 0
1716294228620 502.0 0
1716294229136 503.0 0
1716294229643 504.0 0
1716294230142 505.0 0
1716294230655 506.0 0
1716294231173 507.0 0
1716294231661 508.0 0
1716294232173 509.0 0
1716294232689 510.0 0
1716294236818 511.0 0
1716294237349 512.0 0
1716294237871 513.0 0
1716294238383 514.0 0
1716294238891 515.0 0
1716294239403 516.0 0
1716294239900 517.0 0
1716294240421 518.0 0
1716294240925 519.0 0
1716294241428 520.0 0
1716294244966 521.0 0
1716294245465 522.0 0
1716294245970 523.0 0
1716294246470 524.0 0
1716294246991 525.0 0
1716294247499 526.0 0
1716294247997 527.0 0
1716294248490 528.0 0
1716294248990 529.0 0
1716294249484 530.0 0
1716294252968 531.0 0
1716294253487 532.0 0
1716294254003 533.0 0
1716294254508 534.0 0
1716294255028 535.0 0
1716294255532 536.0 0
1716294256030 537.0 0
1716294256523 538.0 0
1716294257032 539.0 0
1716294257534 540.0 0
1716294261230 541.0 0
1716294261723 542.0 0
1716294262225 543.0 0
1716294262736 544.0 0
1716294263238 545.0 0
1716294263734 546.0 0
1716294264243 547.0 0
1716294264753 548.0 0
1716294265251 549.0 0
1716294265750 550.0 0
1716294269050 551.0 0
1716294269537 552.0 0
1716294270046 553.0 0
1716294270552 554.0 0
1716294271062 555.0 0
1716294271557 556.0 0
1716294272059 557.0 0
1716294272556 558.0 0
1716294273056 559.0 0
1716294273552 560.0 0
1716294277826 561.0 0
1716294278322 562.0 0
1716294278841 563.0 0
1716294279343 564.0 0
1716294279845 565.0 0
1716294280346 566.0 0
1716294280858 567.0 0
1716294281366 568.0 0
1716294281863 569.0 0
1716294282356 570.0 0
1716294285691 571.0 0
1716294286180 572.0 0
1716294286691 573.0 0
1716294287195 574.0 0
1716294287712 575.0 0
1716294288214 576.0 0
1716294288709 577.0 0
1716294289207 578.0 0
1716294289711 579.0 0
1716294290206 580.0 0
1716294293619 581.0 0
1716294294137 582.0 0
1716294294650 583.0 0
1716294295165 584.0 0
1716294295668 585.0 0
1716294296170 586.0 0
1716294296668 587.0 0
1716294297164 588.0 0
1716294297666 589.0 0
1716294298159 590.0 0
1716294301515 591.0 0
1716294302021 592.0 0
1716294302533 593.0 0
1716294303035 594.0 0
1716294303549 595.0 0
1716294304041 596.0 0
1716294304548 597.0 0
1716294305059 598.0 0
1716294305564 599.0 0
1716294306058 600.0 0
1716294309407 601.0 0
1716294309919 602.0 0
1716294310423 603.0 0
1716294310930 604.0 0
1716294311434 605.0 0
1716294311934 606.0 0
1716294312436 607.0 0
1716294312930 608.0 0
1716294313442 609.0 0
1716294313934 610.0 0
1716294317009 611.0 0
1716294317495 612.0 0
1716294318010 613.0 0
1716294318516 614.0 0
1716294319028 615.0 0
1716294319540 616.0 0
1716294320053 617.0 0
1716294320559 618.0 0
1716294321071 619.0 0
1716294321573 620.0 0
1716294324971 621.0 0
1716294325465 622.0 0
1716294325976 623.0 0
1716294326480 624.0 0
1716294326991 625.0 0
1716294327492 626.0 0
1716294328007 627.0 0
1716294328504 628.0 0
1716294329004 629.0 0
1716294329496 630.0 0
1716294332773 631.0 0
1716294333265 632.0 0
1716294333787 633.0 0
1716294334284 634.0 0
1716294334784 635.0 0
1716294335286 636.0 0
1716294335794 637.0 0
1716294336302 638.0 0
1716294336809 639.0 0
1716294337312 640.0 0
1716294340547 641.0 0
1716294341063 642.0 0
1716294341568 643.0 0
1716294342072 644.0 0
1716294342571 645.0 0
1716294343078 646.0 0
1716294343584 647.0 0
1716294344081 648.0 0
1716294344590 649.0 0
1716294345101 650.0 0
1716294348136 651.0 0
1716294348631 652.0 0
1716294349138 653.0 0
1716294349645 654.0 0
1716294350152 655.0 0
1716294350652 656.0 0
1716294351160 657.0 0
1716294351658 658.0 0
1716294352162 659.0 0
1716294352662 660.0 0
1716294355939 661.0 0
1716294356430 662.0 0
1716294356947 663.0 0
1716294357460 664.0 0
1716294357965 665.0 0
1716294358465 666.0 0
1716294358968 667.0 0
1716294359462 668.0 0
1716294359979 669.0 0
1716294360499 670.0 0
1716294364740 671.0 0
1716294365238 672.0 0
1716294365759 673.0 0
1716294366275 674.0 0
1716294366791 675.0 0
1716294367295 676.0 0
1716294367807 677.0 0
1716294368307 678.0 0
1716294368804 679.0 0
1716294369307 680.0 0
1716294372779 681.0 0
1716294373290 682.0 0
1716294373808 683.0 0
1716294374313 684.0 0
1716294374805 685.0 0
1716294375295 686.0 0
1716294375812 687.0 0
1716294376330 688.0 0
1716294376844 689.0 0
1716294377345 690.0 0
1716294381049 691.0 0
1716294381547 692.0 0
1716294382056 693.0 0
1716294382584 694.0 0
1716294383093 695.0 0
1716294383589 696.0 0
1716294384103 697.0 0
1716294384625 698.0 0
1716294385131 699.0 0
1716294385646 700.0 0
1716294389196 701.0 0
1716294389691 702.0 0
1716294390193 703.0 0
1716294390713 704.0 0
1716294391234 705.0 0
1716294391753 706.0 0
1716294392274 707.0 0
1716294392769 708.0 0
1716294393281 709.0 0
1716294393802 710.0 0
1716294399010 711.0 0
1716294399531 712.0 0
1716294400040 713.0 0
1716294400537 714.0 0
1716294401058 715.0 0
1716294401581 716.0 0
1716294402100 717.0 0
1716294402627 718.0 0
1716294403145 719.0 0
1716294403661 720.0 0
1716294408546 721.0 0
1716294409060 722.0 0
1716294409574 723.0 0
1716294410089 724.0 0
1716294410608 725.0 0
1716294411109 726.0 0
1716294411622 727.0 0
1716294412119 728.0 0
1716294412622 729.0 0
1716294413165 730.0 0
1716294417862 731.0 0
1716294418380 732.0 0
1716294418898 733.0 0
1716294419419 734.0 0
1716294419924 735.0 0
1716294420458 736.0 0
1716294420966 737.0 0
1716294421484 738.0 0
1716294421990 739.0 0
1716294422505 740.0 0
1716294426786 741.0 0
1716294427288 742.0 0
1716294427806 743.0 0
1716294428320 744.0 0
1716294428833 745.0 0
1716294429341 746.0 0
1716294429853 747.0 0
1716294430356 748.0 0
1716294430866 749.0 0
1716294431383 750.0 0
1716294435788 751.0 0
1716294436296 752.0 0
1716294436796 753.0 0
1716294437313 754.0 0
1716294437836 755.0 0
1716294438331 756.0 0
1716294438830 757.0 0
1716294439333 758.0 0
1716294439829 759.0 0
1716294440353 760.0 0
1716294444441 761.0 0
1716294444937 762.0 0
1716294445451 763.0 0
1716294445957 764.0 0
1716294446460 765.0 0
1716294446965 766.0 0
1716294447480 767.0 0
1716294447984 768.0 0
1716294448491 769.0 0
1716294449000 770.0 0
1716294452843 771.0 0
1716294453344 772.0 0
1716294453886 773.0 0
1716294454398 774.0 0
1716294454896 775.0 0
1716294455394 776.0 0
1716294455899 777.0 0
1716294456405 778.0 0
1716294456909 779.0 0
1716294457416 780.0 0
1716294461099 781.0 0
1716294461615 782.0 0
1716294462126 783.0 0
1716294462652 784.0 0
1716294463159 785.0 0
1716294463666 786.0 0
1716294464173 787.0 0
1716294464673 788.0 0
1716294465180 789.0 0
1716294465686 790.0 0
1716294469405 791.0 0
1716294469904 792.0 0
1716294470416 793.0 0
1716294470935 794.0 0
1716294471457 795.0 0
1716294471956 796.0 0
1716294472457 797.0 0
1716294472955 798.0 0
1716294473468 799.0 0
1716294473959 800.0 0
1716294477431 801.0 0
1716294477930 802.0 0
1716294478452 803.0 0
1716294478961 804.0 0
1716294479458 805.0 0
1716294479963 806.0 0
1716294480467 807.0 0
1716294480957 808.0 0
1716294481468 809.0 0
1716294481967 810.0 0
1716294485445 811.0 0
1716294485944 812.0 0
1716294486469 813.0 0
1716294486978 814.0 0
1716294487493 815.0 0
1716294487994 816.0 0
1716294488505 817.0 0
1716294489012 818.0 0
1716294489519 819.0 0
1716294490021 820.0 0
1716294494517 821.0 0
1716294495001 822.0 0
1716294495523 823.0 0
1716294496032 824.0 0
1716294496537 825.0 0
1716294497032 826.0 0
1716294497535 827.0 0
1716294498037 828.0 0
1716294498551 829.0 0
1716294499057 830.0 0
1716294502660 831.0 0
1716294503183 832.0 0
1716294503699 833.0 0
1716294504217 834.0 0
1716294504727 835.0 0
1716294505234 836.0 0
1716294505750 837.0 0
1716294506254 838.0 0
1716294506762 839.0 0
1716294507265 840.0 0
1716294510786 841.0 0
1716294511276 842.0 0
1716294511781 843.0 0
1716294512323 844.0 0
1716294512843 845.0 0
1716294513371 846.0 0
1716294513885 847.0 0
1716294514401 848.0 0
1716294515001 849.0 0
1716294515513 850.0 0
1716294519806 851.0 0
1716294520314 852.0 0
1716294520847 853.0 0
1716294521350 854.0 0
1716294521856 855.0 0
1716294522358 856.0 0
1716294522875 857.0 0
1716294523373 858.0 0
1716294523888 859.0 0
1716294524415 860.0 0
1716294529496 861.0 0
1716294529996 862.0 0
1716294530519 863.0 0
1716294531078 864.0 0
1716294531652 865.0 0
1716294532217 866.0 0
1716294532770 867.0 0
1716294533299 868.0 0
1716294533843 869.0 0
1716294534376 870.0 0
1716294539852 871.0 0
1716294540369 872.0 0
1716294540936 873.0 0
1716294541486 874.0 0
1716294542029 875.0 0
1716294542569 876.0 0
1716294543079 877.0 0
1716294543597 878.0 0
1716294544117 879.0 0
1716294544658 880.0 0
1716294549671 881.0 0
1716294550182 882.0 0
1716294550692 883.0 0
1716294551208 884.0 0
1716294551776 885.0 0
1716294552285 886.0 0
1716294552791 887.0 0
1716294553304 888.0 0
1716294553817 889.0 0
1716294554323 890.0 0
1716294559105 891.0 0
1716294559616 892.0 0
1716294560158 893.0 0
1716294560682 894.0 0
1716294561179 895.0 0
1716294561700 896.0 0
1716294562238 897.0 0
1716294562772 898.0 0
1716294563326 899.0 0
1716294563885 900.0 0
1716294570161 901.0 0
1716294570660 902.0 0
1716294571177 903.0 0
1716294571677 904.0 0
1716294572198 905.0 0
1716294572732 906.0 0
1716294573279 907.0 0
1716294573837 908.0 0
1716294574405 909.0 0
1716294574979 910.0 0
1716294579622 911.0 0
1716294580144 912.0 0
1716294580656 913.0 0
1716294581181 914.0 0
1716294581738 915.0 0
1716294582298 916.0 0
1716294582907 917.0 0
1716294583521 918.0 0
1716294584170 919.0 0
1716294584838 920.0 0
1716294589908 921.0 0
1716294590410 922.0 0
1716294590930 923.0 0
1716294591457 924.0 0
1716294592001 925.0 0
1716294592555 926.0 0
1716294593124 927.0 0
1716294593697 928.0 0
1716294594297 929.0 0
1716294594913 930.0 0
1716294599988 931.0 0
1716294600497 932.0 0
1716294601027 933.0 0
1716294601563 934.0 0
1716294602117 935.0 0
1716294602675 936.0 0
1716294603266 937.0 0
1716294603857 938.0 0
1716294604485 939.0 0
1716294605135 940.0 0
1716294610270 941.0 0
1716294610804 942.0 0
1716294611332 943.0 0
1716294611850 944.0 0
1716294612383 945.0 0
1716294612927 946.0 0
1716294613496 947.0 0
1716294614082 948.0 0
1716294614690 949.0 0
1716294615311 950.0 0
1716294619641 951.0 0
1716294620129 952.0 0
1716294620647 953.0 0
1716294621183 954.0 0
1716294621727 955.0 0
1716294622293 956.0 0
1716294622870 957.0 0
1716294623461 958.0 0
1716294624085 959.0 0
1716294624718 960.0 0
1716294628984 961.0 0
1716294629471 962.0 0
1716294629993 963.0 0
1716294630517 964.0 0
1716294631061 965.0 0
1716294631609 966.0 0
1716294632176 967.0 0
1716294632757 968.0 0
1716294633352 969.0 0
1716294633962 970.0 0
1716294638129 971.0 0
1716294638654 972.0 0
1716294639187 973.0 0
1716294639709 974.0 0
1716294640243 975.0 0
1716294640821 976.0 0
1716294641408 977.0 0
1716294642029 978.0 0
1716294642662 979.0 0
1716294643325 980.0 0
1716294650103 981.0 0
1716294650599 982.0 0
1716294651104 983.0 0
1716294651615 984.0 0
1716294652129 985.0 0
1716294652648 986.0 0
1716294653205 987.0 0
1716294653773 988.0 0
1716294654335 989.0 0
1716294654906 990.0 0
1716294661774 991.0 0
1716294662262 992.0 0
1716294662800 993.0 0
1716294663293 994.0 0
1716294663826 995.0 0
1716294664362 996.0 0
1716294664900 997.0 0
1716294665481 998.0 0
1716294666085 999.0 0
1716294666714 1000.0 0
1716294672844 1001.0 0
1716294673362 1002.0 0
1716294673883 1003.0 0
1716294674417 1004.0 0
1716294674984 1005.0 0
1716294675549 1006.0 0
1716294676190 1007.0 0
1716294676778 1008.0 0
1716294677381 1009.0 0
1716294678032 1010.0 0
1716294683879 1011.0 0
1716294684365 1012.0 0
1716294684886 1013.0 0
1716294685392 1014.0 0
1716294685931 1015.0 0
1716294686472 1016.0 0
1716294687020 1017.0 0
1716294687576 1018.0 0
1716294688157 1019.0 0
1716294688745 1020.0 0
1716294693461 1021.0 0
1716294694032 1022.0 0
1716294694608 1023.0 0
1716294695136 1024.0 0
1716294695800 1025.0 0
1716294696394 1026.0 0
1716294697039 1027.0 0
1716294697704 1028.0 0
1716294698623 1029.0 0
1716294699408 1030.0 0
1716294705048 1031.0 0
1716294705539 1032.0 0
1716294706040 1033.0 0
1716294706532 1034.0 0
1716294707057 1035.0 0
1716294707560 1036.0 0
1716294708073 1037.0 0
1716294708586 1038.0 0
1716294709120 1039.0 0
1716294709677 1040.0 0
1716294714655 1041.0 0
1716294715148 1042.0 0
1716294715661 1043.0 0
1716294716151 1044.0 0
1716294716658 1045.0 0
1716294717168 1046.0 0
1716294717727 1047.0 0
1716294718271 1048.0 0
1716294718834 1049.0 0
1716294719412 1050.0 0
1716294724569 1051.0 0
1716294725119 1052.0 0
1716294725642 1053.0 0
1716294726165 1054.0 0
1716294726745 1055.0 0
1716294727434 1056.0 0
1716294728055 1057.0 0
1716294728702 1058.0 0
1716294729401 1059.0 0
1716294730127 1060.0 0
1716294736447 1061.0 0
1716294736948 1062.0 0
1716294737445 1063.0 0
1716294737934 1064.0 0
1716294738431 1065.0 0
1716294738955 1066.0 0
1716294739479 1067.0 0
1716294740023 1068.0 0
1716294740579 1069.0 0
1716294741138 1070.0 0
1716294745798 1071.0 0
1716294746295 1072.0 0
1716294746798 1073.0 0
1716294747308 1074.0 0
1716294747818 1075.0 0
1716294748341 1076.0 0
1716294748885 1077.0 0
1716294749436 1078.0 0
1716294749994 1079.0 0
1716294750567 1080.0 0
1716294754677 1081.0 0
1716294755168 1082.0 0
1716294755680 1083.0 0
1716294756191 1084.0 0
1716294756727 1085.0 0
1716294757256 1086.0 0
1716294757831 1087.0 0
1716294758390 1088.0 0
1716294758966 1089.0 0
1716294759555 1090.0 0
1716294764236 1091.0 0
1716294764777 1092.0 0
1716294765292 1093.0 0
1716294765789 1094.0 0
1716294766317 1095.0 0
1716294766830 1096.0 0
1716294767432 1097.0 0
1716294768044 1098.0 0
1716294768639 1099.0 0
1716294769230 1100.0 0
1716294775301 1101.0 0
1716294775823 1102.0 0
1716294776335 1103.0 0
1716294776871 1104.0 0
1716294777405 1105.0 0
1716294777963 1106.0 0
1716294778535 1107.0 0
1716294779118 1108.0 0
1716294779723 1109.0 0
1716294780334 1110.0 0
1716294786544 1111.0 0
1716294787038 1112.0 0
1716294787552 1113.0 0
1716294788063 1114.0 0
1716294788587 1115.0 0
1716294789158 1116.0 0
1716294789755 1117.0 0
1716294790369 1118.0 0
1716294791007 1119.0 0
1716294791734 1120.0 0
1716294797395 1121.0 0
1716294797894 1122.0 0
1716294798394 1123.0 0
1716294798881 1124.0 0
1716294799384 1125.0 0
1716294799906 1126.0 0
1716294800437 1127.0 0
1716294800965 1128.0 0
1716294801514 1129.0 0
1716294802080 1130.0 0
1716294806474 1131.0 0
1716294806966 1132.0 0
1716294807456 1133.0 0
1716294807990 1134.0 0
1716294808520 1135.0 0
1716294809059 1136.0 0
1716294809611 1137.0 0
1716294810174 1138.0 0
1716294810757 1139.0 0
1716294811344 1140.0 0
1716294818839 1141.0 0
1716294819352 1142.0 0
1716294819880 1143.0 0
1716294820375 1144.0 0
1716294820888 1145.0 0
1716294821400 1146.0 0
1716294822007 1147.0 0
1716294822653 1148.0 0
1716294823250 1149.0 0
1716294823850 1150.0 0
1716294829960 1151.0 0
1716294830484 1152.0 0
1716294830988 1153.0 0
1716294831494 1154.0 0
1716294832013 1155.0 0
1716294832540 1156.0 0
1716294833096 1157.0 0
1716294833661 1158.0 0
1716294834297 1159.0 0
1716294834970 1160.0 0
1716294841730 1161.0 0
1716294842271 1162.0 0
1716294842807 1163.0 0
1716294843316 1164.0 0
1716294843847 1165.0 0
1716294844427 1166.0 0
1716294845036 1167.0 0
1716294845679 1168.0 0
1716294846344 1169.0 0
1716294847101 1170.0 0
1716294853690 1171.0 0
1716294854178 1172.0 0
1716294854689 1173.0 0
1716294855207 1174.0 0
1716294855735 1175.0 0
1716294856281 1176.0 0
1716294856844 1177.0 0
1716294857412 1178.0 0
1716294858001 1179.0 0
1716294858645 1180.0 0
1716294865353 1181.0 0
1716294865851 1182.0 0
1716294866346 1183.0 0
1716294866834 1184.0 0
1716294867365 1185.0 0
1716294867899 1186.0 0
1716294868454 1187.0 0
1716294869017 1188.0 0
1716294869626 1189.0 0
1716294870271 1190.0 0
1716294876638 1191.0 0
1716294877142 1192.0 0
1716294877661 1193.0 0
1716294878183 1194.0 0
1716294878724 1195.0 0
1716294879275 1196.0 0
1716294879848 1197.0 0
1716294880441 1198.0 0
1716294881102 1199.0 0
1716294881779 1200.0 0
1716294888987 1201.0 0
1716294889534 1202.0 0
1716294890043 1203.0 0
1716294890567 1204.0 0
1716294891142 1205.0 0
1716294891706 1206.0 0
1716294892298 1207.0 0
1716294892899 1208.0 0
1716294893540 1209.0 0
1716294894251 1210.0 0
1716294900531 1211.0 0
1716294901026 1212.0 0
1716294901543 1213.0 0
1716294902064 1214.0 0
1716294902609 1215.0 0
1716294903173 1216.0 0
1716294903741 1217.0 0
1716294904321 1218.0 0
1716294904921 1219.0 0
1716294905552 1220.0 0
1716294911836 1221.0 0
1716294912355 1222.0 0
1716294912870 1223.0 0
1716294913407 1224.0 0
1716294913954 1225.0 0
1716294914519 1226.0 0
1716294915104 1227.0 0
1716294915700 1228.0 0
1716294916341 1229.0 0
1716294917040 1230.0 0
1716294923061 1231.0 0
1716294923556 1232.0 0
1716294924080 1233.0 0
1716294924607 1234.0 0
1716294925144 1235.0 0
1716294925705 1236.0 0
1716294926281 1237.0 0
1716294926875 1238.0 0
1716294927498 1239.0 0
1716294928160 1240.0 0
1716294933345 1241.0 0
1716294933838 1242.0 0
1716294934350 1243.0 0
1716294934891 1244.0 0
1716294935464 1245.0 0
1716294936040 1246.0 0
1716294936653 1247.0 0
1716294937263 1248.0 0
1716294937888 1249.0 0
1716294938558 1250.0 0
1716294944852 1251.0 0
1716294945364 1252.0 0
1716294945881 1253.0 0
1716294946412 1254.0 0
1716294946961 1255.0 0
1716294947540 1256.0 0
1716294948146 1257.0 0
1716294948728 1258.0 0
1716294949361 1259.0 0
1716294950026 1260.0 0
1716294956264 1261.0 0
1716294956774 1262.0 0
1716294957309 1263.0 0
1716294957845 1264.0 0
1716294958401 1265.0 0
1716294958971 1266.0 0
1716294959560 1267.0 0
1716294960170 1268.0 0
1716294960808 1269.0 0
1716294961471 1270.0 0
1716294967837 1271.0 0
1716294968340 1272.0 0
1716294968962 1273.0 0
1716294969543 1274.0 0
1716294970257 1275.0 0
1716294971087 1276.0 0
1716294971899 1277.0 0
1716294972619 1278.0 0
1716294973343 1279.0 0
1716294974130 1280.0 0
1716294980538 1281.0 0
1716294981038 1282.0 0
1716294981558 1283.0 0
1716294982083 1284.0 0
1716294982668 1285.0 0
1716294983245 1286.0 0
1716294983877 1287.0 0
1716294984525 1288.0 0
1716294985192 1289.0 0
1716294985998 1290.0 0
1716294993051 1291.0 0
1716294993557 1292.0 0
1716294994087 1293.0 0
1716294994621 1294.0 0
1716294995164 1295.0 0
1716294995734 1296.0 0
1716294996301 1297.0 0
1716294996885 1298.0 0
1716294997491 1299.0 0
1716294998117 1300.0 0
1716295003614 1301.0 0
1716295004118 1302.0 0
1716295004645 1303.0 0
1716295005188 1304.0 0
1716295005745 1305.0 0
1716295006326 1306.0 0
1716295006962 1307.0 0
1716295007630 1308.0 0
1716295008368 1309.0 0
1716295009194 1310.0 0
1716295015071 1311.0 0
1716295015570 1312.0 0
1716295016114 1313.0 0
1716295016647 1314.0 0
1716295017208 1315.0 0
1716295017766 1316.0 0
1716295018342 1317.0 0
1716295018945 1318.0 0
1716295019599 1319.0 0
1716295020290 1320.0 0
1716295026153 1321.0 0
1716295026662 1322.0 0
1716295027181 1323.0 0
1716295027714 1324.0 0
1716295028295 1325.0 0
1716295028861 1326.0 0
1716295029447 1327.0 0
1716295030060 1328.0 0
1716295030709 1329.0 0
1716295031383 1330.0 0
1716295037621 1331.0 0
1716295038115 1332.0 0
1716295038640 1333.0 0
1716295039186 1334.0 0
1716295039732 1335.0 0
1716295040311 1336.0 0
1716295040915 1337.0 0
1716295041521 1338.0 0
1716295042328 1339.0 0
1716295043120 1340.0 0
1716295049384 1341.0 0
1716295049887 1342.0 0
1716295050406 1343.0 0
1716295051016 1344.0 0
1716295051632 1345.0 0
1716295052183 1346.0 0
1716295052755 1347.0 0
1716295053356 1348.0 0
1716295053988 1349.0 0
1716295054675 1350.0 0
1716295059664 1351.0 0
1716295060166 1352.0 0
1716295060683 1353.0 0
1716295061222 1354.0 0
1716295061780 1355.0 0
1716295062360 1356.0 0
1716295062947 1357.0 0
1716295063546 1358.0 0
1716295064173 1359.0 0
1716295064820 1360.0 0
1716295069881 1361.0 0
1716295070410 1362.0 0
1716295070933 1363.0 0
1716295071476 1364.0 0
1716295072023 1365.0 0
1716295072611 1366.0 0
1716295073207 1367.0 0
1716295073816 1368.0 0
1716295074464 1369.0 0
1716295075138 1370.0 0
1716295080268 1371.0 0
1716295080773 1372.0 0
1716295081297 1373.0 0
1716295081822 1374.0 0
1716295082365 1375.0 0
1716295082926 1376.0 0
1716295083514 1377.0 0
1716295084107 1378.0 0
1716295084736 1379.0 0
1716295085386 1380.0 0
1716295091090 1381.0 0
1716295091629 1382.0 0
1716295092149 1383.0 0
1716295092663 1384.0 0
1716295093230 1385.0 0
1716295093788 1386.0 0
1716295094414 1387.0 0
1716295095069 1388.0 0
1716295095798 1389.0 0
1716295096646 1390.0 0
1716295102572 1391.0 0
1716295103072 1392.0 0
1716295103581 1393.0 0
1716295104113 1394.0 0
1716295104670 1395.0 0
1716295105233 1396.0 0
1716295105822 1397.0 0
1716295106416 1398.0 0
1716295107037 1399.0 0
1716295107684 1400.0 0
1716295112373 1401.0 0
1716295112876 1402.0 0
1716295113393 1403.0 0
1716295113947 1404.0 0
1716295114502 1405.0 0
1716295115082 1406.0 0
1716295115691 1407.0 0
1716295116336 1408.0 0
1716295117018 1409.0 0
1716295117789 1410.0 0
1716295123684 1411.0 0
1716295124196 1412.0 0
1716295124714 1413.0 0
1716295125248 1414.0 0
1716295125796 1415.0 0
1716295126358 1416.0 0
1716295126931 1417.0 0
1716295127522 1418.0 0
1716295128148 1419.0 0
1716295128777 1420.0 0
1716295134740 1421.0 0
1716295135232 1422.0 0
1716295135747 1423.0 0
1716295136274 1424.0 0
1716295136816 1425.0 0
1716295137372 1426.0 0
1716295137948 1427.0 0
1716295138543 1428.0 0
1716295139208 1429.0 0
1716295139831 1430.0 0
1716295150440 1431.0 0
1716295150943 1432.0 0
1716295151463 1433.0 0
1716295151988 1434.0 0
1716295152526 1435.0 0
1716295153086 1436.0 0
1716295153680 1437.0 0
1716295154278 1438.0 0
1716295154922 1439.0 0
1716295155606 1440.0 0
1716295162078 1441.0 0
1716295162576 1442.0 0
1716295163090 1443.0 0
1716295163617 1444.0 0
1716295164166 1445.0 0
1716295164738 1446.0 0
1716295165325 1447.0 0
1716295165927 1448.0 0
1716295166562 1449.0 0
1716295167235 1450.0 0
1716295172478 1451.0 0
1716295172973 1452.0 0
1716295173511 1453.0 0
1716295174049 1454.0 0
1716295174587 1455.0 0
1716295175142 1456.0 0
1716295175717 1457.0 0
1716295176302 1458.0 0
1716295176924 1459.0 0
1716295177570 1460.0 0
1716295183023 1461.0 0
1716295183545 1462.0 0
1716295184056 1463.0 0
1716295184587 1464.0 0
1716295185134 1465.0 0
1716295185692 1466.0 0
1716295186278 1467.0 0
1716295186877 1468.0 0
1716295187494 1469.0 0
1716295188122 1470.0 0
1716295193374 1471.0 0
1716295193867 1472.0 0
1716295194400 1473.0 0
1716295194944 1474.0 0
1716295195500 1475.0 0
1716295196076 1476.0 0
1716295196670 1477.0 0
1716295197283 1478.0 0
1716295197933 1479.0 0
1716295198611 1480.0 0
1716295204045 1481.0 0
1716295204541 1482.0 0
1716295205052 1483.0 0
1716295205598 1484.0 0
1716295206156 1485.0 0
1716295206756 1486.0 0
1716295207358 1487.0 0
1716295207975 1488.0 0
1716295208645 1489.0 0
1716295209359 1490.0 0
1716295216428 1491.0 0
1716295216976 1492.0 0
1716295217539 1493.0 0
1716295218078 1494.0 0
1716295218646 1495.0 0
1716295219217 1496.0 0
1716295219819 1497.0 0
1716295220441 1498.0 0
1716295221271 1499.0 0
1716295222209 1500.0 0
1716295229044 1501.0 0
1716295229533 1502.0 0
1716295230046 1503.0 0
1716295230552 1504.0 0
1716295231066 1505.0 0
1716295231594 1506.0 0
1716295232145 1507.0 0
1716295232710 1508.0 0
1716295233307 1509.0 0
1716295233919 1510.0 0
1716295238775 1511.0 0
1716295239273 1512.0 0
1716295239773 1513.0 0
1716295240292 1514.0 0
1716295240832 1515.0 0
1716295241377 1516.0 0
1716295241952 1517.0 0
1716295242545 1518.0 0
1716295243173 1519.0 0
1716295243834 1520.0 0
1716295248747 1521.0 0
1716295249250 1522.0 0
1716295249754 1523.0 0
1716295250277 1524.0 0
1716295250814 1525.0 0
1716295251373 1526.0 0
1716295251994 1527.0 0
1716295252669 1528.0 0
1716295253422 1529.0 0
1716295254385 1530.0 0
1716295261197 1531.0 0
1716295261710 1532.0 0
1716295262292 1533.0 0
1716295262852 1534.0 0
1716295263446 1535.0 0
1716295264060 1536.0 0
1716295264685 1537.0 0
1716295265347 1538.0 0
1716295266079 1539.0 0
1716295266912 1540.0 0
1716295273498 1541.0 0
1716295274012 1542.0 0
1716295274534 1543.0 0
1716295275066 1544.0 0
1716295275628 1545.0 0
1716295276191 1546.0 0
1716295276777 1547.0 0
1716295277399 1548.0 0
1716295278054 1549.0 0
1716295278722 1550.0 0
1716295285699 1551.0 0
1716295286203 1552.0 0
1716295286759 1553.0 0
1716295287297 1554.0 0
1716295287963 1555.0 0
1716295288677 1556.0 0
1716295289441 1557.0 0
1716295290330 1558.0 0
1716295291198 1559.0 0
1716295292051 1560.0 0
1716295299406 1561.0 0
1716295299917 1562.0 0
1716295300455 1563.0 0
1716295300990 1564.0 0
1716295301539 1565.0 0
1716295302111 1566.0 0
1716295302707 1567.0 0
1716295303333 1568.0 0
1716295304019 1569.0 0
1716295304786 1570.0 0
1716295311656 1571.0 0
1716295312197 1572.0 0
1716295312710 1573.0 0
1716295313248 1574.0 0
1716295313794 1575.0 0
1716295314375 1576.0 0
1716295314962 1577.0 0
1716295315592 1578.0 0
1716295316245 1579.0 0
1716295316943 1580.0 0
1716295323096 1581.0 0
1716295323595 1582.0 0
1716295324137 1583.0 0
1716295324670 1584.0 0
1716295325224 1585.0 0
1716295325784 1586.0 0
1716295326378 1587.0 0
1716295327001 1588.0 0
1716295327650 1589.0 0
1716295328325 1590.0 0
1716295333429 1591.0 0
1716295333923 1592.0 0
1716295334442 1593.0 0
1716295334980 1594.0 0
1716295335550 1595.0 0
1716295336108 1596.0 0
1716295336679 1597.0 0
1716295337288 1598.0 0
1716295337954 1599.0 0
1716295338640 1600.0 0
1716295344323 1601.0 0
1716295344822 1602.0 0
1716295345355 1603.0 0
1716295345903 1604.0 0
1716295346466 1605.0 0
1716295347055 1606.0 0
1716295347661 1607.0 0
1716295348299 1608.0 0
1716295348976 1609.0 0
1716295349707 1610.0 0
1716295355375 1611.0 0
1716295355882 1612.0 0
1716295356409 1613.0 0
1716295356957 1614.0 0
1716295357513 1615.0 0
1716295358092 1616.0 0
1716295358700 1617.0 0
1716295359337 1618.0 0
1716295360021 1619.0 0
1716295360759 1620.0 0
1716295366170 1621.0 0
1716295366675 1622.0 0
1716295367195 1623.0 0
1716295367725 1624.0 0
1716295368308 1625.0 0
1716295368888 1626.0 0
1716295369489 1627.0 0
1716295370122 1628.0 0
1716295370807 1629.0 0
1716295371572 1630.0 0
1716295376961 1631.0 0
1716295377459 1632.0 0
1716295377980 1633.0 0
1716295378534 1634.0 0
1716295379109 1635.0 0
1716295379699 1636.0 0
1716295380307 1637.0 0
1716295380944 1638.0 0
1716295381634 1639.0 0
1716295382363 1640.0 0
1716295387108 1641.0 0
1716295387600 1642.0 0
1716295388139 1643.0 0
1716295388685 1644.0 0
1716295389257 1645.0 0
1716295389837 1646.0 0
1716295390440 1647.0 0
1716295391075 1648.0 0
1716295391767 1649.0 0
1716295392509 1650.0 0
1716295398612 1651.0 0
1716295399118 1652.0 0
1716295399647 1653.0 0
1716295400182 1654.0 0
1716295400723 1655.0 0
1716295401311 1656.0 0
1716295401903 1657.0 0
1716295402513 1658.0 0
1716295403164 1659.0 0
1716295403825 1660.0 0
1716295408815 1661.0 0
1716295409344 1662.0 0
1716295409866 1663.0 0
1716295410406 1664.0 0
1716295410961 1665.0 0
1716295411530 1666.0 0
1716295412124 1667.0 0
1716295412756 1668.0 0
1716295413415 1669.0 0
1716295414100 1670.0 0
1716295420846 1671.0 0
1716295421447 1672.0 0
1716295422046 1673.0 0
1716295422562 1674.0 0
1716295423119 1675.0 0
1716295423752 1676.0 0
1716295424412 1677.0 0
1716295425162 1678.0 0
1716295425931 1679.0 0
1716295426815 1680.0 0
1716295433559 1681.0 0
1716295434074 1682.0 0
1716295434574 1683.0 0
1716295435078 1684.0 0
1716295435809 1685.0 0
1716295436363 1686.0 0
1716295436948 1687.0 0
1716295437679 1688.0 0
1716295438360 1689.0 0
1716295439091 1690.0 0
1716295445573 1691.0 0
1716295446137 1692.0 0
1716295446652 1693.0 0
1716295447187 1694.0 0
1716295447739 1695.0 0
1716295448324 1696.0 0
1716295448937 1697.0 0
1716295449624 1698.0 0
1716295450419 1699.0 0
1716295451380 1700.0 0
1716295457801 1701.0 0
1716295458299 1702.0 0
1716295458809 1703.0 0
1716295459334 1704.0 0
1716295459858 1705.0 0
1716295460402 1706.0 0
1716295460962 1707.0 0
1716295461535 1708.0 0
1716295462151 1709.0 0
1716295462807 1710.0 0
1716295468172 1711.0 0
1716295468678 1712.0 0
1716295469178 1713.0 0
1716295469693 1714.0 0
1716295470241 1715.0 0
1716295470796 1716.0 0
1716295471363 1717.0 0
1716295471964 1718.0 0
1716295472595 1719.0 0
1716295473243 1720.0 0
1716295479352 1721.0 0
1716295479851 1722.0 0
1716295480465 1723.0 0
1716295481056 1724.0 0
1716295481640 1725.0 0
1716295482245 1726.0 0
1716295482967 1727.0 0
1716295483785 1728.0 0
1716295484637 1729.0 0
1716295485700 1730.0 0
1716295491691 1731.0 0
1716295492194 1732.0 0
1716295492723 1733.0 0
1716295493258 1734.0 0
1716295493802 1735.0 0
1716295494370 1736.0 0
1716295494968 1737.0 0
1716295495582 1738.0 0
1716295496227 1739.0 0
1716295496902 1740.0 0
1716295502390 1741.0 0
1716295502898 1742.0 0
1716295503417 1743.0 0
1716295503955 1744.0 0
1716295504510 1745.0 0
1716295505082 1746.0 0
1716295505682 1747.0 0
1716295506300 1748.0 0
1716295506954 1749.0 0
1716295507659 1750.0 0
1716295513014 1751.0 0
1716295513527 1752.0 0
1716295514060 1753.0 0
1716295514614 1754.0 0
1716295515172 1755.0 0
1716295515740 1756.0 0
1716295516336 1757.0 0
1716295516966 1758.0 0
1716295517637 1759.0 0
1716295518339 1760.0 0
1716295523465 1761.0 0
1716295523986 1762.0 0
1716295524502 1763.0 0
1716295525038 1764.0 0
1716295525593 1765.0 0
1716295526164 1766.0 0
1716295526763 1767.0 0
1716295527399 1768.0 0
1716295528051 1769.0 0
1716295528730 1770.0 0
1716295533225 1771.0 0
1716295533729 1772.0 0
1716295534261 1773.0 0
1716295534804 1774.0 0
1716295535370 1775.0 0
1716295535948 1776.0 0
1716295536556 1777.0 0
1716295537194 1778.0 0
1716295537874 1779.0 0
1716295538567 1780.0 0
1716295543070 1781.0 0
1716295543566 1782.0 0
1716295544095 1783.0 0
1716295544645 1784.0 0
1716295545205 1785.0 0
1716295545775 1786.0 0
1716295546376 1787.0 0
1716295547011 1788.0 0
1716295547691 1789.0 0
1716295548413 1790.0 0
1716295553622 1791.0 0
1716295554120 1792.0 0
1716295554637 1793.0 0
1716295555163 1794.0 0
1716295555720 1795.0 0
1716295556355 1796.0 0
1716295556954 1797.0 0
1716295557593 1798.0 0
1716295558273 1799.0 0
1716295559043 1800.0 0
1716295577308 1801.0 0
1716295577830 1802.0 0
1716295578408 1803.0 0
1716295578921 1804.0 0
1716295579491 1805.0 0
1716295580055 1806.0 0
1716295580638 1807.0 0
1716295581239 1808.0 0
1716295581886 1809.0 0
1716295582593 1810.0 0
1716295588906 1811.0 0
1716295589426 1812.0 0
1716295589983 1813.0 0
1716295590513 1814.0 0
1716295591065 1815.0 0
1716295591645 1816.0 0
1716295592225 1817.0 0
1716295592848 1818.0 0
1716295593499 1819.0 0
1716295594165 1820.0 0
1716295599684 1821.0 0
1716295600198 1822.0 0
1716295600729 1823.0 0
1716295601277 1824.0 0
1716295601843 1825.0 0
1716295602434 1826.0 0
1716295603081 1827.0 0
1716295603701 1828.0 0
1716295604388 1829.0 0
1716295605093 1830.0 0
1716295612581 1831.0 0
1716295613097 1832.0 0
1716295613611 1833.0 0
1716295614197 1834.0 0
1716295614763 1835.0 0
1716295615341 1836.0 0
1716295615989 1837.0 0
1716295616654 1838.0 0
1716295617390 1839.0 0
1716295618263 1840.0 0
1716295625330 1841.0 0
1716295625837 1842.0 0
1716295626361 1843.0 0
1716295626906 1844.0 0
1716295627451 1845.0 0
1716295628019 1846.0 0
1716295628605 1847.0 0
1716295629219 1848.0 0
1716295629901 1849.0 0
1716295630571 1850.0 0
1716295637120 1851.0 0
1716295637633 1852.0 0
1716295638145 1853.0 0
1716295638697 1854.0 0
1716295639256 1855.0 0
1716295639841 1856.0 0
1716295640464 1857.0 0
1716295641124 1858.0 0
1716295641800 1859.0 0
1716295642577 1860.0 0
1716295649738 1861.0 0
1716295650259 1862.0 0
1716295650813 1863.0 0
1716295651368 1864.0 0
1716295651948 1865.0 0
1716295652551 1866.0 0
1716295653179 1867.0 0
1716295653864 1868.0 0
1716295654624 1869.0 0
1716295655501 1870.0 0
1716295662549 1871.0 0
1716295663113 1872.0 0
1716295663651 1873.0 0
1716295664200 1874.0 0
1716295664876 1875.0 0
1716295665580 1876.0 0
1716295666778 1877.0 0
1716295667608 1878.0 0
1716295668457 1879.0 0
1716295669389 1880.0 0
1716295676239 1881.0 0
1716295676741 1882.0 0
1716295677265 1883.0 0
1716295677818 1884.0 0
1716295678399 1885.0 0
1716295678997 1886.0 0
1716295679643 1887.0 0
1716295680315 1888.0 0
1716295681062 1889.0 0
1716295681921 1890.0 0
1716295689877 1891.0 0
1716295690366 1892.0 0
1716295690901 1893.0 0
1716295691439 1894.0 0
1716295692004 1895.0 0
1716295692592 1896.0 0
1716295693192 1897.0 0
1716295693853 1898.0 0
1716295694543 1899.0 0
1716295695332 1900.0 0
1716295701994 1901.0 0
1716295702504 1902.0 0
1716295703037 1903.0 0
1716295703573 1904.0 0
1716295704150 1905.0 0
1716295704730 1906.0 0
1716295705343 1907.0 0
1716295705989 1908.0 0
1716295706722 1909.0 0
1716295707457 1910.0 0
1716295714056 1911.0 0
1716295714560 1912.0 0
1716295715105 1913.0 0
1716295715631 1914.0 0
1716295716207 1915.0 0
1716295716926 1916.0 0
1716295717665 1917.0 0
1716295718994 1918.0 0
1716295720009 1919.0 0
1716295721097 1920.0 0
1716295727657 1921.0 0
1716295728171 1922.0 0
1716295728712 1923.0 0
1716295729271 1924.0 0
1716295729854 1925.0 0
1716295730491 1926.0 0
1716295731485 1927.0 0
1716295732312 1928.0 0
1716295733226 1929.0 0
1716295734416 1930.0 0
1716295740704 1931.0 0
1716295741260 1932.0 0
1716295741791 1933.0 0
1716295742359 1934.0 0
1716295742930 1935.0 0
1716295743564 1936.0 0
1716295744265 1937.0 0
1716295745119 1938.0 0
1716295746131 1939.0 0
1716295747604 1940.0 0
1716295754633 1941.0 0
1716295755150 1942.0 0
1716295755778 1943.0 0
1716295756358 1944.0 0
1716295756932 1945.0 0
1716295757564 1946.0 0
1716295758254 1947.0 0
1716295758952 1948.0 0
1716295759868 1949.0 0
1716295760858 1950.0 0
1716295767717 1951.0 0
1716295768237 1952.0 0
1716295768769 1953.0 0
1716295769333 1954.0 0
1716295769910 1955.0 0
1716295770522 1956.0 0
1716295771199 1957.0 0
1716295771933 1958.0 0
1716295772916 1959.0 0
1716295774108 1960.0 0
1716295781164 1961.0 0
1716295781683 1962.0 0
1716295782205 1963.0 0
1716295782748 1964.0 0
1716295783315 1965.0 0
1716295783892 1966.0 0
1716295784498 1967.0 0
1716295785150 1968.0 0
1716295785853 1969.0 0
1716295786647 1970.0 0
1716295793314 1971.0 0
1716295793825 1972.0 0
1716295794344 1973.0 0
1716295794900 1974.0 0
1716295795458 1975.0 0
1716295796034 1976.0 0
1716295796641 1977.0 0
1716295797286 1978.0 0
1716295797979 1979.0 0
1716295798746 1980.0 0
1716295804502 1981.0 0
1716295805007 1982.0 0
1716295805528 1983.0 0
1716295806078 1984.0 0
1716295806635 1985.0 0
1716295807216 1986.0 0
1716295807823 1987.0 0
1716295808461 1988.0 0
1716295809138 1989.0 0
1716295809871 1990.0 0
1716295815794 1991.0 0
1716295816298 1992.0 0
1716295816823 1993.0 0
1716295817353 1994.0 0
1716295817902 1995.0 0
1716295818481 1996.0 0
1716295819099 1997.0 0
1716295819774 1998.0 0
1716295820525 1999.0 0
1716295821446 2000.0 0
1716295827270 2001.0 0
1716295827775 2002.0 0
1716295828288 2003.0 0
1716295828837 2004.0 0
1716295829426 2005.0 0
1716295830024 2006.0 0
1716295830656 2007.0 0
1716295831359 2008.0 0
1716295832181 2009.0 0
1716295833530 2010.0 0
1716295840111 2011.0 0
1716295840627 2012.0 0
1716295841165 2013.0 0
1716295841698 2014.0 0
1716295842274 2015.0 0
1716295842878 2016.0 0
1716295843503 2017.0 0
1716295844226 2018.0 0
1716295844977 2019.0 0
1716295845880 2020.0 0
1716295852741 2021.0 0
1716295853268 2022.0 0
1716295853803 2023.0 0
1716295854350 2024.0 0
1716295854946 2025.0 0
1716295855547 2026.0 0
1716295856170 2027.0 0
1716295856868 2028.0 0
1716295857630 2029.0 0
1716295858710 2030.0 0
1716295865577 2031.0 0
1716295866074 2032.0 0
1716295866603 2033.0 0
1716295867140 2034.0 0
1716295867696 2035.0 0
1716295868271 2036.0 0
1716295868874 2037.0 0
1716295869507 2038.0 0
1716295870198 2039.0 0
1716295870964 2040.0 0
1716295876972 2041.0 0
1716295877472 2042.0 0
1716295878003 2043.0 0
1716295878542 2044.0 0
1716295879100 2045.0 0
1716295879672 2046.0 0
1716295880268 2047.0 0
1716295880897 2048.0 0
1716295881571 2049.0 0
1716295882269 2050.0 0
1716295887531 2051.0 0
1716295888039 2052.0 0
1716295888569 2053.0 0
1716295889111 2054.0 0
1716295889702 2055.0 0
1716295890278 2056.0 0
1716295890893 2057.0 0
1716295891529 2058.0 0
1716295892206 2059.0 0
1716295892963 2060.0 0
1716295898306 2061.0 0
1716295898803 2062.0 0
1716295899335 2063.0 0
1716295899867 2064.0 0
1716295900432 2065.0 0
1716295901025 2066.0 0
1716295901633 2067.0 0
1716295902287 2068.0 0
1716295902979 2069.0 0
1716295903722 2070.0 0
1716295909433 2071.0 0
1716295909943 2072.0 0
1716295910493 2073.0 0
1716295911063 2074.0 0
1716295911675 2075.0 0
1716295912277 2076.0 0
1716295912931 2077.0 0
1716295913686 2078.0 0
1716295914802 2079.0 0
1716295916186 2080.0 0
1716295923589 2081.0 0
1716295924118 2082.0 0
1716295924650 2083.0 0
1716295925177 2084.0 0
1716295925769 2085.0 0
1716295926363 2086.0 0
1716295926996 2087.0 0
1716295927683 2088.0 0
1716295928527 2089.0 0
1716295929785 2090.0 0
1716295936726 2091.0 0
1716295937222 2092.0 0
1716295937761 2093.0 0
1716295938323 2094.0 0
1716295938878 2095.0 0
1716295939426 2096.0 0
1716295940016 2097.0 0
1716295940657 2098.0 0
1716295941335 2099.0 0
1716295942087 2100.0 0
1716295948582 2101.0 0
1716295949123 2102.0 0
1716295949658 2103.0 0
1716295950197 2104.0 0
1716295950776 2105.0 0
1716295951356 2106.0 0
1716295951984 2107.0 0
1716295952657 2108.0 0
1716295953396 2109.0 0
1716295954213 2110.0 0
1716295960053 2111.0 0
1716295960567 2112.0 0
1716295961098 2113.0 0
1716295961667 2114.0 0
1716295962234 2115.0 0
1716295962827 2116.0 0
1716295963442 2117.0 0
1716295964135 2118.0 0
1716295964885 2119.0 0
1716295965705 2120.0 0
1716295972895 2121.0 0
1716295973427 2122.0 0
1716295973964 2123.0 0
1716295974515 2124.0 0
1716295975112 2125.0 0
1716295975770 2126.0 0
1716295976426 2127.0 0
1716295977154 2128.0 0
1716295978074 2129.0 0
1716295979674 2130.0 0
1716295985613 2131.0 0
1716295986125 2132.0 0
1716295986648 2133.0 0
1716295987184 2134.0 0
1716295987739 2135.0 0
1716295988323 2136.0 0
1716295988927 2137.0 0
1716295989571 2138.0 0
1716295990295 2139.0 0
1716295991136 2140.0 0
1716295996865 2141.0 0
1716295997401 2142.0 0
1716295997915 2143.0 0
1716295998446 2144.0 0
1716295999018 2145.0 0
1716295999601 2146.0 0
1716296000206 2147.0 0
1716296000852 2148.0 0
1716296001534 2149.0 0
1716296002249 2150.0 0
1716296008973 2151.0 0
1716296009593 2152.0 0
1716296010185 2153.0 0
1716296011020 2154.0 0
1716296011829 2155.0 0
1716296012861 2156.0 0
1716296013723 2157.0 0
1716296014510 2158.0 0
1716296015516 2159.0 0
1716296016694 2160.0 0
1716296024056 2161.0 0
1716296024565 2162.0 0
1716296025079 2163.0 0
1716296025613 2164.0 0
1716296026182 2165.0 0
1716296026752 2166.0 0
1716296027377 2167.0 0
1716296028018 2168.0 0
1716296028716 2169.0 0
1716296029536 2170.0 0
1716296037903 2171.0 0
1716296038414 2172.0 0
1716296038947 2173.0 0
1716296039491 2174.0 0
1716296040052 2175.0 0
1716296040686 2176.0 0
1716296041287 2177.0 0
1716296041961 2178.0 0
1716296042684 2179.0 0
1716296043518 2180.0 0
1716296050830 2181.0 0
1716296051354 2182.0 0
1716296051885 2183.0 0
1716296052440 2184.0 0
1716296053002 2185.0 0
1716296053582 2186.0 0
1716296054184 2187.0 0
1716296054821 2188.0 0
1716296055509 2189.0 0
1716296056252 2190.0 0
1716296062284 2191.0 0
1716296062799 2192.0 0
1716296063336 2193.0 0
1716296063897 2194.0 0
1716296064470 2195.0 0
1716296065056 2196.0 0
1716296065676 2197.0 0
1716296066351 2198.0 0
1716296067065 2199.0 0
1716296067889 2200.0 0
1716296073334 2201.0 0
1716296073827 2202.0 0
1716296074369 2203.0 0
1716296074913 2204.0 0
1716296075475 2205.0 0
1716296076062 2206.0 0
1716296076677 2207.0 0
1716296077347 2208.0 0
1716296078070 2209.0 0
1716296079718 2210.0 0
1716296086308 2211.0 0
1716296086807 2212.0 0
1716296087331 2213.0 0
1716296087864 2214.0 0
1716296088425 2215.0 0
1716296089013 2216.0 0
1716296089617 2217.0 0
1716296090259 2218.0 0
1716296090960 2219.0 0
1716296091749 2220.0 0
1716296099070 2221.0 0
1716296099648 2222.0 0
1716296100233 2223.0 0
1716296100830 2224.0 0
1716296101410 2225.0 0
1716296102018 2226.0 0
1716296102818 2227.0 0
1716296103735 2228.0 0
1716296104722 2229.0 0
1716296105897 2230.0 0
1716296113176 2231.0 0
1716296113695 2232.0 0
1716296114258 2233.0 0
1716296114802 2234.0 0
1716296115401 2235.0 0
1716296116009 2236.0 0
1716296116657 2237.0 0
1716296117343 2238.0 0
1716296118085 2239.0 0
1716296118961 2240.0 0
1716296125419 2241.0 0
1716296125939 2242.0 0
1716296126459 2243.0 0
1716296126992 2244.0 0
1716296127548 2245.0 0
1716296128115 2246.0 0
1716296128708 2247.0 0
1716296129333 2248.0 0
1716296130016 2249.0 0
1716296130769 2250.0 0
1716296153351 2251.0 0
1716296153913 2252.0 0
1716296154520 2253.0 0
1716296155058 2254.0 0
1716296155621 2255.0 0
1716296156230 2256.0 0
1716296156898 2257.0 0
1716296157641 2258.0 0
1716296158614 2259.0 0
1716296159695 2260.0 0
1716296168048 2261.0 0
1716296168570 2262.0 0
1716296169099 2263.0 0
1716296169641 2264.0 0
1716296170211 2265.0 0
1716296170795 2266.0 0
1716296171402 2267.0 0
1716296172047 2268.0 0
1716296172740 2269.0 0
1716296173489 2270.0 0
1716296179059 2271.0 0
1716296179553 2272.0 0
1716296180086 2273.0 0
1716296180623 2274.0 0
1716296181173 2275.0 0
1716296181749 2276.0 0
1716296182347 2277.0 0
1716296182989 2278.0 0
1716296183675 2279.0 0
1716296184412 2280.0 0
1716296190021 2281.0 0
1716296190524 2282.0 0
1716296191051 2283.0 0
1716296191598 2284.0 0
1716296192160 2285.0 0
1716296192745 2286.0 0
1716296193363 2287.0 0
1716296194014 2288.0 0
1716296194708 2289.0 0
1716296195419 2290.0 0
1716296201065 2291.0 0
1716296201562 2292.0 0
1716296202113 2293.0 0
1716296202660 2294.0 0
1716296203250 2295.0 0
1716296203832 2296.0 0
1716296204472 2297.0 0
1716296205107 2298.0 0
1716296205799 2299.0 0
1716296206563 2300.0 0
1716296211979 2301.0 0
1716296212488 2302.0 0
1716296213019 2303.0 0
1716296213562 2304.0 0
1716296214143 2305.0 0
1716296214759 2306.0 0
1716296215376 2307.0 0
1716296216022 2308.0 0
1716296216705 2309.0 0
1716296217433 2310.0 0
1716296223427 2311.0 0
1716296223933 2312.0 0
1716296224479 2313.0 0
1716296225012 2314.0 0
1716296225575 2315.0 0
1716296226154 2316.0 0
1716296226757 2317.0 0
1716296227390 2318.0 0
1716296228054 2319.0 0
1716296228759 2320.0 0
1716296235433 2321.0 0
1716296235931 2322.0 0
1716296236456 2323.0 0
1716296236991 2324.0 0
1716296237701 2325.0 0
1716296238328 2326.0 0
1716296239105 2327.0 0
1716296239849 2328.0 0
1716296240814 2329.0 0
1716296241806 2330.0 0
1716296247638 2331.0 0
1716296248158 2332.0 0
1716296248662 2333.0 0
1716296249188 2334.0 0
1716296249750 2335.0 0
1716296250315 2336.0 0
1716296250910 2337.0 0
1716296251530 2338.0 0
1716296252188 2339.0 0
1716296252876 2340.0 0
1716296258056 2341.0 0
1716296258572 2342.0 0
1716296259135 2343.0 0
1716296259683 2344.0 0
1716296260252 2345.0 0
1716296260834 2346.0 0
1716296261445 2347.0 0
1716296262098 2348.0 0
1716296262838 2349.0 0
1716296263727 2350.0 0
1716296269675 2351.0 0
1716296270174 2352.0 0
1716296270692 2353.0 0
1716296271244 2354.0 0
1716296271839 2355.0 0
1716296272412 2356.0 0
1716296273009 2357.0 0
1716296273638 2358.0 0
1716296274286 2359.0 0
1716296275014 2360.0 0
1716296280556 2361.0 0
1716296281050 2362.0 0
1716296281575 2363.0 0
1716296282118 2364.0 0
1716296282679 2365.0 0
1716296283268 2366.0 0
1716296283885 2367.0 0
1716296284535 2368.0 0
1716296285232 2369.0 0
1716296285978 2370.0 0
1716296291746 2371.0 0
1716296292249 2372.0 0
1716296293180 2373.0 0
1716296293696 2374.0 0
1716296294237 2375.0 0
1716296294800 2376.0 0
1716296295396 2377.0 0
1716296296047 2378.0 0
1716296296737 2379.0 0
1716296297478 2380.0 0
1716296304612 2381.0 0
1716296305127 2382.0 0
1716296305694 2383.0 0
1716296306220 2384.0 0
1716296306788 2385.0 0
1716296307377 2386.0 0
1716296307987 2387.0 0
1716296308652 2388.0 0
1716296309354 2389.0 0
1716296310118 2390.0 0
1716296316817 2391.0 0
1716296317328 2392.0 0
1716296317873 2393.0 0
1716296318445 2394.0 0
1716296318999 2395.0 0
1716296319608 2396.0 0
1716296320346 2397.0 0
1716296321280 2398.0 0
1716296322967 2399.0 0
1716296323887 2400.0 0
1716296332790 2401.0 0
1716296333318 2402.0 0
1716296333852 2403.0 0
1716296334369 2404.0 0
1716296334924 2405.0 0
1716296335505 2406.0 0
1716296336225 2407.0 0
1716296337133 2408.0 0
1716296338001 2409.0 0
1716296338981 2410.0 0
1716296346268 2411.0 0
1716296346802 2412.0 0
1716296347329 2413.0 0
1716296347888 2414.0 0
1716296348469 2415.0 0
1716296349053 2416.0 0
1716296349643 2417.0 0
1716296350287 2418.0 0
1716296351020 2419.0 0
1716296351910 2420.0 0
1716296358241 2421.0 0
1716296358750 2422.0 0
1716296359271 2423.0 0
1716296359809 2424.0 0
1716296360384 2425.0 0
1716296360963 2426.0 0
1716296361577 2427.0 0
1716296362225 2428.0 0
1716296362920 2429.0 0
1716296363643 2430.0 0
1716296369425 2431.0 0
1716296369916 2432.0 0
1716296370470 2433.0 0
1716296371014 2434.0 0
1716296371579 2435.0 0
1716296372158 2436.0 0
1716296372768 2437.0 0
1716296373413 2438.0 0
1716296374105 2439.0 0
1716296374863 2440.0 0
1716296380786 2441.0 0
1716296381287 2442.0 0
1716296381817 2443.0 0
1716296382375 2444.0 0
1716296382944 2445.0 0
1716296383552 2446.0 0
1716296384178 2447.0 0
1716296384887 2448.0 0
1716296385621 2449.0 0
1716296386431 2450.0 0
1716296392501 2451.0 0
1716296393002 2452.0 0
1716296393516 2453.0 0
1716296394072 2454.0 0
1716296394644 2455.0 0
1716296395230 2456.0 0
1716296395844 2457.0 0
1716296396522 2458.0 0
1716296397223 2459.0 0
1716296398016 2460.0 0
1716296403820 2461.0 0
1716296404330 2462.0 0
1716296404862 2463.0 0
1716296405471 2464.0 0
1716296406069 2465.0 0
1716296406699 2466.0 0
1716296407351 2467.0 0
1716296408082 2468.0 0
1716296408901 2469.0 0
1716296410231 2470.0 0
1716296416895 2471.0 0
1716296417425 2472.0 0
1716296417955 2473.0 0
1716296418532 2474.0 0
1716296419098 2475.0 0
1716296419688 2476.0 0
1716296420331 2477.0 0
1716296421035 2478.0 0
1716296421923 2479.0 0
1716296423787 2480.0 0
1716296430485 2481.0 0
1716296431029 2482.0 0
1716296431561 2483.0 0
1716296432103 2484.0 0
1716296432666 2485.0 0
1716296433254 2486.0 0
1716296433901 2487.0 0
1716296434586 2488.0 0
1716296435377 2489.0 0
1716296436321 2490.0 0
1716296442215 2491.0 0
1716296442725 2492.0 0
1716296443255 2493.0 0
1716296443795 2494.0 0
1716296444362 2495.0 0
1716296444963 2496.0 0
1716296445602 2497.0 0
1716296446275 2498.0 0
1716296447000 2499.0 0
1716296447817 2500.0 0
1716296454601 2501.0 0
1716296455104 2502.0 0
1716296455641 2503.0 0
1716296456183 2504.0 0
1716296456740 2505.0 0
1716296457328 2506.0 0
1716296457944 2507.0 0
1716296458609 2508.0 0
1716296459336 2509.0 0
1716296460154 2510.0 0
1716296466726 2511.0 0
1716296467233 2512.0 0
1716296467752 2513.0 0
1716296468304 2514.0 0
1716296468892 2515.0 0
1716296469470 2516.0 0
1716296470071 2517.0 0
1716296470713 2518.0 0
1716296471414 2519.0 0
1716296472205 2520.0 0
1716296477848 2521.0 0
1716296478341 2522.0 0
1716296478875 2523.0 0
1716296479435 2524.0 0
1716296480007 2525.0 0
1716296480595 2526.0 0
1716296481204 2527.0 0
1716296481848 2528.0 0
1716296482526 2529.0 0
1716296483264 2530.0 0
1716296489845 2531.0 0
1716296490381 2532.0 0
1716296490927 2533.0 0
1716296491559 2534.0 0
1716296492331 2535.0 0
1716296493290 2536.0 0
1716296494512 2537.0 0
1716296495591 2538.0 0
1716296496395 2539.0 0
1716296497258 2540.0 0
1716296504892 2541.0 0
1716296505406 2542.0 0
1716296505995 2543.0 0
1716296506583 2544.0 0
1716296507191 2545.0 0
1716296507799 2546.0 0
1716296508482 2547.0 0
1716296509286 2548.0 0
1716296510547 2549.0 0
1716296511975 2550.0 0
1716296519137 2551.0 0
1716296519649 2552.0 0
1716296520220 2553.0 0
1716296520769 2554.0 0
1716296521405 2555.0 0
1716296522054 2556.0 0
1716296522703 2557.0 0
1716296524616 2558.0 0
1716296525947 2559.0 0
1716296526822 2560.0 0
1716296533791 2561.0 0
1716296534309 2562.0 0
1716296534881 2563.0 0
1716296535423 2564.0 0
1716296535998 2565.0 0
1716296536587 2566.0 0
1716296537228 2567.0 0
1716296537919 2568.0 0
1716296538698 2569.0 0
1716296539741 2570.0 0
1716296546760 2571.0 0
1716296547263 2572.0 0
1716296547794 2573.0 0
1716296548330 2574.0 0
1716296548881 2575.0 0
1716296549457 2576.0 0
1716296550056 2577.0 0
1716296550688 2578.0 0
1716296551379 2579.0 0
1716296552122 2580.0 0
1716296559029 2581.0 0
1716296559541 2582.0 0
1716296560078 2583.0 0
1716296560644 2584.0 0
1716296561223 2585.0 0
1716296561922 2586.0 0
1716296562777 2587.0 0
1716296563729 2588.0 0
1716296564759 2589.0 0
1716296566197 2590.0 0
1716296573578 2591.0 0
1716296574226 2592.0 0
1716296574771 2593.0 0
