1716293800116 7.320279598236084 0
1716293800645 8.671191215515137 0
1716293801164 8.799483299255371 0
1716293801662 8.72944450378418 0
1716293802156 8.664668083190918 0
1716293802653 8.60368824005127 0
1716293803211 8.539368629455566 0
1716293803771 8.479743003845215 0
1716293804274 8.418245315551758 0
1716293804801 8.379399299621582 0
1716293810240 8.3369779586792 0
1716293810774 8.288601875305176 0
1716293811318 8.220705032348633 0
1716293811842 8.159392356872559 0
1716293812353 8.071880340576172 0
1716293812923 8.0027494430542 0
1716293813454 7.91660737991333 0
1716293813985 7.843969821929932 0
1716293814495 7.741160869598389 0
1716293815008 7.637073516845703 0
1716293819905 7.508780479431152 0
1716293820430 7.393276214599609 0
1716293820984 7.2758049964904785 0
1716293821543 7.21547269821167 0
1716293822054 7.138654708862305 0
1716293822581 7.013754367828369 0
1716293823094 6.94121789932251 0
1716293823599 6.814979553222656 0
1716293824114 6.709685802459717 0
1716293824627 6.622002124786377 0
1716293829048 6.516679286956787 0
1716293829561 6.44351863861084 0
1716293830105 6.36234712600708 0
1716293830636 6.285069465637207 0
1716293831149 6.197099208831787 0
1716293831662 6.10939884185791 0
1716293832163 6.029206275939941 0
1716293832648 5.9374775886535645 0
1716293833151 5.8407979011535645 0
1716293833655 5.726545333862305 0
1716293837751 5.590415954589844 0
1716293838308 5.455462455749512 0
1716293838806 5.369171619415283 0
1716293839316 5.316971302032471 0
1716293839840 5.268965244293213 0
1716293840355 5.202451705932617 0
1716293840858 5.145464897155762 0
1716293841398 5.101009368896484 0
1716293841916 5.032795429229736 0
1716293842496 4.969666481018066 0
1716293847173 4.90741491317749 0
1716293847655 4.9044928550720215 0
1716293848176 4.867124080657959 0
1716293848706 4.814770698547363 0
1716293849390 4.773674011230469 0
1716293850029 4.729891300201416 0
1716293850698 4.688930988311768 0
1716293851323 4.650110721588135 0
1716293851895 4.613931179046631 0
1716293852438 4.575096607208252 0
1716293856170 4.536108493804932 0
1716293856651 4.489275932312012 0
1716293857168 4.44993257522583 0
1716293857692 4.405018329620361 0
1716293858237 4.358530521392822 0
1716293858741 4.337867259979248 0
1716293859258 4.2719292640686035 0
1716293859759 4.2466559410095215 0
1716293860260 4.216040134429932 0
1716293860772 4.180034160614014 0
1716293864032 4.138067722320557 0
1716293864542 4.105454921722412 0
1716293865051 4.071218490600586 0
1716293865552 4.0386834144592285 0
1716293866056 4.006634712219238 0
1716293866552 3.9814212322235107 0
1716293867052 3.9460256099700928 0
1716293867549 3.9128644466400146 0
1716293868047 3.88639497756958 0
1716293868547 3.8597545623779297 0
1716293872159 3.8363072872161865 0
1716293872654 3.8158986568450928 0
1716293873186 3.7925636768341064 0
1716293873688 3.7821285724639893 0
1716293874197 3.7446706295013428 0
1716293874687 3.7174336910247803 0
1716293875183 3.692805767059326 0
1716293875674 3.673250436782837 0
1716293876172 3.652621030807495 0
1716293876665 3.6271419525146484 0
1716293879962 3.601905107498169 0
1716293880464 3.57537841796875 0
1716293881012 3.5553345680236816 0
1716293881515 3.5367090702056885 0
1716293882033 3.5156478881835938 0
1716293882533 3.4962046146392822 0
1716293883046 3.473578929901123 0
1716293883702 3.45379900932312 0
1716293884218 3.432027578353882 0
1716293884854 3.4101569652557373 0
1716293888263 3.387647867202759 0
1716293888758 3.3643758296966553 0
1716293889271 3.345829486846924 0
1716293889776 3.324301242828369 0
1716293890274 3.3009414672851562 0
1716293890785 3.280609607696533 0
1716293891281 3.2567245960235596 0
1716293891782 3.2307989597320557 0
1716293892280 3.2046451568603516 0
1716293892778 3.1813626289367676 0
1716293895957 3.1595962047576904 0
1716293896457 3.142695188522339 0
1716293896963 3.126939058303833 0
1716293897462 3.109736204147339 0
1716293897964 3.095097780227661 0
1716293898464 3.0796048641204834 0
1716293898963 3.066549777984619 0
1716293899456 3.048021078109741 0
1716293899959 3.034874677658081 0
1716293900462 3.0168166160583496 0
1716293903677 3.0029728412628174 0
1716293904166 2.989778518676758 0
1716293904672 2.971724033355713 0
1716293905181 2.9585835933685303 0
1716293905685 2.940659761428833 0
1716293906192 2.92714262008667 0
1716293906725 2.9110710620880127 0
1716293907219 2.89467191696167 0
1716293907717 2.880964994430542 0
1716293908221 2.865931272506714 0
1716293912144 2.8492636680603027 0
1716293912735 2.8344223499298096 0
1716293913547 2.8196828365325928 0
1716293914188 2.8037173748016357 0
1716293914775 2.789458990097046 0
1716293915294 2.777089834213257 0
1716293915805 2.7600619792938232 0
1716293916325 2.743757963180542 0
1716293916844 2.7320966720581055 0
1716293917365 2.730093479156494 0
1716293921213 2.7170467376708984 0
1716293921694 2.6948909759521484 0
1716293922194 2.6807029247283936 0
1716293922699 2.6745386123657227 0
1716293923199 2.6612231731414795 0
1716293923708 2.653118133544922 0
1716293924207 2.630560874938965 0
1716293924708 2.61724853515625 0
1716293925207 2.606726884841919 0
1716293925703 2.622588872909546 0
1716293928936 2.57742977142334 0
1716293929430 2.5723800659179688 0
1716293929929 2.5576248168945312 0
1716293930428 2.5472946166992188 0
1716293930928 2.541437864303589 0
1716293931429 2.520646095275879 0
1716293931930 2.5374338626861572 0
1716293932430 2.5182039737701416 0
1716293932924 2.4942984580993652 0
1716293933419 2.482997417449951 0
1716293936657 2.464479446411133 0
1716293937155 2.4581356048583984 0
1716293937671 2.445324659347534 0
1716293938171 2.441904306411743 0
1716293938676 2.4667365550994873 0
1716293939173 2.4286351203918457 0
1716293939666 2.4273452758789062 0
1716293940164 2.429586887359619 0
1716293940651 2.4108729362487793 0
1716293941146 2.4269754886627197 0
1716293944943 2.3871161937713623 0
1716293945461 2.4066214561462402 0
1716293945971 2.365539073944092 0
1716293946471 2.370347261428833 0
1716293946976 2.3577113151550293 0
1716293947481 2.3403234481811523 0
1716293947990 2.3366293907165527 0
1716293948492 2.3177688121795654 0
1716293948999 2.331263303756714 0
1716293949498 2.3019046783447266 0
1716293953277 2.3130080699920654 0
1716293953771 2.2941696643829346 0
1716293954276 2.2975826263427734 0
1716293954775 2.2671425342559814 0
1716293955279 2.281111001968384 0
1716293955778 2.251516580581665 0
1716293956279 2.267300844192505 0
1716293956775 2.233548402786255 0
1716293957281 2.2534430027008057 0
1716293957788 2.268479585647583 0
1716293961020 2.2407519817352295 0
1716293961512 2.2350800037384033 0
1716293962036 2.2532360553741455 0
1716293962532 2.225881576538086 0
1716293963033 2.198850631713867 0
1716293963538 2.2202396392822266 0
1716293964037 2.18253231048584 0
1716293964551 2.1924643516540527 0
1716293965070 2.160315752029419 0
1716293965575 2.1677074432373047 0
1716293969409 2.1497669219970703 0
1716293969901 2.145414352416992 0
1716293970421 2.138047456741333 0
1716293970953 2.1209444999694824 0
1716293971469 2.1224186420440674 0
1716293971967 2.1135735511779785 0
1716293972467 2.112607479095459 0
1716293972960 2.0965940952301025 0
1716293973465 2.0972142219543457 0
1716293973965 2.0879170894622803 0
1716293977431 2.080127000808716 0
1716293977953 2.070587158203125 0
1716293978466 2.0646297931671143 0
1716293978965 2.054553985595703 0
1716293979471 2.04516339302063 0
1716293979973 2.0424797534942627 0
1716293980477 2.030606508255005 0
1716293980979 2.0211219787597656 0
1716293981477 2.0144946575164795 0
1716293981973 2.010420799255371 0
1716293985306 2.0041863918304443 0
1716293985798 1.9946967363357544 0
1716293986316 1.9932276010513306 0
1716293986817 1.98086416721344 0
1716293987314 1.9820653200149536 0
1716293987817 1.9984605312347412 0
1716293988325 2.06965970993042 0
1716293988820 2.006117820739746 0
1716293989319 2.0000672340393066 0
1716293989822 1.9916239976882935 0
1716293993204 2.0292675495147705 0
1716293993691 1.9911574125289917 0
1716293994208 1.972800612449646 0
1716293994716 1.9640382528305054 0
1716293995226 1.9618501663208008 0
1716293995728 1.98356032371521 0
1716293996245 1.9565469026565552 0
1716293996753 1.9586681127548218 0
1716293997257 1.9374104738235474 0
1716293997759 1.9370543956756592 0
1716294001193 1.9375451803207397 0
1716294001682 1.918825626373291 0
1716294002188 1.911020040512085 0
1716294002691 1.8990145921707153 0
1716294003207 1.8921078443527222 0
1716294003712 1.8809363842010498 0
1716294004204 1.8741766214370728 0
1716294004701 1.8621208667755127 0
1716294005203 1.8478786945343018 0
1716294005699 1.8436839580535889 0
1716294009533 1.8361507654190063 0
1716294010024 1.8297712802886963 0
1716294010534 1.8248521089553833 0
1716294011030 1.8158701658248901 0
1716294011542 1.803682565689087 0
1716294012037 1.7954676151275635 0
1716294012537 1.7946933507919312 0
1716294013043 1.7992368936538696 0
1716294013546 1.7743881940841675 0
1716294014040 1.7762099504470825 0
1716294017344 1.788078784942627 0
1716294017822 1.7711434364318848 0
1716294018328 1.7690716981887817 0
1716294018844 1.7583760023117065 0
1716294019355 1.7502461671829224 0
1716294019872 1.73514723777771 0
1716294020378 1.7368074655532837 0
1716294020879 1.752164602279663 0
1716294021383 1.9615727663040161 0
1716294021883 1.7671899795532227 0
1716294025088 1.9061672687530518 0
1716294025572 1.8340884447097778 0
1716294026076 1.8838709592819214 0
1716294026585 1.9159574508666992 0
1716294027095 1.83132004737854 0
1716294027613 1.8121259212493896 0
1716294028128 1.802755355834961 0
1716294028628 1.7898683547973633 0
1716294029130 1.791046142578125 0
1716294029630 1.7727406024932861 0
1716294032861 1.7721234560012817 0
1716294033348 1.8025459051132202 0
1716294033850 1.7455196380615234 0
1716294034355 1.7515021562576294 0
1716294034873 1.7483853101730347 0
1716294035379 1.7312736511230469 0
1716294035895 1.7229902744293213 0
1716294036398 1.712282657623291 0
1716294036908 1.7025657892227173 0
1716294037411 1.693406105041504 0
1716294040824 1.6849606037139893 0
1716294041324 1.669076681137085 0
1716294041836 1.6616666316986084 0
1716294042349 1.6529650688171387 0
1716294042866 1.6407533884048462 0
1716294043360 1.6426208019256592 0
1716294043863 1.6391888856887817 0
1716294044368 1.637890100479126 0
1716294044885 1.6313724517822266 0
1716294045399 1.6139174699783325 0
1716294049833 1.6375387907028198 0
1716294050331 1.7497385740280151 0
1716294050848 1.6056143045425415 0
1716294051363 1.674669861793518 0
1716294051866 1.664090871810913 0
1716294052375 1.6473722457885742 0
1716294052874 1.6417038440704346 0
1716294053390 1.6348711252212524 0
1716294053897 1.6360703706741333 0
1716294054394 1.6363661289215088 0
1716294058107 1.6104295253753662 0
1716294058606 1.613104224205017 0
1716294059142 1.5923361778259277 0
1716294059645 1.6129664182662964 0
1716294060150 1.5828441381454468 0
1716294060648 1.609140157699585 0
1716294061149 1.5777548551559448 0
1716294061646 1.5916500091552734 0
1716294062159 1.5885347127914429 0
1716294062654 1.5808367729187012 0
1716294066003 1.5842777490615845 0
1716294066508 1.5547322034835815 0
1716294067028 1.5500562191009521 0
1716294067549 1.543997883796692 0
1716294068057 1.5380181074142456 0
1716294068548 1.528307557106018 0
1716294069056 1.5161051750183105 0
1716294069554 1.5172442197799683 0
1716294070051 1.5153424739837646 0
1716294070551 1.5080329179763794 0
1716294074468 1.5020909309387207 0
1716294074954 1.4974181652069092 0
1716294075451 1.4921250343322754 0
1716294075958 1.4868677854537964 0
1716294076466 1.4804707765579224 0
1716294076968 1.4749630689620972 0
1716294077457 1.4769784212112427 0
1716294077967 1.4760671854019165 0
1716294078474 1.4613752365112305 0
1716294078968 1.463921070098877 0
1716294082496 1.4493900537490845 0
1716294083004 1.4593348503112793 0
1716294083522 1.4447813034057617 0
1716294084022 1.4485641717910767 0
1716294084539 1.4344521760940552 0
1716294085048 1.4353413581848145 0
1716294085550 1.4338030815124512 0
1716294086045 1.4295027256011963 0
1716294086547 1.4213253259658813 0
1716294087036 1.4348217248916626 0
1716294090767 1.5132883787155151 0
1716294091280 1.4329396486282349 0
1716294091803 1.4941869974136353 0
1716294092312 1.4419691562652588 0
1716294092864 1.5031898021697998 0
1716294093380 1.4471938610076904 0
1716294093903 1.4592125415802002 0
1716294094431 1.4771039485931396 0
1716294094950 1.4356513023376465 0
1716294095453 1.4419324398040771 0
1716294099831 1.423110008239746 0
1716294100315 1.4078084230422974 0
1716294100857 1.4094877243041992 0
1716294101356 1.4145833253860474 0
1716294101861 1.3967454433441162 0
1716294102368 1.388676404953003 0
1716294102867 1.3839246034622192 0
1716294103360 1.3832749128341675 0
1716294103863 1.3859621286392212 0
1716294104367 1.3678861856460571 0
1716294107744 1.3600397109985352 0
1716294108242 1.3567047119140625 0
1716294108778 1.3534834384918213 0
1716294109271 1.3482818603515625 0
1716294109774 1.3375543355941772 0
1716294110282 1.3392603397369385 0
1716294110777 1.3425897359848022 0
1716294111279 1.3357303142547607 0
1716294111780 1.344633936882019 0
1716294112280 1.3381609916687012 0
1716294115915 1.3359488248825073 0
1716294116427 1.3313713073730469 0
1716294116973 1.3209073543548584 0
1716294117573 1.3136138916015625 0
1716294118135 1.3033379316329956 0
1716294118642 1.3015060424804688 0
1716294119138 1.298471450805664 0
1716294119632 1.2959673404693604 0
1716294120138 1.305421233177185 0
1716294120647 1.2978979349136353 0
1716294124933 1.2932480573654175 0
1716294125436 1.295312762260437 0
1716294125946 1.2850128412246704 0
1716294126451 1.2932660579681396 0
1716294126984 1.3018869161605835 0
1716294127487 1.276633620262146 0
1716294127993 1.286508560180664 0
1716294128501 1.271011471748352 0
1716294129022 1.2810419797897339 0
1716294129534 1.2988498210906982 0
1716294133918 1.2936798334121704 0
1716294134423 1.295026183128357 0
1716294134960 1.2843893766403198 0
1716294135446 1.27420175075531 0
1716294135971 1.2739815711975098 0
1716294136499 1.2650468349456787 0
1716294137015 1.2621679306030273 0
1716294137525 1.2618345022201538 0
1716294138022 1.268573522567749 0
1716294138556 1.2562116384506226 0
1716294142867 1.2655444145202637 0
1716294143360 1.2636398077011108 0
1716294143863 1.2452139854431152 0
1716294144363 1.269226312637329 0
1716294144873 1.2547657489776611 0
1716294145376 1.2577263116836548 0
1716294145880 1.245676875114441 0
1716294146378 1.2379518747329712 0
1716294146879 1.2274435758590698 0
1716294147393 1.2259759902954102 0
1716294151608 1.2169644832611084 0
1716294152131 1.214702844619751 0
1716294152676 1.2129228115081787 0
1716294153177 1.2132134437561035 0
1716294153687 1.2081677913665771 0
1716294154187 1.2060977220535278 0
1716294154684 1.2013475894927979 0
1716294155189 1.1952650547027588 0
1716294155704 1.1914201974868774 0
1716294156212 1.1964843273162842 0
1716294161445 1.2190274000167847 0
1716294161961 1.3099926710128784 0
1716294162494 1.2336695194244385 0
1716294162994 1.372929334640503 0
1716294163511 1.2471364736557007 0
1716294164010 1.3087079524993896 0
1716294164535 1.272981882095337 0
1716294165069 1.2506109476089478 0
1716294165586 1.2405245304107666 0
1716294166113 1.2321064472198486 0
1716294169949 1.2340742349624634 0
1716294170318 1.2091418504714966 0
1716294170853 1.2083470821380615 0
1716294171369 1.1996338367462158 0
1716294171923 1.1946539878845215 0
1716294172444 1.1916422843933105 0
1716294173001 1.1762056350708008 0
1716294173520 1.1681524515151978 0
1716294174067 1.1688121557235718 0
1716294174594 1.1661728620529175 0
1716294179493 1.1586509943008423 0
1716294180069 1.1541645526885986 0
1716294180666 1.1518737077713013 0
1716294181210 1.1507326364517212 0
1716294181752 1.1435703039169312 0
1716294182292 1.1417620182037354 0
1716294182839 1.1570864915847778 0
1716294183386 1.1395280361175537 0
1716294183918 1.149850606918335 0
1716294184473 1.1346920728683472 0
1716294190303 1.1404063701629639 0
1716294190838 1.1318837404251099 0
1716294191339 1.1355812549591064 0
1716294191896 1.1243737936019897 0
1716294192429 1.1262422800064087 0
1716294192961 1.1146608591079712 0
1716294193495 1.1157991886138916 0
1716294194100 1.1090400218963623 0
1716294194755 1.1093310117721558 0
1716294195344 1.102523684501648 0
1716294200325 1.1038622856140137 0
1716294200871 1.1001838445663452 0
1716294201387 1.0933841466903687 0
1716294201902 1.095562219619751 0
1716294202431 1.0973930358886719 0
1716294202942 1.0863137245178223 0
1716294203453 1.0928961038589478 0
1716294203971 1.0956920385360718 0
1716294204477 1.0852855443954468 0
1716294204989 1.091073751449585 0
1716294209820 1.0796220302581787 0
1716294210413 1.0888774394989014 0
1716294210936 1.0769646167755127 0
1716294211476 1.0811847448349 0
1716294212028 1.0736846923828125 0
1716294212571 1.0724318027496338 0
1716294213115 1.0710235834121704 0
1716294213630 1.0651347637176514 0
1716294214139 1.0672699213027954 0
1716294214649 1.0589001178741455 0
1716294219427 1.06155526638031 0
1716294219984 1.0554841756820679 0
1716294220496 1.052885890007019 0
1716294221001 1.066145896911621 0
1716294221517 1.0908915996551514 0
1716294222021 1.0822391510009766 0
1716294222526 1.0609467029571533 0
1716294223043 1.0798065662384033 0
1716294223582 1.068965196609497 0
1716294224089 1.066321611404419 0
1716294228106 1.0642104148864746 0
1716294228609 1.058872938156128 0
1716294229116 1.054504632949829 0
1716294229630 1.0469491481781006 0
1716294230132 1.0474637746810913 0
1716294230634 1.0414525270462036 0
1716294231161 1.039886713027954 0
1716294231651 1.0359989404678345 0
1716294232159 1.0355786085128784 0
1716294232673 1.0334750413894653 0
1716294236803 1.0320732593536377 0
1716294237337 1.0288481712341309 0
1716294237855 1.0257999897003174 0
1716294238368 1.0243728160858154 0
1716294238877 1.021319031715393 0
1716294239390 1.0183626413345337 0
1716294239889 1.01632821559906 0
1716294240405 1.0136370658874512 0
1716294240909 1.0121804475784302 0
1716294241415 1.0096435546875 0
1716294244950 1.0085890293121338 0
1716294245452 1.006338119506836 0
1716294245960 1.0044715404510498 0
1716294246458 1.0035933256149292 0
1716294246970 1.004629135131836 0
1716294247484 1.0006433725357056 0
1716294247987 0.9986410737037659 0
1716294248479 0.998859703540802 0
1716294248979 1.0015043020248413 0
1716294249470 1.0137964487075806 0
1716294252952 1.00619375705719 0
1716294253457 1.000572681427002 0
1716294253992 1.0069607496261597 0
1716294254496 0.9943203330039978 0
1716294255009 1.0026977062225342 0
1716294255520 0.9931620955467224 0
1716294256019 0.9882254004478455 0
1716294256512 0.9933485388755798 0
1716294257015 0.9821755886077881 0
1716294257524 0.990656316280365 0
1716294261211 1.0052038431167603 0
1716294261701 1.0218291282653809 0
1716294262211 0.9914499521255493 0
1716294262722 1.0154249668121338 0
1716294263227 0.9887519478797913 0
1716294263724 1.0107852220535278 0
1716294264230 0.9884352684020996 0
1716294264736 0.9938943982124329 0
1716294265241 0.977569580078125 0
1716294265740 0.9874542355537415 0
1716294269034 0.9817301034927368 0
1716294269523 0.9711982011795044 0
1716294270031 0.9871384501457214 0
1716294270539 0.9758073091506958 0
1716294271043 0.96992027759552 0
1716294271546 0.9741088151931763 0
1716294272048 0.9661328196525574 0
1716294272545 0.9699004888534546 0
1716294273046 0.9592038989067078 0
1716294273540 0.9643341302871704 0
1716294277811 0.9543618559837341 0
1716294278308 0.956341564655304 0
1716294278820 0.9590802192687988 0
1716294279329 0.9511946439743042 0
1716294279834 0.9498069286346436 0
1716294280334 0.9519305229187012 0
1716294280841 0.9453977942466736 0
1716294281350 0.9468516707420349 0
1716294281850 0.9437380433082581 0
1716294282343 0.9409619569778442 0
1716294285671 0.94208824634552 0
1716294286169 0.9367214441299438 0
1716294286673 0.9370434880256653 0
1716294287182 0.937703549861908 0
1716294287698 0.9333453178405762 0
1716294288205 0.9319718480110168 0
1716294288698 0.9316826462745667 0
1716294289192 0.928210437297821 0
1716294289700 0.9271385669708252 0
1716294290192 0.9274426698684692 0
1716294293608 0.9244335293769836 0
1716294294124 0.921965479850769 0
1716294294635 0.9224688410758972 0
1716294295149 0.9219040870666504 0
1716294295654 0.9204463958740234 0
1716294296156 0.9174538850784302 0
1716294296656 0.9156681895256042 0
1716294297153 0.9157133102416992 0
1716294297655 0.9149454236030579 0
1716294298148 0.9153527021408081 0
1716294301493 0.9147680997848511 0
1716294301996 0.9096497297286987 0
1716294302519 0.9090734124183655 0
1716294303019 0.9160460233688354 0
1716294303533 0.9422046542167664 0
1716294304029 1.133133888244629 0
1716294304534 1.5736403465270996 0
1716294305044 1.416077733039856 0
1716294305549 1.2114527225494385 0
1716294306046 1.3971235752105713 0
1716294309395 1.2162418365478516 0
1716294309890 1.2570924758911133 0
1716294310409 1.220819115638733 0
1716294310912 1.1946836709976196 0
1716294311421 1.199387550354004 0
1716294311922 1.226353645324707 0
1716294312425 1.1391702890396118 0
1716294312919 1.1579930782318115 0
1716294313425 1.1370693445205688 0
1716294313920 1.1115915775299072 0
1716294316991 1.144437551498413 0
1716294317483 1.1282451152801514 0
1716294317990 1.0978463888168335 0
1716294318505 1.1241601705551147 0
1716294319013 1.0957130193710327 0
1716294319523 1.087311029434204 0
1716294320040 1.051408290863037 0
1716294320544 1.0342552661895752 0
1716294321054 1.0559959411621094 0
1716294321559 1.046179175376892 0
1716294324960 1.0504668951034546 0
1716294325450 1.0227854251861572 0
1716294325955 1.023762822151184 0
1716294326468 1.0167819261550903 0
1716294326976 1.011283040046692 0
1716294327478 1.0124233961105347 0
1716294327993 0.9926424622535706 0
1716294328492 0.9913418292999268 0
1716294328991 0.9783531427383423 0
1716294329483 0.9814135432243347 0
1716294332756 0.969134509563446 0
1716294333246 0.9652642011642456 0
1716294333775 0.9605054259300232 0
1716294334273 0.9530801177024841 0
1716294334773 0.9527174234390259 0
1716294335274 0.9466497302055359 0
1716294335783 0.9438821077346802 0
1716294336281 0.9369838833808899 0
1716294336796 0.9391398429870605 0
1716294337293 0.9293745756149292 0
1716294340517 0.9309364557266235 0
1716294341044 0.9218827486038208 0
1716294341556 0.9235775470733643 0
1716294342060 0.9159073829650879 0
1716294342556 0.9165264368057251 0
1716294343062 0.9111164808273315 0
1716294343568 0.9113540649414062 0
1716294344069 0.905638575553894 0
1716294344573 0.9045234322547913 0
1716294345087 0.9025130271911621 0
1716294348128 0.9002245664596558 0
1716294348617 0.898327648639679 0
1716294349121 0.8948876857757568 0
1716294349634 0.8932344317436218 0
1716294350137 0.8919969201087952 0
1716294350640 0.8898928761482239 0
1716294351144 0.8875205516815186 0
1716294351645 0.8862975835800171 0
1716294352148 0.8852565288543701 0
1716294352647 0.8831179738044739 0
1716294355921 0.8809627890586853 0
1716294356415 0.8800233602523804 0
1716294356933 0.8787209987640381 0
1716294357446 0.8770707249641418 0
1716294357949 0.8753263354301453 0
1716294358451 0.8737606406211853 0
1716294358958 0.8726827502250671 0
1716294359450 0.8713316321372986 0
1716294359969 0.8695930242538452 0
1716294360486 0.8684936761856079 0
1716294364729 0.8671954274177551 0
1716294365224 0.8657659888267517 0
1716294365738 0.8646504282951355 0
1716294366261 0.8632451891899109 0
1716294366779 0.8620050549507141 0
1716294367284 0.8608332276344299 0
1716294367795 0.8594784140586853 0
1716294368296 0.8583844304084778 0
1716294368793 0.8572916984558105 0
1716294369295 0.8561018705368042 0
1716294372766 0.8549594879150391 0
1716294373272 0.8536630868911743 0
1716294373785 0.8524994850158691 0
1716294374301 0.8514615893363953 0
1716294374799 0.850426197052002 0
1716294375284 0.8495643138885498 0
1716294375795 0.8482826948165894 0
1716294376312 0.8468947410583496 0
1716294376827 0.8457907438278198 0
1716294377332 0.8447242379188538 0
1716294381037 0.8440042734146118 0
1716294381534 0.844068706035614 0
1716294382046 0.845752477645874 0
1716294382571 0.8485280871391296 0
1716294383083 0.8486182689666748 0
1716294383577 0.8431077599525452 0
1716294384085 0.8455525040626526 0
1716294384607 0.840826153755188 0
1716294385119 0.8376823663711548 0
1716294385629 0.8382782936096191 0
1716294389186 0.8430246710777283 0
1716294389676 0.8400031328201294 0
1716294390181 0.8392461538314819 0
1716294390695 0.8327776789665222 0
1716294391221 0.8376397490501404 0
1716294391737 0.8299182057380676 0
1716294392261 0.8316302299499512 0
1716294392757 0.8310324549674988 0
1716294393269 0.8275089263916016 0
1716294393788 0.8301540613174438 0
1716294398989 0.8330615162849426 0
1716294399500 0.8323116302490234 0
1716294400026 0.8275421261787415 0
1716294400526 0.8286079168319702 0
1716294401037 0.8276338577270508 0
1716294401567 0.8231892585754395 0
1716294402085 0.8202790021896362 0
1716294402612 0.824585497379303 0
1716294403136 0.8290900588035583 0
1716294403647 0.827751636505127 0
1716294408477 0.8265975117683411 0
1716294409039 0.8270575404167175 0
1716294409554 0.8209036588668823 0
1716294410074 0.8183708786964417 0
1716294410596 0.8181223273277283 0
1716294411097 0.8164586424827576 0
1716294411610 0.8147994875907898 0
1716294412108 0.8128902912139893 0
1716294412608 0.8110629916191101 0
1716294413128 0.8114840984344482 0
1716294417837 0.8085871338844299 0
1716294418359 0.8071093559265137 0
1716294418881 0.8074200749397278 0
1716294419404 0.8051027059555054 0
1716294419909 0.8064934015274048 0
1716294420441 0.8097754716873169 0
1716294420953 0.8171579837799072 0
1716294421468 0.8073620796203613 0
1716294421974 0.8132851719856262 0
1716294422489 0.8066971898078918 0
1716294426760 0.8021277189254761 0
1716294427276 0.8238715529441833 0
1716294427786 0.8064039945602417 0
1716294428309 0.8035066723823547 0
1716294428821 0.8055102229118347 0
1716294429328 0.7977921366691589 0
1716294429842 0.7981940507888794 0
1716294430345 0.8040876388549805 0
1716294430848 0.801410973072052 0
1716294431368 0.8187411427497864 0
1716294435761 0.8067037463188171 0
1716294436285 0.8198488354682922 0
1716294436785 0.8047342896461487 0
1716294437301 0.8159846663475037 0
1716294437813 0.7969533801078796 0
1716294438321 0.8019125461578369 0
1716294438820 0.816052258014679 0
1716294439319 0.7894394993782043 0
1716294439818 0.797539472579956 0
1716294440340 0.7935445308685303 0
1716294444403 0.7952302694320679 0
1716294444926 0.7897111177444458 0
1716294445438 0.7910233736038208 0
1716294445941 0.7835519313812256 0
1716294446449 0.7933252453804016 0
1716294446952 0.7891896963119507 0
1716294447462 0.7810282707214355 0
1716294447972 0.7845392823219299 0
1716294448478 0.7862108945846558 0
1716294448985 0.7813072800636292 0
1716294452824 0.7797415256500244 0
1716294453332 0.778315007686615 0
1716294453871 0.7754068970680237 0
1716294454388 0.7801440954208374 0
1716294454884 0.7868754863739014 0
1716294455383 0.7742760181427002 0
1716294455886 0.7840672135353088 0
1716294456392 0.7790412306785583 0
1716294456895 0.7753441333770752 0
1716294457405 0.793537437915802 0
1716294461087 0.7740920186042786 0
1716294461580 0.768646776676178 0
1716294462110 0.7690131664276123 0
1716294462638 0.7654309272766113 0
1716294463146 0.7678430676460266 0
1716294463649 0.7672341465950012 0
1716294464162 0.7679545879364014 0
1716294464662 0.7640183568000793 0
1716294465166 0.7630739212036133 0
1716294465672 0.7616657018661499 0
1716294469382 0.7597976922988892 0
1716294469885 0.7597595453262329 0
1716294470404 0.7605792880058289 0
1716294470923 0.7555524110794067 0
1716294471444 0.7553265690803528 0
1716294471945 0.7559337615966797 0
1716294472447 0.7517691850662231 0
1716294472943 0.7524535059928894 0
1716294473455 0.7506273984909058 0
1716294473948 0.7490518689155579 0
1716294477395 0.7494997978210449 0
1716294477918 0.7482377290725708 0
1716294478437 0.7487605214118958 0
1716294478949 0.7480993270874023 0
1716294479447 0.7444565892219543 0
1716294479946 0.7446169257164001 0
1716294480455 0.7449645400047302 0
1716294480947 0.7439825534820557 0
1716294481453 0.7434954643249512 0
1716294481954 0.740056037902832 0
1716294485418 0.7410624623298645 0
1716294485931 0.7427578568458557 0
1716294486455 0.7369734048843384 0
1716294486967 0.7383762001991272 0
1716294487478 0.7358141541481018 0
1716294487982 0.7375305891036987 0
1716294488492 0.7405979633331299 0
1716294488993 0.737980842590332 0
1716294489507 0.7359035015106201 0
1716294490009 0.7363036870956421 0
1716294494502 0.7404571771621704 0
1716294494989 0.7435694932937622 0
1716294495502 0.7543669939041138 0
1716294496019 0.7441120147705078 0
1716294496523 0.7481139898300171 0
1716294497020 0.7523512840270996 0
1716294497523 0.7354432344436646 0
1716294498024 0.7411497831344604 0
1716294498538 0.7392964363098145 0
1716294499046 0.7283453941345215 0
1716294502648 0.7344270348548889 0
1716294503134 0.7383547425270081 0
1716294503687 0.7478531002998352 0
1716294504199 0.7414869666099548 0
1716294504712 0.731997549533844 0
1716294505223 0.7340632081031799 0
1716294505738 0.7395981550216675 0
1716294506242 0.7349253296852112 0
1716294506749 0.7307422161102295 0
1716294507254 0.7285255193710327 0
1716294510774 0.7269700765609741 0
1716294511261 0.7245731949806213 0
1716294511763 0.728473961353302 0
1716294512309 0.7407992482185364 0
1716294512824 0.7285712957382202 0
1716294513354 0.7381033301353455 0
1716294513863 0.7268877625465393 0
1716294514384 0.7301434278488159 0
1716294514912 0.7374183535575867 0
1716294515501 0.72667396068573 0
1716294519786 0.7314661145210266 0
1716294520297 0.7314046025276184 0
1716294520831 0.7297715544700623 0
1716294521338 0.729540228843689 0
1716294521843 0.7308409810066223 0
1716294522344 0.7224436402320862 0
1716294522866 0.7169742584228516 0
1716294523356 0.7224958539009094 0
1716294523876 0.7205382585525513 0
1716294524404 0.7154018878936768 0
1716294529462 0.7108792662620544 0
1716294529987 0.7105394005775452 0
1716294530509 0.714980959892273 0
1716294531040 0.7166788578033447 0
1716294531630 0.7072604298591614 0
1716294532190 0.7074573040008545 0
1716294532759 0.7207356095314026 0
1716294533279 0.7086910009384155 0
1716294533816 0.7114511728286743 0
1716294534356 0.7087031602859497 0
1716294539824 0.7083525061607361 0
1716294540357 0.7190723419189453 0
1716294540900 0.7141237854957581 0
1716294541471 0.7169989347457886 0
1716294542007 0.7273317575454712 0
1716294542541 0.7134957909584045 0
1716294543066 0.7223702073097229 0
1716294543583 0.7172701954841614 0
1716294544104 0.7016347646713257 0
1716294544645 0.7169309854507446 0
1716294549661 0.7169146537780762 0
1716294550169 0.705642819404602 0
1716294550680 0.7089701294898987 0
1716294551196 0.7110798358917236 0
1716294551752 0.7060492038726807 0
1716294552275 0.6962155699729919 0
1716294552775 0.6961825489997864 0
1716294553292 0.7044606804847717 0
1716294553803 0.6986058950424194 0
1716294554311 0.6910470128059387 0
1716294559085 0.6909714937210083 0
1716294559603 0.6909025311470032 0
1716294560143 0.6886454224586487 0
1716294560671 0.6885426044464111 0
1716294561169 0.6983534693717957 0
1716294561684 0.7638038396835327 0
1716294562215 1.0791120529174805 0
1716294562759 1.9141792058944702 0
1716294563310 2.7494208812713623 0
1716294563872 2.902265787124634 0
1716294570140 2.511779308319092 0
1716294570642 2.404230833053589 0
1716294571160 2.2300479412078857 0
1716294571666 2.24908709526062 0
1716294572185 2.209597587585449 0
1716294572720 2.345503330230713 0
1716294573268 2.0556716918945312 0
1716294573824 1.9503461122512817 0
1716294574393 1.9635425806045532 0
1716294574967 1.9779244661331177 0
1716294579607 1.9811567068099976 0
1716294580120 1.9657460451126099 0
1716294580648 1.8902868032455444 0
1716294581164 1.8469685316085815 0
1716294581725 1.810768723487854 0
1716294582284 1.7703899145126343 0
1716294582892 1.7305035591125488 0
1716294583501 1.692463994026184 0
1716294584153 1.6609141826629639 0
1716294584825 1.622817039489746 0
1716294589896 1.5896525382995605 0
1716294590396 1.5576335191726685 0
1716294590912 1.5296494960784912 0
1716294591434 1.5066983699798584 0
1716294591987 1.48673415184021 0
1716294592541 1.4655890464782715 0
1716294593113 1.4494274854660034 0
1716294593685 1.432784080505371 0
1716294594285 1.4075196981430054 0
1716294594895 1.3843672275543213 0
1716294599966 1.3645356893539429 0
1716294600487 1.3458844423294067 0
1716294601006 1.3341588973999023 0
1716294601539 1.3237931728363037 0
1716294602099 1.30795419216156 0
1716294602662 1.2924447059631348 0
1716294603251 1.2769391536712646 0
1716294603846 1.2579046487808228 0
1716294604474 1.2430452108383179 0
1716294605121 1.2276722192764282 0
1716294610249 1.2145094871520996 0
1716294610771 1.2054194211959839 0
1716294611319 1.1954058408737183 0
1716294611839 1.1860648393630981 0
1716294612361 1.1744282245635986 0
1716294612913 1.163065791130066 0
1716294613483 1.1540114879608154 0
1716294614066 1.1445801258087158 0
1716294614675 1.1364017724990845 0
1716294615300 1.126272439956665 0
1716294619629 1.1178914308547974 0
1716294620119 1.1095830202102661 0
1716294620636 1.1015549898147583 0
1716294621164 1.0937398672103882 0
1716294621714 1.086118221282959 0
1716294622281 1.0795588493347168 0
1716294622856 1.0725733041763306 0
1716294623448 1.065885066986084 0
1716294624071 1.059110403060913 0
1716294624706 1.0526660680770874 0
1716294628976 1.0466312170028687 0
1716294629459 1.0405329465866089 0
1716294629975 1.0351661443710327 0
1716294630503 1.0295982360839844 0
1716294631048 1.0242862701416016 0
1716294631596 1.01872718334198 0
1716294632165 1.0134817361831665 0
1716294632738 1.0084749460220337 0
1716294633340 1.0035855770111084 0
1716294633948 0.9989471435546875 0
1716294638105 0.9941849708557129 0
1716294638636 0.9896600842475891 0
1716294639174 0.9850592017173767 0
1716294639697 0.9808432459831238 0
1716294640238 0.976637601852417 0
1716294640802 0.9725998640060425 0
1716294641391 0.968543529510498 0
1716294642014 0.9646452069282532 0
1716294642650 0.9607611894607544 0
1716294643317 0.9569680690765381 0
1716294650091 0.9532790184020996 0
1716294650578 0.9496626853942871 0
1716294651091 0.9461178183555603 0
1716294651600 0.9426056146621704 0
1716294652118 0.9392085075378418 0
1716294652638 0.935833752155304 0
1716294653189 0.9325639009475708 0
1716294653758 0.929307758808136 0
1716294654322 0.9261246919631958 0
1716294654896 0.9229633808135986 0
1716294661757 0.9199017882347107 0
1716294662252 0.916871190071106 0
1716294662768 0.9139059782028198 0
1716294663282 0.9109728932380676 0
1716294663807 0.9081144332885742 0
1716294664350 0.9052795171737671 0
1716294664889 0.9024979472160339 0
1716294665469 0.8997400403022766 0
1716294666072 0.8970350623130798 0
1716294666699 0.8943600058555603 0
1716294672828 0.8917288184165955 0
1716294673349 0.8891139030456543 0
1716294673872 0.8865376114845276 0
1716294674385 0.8839976787567139 0
1716294674974 0.8814906477928162 0
1716294675532 0.8790123462677002 0
1716294676121 0.8765601515769958 0
1716294676759 0.8741388916969299 0
1716294677359 0.871748685836792 0
1716294678012 0.8693895936012268 0
1716294683862 0.8670539259910583 0
1716294684353 0.8647497892379761 0
1716294684868 0.8624716401100159 0
1716294685381 0.8602235913276672 0
1716294685918 0.8579981327056885 0
1716294686459 0.8558010458946228 0
1716294687008 0.8536261916160583 0
1716294687563 0.8514787554740906 0
1716294688142 0.8493528366088867 0
1716294688731 0.8472476005554199 0
1716294693429 0.8451674580574036 0
1716294694010 0.8431075215339661 0
1716294694597 0.8410708904266357 0
1716294695126 0.8390526175498962 0
1716294695763 0.837054431438446 0
1716294696375 0.8350754976272583 0
1716294697025 0.8331167697906494 0
1716294697691 0.8311762809753418 0
1716294698570 0.8292542695999146 0
1716294699397 0.827349841594696 0
1716294705026 0.8254640698432922 0
1716294705524 0.8235950469970703 0
1716294706022 0.8217437863349915 0
1716294706522 0.8199102282524109 0
1716294707042 0.8180928230285645 0
1716294707551 0.8162916898727417 0
1716294708066 0.8145084977149963 0
1716294708579 0.8127387762069702 0
1716294709104 0.810986340045929 0
1716294709666 0.8092480897903442 0
1716294714638 0.807525634765625 0
1716294715135 0.8058161735534668 0
1716294715626 0.8041223883628845 0
1716294716141 0.8024432063102722 0
1716294716651 0.8007783889770508 0
1716294717158 0.7991251945495605 0
1716294717715 0.7974862456321716 0
1716294718259 0.7958613038063049 0
1716294718823 0.7942483425140381 0
1716294719398 0.7926474809646606 0
1716294724549 0.7910601496696472 0
1716294725107 0.7894850969314575 0
1716294725633 0.7879220247268677 0
1716294726156 0.786370038986206 0
1716294726731 0.7848300933837891 0
1716294727417 0.7833033204078674 0
1716294728042 0.781785786151886 0
1716294728689 0.7802809476852417 0
1716294729378 0.7787890434265137 0
1716294730112 0.7773072123527527 0
1716294736423 0.7758371829986572 0
1716294736924 0.7743783593177795 0
1716294737433 0.7729316353797913 0
1716294737921 0.771496593952179 0
1716294738420 0.7700708508491516 0
1716294738941 0.7686581015586853 0
1716294739466 0.7672563195228577 0
1716294740012 0.7658668160438538 0
1716294740565 0.7644870281219482 0
1716294741124 0.7631186246871948 0
1716294745777 0.7617602944374084 0
1716294746284 0.7604146003723145 0
1716294746781 0.7590791583061218 0
1716294747299 0.7577528953552246 0
1716294747808 0.7564358115196228 0
1716294748326 0.7551306486129761 0
1716294748868 0.7538349032402039 0
1716294749424 0.7525489330291748 0
1716294749982 0.751271665096283 0
1716294750554 0.7500035762786865 0
1716294754662 0.7487457394599915 0
1716294755152 0.7474978566169739 0
1716294755667 0.7462565898895264 0
1716294756177 0.7450258135795593 0
1716294756712 0.7438030242919922 0
1716294757243 0.7425885200500488 0
1716294757818 0.7413824796676636 0
1716294758377 0.7401856184005737 0
1716294758952 0.7389954328536987 0
1716294759542 0.7378135323524475 0
1716294764219 0.7366387844085693 0
1716294764754 0.7354724407196045 0
1716294765281 0.7343121767044067 0
1716294765776 0.7331563830375671 0
1716294766303 0.7320067286491394 0
1716294766823 0.7308595776557922 0
1716294767406 0.7297152876853943 0
1716294768011 0.7285726070404053 0
1716294768617 0.727433443069458 0
1716294769216 0.7263016700744629 0
1716294775284 0.7251895070075989 0
1716294775804 0.724112331867218 0
1716294776324 0.7230611443519592 0
1716294776856 0.7219948172569275 0
1716294777394 0.7209162712097168 0
1716294777951 0.7198554277420044 0
1716294778524 0.7188188433647156 0
1716294779100 0.7177920341491699 0
1716294779704 0.7167717218399048 0
1716294780321 0.715752363204956 0
1716294786519 0.7147366404533386 0
1716294787028 0.7137312293052673 0
1716294787543 0.7127371430397034 0
1716294788055 0.711754322052002 0
1716294788579 0.7107737064361572 0
1716294789144 0.7097995281219482 0
1716294789736 0.7088339924812317 0
1716294790335 0.707875669002533 0
1716294790992 0.7069244384765625 0
1716294791721 0.705977737903595 0
1716294797369 0.7050380706787109 0
1716294797873 0.7041053771972656 0
1716294798377 0.7031790614128113 0
1716294798871 0.7022589445114136 0
1716294799372 0.7013431191444397 0
1716294799892 0.7004354000091553 0
1716294800424 0.6995317339897156 0
1716294800957 0.6986339092254639 0
1716294801501 0.6977427005767822 0
1716294802066 0.696854829788208 0
1716294806464 0.6959726810455322 0
1716294806955 0.6950962543487549 0
1716294807445 0.6942242980003357 0
1716294807968 0.6933585405349731 0
1716294808506 0.6924944519996643 0
1716294809048 0.6916377544403076 0
1716294809601 0.69078528881073 0
1716294810160 0.6899391412734985 0
1716294810742 0.6891066431999207 0
1716294811332 0.6883077025413513 0
1716294818820 0.6876043677330017 0
1716294819319 0.6874074339866638 0
1716294819839 0.6875702142715454 0
1716294820366 0.6926762461662292 0
1716294820877 0.6871998310089111 0
1716294821391 0.6856991648674011 0
1716294821956 0.6904677748680115 0
1716294822621 0.6829930543899536 0
1716294823238 0.6883311867713928 0
1716294823839 0.7118422389030457 0
1716294829940 0.6957817673683167 0
1716294830459 0.7068634033203125 0
1716294830966 0.6869526505470276 0
1716294831484 0.6922450065612793 0
1716294832003 0.6988267302513123 0
1716294832529 0.696513295173645 0
1716294833088 0.698737621307373 0
1716294833653 0.6952404975891113 0
1716294834255 0.6854599714279175 0
1716294834954 0.6894553899765015 0
1716294841704 0.6922686696052551 0
1716294842240 0.6865583658218384 0
1716294842768 0.6902704834938049 0
1716294843306 0.6898113489151001 0
1716294843830 0.6806005239486694 0
1716294844413 0.6795675158500671 0
1716294845004 0.6903811693191528 0
1716294845663 0.6779612898826599 0
1716294846330 0.6832523941993713 0
1716294847088 0.7008060812950134 0
1716294853672 0.6746957898139954 0
1716294854169 0.6975555419921875 0
1716294854669 0.7166985273361206 0
1716294855194 0.7222577929496765 0
1716294855725 0.702459454536438 0
1716294856272 0.7162342667579651 0
1716294856833 0.6984423398971558 0
1716294857400 0.7105065584182739 0
1716294857988 0.6916890144348145 0
1716294858636 0.6954831480979919 0
1716294865333 0.6780076026916504 0
1716294865835 0.6780167818069458 0
1716294866325 0.6833854913711548 0
1716294866826 0.6812668442726135 0
1716294867356 0.678501546382904 0
1716294867885 0.6775637269020081 0
1716294868442 0.6727085113525391 0
1716294869006 0.6787875294685364 0
1716294869602 0.6756125688552856 0
1716294870248 0.6619884371757507 0
1716294876619 0.6688735485076904 0
1716294877132 0.6686034798622131 0
1716294877638 0.664936363697052 0
1716294878162 0.6743959188461304 0
1716294878705 0.6772943139076233 0
1716294879261 0.6682934761047363 0
1716294879839 0.6819191575050354 0
1716294880430 0.6709181666374207 0
1716294881079 0.6767909526824951 0
1716294881761 0.6673915386199951 0
1716294888893 0.6647633910179138 0
1716294889513 0.6579761505126953 0
1716294890031 0.6570153832435608 0
1716294890554 0.658629298210144 0
1716294891125 0.6527634859085083 0
1716294891693 0.6520057320594788 0
1716294892283 0.6496838927268982 0
1716294892885 0.6494673490524292 0
1716294893527 0.6489769220352173 0
1716294894220 0.6465575098991394 0
1716294900505 0.6459047198295593 0
1716294901014 0.644382119178772 0
1716294901529 0.6454029083251953 0
1716294902048 0.6588578820228577 0
1716294902599 0.643875777721405 0
1716294903160 0.6502625346183777 0
1716294903725 0.6484742760658264 0
1716294904308 0.6480281949043274 0
1716294904907 0.6439164280891418 0
1716294905539 0.6397302150726318 0
1716294911817 0.641582727432251 0
1716294912341 0.6362684369087219 0
1716294912857 0.64803546667099 0
1716294913384 0.6795095205307007 0
1716294913939 0.6515293717384338 0
1716294914506 0.6776520609855652 0
1716294915090 0.6534714698791504 0
1716294915688 0.6648500561714172 0
1716294916321 0.6592146158218384 0
1716294917010 0.6467151641845703 0
1716294923029 0.6544812321662903 0
1716294923543 0.649488627910614 0
1716294924068 0.6579710245132446 0
1716294924593 0.6459621787071228 0
1716294925132 0.636573851108551 0
1716294925690 0.6404285430908203 0
1716294926266 0.6364327073097229 0
1716294926858 0.6403624415397644 0
1716294927484 0.6332517862319946 0
1716294928146 0.6317134499549866 0
1716294933325 0.6289598941802979 0
1716294933826 0.6346710920333862 0
1716294934335 0.655701220035553 0
1716294934872 0.6345381140708923 0
1716294935443 0.6517288684844971 0
1716294936025 0.631144642829895 0
1716294936636 0.6404171586036682 0
1716294937241 0.6323264837265015 0
1716294937874 0.6462612152099609 0
1716294938544 0.624099612236023 0
1716294944826 0.6328818202018738 0
1716294945350 0.6232800483703613 0
1716294945869 0.6324009895324707 0
1716294946393 0.6484372019767761 0
1716294946948 0.638200044631958 0
1716294947524 0.6443641781806946 0
1716294948130 0.6343522071838379 0
1716294948716 0.636182963848114 0
1716294949353 0.6327161192893982 0
1716294950003 0.6230767965316772 0
1716294956240 0.651562511920929 0
1716294956760 0.6216107606887817 0
1716294957293 0.6324205994606018 0
1716294957834 0.6335744261741638 0
1716294958382 0.6171073317527771 0
1716294958952 0.6217550039291382 0
1716294959546 0.6196478605270386 0
1716294960154 0.6198340654373169 0
1716294960797 0.6160225868225098 0
1716294961455 0.6123785972595215 0
1716294967807 0.614277720451355 0
1716294968328 0.6172915697097778 0
1716294968882 0.6127322316169739 0
1716294969528 0.613417387008667 0
1716294970126 0.619977593421936 0
1716294970971 0.6126360893249512 0
1716294971884 0.6196630001068115 0
1716294972579 0.6100167632102966 0
1716294973330 0.6125906109809875 0
1716294974108 0.607712984085083 0
1716294980521 0.6222391724586487 0
1716294981023 0.6484966278076172 0
1716294981544 0.616865873336792 0
1716294982068 0.6412754058837891 0
1716294982654 0.6167210340499878 0
1716294983220 0.6254163980484009 0
1716294983864 0.6145334839820862 0
1716294984491 0.6308431029319763 0
1716294985174 0.6149972081184387 0
1716294985962 0.6860222220420837 0
1716294993036 0.6300573945045471 0
1716294993545 0.6635532975196838 0
1716294994062 0.6379862427711487 0
1716294994605 0.6482210755348206 0
1716294995153 0.6548017859458923 0
1716294995722 0.6237837076187134 0
1716294996288 0.6523456573486328 0
1716294996870 0.6159471273422241 0
1716294997478 0.6264943480491638 0
1716294998104 0.61827152967453 0
1716295003598 0.63316810131073 0
1716295004103 0.6349113583564758 0
1716295004632 0.625321626663208 0
1716295005174 0.6322713494300842 0
1716295005732 0.6223382949829102 0
1716295006313 0.6222518682479858 0
1716295006943 0.6126893162727356 0
1716295007616 0.6164677739143372 0
1716295008355 0.6146073937416077 0
1716295009179 0.6099416613578796 0
1716295015049 0.6069941520690918 0
1716295015558 0.6073204874992371 0
1716295016104 0.6046293377876282 0
1716295016628 0.6026182174682617 0
1716295017184 0.6011876463890076 0
1716295017754 0.6006960868835449 0
1716295018328 0.5990148186683655 0
1716295018933 0.5981771945953369 0
1716295019580 0.5969331860542297 0
1716295020247 0.5958946943283081 0
1716295026139 0.5941715836524963 0
1716295026642 0.5940462946891785 0
1716295027168 0.5927528142929077 0
1716295027702 0.5916510224342346 0
1716295028273 0.5902552008628845 0
1716295028845 0.5900936722755432 0
1716295029431 0.5890964865684509 0
1716295030043 0.5882300138473511 0
1716295030695 0.5869793891906738 0
1716295031359 0.5865010023117065 0
1716295037605 0.5857672095298767 0
1716295038103 0.5851112008094788 0
1716295038620 0.5843250751495361 0
1716295039165 0.5837185382843018 0
1716295039720 0.583052396774292 0
1716295040293 0.5823360681533813 0
1716295040892 0.5817713141441345 0
1716295041509 0.5810856819152832 0
1716295042285 0.580536425113678 0
1716295043108 0.579917311668396 0
1716295049362 0.5793277025222778 0
1716295049872 0.5786709785461426 0
1716295050396 0.578173816204071 0
1716295050931 0.5776522159576416 0
1716295051571 0.5770440697669983 0
1716295052169 0.5764904022216797 0
1716295052741 0.575989305973053 0
1716295053341 0.5755053162574768 0
1716295053974 0.5749188661575317 0
1716295054661 0.5744158029556274 0
1716295059642 0.5739069581031799 0
1716295060152 0.5734027624130249 0
1716295060664 0.5728981494903564 0
1716295061203 0.572411298751831 0
1716295061764 0.5719389915466309 0
1716295062333 0.5714253187179565 0
1716295062935 0.5709623694419861 0
1716295063529 0.5704794526100159 0
1716295064161 0.5700104832649231 0
1716295064802 0.569532573223114 0
1716295069866 0.5690740942955017 0
1716295070390 0.5686088800430298 0
1716295070922 0.5681366324424744 0
1716295071460 0.567692756652832 0
1716295072011 0.5672399997711182 0
1716295072596 0.5667838454246521 0
1716295073180 0.5663318634033203 0
1716295073798 0.5658906102180481 0
1716295074450 0.565448522567749 0
1716295075121 0.5650004744529724 0
1716295080243 0.5645672082901001 0
1716295080755 0.5641292929649353 0
1716295081282 0.5636922121047974 0
1716295081810 0.5632568597793579 0
1716295082353 0.562829852104187 0
1716295082909 0.562401533126831 0
1716295083498 0.5619702935218811 0
1716295084094 0.5615469813346863 0
1716295084721 0.5611229538917542 0
1716295085372 0.5607004761695862 0
1716295091080 0.5602790117263794 0
1716295091610 0.5598607063293457 0
1716295092140 0.5594434142112732 0
1716295092653 0.5590276122093201 0
1716295093215 0.5586153268814087 0
1716295093772 0.558202862739563 0
1716295094395 0.5577924251556396 0
1716295095057 0.5573859810829163 0
1716295095784 0.5569804906845093 0
1716295096630 0.5565762519836426 0
1716295102553 0.5561726093292236 0
1716295103059 0.5557724833488464 0
1716295103570 0.5553722381591797 0
1716295104094 0.5549735426902771 0
1716295104651 0.5545775294303894 0
1716295105218 0.5541819334030151 0
1716295105803 0.5537880659103394 0
1716295106403 0.5533950328826904 0
1716295107021 0.5530040860176086 0
1716295107670 0.552614152431488 0
1716295112350 0.5522257089614868 0
1716295112863 0.5518376231193542 0
1716295113380 0.5514525771141052 0
1716295113935 0.5510672330856323 0
1716295114486 0.550682544708252 0
1716295115067 0.5503009557723999 0
1716295115676 0.5499192476272583 0
1716295116323 0.5495388507843018 0
1716295117004 0.5491604208946228 0
1716295117779 0.5487818717956543 0
1716295123669 0.5484054684638977 0
1716295124173 0.5480291247367859 0
1716295124703 0.5476552844047546 0
1716295125236 0.5472809076309204 0
1716295125785 0.5469080209732056 0
1716295126344 0.5465363264083862 0
1716295126918 0.5461661219596863 0
1716295127511 0.5457957983016968 0
1716295128136 0.5454275608062744 0
1716295128765 0.5450612902641296 0
1716295134713 0.5446940064430237 0
1716295135220 0.544328510761261 0
1716295135735 0.5439645051956177 0
1716295136262 0.5436007380485535 0
1716295136801 0.5432377457618713 0
1716295137361 0.5428761839866638 0
1716295137938 0.5425149202346802 0
1716295138528 0.542155385017395 0
1716295139133 0.5417964458465576 0
1716295139819 0.5414387583732605 0
1716295150423 0.5410804152488708 0
1716295150926 0.5407236814498901 0
1716295151449 0.540368914604187 0
1716295151976 0.5400136709213257 0
1716295152515 0.5396600365638733 0
1716295153069 0.5393068194389343 0
1716295153661 0.538953959941864 0
1716295154260 0.5386044383049011 0
1716295154907 0.5382539629936218 0
1716295155591 0.537903904914856 0
1716295162058 0.5375548005104065 0
1716295162564 0.5372070074081421 0
1716295163078 0.5368598699569702 0
1716295163603 0.5365139842033386 0
1716295164153 0.5361682772636414 0
1716295164713 0.5358229279518127 0
1716295165310 0.5354792475700378 0
1716295165913 0.5351368188858032 0
1716295166548 0.5347937345504761 0
1716295167219 0.5344518423080444 0
1716295172469 0.5341104865074158 0
1716295172961 0.5337708592414856 0
1716295173485 0.533431351184845 0
1716295174036 0.5330929756164551 0
1716295174574 0.5327553153038025 0
1716295175129 0.5324175357818604 0
1716295175702 0.5320819616317749 0
1716295176290 0.5317467451095581 0
1716295176907 0.5314110517501831 0
1716295177556 0.5310776233673096 0
1716295182997 0.5307437777519226 0
1716295183510 0.5304111242294312 0
1716295184042 0.5300795435905457 0
1716295184570 0.5297480225563049 0
1716295185121 0.5294170379638672 0
1716295185680 0.5290881991386414 0
1716295186264 0.5287588834762573 0
1716295186863 0.5284296870231628 0
1716295187484 0.5281016826629639 0
1716295188109 0.527775228023529 0
1716295193351 0.527449369430542 0
1716295193854 0.5271233320236206 0
1716295194386 0.5267990231513977 0
1716295194924 0.5264748930931091 0
1716295195487 0.5261509418487549 0
1716295196063 0.5258281230926514 0
1716295196655 0.5255062580108643 0
1716295197268 0.5251839756965637 0
1716295197919 0.5248627662658691 0
1716295198599 0.5245429277420044 0
1716295204027 0.5242236256599426 0
1716295204529 0.5239041447639465 0
1716295205041 0.5235862731933594 0
1716295205584 0.523268461227417 0
1716295206143 0.5229514837265015 0
1716295206729 0.5226355791091919 0
1716295207345 0.522319495677948 0
1716295207960 0.5220040678977966 0
1716295208604 0.5216892957687378 0
1716295209320 0.521375834941864 0
1716295216410 0.5210635662078857 0
1716295216955 0.5207498073577881 0
1716295217504 0.5204380750656128 0
1716295218067 0.5201270580291748 0
1716295218627 0.5198158621788025 0
1716295219204 0.5195053815841675 0
1716295219807 0.5191953182220459 0
1716295220434 0.5188866257667542 0
1716295221208 0.5185778737068176 0
1716295222192 0.5182703137397766 0
1716295229035 0.517962634563446 0
1716295229516 0.517655611038208 0
1716295230035 0.517349898815155 0
1716295230543 0.5170431733131409 0
1716295231057 0.5167380571365356 0
1716295231581 0.5164332389831543 0
1716295232135 0.5161290764808655 0
1716295232698 0.5158252120018005 0
1716295233292 0.5155224800109863 0
1716295233907 0.515220046043396 0
1716295238757 0.5149177312850952 0
1716295239259 0.5146159529685974 0
1716295239761 0.5143147110939026 0
1716295240282 0.5140138268470764 0
1716295240818 0.5137139558792114 0
1716295241367 0.5134143829345703 0
1716295241938 0.5131140947341919 0
1716295242534 0.5128157734870911 0
1716295243163 0.512517511844635 0
1716295243821 0.5122194886207581 0
1716295248732 0.5119224190711975 0
1716295249235 0.5116258263587952 0
1716295249736 0.5113293528556824 0
1716295250268 0.5110330581665039 0
1716295250807 0.5107375979423523 0
1716295251361 0.5104432106018066 0
1716295251978 0.5101484656333923 0
1716295252652 0.5098547339439392 0
1716295253403 0.5095611810684204 0
1716295254371 0.5092679262161255 0
1716295261175 0.5089758634567261 0
1716295261692 0.5086832642555237 0
1716295262275 0.508392333984375 0
1716295262838 0.5081015229225159 0
1716295263413 0.5078105330467224 0
1716295264050 0.5075213313102722 0
1716295264668 0.5072313547134399 0
1716295265331 0.5069436430931091 0
1716295266066 0.5066555738449097 0
1716295266899 0.5063682198524475 0
1716295273480 0.5060800909996033 0
1716295273987 0.505794882774353 0
1716295274522 0.5055084824562073 0
1716295275049 0.5052233338356018 0
1716295275617 0.5049384832382202 0
1716295276178 0.5046550035476685 0
1716295276764 0.5043712854385376 0
1716295277383 0.5040885806083679 0
1716295278043 0.5038063526153564 0
1716295278706 0.5035237073898315 0
1716295285680 0.5032432079315186 0
1716295286190 0.5029627084732056 0
1716295286749 0.5026834011077881 0
1716295287289 0.5024036169052124 0
1716295287907 0.50212562084198 0
1716295288649 0.5018470287322998 0
1716295289385 0.5015701055526733 0
1716295290306 0.501293957233429 0
1716295291177 0.5010175108909607 0
1716295292035 0.500742495059967 0
1716295299385 0.500467836856842 0
1716295299898 0.5001943707466125 0
1716295300441 0.49992236495018005 0
1716295300975 0.49965301156044006 0
1716295301524 0.4993874430656433 0
1716295302096 0.49914175271987915 0
1716295302694 0.49891841411590576 0
1716295303320 0.4988466203212738 0
1716295304006 0.49862751364707947 0
1716295304769 0.49858415126800537 0
1716295311540 0.498089998960495 0
1716295312180 0.4976538121700287 0
1716295312698 0.49733051657676697 0
1716295313234 0.4971882402896881 0
1716295313781 0.4968680739402771 0
1716295314359 0.49660322070121765 0
1716295314949 0.49633169174194336 0
1716295315574 0.4965277314186096 0
1716295316232 0.4960767328739166 0
1716295316921 0.4957287013530731 0
1716295323081 0.49619194865226746 0
1716295323582 0.4970564842224121 0
1716295324121 0.49590471386909485 0
1716295324657 0.4945117235183716 0
1716295325206 0.4955843687057495 0
1716295325771 0.5045361518859863 0
1716295326365 0.5058078765869141 0
1716295326988 0.4973013401031494 0
1716295327638 0.5033413767814636 0
1716295328314 0.5073584318161011 0
1716295333400 0.4972885251045227 0
1716295333903 0.5053054094314575 0
1716295334427 0.5023425817489624 0
1716295334968 0.49635499715805054 0
1716295335530 0.5089889764785767 0
1716295336099 0.5032009482383728 0
1716295336668 0.49755433201789856 0
1716295337276 0.5036798119544983 0
1716295337940 0.4980175197124481 0
1716295338629 0.4974066913127899 0
1716295344306 0.5032998919487 0
1716295344814 0.49854332208633423 0
1716295345341 0.4951561391353607 0
1716295345888 0.4988439977169037 0
1716295346452 0.49193671345710754 0
1716295347041 0.4942716658115387 0
1716295347648 0.49667873978614807 0
1716295348286 0.49268200993537903 0
1716295348963 0.4926418662071228 0
1716295349692 0.4928109645843506 0
1716295355346 0.49055448174476624 0
1716295355867 0.49041056632995605 0
1716295356397 0.4913634657859802 0
1716295356943 0.4907848536968231 0
1716295357498 0.4899049997329712 0
1716295358076 0.4898638427257538 0
1716295358686 0.49051788449287415 0
1716295359327 0.48781442642211914 0
1716295360006 0.487930029630661 0
1716295360746 0.48854440450668335 0
1716295366144 0.4871506690979004 0
1716295366657 0.4875532388687134 0
1716295367183 0.4886636734008789 0
1716295367714 0.4862441122531891 0
1716295368274 0.48565512895584106 0
1716295368865 0.4866237938404083 0
1716295369474 0.4850119948387146 0
1716295370110 0.485086053609848 0
1716295370790 0.48575377464294434 0
1716295371559 0.4848557412624359 0
1716295376941 0.48422864079475403 0
1716295377443 0.4840174913406372 0
1716295377968 0.48405954241752625 0
1716295378520 0.48367804288864136 0
1716295379087 0.482932984828949 0
1716295379682 0.4829292893409729 0
1716295380293 0.4828788638114929 0
1716295380932 0.48230457305908203 0
1716295381619 0.4820815622806549 0
1716295382348 0.48206499218940735 0
1716295387081 0.48182955384254456 0
1716295387587 0.48143911361694336 0
1716295388126 0.48109203577041626 0
1716295388673 0.48108044266700745 0
1716295389242 0.48094263672828674 0
1716295389827 0.48048651218414307 0
1716295390431 0.4802156388759613 0
1716295391059 0.48005354404449463 0
1716295391754 0.479868084192276 0
1716295392489 0.47961950302124023 0
1716295398597 0.4792851507663727 0
1716295399098 0.4790695309638977 0
1716295399635 0.4789232015609741 0
1716295400169 0.4786820411682129 0
1716295400709 0.47839754819869995 0
1716295401292 0.47815990447998047 0
1716295401890 0.4779854416847229 0
1716295402489 0.4777739644050598 0
1716295403152 0.47750669717788696 0
1716295403810 0.4772745370864868 0
1716295408783 0.4770665466785431 0
1716295409324 0.47686028480529785 0
1716295409856 0.47663766145706177 0
1716295410393 0.4763904809951782 0
1716295410947 0.4761646091938019 0
1716295411517 0.4759579002857208 0
1716295412106 0.4757448136806488 0
1716295412740 0.4755186140537262 0
1716295413400 0.47527727484703064 0
1716295414090 0.4750548303127289 0
1716295420759 0.4748484790325165 0
1716295421365 0.4746294915676117 0
1716295421957 0.4743991494178772 0
1716295422554 0.47416579723358154 0
1716295423102 0.4739440083503723 0
1716295423704 0.473730206489563 0
1716295424373 0.47350752353668213 0
1716295425149 0.47327855229377747 0
1716295425919 0.47304970026016235 0
1716295426800 0.4728240966796875 0
1716295433536 0.4726024270057678 0
1716295434055 0.4723770022392273 0
1716295434564 0.4721492528915405 0
1716295435065 0.47192108631134033 0
1716295435599 0.47169265151023865 0
1716295436344 0.47146570682525635 0
1716295436919 0.4712370038032532 0
1716295437642 0.47100651264190674 0
1716295438339 0.4707769453525543 0
1716295439075 0.4705478549003601 0
1716295445535 0.4703211486339569 0
1716295446126 0.47009196877479553 0
1716295446642 0.4698646068572998 0
1716295447176 0.46963608264923096 0
1716295447718 0.46940916776657104 0
1716295448316 0.4691846966743469 0
1716295448919 0.4689631760120392 0
1716295449599 0.4687434136867523 0
1716295450398 0.46852627396583557 0
1716295451367 0.46830910444259644 0
1716295457771 0.468093603849411 0
1716295458276 0.46787962317466736 0
1716295458796 0.46766653656959534 0
1716295459314 0.4674551486968994 0
1716295459849 0.46724459528923035 0
1716295460388 0.46703800559043884 0
1716295460953 0.4668329656124115 0
1716295461520 0.466636598110199 0
1716295462141 0.4664418399333954 0
1716295462796 0.4662710428237915 0
1716295468147 0.46608415246009827 0
1716295468668 0.4659443497657776 0
1716295469167 0.4657253921031952 0
1716295469682 0.4655592143535614 0
1716295470228 0.46529337763786316 0
1716295470780 0.4650741517543793 0
1716295471351 0.46483391523361206 0
1716295471948 0.4646134376525879 0
1716295472580 0.4643974304199219 0
1716295473234 0.4641818404197693 0
1716295479322 0.4639686048030853 0
1716295479832 0.4637560546398163 0
1716295480395 0.4635474681854248 0
1716295481040 0.46334144473075867 0
1716295481623 0.46314069628715515 0
1716295482230 0.4629431366920471 0
1716295482948 0.462749719619751 0
1716295483744 0.4625592529773712 0
1716295484613 0.4623722732067108 0
1716295485677 0.4621928036212921 0
1716295491671 0.4620320796966553 0
1716295492174 0.46188709139823914 0
1716295492709 0.4618212580680847 0
1716295493241 0.4616832137107849 0
1716295493791 0.46166497468948364 0
1716295494355 0.46134495735168457 0
1716295494952 0.46113863587379456 0
1716295495568 0.46090272068977356 0
1716295496216 0.4606962203979492 0
1716295496890 0.4605530798435211 0
1716295502376 0.4603433907032013 0
1716295502883 0.4601670205593109 0
1716295503404 0.4599067270755768 0
1716295503941 0.4596777856349945 0
1716295504491 0.45941072702407837 0
1716295505069 0.45917224884033203 0
1716295505667 0.45893627405166626 0
1716295506288 0.4587209224700928 0
1716295506942 0.45851510763168335 0
1716295507645 0.4583253264427185 0
1716295512996 0.4581552743911743 0
1716295513499 0.458002507686615 0
1716295514048 0.45792511105537415 0
1716295514600 0.45777589082717896 0
1716295515159 0.457757830619812 0
1716295515728 0.45747214555740356 0
1716295516324 0.45732632279396057 0
1716295516951 0.4571748673915863 0
1716295517625 0.4570845067501068 0
1716295518327 0.45718124508857727 0
1716295523451 0.4570922255516052 0
1716295523965 0.45721614360809326 0
1716295524490 0.4568316638469696 0
1716295525022 0.4566352069377899 0
1716295525579 0.4560624957084656 0
1716295526151 0.45569512248039246 0
1716295526745 0.455331414937973 0
1716295527379 0.4550960659980774 0
1716295528040 0.4549863040447235 0
1716295528718 0.4547552168369293 0
1716295533201 0.4546443819999695 0
1716295533717 0.4542709290981293 0
1716295534249 0.45402005314826965 0
1716295534788 0.4538182020187378 0
1716295535352 0.4536857604980469 0
1716295535936 0.4536455571651459 0
1716295536542 0.4536054730415344 0
1716295537178 0.45375311374664307 0
1716295537855 0.45372822880744934 0
1716295538551 0.454098641872406 0
1716295543053 0.4538683593273163 0
1716295543546 0.4541025459766388 0
1716295544082 0.45331713557243347 0
1716295544634 0.4528709053993225 0
1716295545195 0.45225417613983154 0
1716295545762 0.4516529440879822 0
1716295546362 0.4512779712677002 0
1716295546997 0.4509660601615906 0
1716295547678 0.45078179240226746 0
1716295548391 0.450704962015152 0
1716295553604 0.4507121443748474 0
1716295554101 0.45085906982421875 0
1716295554621 0.45112404227256775 0
1716295555149 0.45133209228515625 0
1716295555708 0.4522145986557007 0
1716295556315 0.45164382457733154 0
1716295556939 0.45159515738487244 0
1716295557582 0.44997602701187134 0
1716295558256 0.44906100630760193 0
1716295559019 0.44863712787628174 0
1716295577263 0.4486270546913147 0
1716295577799 0.4490562081336975 0
1716295578353 0.44958406686782837 0
1716295578906 0.45079880952835083 0
1716295579474 0.450200617313385 0
1716295580037 0.4500550329685211 0
1716295580625 0.44828495383262634 0
1716295581220 0.4472906291484833 0
1716295581873 0.44709813594818115 0
1716295582576 0.44736364483833313 0
1716295588883 0.44850143790245056 0
1716295589412 0.44900208711624146 0
1716295589964 0.45009976625442505 0
1716295590500 0.44820502400398254 0
1716295591052 0.4468246400356293 0
1716295591631 0.445770800113678 0
1716295592210 0.44561174511909485 0
1716295592829 0.4463677704334259 0
1716295593486 0.44735175371170044 0
1716295594149 0.4493500590324402 0
1716295599666 0.44784095883369446 0
1716295600176 0.4462706744670868 0
1716295600716 0.4444337785243988 0
1716295601255 0.44456005096435547 0
1716295601826 0.4463680386543274 0
1716295602413 0.4482855498790741 0
1716295603072 0.45137345790863037 0
1716295603685 0.4472416639328003 0
1716295604370 0.4436153173446655 0
1716295605079 0.4443880021572113 0
1716295612555 0.4480589032173157 0
1716295613084 0.45547470450401306 0
1716295613599 0.4590900242328644 0
1716295614172 0.45283347368240356 0
1716295614752 0.44548967480659485 0
1716295615327 0.4553779661655426 0
1716295615969 0.47055062651634216 0
1716295616637 0.4604129493236542 0
1716295617378 0.4481460154056549 0
1716295618248 0.453399658203125 0
1716295625311 0.45251134037971497 0
1716295625824 0.4459567368030548 0
1716295626346 0.4453323781490326 0
1716295626892 0.450393944978714 0
1716295627440 0.45370644330978394 0
1716295628005 0.44428306818008423 0
1716295628593 0.44465479254722595 0
1716295629200 0.4499715566635132 0
1716295629879 0.4443158805370331 0
1716295630557 0.44150111079216003 0
1716295637103 0.44247767329216003 0
1716295637611 0.44240936636924744 0
1716295638133 0.444175660610199 0
1716295638674 0.44261249899864197 0
1716295639234 0.4405525326728821 0
1716295639820 0.43996405601501465 0
1716295640450 0.4407179057598114 0
1716295641111 0.44270309805870056 0
1716295641785 0.44259119033813477 0
1716295642560 0.44144144654273987 0
1716295649710 0.43856528401374817 0
1716295650247 0.44061484932899475 0
1716295650801 0.4451386332511902 0
1716295651354 0.4446168839931488 0
1716295651919 0.44316786527633667 0
1716295652534 0.4378003180027008 0
1716295653164 0.44102954864501953 0
1716295653848 0.4481654465198517 0
1716295654610 0.4429493546485901 0
1716295655477 0.43867596983909607 0
1716295662431 0.43742263317108154 0
1716295663102 0.4431716799736023 0
1716295663636 0.448172390460968 0
1716295664187 0.44159573316574097 0
1716295664839 0.43719005584716797 0
1716295665540 0.4419194459915161 0
1716295666755 0.444783478975296 0
1716295667582 0.4426572918891907 0
1716295668437 0.43832290172576904 0
1716295669371 0.43980249762535095 0
1716295676214 0.4450428783893585 0
1716295676727 0.43956249952316284 0
1716295677250 0.4352262616157532 0
1716295677801 0.4359320104122162 0
1716295678385 0.4353307783603668 0
1716295678981 0.4362157881259918 0
1716295679627 0.43495994806289673 0
1716295680287 0.4331551194190979 0
1716295681037 0.4336037039756775 0
1716295681893 0.4322996139526367 0
1716295689852 0.432871550321579 0
1716295690355 0.4331984519958496 0
1716295690888 0.4335077702999115 0
1716295691421 0.43365582823753357 0
1716295691990 0.43134450912475586 0
1716295692579 0.4314768314361572 0
1716295693179 0.4319532513618469 0
1716295693833 0.4335159659385681 0
1716295694530 0.43465662002563477 0
1716295695317 0.4322507083415985 0
1716295701973 0.43048086762428284 0
1716295702477 0.43249261379241943 0
1716295703022 0.43927234411239624 0
1716295703558 0.4414089322090149 0
1716295704133 0.438436359167099 0
1716295704715 0.43159207701683044 0
1716295705332 0.4417388141155243 0
1716295705974 0.46250712871551514 0
1716295706688 0.8535287380218506 0
1716295707451 0.9413270950317383 0
1716295714028 0.7361101508140564 0
1716295714550 0.8554073572158813 0
1716295715092 0.6922758221626282 0
1716295715619 0.8014806509017944 0
1716295716195 0.7783752679824829 0
1716295716903 0.7181397080421448 0
1716295717631 0.6973844766616821 0
1716295718963 0.6517511010169983 0
1716295719981 0.6557419896125793 0
1716295721055 0.650883674621582 0
1716295727638 0.6203884482383728 0
1716295728161 0.5735232830047607 0
1716295728698 0.5893440842628479 0
1716295729260 0.5843694806098938 0
1716295729837 0.5512140393257141 0
1716295730460 0.5432605743408203 0
1716295731447 0.5382307171821594 0
1716295732293 0.5115261673927307 0
1716295733211 0.5051034092903137 0
1716295734375 0.517073392868042 0
1716295740685 0.5061069130897522 0
1716295741248 0.4947860836982727 0
1716295741776 0.4930984079837799 0
1716295742351 0.49248555302619934 0
1716295742911 0.48604071140289307 0
1716295743547 0.4805479943752289 0
1716295744232 0.4757435917854309 0
1716295745099 0.47049084305763245 0
1716295746100 0.4643420875072479 0
1716295747561 0.46235790848731995 0
1716295754614 0.46429339051246643 0
1716295755136 0.461588054895401 0
1716295755754 0.45521095395088196 0
1716295756337 0.45459550619125366 0
1716295756914 0.4535617530345917 0
1716295757539 0.45105504989624023 0
1716295758239 0.45041000843048096 0
1716295758936 0.448215126991272 0
1716295759824 0.44516995549201965 0
1716295760844 0.4446701109409332 0
1716295767703 0.44305890798568726 0
1716295768213 0.44217097759246826 0
1716295768754 0.44087910652160645 0
1716295769301 0.4393974840641022 0
1716295769894 0.4379415512084961 0
1716295770504 0.4371269643306732 0
1716295771180 0.4365016222000122 0
1716295771904 0.43547189235687256 0
1716295772881 0.43464237451553345 0
1716295774074 0.43432149291038513 0
1716295781144 0.43331676721572876 0
1716295781661 0.4323531985282898 0
1716295782190 0.43190038204193115 0
1716295782735 0.43094584345817566 0
1716295783302 0.43015211820602417 0
1716295783870 0.42970770597457886 0
1716295784483 0.42907822132110596 0
1716295785129 0.4285251498222351 0
1716295785836 0.42809900641441345 0
1716295786635 0.42757102847099304 0
1716295793285 0.42705148458480835 0
1716295793808 0.4267297089099884 0
1716295794326 0.42622241377830505 0
1716295794885 0.42571771144866943 0
1716295795445 0.4253625273704529 0
1716295796018 0.4249130189418793 0
1716295796626 0.42457085847854614 0
1716295797269 0.42420002818107605 0
1716295797964 0.42378002405166626 0
1716295798734 0.42344844341278076 0
1716295804486 0.42310795187950134 0
1716295804994 0.4227580428123474 0
1716295805513 0.42246460914611816 0
1716295806064 0.42215970158576965 0
1716295806622 0.4218170940876007 0
1716295807204 0.4215298295021057 0
1716295807809 0.42124149203300476 0
1716295808448 0.4209463596343994 0
1716295809125 0.42068517208099365 0
1716295809852 0.4204002916812897 0
1716295815773 0.42013081908226013 0
1716295816275 0.41987115144729614 0
1716295816812 0.41960763931274414 0
1716295817340 0.4193519055843353 0
1716295817890 0.41909781098365784 0
1716295818466 0.4188407361507416 0
1716295819088 0.41859427094459534 0
1716295819755 0.41835299134254456 0
1716295820513 0.41810616850852966 0
1716295821432 0.41787320375442505 0
1716295827245 0.41763418912887573 0
1716295827761 0.4173987805843353 0
1716295828279 0.41716909408569336 0
1716295828824 0.41693612933158875 0
1716295829413 0.4167105257511139 0
1716295830011 0.41648295521736145 0
1716295830639 0.41625240445137024 0
1716295831347 0.41602611541748047 0
1716295832156 0.41580384969711304 0
1716295833504 0.41557905077934265 0
1716295840083 0.41535699367523193 0
1716295840614 0.41513392329216003 0
1716295841141 0.4149133265018463 0
1716295841683 0.41469305753707886 0
1716295842261 0.4144723415374756 0
1716295842866 0.4142540395259857 0
1716295843487 0.4140368700027466 0
1716295844198 0.4138200283050537 0
1716295844962 0.41360580921173096 0
1716295845867 0.4133925437927246 0
1716295852724 0.4131790101528168 0
1716295853249 0.4129677712917328 0
1716295853788 0.4127569794654846 0
1716295854334 0.4125472903251648 0
1716295854933 0.41234076023101807 0
1716295855532 0.41213351488113403 0
1716295856155 0.41192787885665894 0
1716295856850 0.4117223918437958 0
1716295857616 0.41151732206344604 0
1716295858684 0.4113146960735321 0
1716295865555 0.411111980676651 0
1716295866061 0.4109094440937042 0
1716295866590 0.4107092320919037 0
1716295867128 0.4105084538459778 0
1716295867682 0.4103090167045593 0
1716295868259 0.41010957956314087 0
1716295868862 0.4099119305610657 0
1716295869491 0.40971383452415466 0
1716295870185 0.4095163345336914 0
1716295870949 0.4093194901943207 0
1716295876959 0.4091236889362335 0
1716295877455 0.4089288115501404 0
1716295877984 0.40873321890830994 0
1716295878527 0.40853968262672424 0
1716295879085 0.40834569931030273 0
1716295879660 0.4081527590751648 0
1716295880256 0.4079606831073761 0
1716295880884 0.4077686071395874 0
1716295881554 0.40757814049720764 0
1716295882257 0.40738776326179504 0
1716295887517 0.4071975350379944 0
1716295888018 0.40700843930244446 0
1716295888553 0.40681952238082886 0
1716295889095 0.40663138031959534 0
1716295889687 0.4064443111419678 0
1716295890266 0.4062574803829193 0
1716295890881 0.40607085824012756 0
1716295891515 0.4058856666088104 0
1716295892192 0.40570068359375 0
1716295892937 0.40551695227622986 0
1716295898287 0.40533313155174255 0
1716295898791 0.4051494002342224 0
1716295899322 0.40496695041656494 0
1716295899856 0.4047848880290985 0
1716295900416 0.40460318326950073 0
1716295901010 0.4044226109981537 0
1716295901620 0.4042414128780365 0
1716295902271 0.40406230092048645 0
1716295902963 0.40388229489326477 0
1716295903707 0.4037034809589386 0
1716295909413 0.4035252630710602 0
1716295909930 0.40334752202033997 0
1716295910473 0.4031704068183899 0
1716295911049 0.40299323201179504 0
1716295911657 0.4028172194957733 0
1716295912261 0.40263986587524414 0
1716295912910 0.4024643003940582 0
1716295913662 0.40228956937789917 0
1716295914786 0.40211495757102966 0
1716295916116 0.40194064378738403 0
1716295923565 0.40176713466644287 0
1716295924105 0.401592493057251 0
1716295924629 0.4014202356338501 0
1716295925165 0.401248037815094 0
1716295925746 0.4010745882987976 0
1716295926344 0.4009028673171997 0
1716295926984 0.40073075890541077 0
1716295927665 0.40055936574935913 0
1716295928500 0.40038883686065674 0
1716295929761 0.40021783113479614 0
1716295936696 0.4000469446182251 0
1716295937210 0.3998775780200958 0
1716295937739 0.399707555770874 0
1716295938305 0.3995378315448761 0
1716295938867 0.3993687033653259 0
1716295939412 0.39919981360435486 0
1716295939997 0.39903098344802856 0
1716295940641 0.39886224269866943 0
1716295941324 0.3986949622631073 0
1716295942070 0.3985286056995392 0
1716295948567 0.39836201071739197 0
1716295949092 0.39819803833961487 0
1716295949633 0.39803627133369446 0
1716295950186 0.3978806138038635 0
1716295950759 0.3977331817150116 0
1716295951344 0.39760321378707886 0
1716295951970 0.3975023031234741 0
1716295952642 0.39745986461639404 0
1716295953379 0.39749279618263245 0
1716295954195 0.39769771695137024 0
1716295960030 0.39796915650367737 0
1716295960547 0.3985637128353119 0
1716295961085 0.3985776901245117 0
1716295961639 0.3986465334892273 0
1716295962219 0.3974883556365967 0
1716295962807 0.3965250253677368 0
1716295963434 0.39583471417427063 0
1716295964102 0.3956016004085541 0
1716295964843 0.3957153260707855 0
1716295965689 0.3961934745311737 0
1716295972866 0.39703989028930664 0
1716295973413 0.3973321318626404 0
1716295973950 0.39755693078041077 0
1716295974504 0.3964391350746155 0
1716295975085 0.39529329538345337 0
1716295975746 0.3943757116794586 0
1716295976412 0.3943791091442108 0
1716295977142 0.3951491415500641 0
1716295978054 0.39673730731010437 0
1716295979662 0.39876970648765564 0
1716295985593 0.3973121643066406 0
1716295986105 0.394726425409317 0
1716295986632 0.3935118615627289 0
1716295987161 0.3946267068386078 0
1716295987728 0.39768868684768677 0
1716295988308 0.3993545472621918 0
1716295988912 0.3986052870750427 0
1716295989561 0.39345163106918335 0
1716295990276 0.39474937319755554 0
1716295991120 0.40207740664482117 0
1716295996841 0.4102998673915863 0
1716295997375 0.4123203158378601 0
1716295997902 0.4030628502368927 0
1716295998435 0.39577290415763855 0
1716295998998 0.40577712655067444 0
1716295999586 0.41105031967163086 0
1716296000193 0.40787237882614136 0
1716296000833 0.39754176139831543 0
1716296001514 0.40834274888038635 0
1716296002235 0.4136992394924164 0
1716296008944 0.43769100308418274 0
1716296009558 0.46613869071006775 0
1716296010163 0.9179316759109497 0
1716296011003 0.9045934081077576 0
1716296011808 0.7480155825614929 0
1716296012753 0.8386239409446716 0
1716296013706 0.8238488435745239 0
1716296014459 0.9510954022407532 0
1716296015414 0.8757890462875366 0
1716296016623 0.9705239534378052 0
1716296024033 1.0760031938552856 0
1716296024552 0.8756378293037415 0
1716296025058 0.8686250448226929 0
1716296025599 0.7679226398468018 0
1716296026169 0.7569901347160339 0
1716296026740 0.7070012092590332 0
1716296027361 0.7359042167663574 0
1716296028003 0.7030823826789856 0
1716296028701 0.6306407451629639 0
1716296029498 0.6316801309585571 0
1716296037884 0.6477860808372498 0
1716296038403 0.6244763135910034 0
1716296038915 0.6126660108566284 0
1716296039476 0.6128804683685303 0
1716296040040 0.6070243716239929 0
1716296040652 0.5928332805633545 0
1716296041272 0.5645768046379089 0
1716296041929 0.5477353930473328 0
1716296042664 0.5418179035186768 0
1716296043497 0.5343621373176575 0
1716296050808 0.5152345895767212 0
1716296051319 0.509128987789154 0
1716296051873 0.5059126019477844 0
1716296052423 0.4978679120540619 0
1716296052984 0.49191370606422424 0
1716296053569 0.4824267625808716 0
1716296054172 0.4811447262763977 0
1716296054805 0.47587263584136963 0
1716296055496 0.47194644808769226 0
1716296056236 0.4681728482246399 0
1716296062269 0.4613678753376007 0
1716296062777 0.4574195444583893 0
1716296063323 0.45151272416114807 0
1716296063883 0.44890257716178894 0
1716296064454 0.44492214918136597 0
1716296065034 0.4402230679988861 0
1716296065662 0.43785616755485535 0
1716296066334 0.4344747066497803 0
1716296067051 0.4326222240924835 0
1716296067874 0.4300077557563782 0
1716296073317 0.42677903175354004 0
1716296073814 0.4252585768699646 0
1716296074355 0.4230348467826843 0
1716296074898 0.4213343858718872 0
1716296075460 0.4204915761947632 0
1716296076042 0.41872793436050415 0
1716296076668 0.4172380864620209 0
1716296077339 0.41600459814071655 0
1716296078056 0.4146125018596649 0
1716296079693 0.4134349226951599 0
1716296086286 0.412069171667099 0
1716296086794 0.41084882616996765 0
1716296087312 0.4098794460296631 0
1716296087851 0.40890324115753174 0
1716296088409 0.40809541940689087 0
1716296088997 0.4071616530418396 0
1716296089605 0.40619000792503357 0
1716296090247 0.40548476576805115 0
1716296090948 0.4046812951564789 0
1716296091724 0.4037487208843231 0
1716296099023 0.40308675169944763 0
1716296099628 0.40242743492126465 0
1716296100203 0.4016774892807007 0
1716296100812 0.40114548802375793 0
1716296101396 0.4005422294139862 0
1716296101999 0.3998383581638336 0
1716296102800 0.39932510256767273 0
1716296103669 0.3987729251384735 0
1716296104702 0.39816051721572876 0
1716296105878 0.39767900109291077 0
1716296113159 0.39720413088798523 0
1716296113675 0.39673057198524475 0
1716296114242 0.3963027000427246 0
1716296114790 0.39583542943000793 0
1716296115382 0.39535972476005554 0
1716296115996 0.3949558436870575 0
1716296116635 0.3945660889148712 0
1716296117327 0.3941480815410614 0
1716296118062 0.3937731683254242 0
1716296118948 0.39340734481811523 0
1716296125392 0.39302513003349304 0
1716296125908 0.39267298579216003 0
1716296126445 0.3923197090625763 0
1716296126979 0.3919622004032135 0
1716296127535 0.3916287124156952 0
1716296128103 0.3912973701953888 0
1716296128696 0.39096301794052124 0
1716296129318 0.3906362056732178 0
1716296130000 0.39032116532325745 0
1716296130751 0.3900107741355896 0
1716296153304 0.3897031545639038 0
1716296153861 0.38940271735191345 0
1716296154472 0.38910791277885437 0
1716296155044 0.3888135254383087 0
1716296155605 0.38852378726005554 0
1716296156193 0.38824257254600525 0
1716296156874 0.3879619836807251 0
1716296157609 0.3876854479312897 0
1716296158591 0.387417197227478 0
1716296159619 0.38714954257011414 0
1716296168020 0.38688409328460693 0
1716296168543 0.38662657141685486 0
1716296169086 0.38637202978134155 0
1716296169623 0.3861195743083954 0
1716296170196 0.3858695924282074 0
1716296170780 0.3856251537799835 0
1716296171384 0.38538530468940735 0
1716296172035 0.3851456642150879 0
1716296172730 0.384907990694046 0
1716296173477 0.3846745789051056 0
1716296179046 0.38444358110427856 0
1716296179533 0.3842144310474396 0
1716296180072 0.38398751616477966 0
1716296180611 0.3837622106075287 0
1716296181162 0.38353922963142395 0
1716296181738 0.38332027196884155 0
1716296182334 0.3831017017364502 0
1716296182974 0.38288575410842896 0
1716296183661 0.38267266750335693 0
1716296184400 0.38246092200279236 0
1716296190005 0.38225147128105164 0
1716296190505 0.382043719291687 0
1716296191027 0.3818379044532776 0
1716296191585 0.3816344439983368 0
1716296192147 0.3814326226711273 0
1716296192727 0.3812321722507477 0
1716296193346 0.38103288412094116 0
1716296193998 0.3808363974094391 0
1716296194693 0.3806413412094116 0
1716296195404 0.3804475665092468 0
1716296201034 0.38025450706481934 0
1716296201549 0.3800636827945709 0
1716296202099 0.37987446784973145 0
1716296202646 0.3796863257884979 0
1716296203231 0.37949955463409424 0
1716296203817 0.3793131113052368 0
1716296204459 0.37912917137145996 0
1716296205094 0.3789467215538025 0
1716296205784 0.3787630498409271 0
1716296206549 0.37858331203460693 0
1716296211963 0.37840303778648376 0
1716296212473 0.37822428345680237 0
1716296213005 0.3780466914176941 0
1716296213549 0.3778699040412903 0
1716296214130 0.37769412994384766 0
1716296214741 0.37752020359039307 0
1716296215358 0.3773459494113922 0
1716296216010 0.37717294692993164 0
1716296216690 0.37700122594833374 0
1716296217411 0.376830518245697 0
1716296223413 0.37665972113609314 0
1716296223910 0.3764902353286743 0
1716296224452 0.37632158398628235 0
1716296224993 0.37615418434143066 0
1716296225563 0.37598690390586853 0
1716296226140 0.37582066655158997 0
1716296226741 0.37565553188323975 0
1716296227367 0.3754902184009552 0
1716296228040 0.3753263056278229 0
1716296228745 0.3751627206802368 0
1716296235403 0.37500014901161194 0
1716296235921 0.37483835220336914 0
1716296236434 0.3746764659881592 0
1716296236977 0.37451502680778503 0
1716296237569 0.37435513734817505 0
1716296238301 0.3741951584815979 0
1716296239088 0.3740357756614685 0
1716296239831 0.37387749552726746 0
1716296240768 0.37371882796287537 0
1716296241786 0.37356144189834595 0
1716296247617 0.37340372800827026 0
1716296248127 0.37324780225753784 0
1716296248648 0.3730911612510681 0
1716296249173 0.37293538451194763 0
1716296249733 0.37277960777282715 0
1716296250303 0.37262457609176636 0
1716296250892 0.37247034907341003 0
1716296251515 0.37231650948524475 0
1716296252173 0.37216299772262573 0
1716296252860 0.3720094561576843 0
1716296258038 0.3718567490577698 0
1716296258541 0.3717043399810791 0
1716296259118 0.37155237793922424 0
1716296259668 0.3714006245136261 0
1716296260238 0.37124893069267273 0
1716296260822 0.3710980713367462 0
1716296261434 0.3709472417831421 0
1716296262089 0.3707973062992096 0
1716296262820 0.37064701318740845 0
1716296263714 0.3704974949359894 0
1716296269654 0.37034761905670166 0
1716296270157 0.37019917368888855 0
1716296270679 0.370050847530365 0
1716296271231 0.3699021637439728 0
1716296271822 0.369754433631897 0
1716296272397 0.3696068823337555 0
1716296272997 0.3694593608379364 0
1716296273626 0.36931300163269043 0
1716296274271 0.36916646361351013 0
1716296274999 0.36902105808258057 0
1716296280541 0.36887484788894653 0
1716296281040 0.36872997879981995 0
1716296281559 0.36858507990837097 0
1716296282108 0.3684408366680145 0
1716296282665 0.36829671263694763 0
1716296283254 0.36815351247787476 0
1716296283867 0.36801058053970337 0
1716296284521 0.36786794662475586 0
1716296285215 0.36772623658180237 0
1716296285964 0.3675849139690399 0
1716296291733 0.36744314432144165 0
1716296292230 0.3673021197319031 0
1716296292805 0.3671613931655884 0
1716296293685 0.3670218884944916 0
1716296294219 0.3668825328350067 0
1716296294790 0.36674240231513977 0
1716296295383 0.36660417914390564 0
1716296296010 0.3664650022983551 0
1716296296725 0.36632734537124634 0
1716296297456 0.36618858575820923 0
1716296304587 0.3660508692264557 0
1716296305117 0.36591410636901855 0
1716296305661 0.3657762110233307 0
1716296306208 0.36563944816589355 0
1716296306770 0.3655029833316803 0
1716296307365 0.3653663098812103 0
1716296307971 0.36522969603538513 0
1716296308639 0.36509355902671814 0
1716296309339 0.364957720041275 0
1716296310106 0.36482182145118713 0
1716296316806 0.3646865487098694 0
1716296317308 0.36455076932907104 0
1716296317854 0.3644157350063324 0
1716296318432 0.36428001523017883 0
1716296318987 0.36414578557014465 0
1716296319588 0.36401134729385376 0
1716296320238 0.36387601494789124 0
1716296321006 0.3637422025203705 0
1716296322801 0.36360782384872437 0
1716296323724 0.3634744882583618 0
1716296332749 0.3633403182029724 0
1716296333309 0.36320772767066956 0
1716296333831 0.3630742132663727 0
1716296334361 0.3629412055015564 0
1716296334910 0.36280936002731323 0
1716296335494 0.36267733573913574 0
1716296336145 0.36254680156707764 0
1716296337108 0.36241620779037476 0
1716296337985 0.36228859424591064 0
1716296338967 0.3621649444103241 0
1716296346247 0.36205369234085083 0
1716296346784 0.3619691729545593 0
1716296347314 0.3619534969329834 0
1716296347873 0.3621070086956024 0
1716296348454 0.36277469992637634 0
1716296349039 0.36438843607902527 0
1716296349635 0.3708403706550598 0
1716296350270 0.379860520362854 0
1716296351008 0.3950992226600647 0
1716296351896 0.3973228931427002 0
1716296358217 0.3681555390357971 0
1716296358732 0.3958241045475006 0
1716296359253 0.4210240840911865 0
1716296359796 0.8907443881034851 0
1716296360369 0.5469130277633667 0
1716296360947 1.14729905128479 0
1716296361561 0.7207317352294922 0
1716296362208 1.4690535068511963 0
1716296362906 0.9635969400405884 0
1716296363626 0.849590003490448 0
1716296369406 1.2411044836044312 0
1716296369903 0.9218947291374207 0
1716296370453 0.9253137707710266 0
1716296370998 1.5433775186538696 0
1716296371564 1.7664597034454346 0
1716296372147 1.2717827558517456 0
1716296372753 1.8350067138671875 0
1716296373398 2.2495193481445312 0
1716296374090 2.5780837535858154 0
1716296374845 2.3494467735290527 0
1716296380764 2.3622992038726807 0
1716296381267 2.380019426345825 0
1716296381798 2.3727500438690186 0
1716296382360 2.36504864692688 0
1716296382931 2.3311634063720703 0
1716296383541 2.2783467769622803 0
1716296384163 2.467165946960449 0
1716296384866 2.496526002883911 0
1716296385607 2.454486608505249 0
1716296386415 2.414559841156006 0
1716296392485 2.3084216117858887 0
1716296392988 2.2416110038757324 0
1716296393504 2.1099841594696045 0
1716296394058 2.0815248489379883 0
1716296394625 2.062620162963867 0
1716296395217 2.062337636947632 0
1716296395831 2.0093038082122803 0
1716296396498 2.003460645675659 0
1716296397208 1.9827497005462646 0
1716296398001 1.9328172206878662 0
1716296403794 1.9120635986328125 0
1716296404310 1.889595627784729 0
1716296404849 1.8776273727416992 0
1716296405457 1.8184362649917603 0
1716296406055 1.7802684307098389 0
1716296406679 1.7627872228622437 0
1716296407339 1.8265005350112915 0
1716296408065 1.919526219367981 0
1716296408881 2.022211790084839 0
1716296410213 2.0308520793914795 0
1716296416864 2.0278446674346924 0
1716296417388 2.0363051891326904 0
1716296417934 2.0179052352905273 0
1716296418517 1.9789273738861084 0
1716296419083 1.9636738300323486 0
1716296419678 1.9233551025390625 0
1716296420318 1.900572657585144 0
1716296421017 1.8783565759658813 0
1716296421908 1.843473196029663 0
1716296423761 1.8252836465835571 0
1716296430394 1.8083282709121704 0
1716296431015 1.7839348316192627 0
1716296431548 1.747032642364502 0
1716296432088 1.7274062633514404 0
1716296432654 1.697242259979248 0
1716296433235 1.6745980978012085 0
1716296433887 1.660295009613037 0
1716296434573 1.6378912925720215 0
1716296435361 1.6228975057601929 0
1716296436306 1.6056333780288696 0
1716296442203 1.584697961807251 0
1716296442711 1.5612843036651611 0
1716296443243 1.538088321685791 0
1716296443783 1.5171228647232056 0
1716296444350 1.5003349781036377 0
1716296444949 1.4872461557388306 0
1716296445585 1.4746557474136353 0
1716296446258 1.4600319862365723 0
1716296446987 1.443442940711975 0
1716296447802 1.428643822669983 0
1716296454585 1.4145493507385254 0
1716296455091 1.4019221067428589 0
1716296455623 1.3894503116607666 0
1716296456170 1.3753929138183594 0
1716296456724 1.3600895404815674 0
1716296457315 1.3453058004379272 0
1716296457927 1.3321970701217651 0
1716296458598 1.3206275701522827 0
1716296459324 1.3095709085464478 0
1716296460138 1.29804265499115 0
1716296466712 1.2857779264450073 0
1716296467210 1.273176670074463 0
1716296467735 1.2607496976852417 0
1716296468283 1.2486029863357544 0
1716296468864 1.2364660501480103 0
1716296469460 1.2244184017181396 0
1716296470057 1.2131094932556152 0
1716296470699 1.2020965814590454 0
1716296471400 1.190494179725647 0
1716296472189 1.1783853769302368 0
1716296477828 1.1663968563079834 0
1716296478327 1.1551846265792847 0
1716296478859 1.1449811458587646 0
1716296479421 1.1354604959487915 0
1716296479993 1.127193570137024 0
1716296480574 1.1197741031646729 0
1716296481192 1.1116113662719727 0
1716296481835 1.1027108430862427 0
1716296482513 1.093279480934143 0
1716296483249 1.0841578245162964 0
1716296489826 1.075757384300232 0
1716296490368 1.0676720142364502 0
1716296490915 1.0598723888397217 0
1716296491497 1.0520483255386353 0
1716296492281 1.0439281463623047 0
1716296493271 1.0356760025024414 0
1716296494455 1.0277235507965088 0
1716296495571 1.0204100608825684 0
1716296496368 1.0133320093154907 0
1716296497224 1.0058363676071167 0
1716296504867 0.9981370568275452 0
1716296505384 0.9907580018043518 0
1716296505924 0.9836515784263611 0
1716296506562 0.976634681224823 0
1716296507148 0.969684362411499 0
1716296507784 0.9627511501312256 0
1716296508463 0.955866813659668 0
1716296509237 0.9491472840309143 0
1716296510521 0.9425336122512817 0
1716296511942 0.9359301328659058 0
1716296519112 0.92937171459198 0
1716296519638 0.922974169254303 0
1716296520210 0.9167870879173279 0
1716296520758 0.9107612371444702 0
1716296521373 0.9048265218734741 0
1716296522031 0.8989723920822144 0
1716296522687 0.8932385444641113 0
1716296524573 0.8876422047615051 0
1716296525893 0.8821461200714111 0
1716296526799 0.876729428768158 0
1716296533764 0.8714093565940857 0
1716296534297 0.8662105798721313 0
1716296534868 0.8611273169517517 0
1716296535411 0.8561532497406006 0
1716296535986 0.8512890934944153 0
1716296536573 0.8465147018432617 0
1716296537212 0.8418188691139221 0
1716296537904 0.8372068405151367 0
1716296538677 0.8326811194419861 0
1716296539709 0.8282289505004883 0
1716296546750 0.8238282799720764 0
1716296547249 0.8194619417190552 0
1716296547775 0.8151193261146545 0
1716296548315 0.810797929763794 0
1716296548868 0.8064684867858887 0
1716296549443 0.8020981550216675 0
1716296550042 0.7976622581481934 0
1716296550674 0.7931928634643555 0
1716296551363 0.7887788414955139 0
1716296552097 0.7844916582107544 0
1716296559006 0.7803940773010254 0
1716296559529 0.7765012979507446 0
1716296560053 0.7727827429771423 0
1716296560630 0.769205629825592 0
1716296561204 0.7657570242881775 0
1716296561894 0.762431800365448 0
1716296562759 0.7592211365699768 0
1716296563644 0.756102979183197 0
1716296564743 0.7530450224876404 0
1716296566135 0.7500195503234863 0
1716296573516 0.7470209002494812 0
1716296574197 0.7440502643585205 0
1716296574757 0.7411277294158936 0
