1716293800148 1.5385551452636719 0
1716293800668 0.5127067565917969 0
1716293801192 0.49239087104797363 0
1716293801680 0.48125696182250977 0
1716293802178 0.4876680374145508 0
1716293802693 0.5042421817779541 0
1716293803262 0.561978816986084 0
1716293803795 0.5209343433380127 0
1716293804298 0.4904341697692871 0
1716293804815 0.5047528743743896 0
1716293810272 1.4252960681915283 0
1716293810816 0.5385711193084717 0
1716293811346 0.5085649490356445 0
1716293811854 0.49321413040161133 0
1716293812398 0.5353090763092041 0
1716293812953 0.5419409275054932 0
1716293813484 0.5155408382415771 0
1716293814010 0.5034282207489014 0
1716293814523 0.5014188289642334 0
1716293815033 0.49988317489624023 0
1716293819939 1.2020471096038818 0
1716293820467 0.521090030670166 0
1716293821017 0.5391812324523926 0
1716293821575 0.5358889102935791 0
1716293822080 0.493671178817749 0
1716293822596 0.5051431655883789 0
1716293823124 0.5159790515899658 0
1716293823627 0.49158501625061035 0
1716293824138 0.49818897247314453 0
1716293824641 0.492077112197876 0
1716293829070 1.0495212078094482 0
1716293829613 0.5358400344848633 0
1716293830132 0.5012919902801514 0
1716293830660 0.5170481204986572 0
1716293831175 0.5055649280548096 0
1716293831686 0.49753499031066895 0
1716293832176 0.47640395164489746 0
1716293832676 0.4916391372680664 0
1716293833178 0.4880790710449219 0
1716293833673 0.48376917839050293 0
1716293837788 1.261286973953247 0
1716293838330 0.5358452796936035 0
1716293838839 0.5014798641204834 0
1716293839345 0.49672818183898926 0
1716293839860 0.5021588802337646 0
1716293840378 0.5079329013824463 0
1716293840904 0.5171918869018555 0
1716293841425 0.5066308975219727 0
1716293841936 0.49959802627563477 0
1716293842536 0.5903339385986328 0
1716293847188 1.1108481884002686 0
1716293847679 0.4839310646057129 0
1716293848213 0.5179741382598877 0
1716293848784 0.559596061706543 0
1716293849435 0.6235988140106201 0
1716293850089 0.6371631622314453 0
1716293850757 0.6357998847961426 0
1716293851367 0.6024971008300781 0
1716293851944 0.570465087890625 0
1716293852463 0.5141842365264893 0
1716293856189 0.9499461650848389 0
1716293856675 0.47992992401123047 0
1716293857200 0.5116801261901855 0
1716293857718 0.5020480155944824 0
1716293858263 0.531048059463501 0
1716293858769 0.4951779842376709 0
1716293859282 0.4993898868560791 0
1716293859778 0.4856531620025635 0
1716293860292 0.5032749176025391 0
1716293860797 0.48935699462890625 0
1716293864065 0.7791810035705566 0
1716293864575 0.4981660842895508 0
1716293865077 0.490678071975708 0
1716293865576 0.48552870750427246 0
1716293866079 0.4907498359680176 0
1716293866576 0.4867689609527588 0
1716293867074 0.48456811904907227 0
1716293867571 0.48513102531433105 0
1716293868069 0.4854280948638916 0
1716293868573 0.4906768798828125 0
1716293872187 0.9250838756561279 0
1716293872703 0.5046041011810303 0
1716293873209 0.4936518669128418 0
1716293873723 0.5014553070068359 0
1716293874216 0.4807891845703125 0
1716293874711 0.48439717292785645 0
1716293875204 0.48110413551330566 0
1716293875697 0.4818389415740967 0
1716293876194 0.4861598014831543 0
1716293876687 0.4812438488006592 0
1716293879986 0.8951637744903564 0
1716293880495 0.5016703605651855 0
1716293881039 0.529472827911377 0
1716293881544 0.4925999641418457 0
1716293882058 0.49479198455810547 0
1716293882556 0.4841141700744629 0
1716293883219 0.6498758792877197 0
1716293883726 0.4983482360839844 0
1716293884367 0.6262567043304443 0
1716293884878 0.5024447441101074 0
1716293888289 0.9178769588470459 0
1716293888785 0.48775720596313477 0
1716293889298 0.5015201568603516 0
1716293889796 0.485764741897583 0
1716293890306 0.49875402450561523 0
1716293890807 0.48624277114868164 0
1716293891306 0.4887559413909912 0
1716293891802 0.48560523986816406 0
1716293892304 0.48996996879577637 0
1716293892802 0.48389291763305664 0
1716293895981 0.8163340091705322 0
1716293896488 0.4914100170135498 0
1716293896989 0.4882183074951172 0
1716293897491 0.4913492202758789 0
1716293897988 0.4833343029022217 0
1716293898490 0.48958802223205566 0
1716293898986 0.4833950996398926 0
1716293899479 0.4817938804626465 0
1716293899986 0.4952530860900879 0
1716293900492 0.49536728858947754 0
1716293903698 0.8118340969085693 0
1716293904194 0.4892997741699219 0
1716293904703 0.4957151412963867 0
1716293905209 0.49365901947021484 0
1716293905716 0.49506282806396484 0
1716293906217 0.48969602584838867 0
1716293906744 0.5156660079956055 0
1716293907241 0.48578476905822754 0
1716293907741 0.4891190528869629 0
1716293908243 0.4910447597503662 0
1716293912171 0.9919478893280029 0
1716293912807 0.6285221576690674 0
1716293913587 0.7715210914611816 0
1716293914209 0.5959069728851318 0
1716293914804 0.589097261428833 0
1716293915325 0.5101761817932129 0
1716293915839 0.5031478404998779 0
1716293916357 0.5073659420013428 0
1716293916876 0.5054080486297607 0
1716293917389 0.49714207649230957 0
1716293921229 0.9113547801971436 0
1716293921717 0.48156070709228516 0
1716293922226 0.49701380729675293 0
1716293922722 0.4851078987121582 0
1716293923232 0.4981560707092285 0
1716293923733 0.4883241653442383 0
1716293924232 0.48783111572265625 0
1716293924733 0.48801469802856445 0
1716293925229 0.4819340705871582 0
1716293925728 0.48693203926086426 0
1716293928961 0.8637630939483643 0
1716293929454 0.48471713066101074 0
1716293929951 0.4871940612792969 0
1716293930452 0.48761534690856934 0
1716293930950 0.48660778999328613 0
1716293931452 0.4888930320739746 0
1716293931953 0.4873809814453125 0
1716293932451 0.48490214347839355 0
1716293932946 0.48464417457580566 0
1716293933443 0.4853498935699463 0
1716293936677 0.8376049995422363 0
1716293937186 0.49420905113220215 0
1716293937701 0.5019021034240723 0
1716293938198 0.4855201244354248 0
1716293938700 0.4910709857940674 0
1716293939194 0.48136067390441895 0
1716293939689 0.48426318168640137 0
1716293940181 0.47918176651000977 0
1716293940673 0.4815330505371094 0
1716293941169 0.4855659008026123 0
1716293944983 1.3499128818511963 0
1716293945489 0.4967930316925049 0
1716293945995 0.4946432113647461 0
1716293946497 0.4890429973602295 0
1716293947002 0.4925107955932617 0
1716293947504 0.4850788116455078 0
1716293948016 0.5012838840484619 0
1716293948519 0.4893910884857178 0
1716293949026 0.4929018020629883 0
1716293949520 0.48294806480407715 0
1716293953300 0.9814331531524658 0
1716293953796 0.48760509490966797 0
1716293954299 0.4917318820953369 0
1716293954802 0.49275898933410645 0
1716293955303 0.4886159896850586 0
1716293955805 0.4892258644104004 0
1716293956302 0.4846618175506592 0
1716293956802 0.4876070022583008 0
1716293957311 0.4967968463897705 0
1716293957820 0.49648213386535645 0
1716293961040 0.7878730297088623 0
1716293961553 0.5037331581115723 0
1716293962062 0.4903991222381592 0
1716293962554 0.47954297065734863 0
1716293963059 0.4939746856689453 0
1716293963553 0.48105406761169434 0
1716293964063 0.5020008087158203 0
1716293964577 0.5054068565368652 0
1716293965095 0.4977238178253174 0
1716293965601 0.49465489387512207 0
1716293969433 1.0131628513336182 0
1716293969939 0.5001430511474609 0
1716293970476 0.5245568752288818 0
1716293970974 0.48702573776245117 0
1716293971491 0.5051641464233398 0
1716293971991 0.48859691619873047 0
1716293972485 0.4814178943634033 0
1716293972985 0.490415096282959 0
1716293973480 0.4821000099182129 0
1716293973997 0.508479118347168 0
1716293977467 0.8764348030090332 0
1716293977990 0.5061089992523193 0
1716293978492 0.48992180824279785 0
1716293978988 0.48265790939331055 0
1716293979499 0.49816083908081055 0
1716293980002 0.4926578998565674 0
1716293980506 0.4933340549468994 0
1716293981004 0.48593568801879883 0
1716293981502 0.48644495010375977 0
1716293982000 0.48714423179626465 0
1716293985328 0.8300292491912842 0
1716293985824 0.48633718490600586 0
1716293986343 0.4934041500091553 0
1716293986840 0.48342394828796387 0
1716293987338 0.4834742546081543 0
1716293987843 0.492358922958374 0
1716293988347 0.4926128387451172 0
1716293988844 0.4841008186340332 0
1716293989345 0.48889780044555664 0
1716293989846 0.4889380931854248 0
1716293993220 0.8569729328155518 0
1716293993730 0.5048339366912842 0
1716293994234 0.4894700050354004 0
1716293994748 0.5022292137145996 0
1716293995249 0.489013671875 0
1716293995751 0.4875221252441406 0
1716293996271 0.5052478313446045 0
1716293996778 0.49468994140625 0
1716293997282 0.4908931255340576 0
1716293997784 0.4904491901397705 0
1716294001216 0.958528995513916 0
1716294001711 0.48883914947509766 0
1716294002213 0.4893457889556885 0
1716294002722 0.4962279796600342 0
1716294003238 0.5029680728912354 0
1716294003730 0.4814791679382324 0
1716294004227 0.487929105758667 0
1716294004723 0.48520779609680176 0
1716294005227 0.4888601303100586 0
1716294005723 0.4842827320098877 0
1716294009554 0.9451289176940918 0
1716294010056 0.49457311630249023 0
1716294010561 0.49289822578430176 0
1716294011062 0.4893169403076172 0
1716294011564 0.4898819923400879 0
1716294012059 0.4804508686065674 0
1716294012568 0.49823999404907227 0
1716294013067 0.48630690574645996 0
1716294013571 0.4927177429199219 0
1716294014064 0.48209691047668457 0
1716294017358 0.8258051872253418 0
1716294017846 0.48192882537841797 0
1716294018366 0.5060927867889404 0
1716294018867 0.4850170612335205 0
1716294019384 0.5018301010131836 0
1716294019900 0.49332404136657715 0
1716294020404 0.4931609630584717 0
1716294020904 0.48773884773254395 0
1716294021408 0.48970675468444824 0
1716294021908 0.48705601692199707 0
1716294025108 0.7957518100738525 0
1716294025595 0.4788391590118408 0
1716294026110 0.5026991367340088 0
1716294026613 0.48915982246398926 0
1716294027124 0.49749088287353516 0
1716294027643 0.5039238929748535 0
1716294028155 0.49860692024230957 0
1716294028655 0.48981571197509766 0
1716294029155 0.48814988136291504 0
1716294029656 0.48674893379211426 0
1716294032876 0.7968258857727051 0
1716294033370 0.4870889186859131 0
1716294033876 0.4936351776123047 0
1716294034379 0.49120473861694336 0
1716294034899 0.5018179416656494 0
1716294035413 0.4982571601867676 0
1716294035920 0.49358677864074707 0
1716294036431 0.4980051517486572 0
1716294036933 0.4893319606781006 0
1716294037432 0.48903608322143555 0
1716294040852 0.9046010971069336 0
1716294041357 0.4976320266723633 0
1716294041865 0.49633073806762695 0
1716294042372 0.49631309509277344 0
1716294042888 0.5062398910522461 0
1716294043383 0.4850592613220215 0
1716294043894 0.5006051063537598 0
1716294044403 0.49756693840026855 0
1716294044919 0.5017120838165283 0
1716294045425 0.4904959201812744 0
1716294049866 1.0017311573028564 0
1716294050357 0.48635077476501465 0
1716294050881 0.5073821544647217 0
1716294051386 0.49150800704956055 0
1716294051906 0.5092518329620361 0
1716294052398 0.48163914680480957 0
1716294052899 0.4898650646209717 0
1716294053413 0.5001499652862549 0
1716294053919 0.4939746856689453 0
1716294054422 0.49044013023376465 0
1716294058139 0.9705328941345215 0
1716294058663 0.519899845123291 0
1716294059163 0.4889857769012451 0
1716294059673 0.49846887588500977 0
1716294060174 0.4910001754760742 0
1716294060673 0.48879218101501465 0
1716294061172 0.48688197135925293 0
1716294061679 0.49280309677124023 0
1716294062188 0.49817490577697754 0
1716294062676 0.47732996940612793 0
1716294066035 0.8460679054260254 0
1716294066540 0.4951291084289551 0
1716294067074 0.5181150436401367 0
1716294067576 0.4904756546020508 0
1716294068081 0.4930229187011719 0
1716294068574 0.481097936630249 0
1716294069078 0.49009108543395996 0
1716294069577 0.48445987701416016 0
1716294070079 0.4870009422302246 0
1716294070574 0.48172807693481445 0
1716294074484 0.9570150375366211 0
1716294074981 0.488706111907959 0
1716294075474 0.4830179214477539 0
1716294075983 0.4930591583251953 0
1716294076491 0.49388694763183594 0
1716294076987 0.48249316215515137 0
1716294077489 0.49399685859680176 0
1716294078000 0.4983639717102051 0
1716294078498 0.4874708652496338 0
1716294078988 0.47835540771484375 0
1716294082520 0.9697620868682861 0
1716294083038 0.5101528167724609 0
1716294083551 0.5002729892730713 0
1716294084055 0.4933910369873047 0
1716294084567 0.499525785446167 0
1716294085072 0.492218017578125 0
1716294085574 0.48709702491760254 0
1716294086068 0.481212854385376 0
1716294086562 0.4828908443450928 0
1716294087058 0.48625874519348145 0
1716294090798 0.9831311702728271 0
1716294091314 0.5074038505554199 0
1716294091831 0.5065228939056396 0
1716294092344 0.49842309951782227 0
1716294092885 0.5307140350341797 0
1716294093411 0.5163869857788086 0
1716294093931 0.5076339244842529 0
1716294094452 0.5006992816925049 0
1716294094972 0.510371208190918 0
1716294095488 0.5054750442504883 0
1716294099847 1.0281028747558594 0
1716294100346 0.4894862174987793 0
1716294100883 0.5008988380432129 0
1716294101382 0.4876987934112549 0
1716294101888 0.49237608909606934 0
1716294102393 0.49163174629211426 0
1716294102890 0.4849550724029541 0
1716294103385 0.4835069179534912 0
1716294103886 0.48673486709594727 0
1716294104391 0.49132394790649414 0
1716294107773 0.8598473072052002 0
1716294108275 0.49305009841918945 0
1716294108801 0.4927859306335449 0
1716294109295 0.48276209831237793 0
1716294109804 0.49582695960998535 0
1716294110306 0.49040889739990234 0
1716294110805 0.48832201957702637 0
1716294111302 0.4837191104888916 0
1716294111807 0.49261999130249023 0
1716294112305 0.4858529567718506 0
1716294115950 0.9983701705932617 0
1716294116468 0.5085141658782959 0
1716294117082 0.5883820056915283 0
1716294117647 0.5486862659454346 0
1716294118162 0.49690818786621094 0
1716294118665 0.48984599113464355 0
1716294119161 0.48386287689208984 0
1716294119660 0.4880990982055664 0
1716294120162 0.4907991886138916 0
1716294120672 0.4989161491394043 0
1716294124961 0.9970290660858154 0
1716294125464 0.4902172088623047 0
1716294125974 0.4967188835144043 0
1716294126496 0.5081369876861572 0
1716294127005 0.494642972946167 0
1716294127503 0.4879319667816162 0
1716294128024 0.5120258331298828 0
1716294128527 0.490494966506958 0
1716294129045 0.5037539005279541 0
1716294129554 0.49966001510620117 0
1716294133948 0.9890120029449463 0
1716294134464 0.5088882446289062 0
1716294134972 0.4920079708099365 0
1716294135480 0.5014808177947998 0
1716294136003 0.5105750560760498 0
1716294136532 0.5047821998596191 0
1716294137047 0.5032970905303955 0
1716294137548 0.48520398139953613 0
1716294138059 0.5000100135803223 0
1716294138583 0.5132439136505127 0
1716294142895 0.927919864654541 0
1716294143386 0.4825148582458496 0
1716294143892 0.49188876152038574 0
1716294144387 0.4839060306549072 0
1716294144899 0.49458885192871094 0
1716294145401 0.48969078063964844 0
1716294145902 0.48772597312927246 0
1716294146404 0.48810601234436035 0
1716294146907 0.4910907745361328 0
1716294147421 0.5013270378112793 0
1716294151644 1.243419885635376 0
1716294152180 0.5276889801025391 0
1716294152705 0.508934736251831 0
1716294153203 0.4852781295776367 0
1716294153714 0.498626708984375 0
1716294154213 0.4876871109008789 0
1716294154711 0.4855978488922119 0
1716294155212 0.4897420406341553 0
1716294155730 0.5048840045928955 0
1716294156249 0.5058400630950928 0
1716294161479 1.2704801559448242 0
1716294161995 0.507796049118042 0
1716294162514 0.49837422370910645 0
1716294163018 0.4955599308013916 0
1716294163534 0.5031139850616455 0
1716294164042 0.49613499641418457 0
1716294164575 0.5212717056274414 0
1716294165101 0.5105671882629395 0
1716294165612 0.4973738193511963 0
1716294166137 0.5117671489715576 0
1716294169968 1.0338099002838135 0
1716294170355 0.3778507709503174 0
1716294170880 0.515125036239624 0
1716294171402 0.5131220817565918 0
1716294171947 0.5153112411499023 0
1716294172480 0.5198619365692139 0
1716294173029 0.5289092063903809 0
1716294173557 0.5148580074310303 0
1716294174090 0.5153408050537109 0
1716294174609 0.502974271774292 0
1716294179554 1.244187831878662 0
1716294180151 0.5837030410766602 0
1716294180701 0.5316369533538818 0
1716294181239 0.5173351764678955 0
1716294181792 0.5311999320983887 0
1716294182321 0.5160999298095703 0
1716294182894 0.5590670108795166 0
1716294183410 0.5113918781280518 0
1716294183953 0.531437873840332 0
1716294184504 0.5328137874603271 0
1716294190335 1.2605159282684326 0
1716294190846 0.5031659603118896 0
1716294191386 0.5360219478607178 0
1716294191926 0.5229020118713379 0
1716294192447 0.5074691772460938 0
1716294192980 0.5244772434234619 0
1716294193553 0.5621230602264404 0
1716294194227 0.6593050956726074 0
1716294194833 0.5965147018432617 0
1716294195382 0.5374619960784912 0
1716294200362 1.2082481384277344 0
1716294200895 0.520759105682373 0
1716294201413 0.5075221061706543 0
1716294201930 0.5026371479034424 0
1716294202455 0.5059609413146973 0
1716294202966 0.4927639961242676 0
1716294203482 0.5064697265625 0
1716294203997 0.5032131671905518 0
1716294204500 0.49259400367736816 0
1716294205016 0.4988400936126709 0
1716294209855 1.3319809436798096 0
1716294210434 0.5648021697998047 0
1716294210974 0.533123254776001 0
1716294211509 0.5273442268371582 0
1716294212063 0.547508955001831 0
1716294212622 0.5489249229431152 0
1716294213142 0.5100958347320557 0
1716294213654 0.5002560615539551 0
1716294214162 0.4961881637573242 0
1716294214681 0.5089128017425537 0
1716294219461 1.190039873123169 0
1716294220012 0.5318541526794434 0
1716294220517 0.48990607261657715 0
1716294221029 0.5011951923370361 0
1716294221542 0.5012381076812744 0
1716294222043 0.48871922492980957 0
1716294222556 0.5017859935760498 0
1716294223070 0.5022377967834473 0
1716294223610 0.5251498222351074 0
1716294224123 0.5010011196136475 0
1716294228124 0.7508254051208496 0
1716294228631 0.4885261058807373 0
1716294229148 0.503716230392456 0
1716294229654 0.49465203285217285 0
1716294230155 0.48958611488342285 0
1716294230666 0.4958629608154297 0
1716294231181 0.5026459693908691 0
1716294231674 0.48581886291503906 0
1716294232187 0.49878883361816406 0
1716294232702 0.5016403198242188 0
1716294236843 0.9851610660552979 0
1716294237361 0.5074899196624756 0
1716294237888 0.5088860988616943 0
1716294238395 0.49517369270324707 0
1716294238910 0.5020411014556885 0
1716294239414 0.4911317825317383 0
1716294239914 0.4877021312713623 0
1716294240432 0.5068600177764893 0
1716294240939 0.49492597579956055 0
1716294241439 0.4887239933013916 0
1716294244977 0.7669470310211182 0
1716294245482 0.49463891983032227 0
1716294245983 0.4881579875946045 0
1716294246481 0.48409295082092285 0
1716294247002 0.5085749626159668 0
1716294247510 0.4925649166107178 0
1716294248007 0.48522400856018066 0
1716294248503 0.4841578006744385 0
1716294249000 0.4841618537902832 0
1716294249495 0.4823780059814453 0
1716294252978 0.8134949207305908 0
1716294253498 0.5090358257293701 0
1716294254014 0.49942779541015625 0
1716294254518 0.49297380447387695 0
1716294255042 0.5111949443817139 0
1716294255543 0.48763585090637207 0
1716294256041 0.4858741760253906 0
1716294256534 0.48090410232543945 0
1716294257043 0.4983680248260498 0
1716294257545 0.4880990982055664 0
1716294261237 0.8250868320465088 0
1716294261734 0.49031686782836914 0
1716294262238 0.49283719062805176 0
1716294262748 0.4960329532623291 0
1716294263249 0.4883570671081543 0
1716294263747 0.4859330654144287 0
1716294264255 0.4946630001068115 0
1716294264764 0.49584388732910156 0
1716294265263 0.4876730442047119 0
1716294265764 0.4869272708892822 0
1716294269058 0.6051211357116699 0
1716294269548 0.48242878913879395 0
1716294270062 0.5005311965942383 0
1716294270564 0.4907569885253906 0
1716294271074 0.498032808303833 0
1716294271569 0.4830029010772705 0
1716294272070 0.4901890754699707 0
1716294272567 0.48395395278930664 0
1716294273068 0.4897139072418213 0
1716294273563 0.4813551902770996 0
1716294277835 1.003499984741211 0
1716294278335 0.4912681579589844 0
1716294278853 0.500119686126709 0
1716294279357 0.4903230667114258 0
1716294279856 0.4867129325866699 0
1716294280358 0.48941683769226074 0
1716294280871 0.4997272491455078 0
1716294281378 0.4944336414337158 0
1716294281875 0.48380303382873535 0
1716294282367 0.4804220199584961 0
1716294285700 0.8293671607971191 0
1716294286194 0.48514604568481445 0
1716294286702 0.49440598487854004 0
1716294287215 0.5007030963897705 0
1716294287726 0.4983799457550049 0
1716294288224 0.4811992645263672 0
1716294288720 0.48882627487182617 0
1716294289221 0.4891781806945801 0
1716294289721 0.488922119140625 0
1716294290221 0.4898948669433594 0
1716294293637 0.8250360488891602 0
1716294294153 0.5024189949035645 0
1716294294665 0.49890804290771484 0
1716294295179 0.5002849102020264 0
1716294295681 0.4893369674682617 0
1716294296182 0.488433837890625 0
1716294296680 0.48670268058776855 0
1716294297175 0.48369264602661133 0
1716294297676 0.4887409210205078 0
1716294298169 0.480694055557251 0
1716294301525 0.8339803218841553 0
1716294302037 0.5008120536804199 0
1716294302547 0.4960649013519287 0
1716294303051 0.4910147190093994 0
1716294303563 0.4993321895599365 0
1716294304053 0.4781219959259033 0
1716294304568 0.5017502307891846 0
1716294305072 0.49108314514160156 0
1716294305575 0.4928591251373291 0
1716294306069 0.48198819160461426 0
1716294309417 0.8480949401855469 0
1716294309930 0.5062808990478516 0
1716294310435 0.4929690361022949 0
1716294310941 0.4941060543060303 0
1716294311448 0.4954500198364258 0
1716294311946 0.48347902297973633 0
1716294312447 0.4860060214996338 0
1716294312943 0.483870267868042 0
1716294313453 0.4968907833099365 0
1716294313948 0.4838571548461914 0
1716294317018 0.5809521675109863 0
1716294317512 0.487015962600708 0
1716294318024 0.4989609718322754 0
1716294318527 0.48931288719177246 0
1716294319040 0.4994628429412842 0
1716294319555 0.4993131160736084 0
1716294320066 0.495729923248291 0
1716294320571 0.49411797523498535 0
1716294321084 0.5004498958587646 0
1716294321588 0.49300718307495117 0
1716294324980 0.818756103515625 0
1716294325478 0.4906189441680908 0
1716294325988 0.4979231357574463 0
1716294326499 0.4935872554779053 0
1716294327005 0.4951472282409668 0
1716294327511 0.4949989318847656 0
1716294328020 0.4969499111175537 0
1716294328514 0.4830749034881592 0
1716294329014 0.48609089851379395 0
1716294329509 0.48416805267333984 0
1716294332782 0.8088819980621338 0
1716294333285 0.4943680763244629 0
1716294333798 0.4937779903411865 0
1716294334297 0.4881260395050049 0
1716294334797 0.488023042678833 0
1716294335298 0.48737096786499023 0
1716294335805 0.49233198165893555 0
1716294336316 0.4994168281555176 0
1716294336820 0.4915189743041992 0
1716294337322 0.48825907707214355 0
1716294340567 0.6771588325500488 0
1716294341074 0.4935009479522705 0
1716294341584 0.49733996391296387 0
1716294342082 0.48493099212646484 0
1716294342583 0.4898698329925537 0
1716294343090 0.4938788414001465 0
1716294343598 0.4963569641113281 0
1716294344092 0.48290109634399414 0
1716294344606 0.5006599426269531 0
1716294345114 0.49172401428222656 0
1716294348142 0.5112190246582031 0
1716294348643 0.4927821159362793 0
1716294349148 0.4957120418548584 0
1716294349658 0.488447904586792 0
1716294350164 0.4924330711364746 0
1716294350663 0.48680996894836426 0
1716294351174 0.4982459545135498 0
1716294351671 0.48410630226135254 0
1716294352172 0.49091005325317383 0
1716294352673 0.48993492126464844 0
1716294355949 0.7859621047973633 0
1716294356444 0.48761582374572754 0
1716294356958 0.49239611625671387 0
1716294357471 0.49263906478881836 0
1716294357976 0.4943501949310303 0
1716294358479 0.4910290241241455 0
1716294358974 0.4838368892669678 0
1716294359474 0.49127674102783203 0
1716294359992 0.5070247650146484 0
1716294360508 0.5008237361907959 0
1716294364747 0.9135198593139648 0
1716294365252 0.4971659183502197 0
1716294365776 0.5037970542907715 0
1716294366288 0.499133825302124 0
1716294366803 0.5005099773406982 0
1716294367307 0.49373602867126465 0
1716294367818 0.4932539463043213 0
1716294368317 0.48637986183166504 0
1716294368816 0.4874751567840576 0
1716294369319 0.4911668300628662 0
1716294372789 0.865469217300415 0
1716294373304 0.4933888912200928 0
1716294373820 0.5038583278656006 0
1716294374326 0.4930300712585449 0
1716294374812 0.47418689727783203 0
1716294375308 0.4887809753417969 0
1716294375829 0.5070760250091553 0
1716294376343 0.5009992122650146 0
1716294376856 0.49782395362854004 0
1716294377357 0.48995208740234375 0
1716294381056 0.9361250400543213 0
1716294381558 0.4951498508453369 0
1716294382066 0.4973158836364746 0
1716294382604 0.50553297996521 0
1716294383105 0.48876523971557617 0
1716294383602 0.4867238998413086 0
1716294384117 0.5024440288543701 0
1716294384637 0.5063152313232422 0
1716294385143 0.49389123916625977 0
1716294385657 0.4976389408111572 0
1716294389203 0.880403995513916 0
1716294389704 0.4925870895385742 0
1716294390205 0.4870758056640625 0
1716294390725 0.5083780288696289 0
1716294391244 0.5058391094207764 0
1716294391766 0.5100231170654297 0
1716294392282 0.503044843673706 0
1716294392779 0.487346887588501 0
1716294393293 0.5037200450897217 0
1716294393816 0.5003390312194824 0
1716294399020 1.172055721282959 0
1716294399547 0.5169000625610352 0
1716294400052 0.4943218231201172 0
1716294400548 0.48386406898498535 0
1716294401070 0.5109221935272217 0
1716294401591 0.5025310516357422 0
1716294402123 0.5186700820922852 0
1716294402641 0.5056037902832031 0
1716294403157 0.5019209384918213 0
1716294403678 0.508004903793335 0
1716294408556 1.2278573513031006 0
1716294409071 0.5071020126342773 0
1716294409586 0.5039258003234863 0
1716294410104 0.5030441284179688 0
1716294410622 0.4987478256225586 0
1716294411122 0.4876899719238281 0
1716294411633 0.4948868751525879 0
1716294412130 0.48674702644348145 0
1716294412633 0.49234986305236816 0
1716294413174 0.527263879776001 0
1716294417872 1.0472428798675537 0
1716294418394 0.5184628963470459 0
1716294418913 0.5098350048065186 0
1716294419429 0.5014247894287109 0
1716294419936 0.4955449104309082 0
1716294420468 0.5042328834533691 0
1716294420977 0.4953031539916992 0
1716294421496 0.5062167644500732 0
1716294422001 0.4929530620574951 0
1716294422517 0.5028619766235352 0
1716294426795 0.9384140968322754 0
1716294427299 0.5003349781036377 0
1716294427829 0.5185439586639404 0
1716294428333 0.4918811321258545 0
1716294428844 0.4992051124572754 0
1716294429354 0.4982109069824219 0
1716294429868 0.5012590885162354 0
1716294430369 0.4898817539215088 0
1716294430878 0.4969182014465332 0
1716294431395 0.5049529075622559 0
1716294435797 1.0144639015197754 0
1716294436306 0.5011980533599854 0
1716294436809 0.49462127685546875 0
1716294437325 0.5029432773590088 0
1716294437846 0.5059869289398193 0
1716294438340 0.4794130325317383 0
1716294438840 0.4913902282714844 0
1716294439344 0.49295496940612793 0
1716294439852 0.4964132308959961 0
1716294440365 0.49637818336486816 0
1716294444449 0.9809069633483887 0
1716294444948 0.49192309379577637 0
1716294445464 0.5010719299316406 0
1716294445969 0.49361610412597656 0
1716294446473 0.48740577697753906 0
1716294446977 0.49245285987854004 0
1716294447495 0.5069279670715332 0
1716294447995 0.48757219314575195 0
1716294448504 0.49683308601379395 0
1716294449013 0.4965817928314209 0
1716294452859 0.9730010032653809 0
1716294453385 0.5184729099273682 0
1716294453907 0.5085229873657227 0
1716294454407 0.4872550964355469 0
1716294454908 0.48749303817749023 0
1716294455406 0.4838571548461914 0
1716294455909 0.48927903175354004 0
1716294456417 0.4943249225616455 0
1716294456922 0.4934990406036377 0
1716294457426 0.4920041561126709 0
1716294461109 0.8464598655700684 0
1716294461629 0.5114650726318359 0
1716294462162 0.5226807594299316 0
1716294462666 0.4918041229248047 0
1716294463170 0.4908461570739746 0
1716294463678 0.4959397315979004 0
1716294464184 0.4918210506439209 0
1716294464690 0.4922928810119629 0
1716294465191 0.48991823196411133 0
1716294465699 0.49557924270629883 0
1716294469414 0.9922888278961182 0
1716294469921 0.4988889694213867 0
1716294470435 0.4965190887451172 0
1716294470957 0.5043070316314697 0
1716294471469 0.49704813957214355 0
1716294471967 0.48516392707824707 0
1716294472468 0.48720598220825195 0
1716294472966 0.48613715171813965 0
1716294473479 0.49988603591918945 0
1716294473970 0.48053622245788574 0
1716294477441 0.8929948806762695 0
1716294477942 0.490584135055542 0
1716294478469 0.5081558227539062 0
1716294478973 0.49245595932006836 0
1716294479468 0.48204898834228516 0
1716294479975 0.49152469635009766 0
1716294480477 0.4914560317993164 0
1716294480967 0.4802701473236084 0
1716294481478 0.5004258155822754 0
1716294481977 0.4873769283294678 0
1716294485458 0.8754832744598389 0
1716294485963 0.49914002418518066 0
1716294486480 0.5031430721282959 0
1716294486988 0.49430108070373535 0
1716294487506 0.5059940814971924 0
1716294488007 0.48828697204589844 0
1716294488517 0.4938468933105469 0
1716294489023 0.4928889274597168 0
1716294489529 0.492783784866333 0
1716294490033 0.49204015731811523 0
1716294494524 0.9605190753936768 0
1716294495013 0.4820728302001953 0
1716294495534 0.5041499137878418 0
1716294496043 0.4951150417327881 0
1716294496549 0.4936549663543701 0
1716294497043 0.4816899299621582 0
1716294497546 0.4864771366119385 0
1716294498049 0.4889869689941406 0
1716294498562 0.49978208541870117 0
1716294499070 0.49585986137390137 0
1716294502667 0.8829200267791748 0
1716294503201 0.525853157043457 0
1716294503710 0.4984571933746338 0
1716294504227 0.5042791366577148 0
1716294504742 0.5023050308227539 0
1716294505245 0.48889708518981934 0
1716294505763 0.5027520656585693 0
1716294506267 0.49190497398376465 0
1716294506775 0.4945070743560791 0
1716294507278 0.49085187911987305 0
1716294510791 0.8857002258300781 0
1716294511288 0.48565196990966797 0
1716294511794 0.4936189651489258 0
1716294512337 0.4968557357788086 0
1716294512860 0.5077958106994629 0
1716294513381 0.5075430870056152 0
1716294513898 0.5055689811706543 0
1716294514415 0.508328914642334 0
1716294515016 0.5880260467529297 0
1716294515525 0.4977562427520752 0
1716294519813 0.9715530872344971 0
1716294520341 0.5184659957885742 0
1716294520859 0.5045859813690186 0
1716294521360 0.49002599716186523 0
1716294521867 0.49593496322631836 0
1716294522370 0.4894592761993408 0
1716294522881 0.4983677864074707 0
1716294523386 0.49511098861694336 0
1716294523900 0.49962496757507324 0
1716294524430 0.514127254486084 0
1716294529501 1.3401319980621338 0
1716294530004 0.4958310127258301 0
1716294530526 0.5140089988708496 0
1716294531091 0.5563898086547852 0
1716294531664 0.5650711059570312 0
1716294532237 0.5549259185791016 0
1716294532785 0.5292558670043945 0
1716294533313 0.517941951751709 0
1716294533855 0.5278689861297607 0
1716294534387 0.5180690288543701 0
1716294539859 1.216597080230713 0
1716294540388 0.5207622051239014 0
1716294540950 0.5352771282196045 0
1716294541513 0.5284819602966309 0
1716294542039 0.5115950107574463 0
1716294542580 0.5275552272796631 0
1716294543090 0.5001142024993896 0
1716294543609 0.5013570785522461 0
1716294544131 0.5080299377441406 0
1716294544669 0.5068399906158447 0
1716294549677 1.1067278385162354 0
1716294550191 0.5002119541168213 0
1716294550711 0.5104217529296875 0
1716294551219 0.4945180416107178 0
1716294551790 0.5587317943572998 0
1716294552293 0.48923778533935547 0
1716294552806 0.5047452449798584 0
1716294553316 0.4985511302947998 0
1716294553828 0.49831509590148926 0
1716294554338 0.49721598625183105 0
1716294559114 1.0424387454986572 0
1716294559646 0.5214099884033203 0
1716294560172 0.5125160217285156 0
1716294560691 0.5035159587860107 0
1716294561193 0.4910550117492676 0
1716294561715 0.5114107131958008 0
1716294562249 0.5211901664733887 0
1716294562784 0.520219087600708 0
1716294563337 0.5399937629699707 0
1716294563899 0.5477099418640137 0
1716294570167 1.1340301036834717 0
1716294570673 0.49564266204833984 0
1716294571191 0.5040650367736816 0
1716294571686 0.4830160140991211 0
1716294572209 0.5106067657470703 0
1716294572744 0.5239622592926025 0
1716294573290 0.5333888530731201 0
1716294573848 0.5467410087585449 0
1716294574415 0.5531551837921143 0
1716294574988 0.5592992305755615 0
1716294579642 1.0028948783874512 0
1716294580156 0.5087883472442627 0
1716294580665 0.4974679946899414 0
1716294581195 0.520230770111084 0
1716294581751 0.5431931018829346 0
1716294582311 0.5456948280334473 0
1716294582918 0.5948100090026855 0
1716294583534 0.6021401882171631 0
1716294584183 0.6343669891357422 0
1716294584849 0.6524779796600342 0
1716294589915 0.970890998840332 0
1716294590423 0.49912405014038086 0
1716294590942 0.4998960494995117 0
1716294591468 0.5118110179901123 0
1716294592012 0.5329289436340332 0
1716294592568 0.5449330806732178 0
1716294593133 0.5515639781951904 0
1716294593710 0.5639681816101074 0
1716294594309 0.5863800048828125 0
1716294594924 0.6010911464691162 0
1716294599995 1.1991279125213623 0
1716294600514 0.5099849700927734 0
1716294601038 0.5142021179199219 0
1716294601574 0.5235099792480469 0
1716294602132 0.5459890365600586 0
1716294602686 0.5415308475494385 0
1716294603278 0.5782480239868164 0
1716294603868 0.577171802520752 0
1716294604498 0.6187467575073242 0
1716294605148 0.6383211612701416 0
1716294610292 0.9667508602142334 0
1716294610832 0.532310962677002 0
1716294611343 0.4988057613372803 0
1716294611858 0.5030930042266846 0
1716294612393 0.5241889953613281 0
1716294612939 0.536916971206665 0
1716294613507 0.5566689968109131 0
1716294614095 0.5736088752746582 0
1716294614701 0.5933723449707031 0
1716294615323 0.6093230247497559 0
1716294619650 0.826239824295044 0
1716294620139 0.4815826416015625 0
1716294620658 0.501734733581543 0
1716294621194 0.5189368724822998 0
1716294621739 0.5316619873046875 0
1716294622304 0.5516009330749512 0
1716294622882 0.5638637542724609 0
1716294623472 0.579477071762085 0
1716294624097 0.6124029159545898 0
1716294624730 0.6225111484527588 0
1716294628991 0.826225757598877 0
1716294629489 0.49213385581970215 0
1716294630004 0.502147912979126 0
1716294630527 0.5119938850402832 0
1716294631071 0.530797004699707 0
1716294631620 0.5351159572601318 0
1716294632186 0.5535871982574463 0
1716294632769 0.5704250335693359 0
1716294633365 0.5834231376647949 0
1716294633973 0.5958328247070312 0
1716294638153 0.8991169929504395 0
1716294638665 0.5024080276489258 0
1716294639201 0.5226678848266602 0
1716294639717 0.5046417713165283 0
1716294640248 0.5093348026275635 0
1716294640831 0.5781280994415283 0
1716294641428 0.5902462005615234 0
1716294642042 0.5964169502258301 0
1716294642682 0.6227579116821289 0
1716294643333 0.6276950836181641 0
1716294650110 1.0838737487792969 0
1716294650611 0.49286985397338867 0
1716294651114 0.49158310890197754 0
1716294651628 0.49689817428588867 0
1716294652138 0.496959924697876 0
1716294652657 0.5059168338775635 0
1716294653219 0.5532259941101074 0
1716294653783 0.5526301860809326 0
1716294654343 0.5492308139801025 0
1716294654915 0.5662930011749268 0
1716294661780 1.1428253650665283 0
1716294662281 0.49433302879333496 0
1716294662805 0.5111672878265381 0
1716294663305 0.4928460121154785 0
1716294663838 0.5197057723999023 0
1716294664370 0.5215680599212646 0
1716294664910 0.5318601131439209 0
1716294665503 0.5805308818817139 0
1716294666097 0.5807008743286133 0
1716294666732 0.6228461265563965 0
1716294672859 1.3674252033233643 0
1716294673375 0.5020961761474609 0
1716294673891 0.5051720142364502 0
1716294674437 0.5382668972015381 0
1716294674992 0.5348610877990723 0
1716294675561 0.5600252151489258 0
1716294676211 0.6379268169403076 0
1716294676787 0.5656788349151611 0
1716294677398 0.6006970405578613 0
1716294678041 0.6337590217590332 0
1716294683885 1.1308588981628418 0
1716294684385 0.49216508865356445 0
1716294684897 0.4960901737213135 0
1716294685409 0.5009567737579346 0
1716294685945 0.5166511535644531 0
1716294686485 0.5277879238128662 0
1716294687031 0.5337882041931152 0
1716294687588 0.5457489490509033 0
1716294688170 0.5712480545043945 0
1716294688758 0.5761919021606445 0
1716294693471 1.5040533542633057 0
1716294694044 0.5607070922851562 0
1716294694616 0.5522570610046387 0
1716294695164 0.5332353115081787 0
1716294695814 0.6383571624755859 0
1716294696408 0.5814757347106934 0
1716294697064 0.6376950740814209 0
1716294697725 0.6471960544586182 0
1716294698674 0.9147839546203613 0
1716294699428 0.7190501689910889 0
1716294705054 1.1481082439422607 0
1716294705549 0.48653197288513184 0
1716294706052 0.4930531978607178 0
1716294706564 0.5000488758087158 0
1716294707068 0.4934117794036865 0
1716294707572 0.49298596382141113 0
1716294708078 0.4966588020324707 0
1716294708593 0.5088880062103271 0
1716294709132 0.5320580005645752 0
1716294709687 0.541222095489502 0
1716294714668 0.9966700077056885 0
1716294715160 0.485004186630249 0
1716294715669 0.4992239475250244 0
1716294716160 0.48130297660827637 0
1716294716664 0.4933600425720215 0
1716294717191 0.5213088989257812 0
1716294717738 0.5351302623748779 0
1716294718280 0.5320219993591309 0
1716294718847 0.557124137878418 0
1716294719421 0.5636210441589355 0
1716294724598 1.462878942489624 0
1716294725132 0.5285549163818359 0
1716294725649 0.49973607063293457 0
1716294726173 0.5111379623413086 0
1716294726779 0.5927000045776367 0
1716294727447 0.6551311016082764 0
1716294728077 0.6159601211547852 0
1716294728719 0.6124281883239746 0
1716294729413 0.6806268692016602 0
1716294730146 0.7205018997192383 0
1716294736458 1.1042180061340332 0
1716294736959 0.4967210292816162 0
1716294737454 0.48448824882507324 0
1716294737946 0.4810171127319336 0
1716294738440 0.4853990077972412 0
1716294738966 0.5153188705444336 0
1716294739488 0.5097160339355469 0
1716294740040 0.5339059829711914 0
1716294740590 0.5407960414886475 0
1716294741150 0.5481932163238525 0
1716294745804 0.990515947341919 0
1716294746305 0.49547529220581055 0
1716294746811 0.49344515800476074 0
1716294747320 0.49278879165649414 0
1716294747825 0.49349284172058105 0
1716294748353 0.5204052925109863 0
1716294748895 0.5309638977050781 0
1716294749448 0.542147159576416 0
1716294750007 0.549670934677124 0
1716294750579 0.5613172054290771 0
1716294754684 0.9045109748840332 0
1716294755178 0.48650288581848145 0
1716294755690 0.5016350746154785 0
1716294756199 0.49881815910339355 0
1716294756740 0.5151247978210449 0
1716294757293 0.5439999103546143 0
1716294757842 0.5365698337554932 0
1716294758400 0.5475649833679199 0
1716294758979 0.5675179958343506 0
1716294759567 0.5757710933685303 0
1716294764246 0.962324857711792 0
1716294764786 0.4994199275970459 0
1716294765301 0.49012207984924316 0
1716294765802 0.49044084548950195 0
1716294766325 0.506727933883667 0
1716294766839 0.5018360614776611 0
1716294767439 0.5854511260986328 0
1716294768053 0.593256950378418 0
1716294768647 0.586083173751831 0
1716294769243 0.5890398025512695 0
1716294775309 1.1359691619873047 0
1716294775833 0.5139620304107666 0
1716294776347 0.4994781017303467 0
1716294776883 0.5157818794250488 0
1716294777421 0.5261788368225098 0
1716294777982 0.5452537536621094 0
1716294778546 0.5523710250854492 0
1716294779130 0.5723550319671631 0
1716294779734 0.5917370319366455 0
1716294780347 0.6010701656341553 0
1716294786553 1.313913106918335 0
1716294787064 0.5035977363586426 0
1716294787559 0.4862191677093506 0
1716294788076 0.49962806701660156 0
1716294788606 0.524238109588623 0
1716294789167 0.5503268241882324 0
1716294789766 0.5793650150299072 0
1716294790381 0.6009700298309326 0
1716294791050 0.6565761566162109 0
1716294791773 0.6997158527374268 0
1716294797402 0.965703010559082 0
1716294797905 0.4947230815887451 0
1716294798403 0.4885261058807373 0
1716294798889 0.47682833671569824 0
1716294799396 0.4982888698577881 0
1716294799916 0.5075209140777588 0
1716294800448 0.523674726486206 0
1716294800974 0.5120799541473389 0
1716294801526 0.5452709197998047 0
1716294802089 0.5536971092224121 0
1716294806484 0.8957271575927734 0
1716294806975 0.47530078887939453 0
1716294807485 0.5014970302581787 0
1716294808003 0.5072951316833496 0
1716294808534 0.5183978080749512 0
1716294809069 0.5233559608459473 0
1716294809622 0.5434291362762451 0
1716294810187 0.5531220436096191 0
1716294810767 0.5687611103057861 0
1716294811355 0.5763299465179443 0
1716294818846 1.1466848850250244 0
1716294819362 0.5069220066070557 0
1716294819890 0.5177621841430664 0
1716294820384 0.4858250617980957 0
1716294820895 0.49970197677612305 0
1716294821413 0.5101051330566406 0
1716294822038 0.6151542663574219 0
1716294822664 0.6079621315002441 0
1716294823260 0.578610897064209 0
1716294823861 0.5893440246582031 0
1716294829967 1.2153959274291992 0
1716294830491 0.5033280849456787 0
1716294830997 0.4979078769683838 0
1716294831503 0.4942750930786133 0
1716294832020 0.5092868804931641 0
1716294832549 0.5229697227478027 0
1716294833105 0.5405721664428711 0
1716294833671 0.5582420825958252 0
1716294834309 0.6297321319580078 0
1716294834980 0.640812873840332 0
1716294841750 1.2234997749328613 0
1716294842281 0.5249018669128418 0
1716294842820 0.5282378196716309 0
1716294843327 0.5013830661773682 0
1716294843861 0.5246598720550537 0
1716294844434 0.5643398761749268 0
1716294845068 0.6182990074157715 0
1716294845692 0.6075119972229004 0
1716294846366 0.6607041358947754 0
1716294847114 0.7256860733032227 0
1716294853697 1.1757349967956543 0
1716294854193 0.4882080554962158 0
1716294854700 0.4970669746398926 0
1716294855225 0.5091428756713867 0
1716294855745 0.5085949897766113 0
1716294856291 0.5336148738861084 0
1716294856854 0.5523850917816162 0
1716294857420 0.5573177337646484 0
1716294858014 0.5861148834228516 0
1716294858659 0.6144368648529053 0
1716294865361 1.148400068283081 0
1716294865859 0.48919105529785156 0
1716294866354 0.4874701499938965 0
1716294866844 0.4807569980621338 0
1716294867373 0.5044100284576416 0
1716294867909 0.5259380340576172 0
1716294868464 0.5451157093048096 0
1716294869027 0.5535888671875 0
1716294869635 0.5997979640960693 0
1716294870284 0.6371078491210938 0
1716294876648 1.2073099613189697 0
1716294877148 0.49117493629455566 0
1716294877671 0.5163819789886475 0
1716294878192 0.508537769317627 0
1716294878738 0.5339910984039307 0
1716294879289 0.5399229526519775 0
1716294879860 0.5599949359893799 0
1716294880451 0.5801231861114502 0
1716294881111 0.6473910808563232 0
1716294881803 0.6820461750030518 0
1716294889008 1.3915152549743652 0
1716294889546 0.5274519920349121 0
1716294890052 0.4946579933166504 0
1716294890589 0.5254600048065186 0
1716294891159 0.5536820888519287 0
1716294891720 0.5489859580993652 0
1716294892307 0.5753331184387207 0
1716294892912 0.5956051349639893 0
1716294893561 0.6332550048828125 0
1716294894258 0.678973913192749 0
1716294900541 1.165757179260254 0
1716294901043 0.4941079616546631 0
1716294901557 0.49489307403564453 0
1716294902086 0.5161540508270264 0
1716294902619 0.5195581912994385 0
1716294903182 0.5528438091278076 0
1716294903753 0.5589911937713623 0
1716294904333 0.5675048828125 0
1716294904934 0.5902211666107178 0
1716294905564 0.6133670806884766 0
1716294911853 1.3586149215698242 0
1716294912366 0.4988420009613037 0
1716294912885 0.5045702457427979 0
1716294913418 0.5198328495025635 0
1716294913965 0.5354249477386475 0
1716294914531 0.5519940853118896 0
1716294915116 0.5700058937072754 0
1716294915710 0.5828289985656738 0
1716294916365 0.6434690952301025 0
1716294917055 0.6699099540710449 0
1716294923070 1.159963846206665 0
1716294923574 0.49666619300842285 0
1716294924097 0.5082018375396729 0
1716294924618 0.5087029933929443 0
1716294925154 0.5251619815826416 0
1716294925716 0.5517292022705078 0
1716294926294 0.5672948360443115 0
1716294926890 0.5815489292144775 0
1716294927511 0.6094472408294678 0
1716294928172 0.6486856937408447 0
1716294933353 0.9893269538879395 0
1716294933849 0.48763084411621094 0
1716294934361 0.5010480880737305 0
1716294934903 0.5283520221710205 0
1716294935477 0.5563151836395264 0
1716294936054 0.5627689361572266 0
1716294936665 0.5782630443572998 0
1716294937276 0.5972621440887451 0
1716294937905 0.6187760829925537 0
1716294938570 0.6540300846099854 0
1716294944863 1.1644501686096191 0
1716294945375 0.4986751079559326 0
1716294945892 0.5043950080871582 0
1716294946424 0.518090009689331 0
1716294946978 0.5416162014007568 0
1716294947550 0.559593915939331 0
1716294948152 0.583266019821167 0
1716294948738 0.5768771171569824 0
1716294949368 0.6137442588806152 0
1716294950041 0.661729097366333 0
1716294956273 1.0664951801300049 0
1716294956795 0.5093410015106201 0
1716294957338 0.5264251232147217 0
1716294957857 0.5080039501190186 0
1716294958417 0.5470352172851562 0
1716294958983 0.5535390377044678 0
1716294959570 0.5742981433868408 0
1716294960184 0.60194993019104 0
1716294960819 0.6223340034484863 0
1716294961491 0.6617710590362549 0
1716294967846 1.2784829139709473 0
1716294968351 0.49971890449523926 0
1716294968972 0.5900919437408447 0
1716294969554 0.5683691501617432 0
1716294970279 0.7108972072601318 0
1716294971104 0.8084068298339844 0
1716294971912 0.7906088829040527 0
1716294972640 0.7007777690887451 0
1716294973357 0.7018399238586426 0
1716294974150 0.7776579856872559 0
1716294980546 1.1565492153167725 0
1716294981049 0.49374985694885254 0
1716294981568 0.4978911876678467 0
1716294982099 0.5180590152740479 0
1716294982677 0.5634980201721191 0
1716294983264 0.5755691528320312 0
1716294983891 0.6156971454620361 0
1716294984542 0.640923023223877 0
1716294985206 0.6539440155029297 0
1716294986022 0.8065879344940186 0
1716294993057 1.154911994934082 0
1716294993570 0.5023360252380371 0
1716294994106 0.5247910022735596 0
1716294994635 0.5156290531158447 0
1716294995183 0.5346729755401611 0
1716294995747 0.5469222068786621 0
1716294996311 0.5528602600097656 0
1716294996900 0.5781049728393555 0
1716294997500 0.5858209133148193 0
1716294998128 0.6188681125640869 0
1716295003623 1.0180580615997314 0
1716295004129 0.49692320823669434 0
1716295004663 0.5161800384521484 0
1716295005199 0.5232338905334473 0
1716295005757 0.5479669570922852 0
1716295006344 0.5732400417327881 0
1716295006976 0.6200833320617676 0
1716295007643 0.6549711227416992 0
1716295008381 0.7256901264190674 0
1716295009208 0.8148579597473145 0
1716295015079 1.0200929641723633 0
1716295015615 0.5272197723388672 0
1716295016126 0.4993419647216797 0
1716295016658 0.5171620845794678 0
1716295017221 0.5500819683074951 0
1716295017777 0.5434849262237549 0
1716295018353 0.5641632080078125 0
1716295018956 0.5879151821136475 0
1716295019610 0.6376478672027588 0
1716295020300 0.6792380809783936 0
1716295026160 1.1011931896209717 0
1716295026673 0.5057590007781982 0
1716295027202 0.5123851299285889 0
1716295027737 0.5213668346405029 0
1716295028306 0.5557987689971924 0
1716295028872 0.5543828010559082 0
1716295029459 0.5704729557037354 0
1716295030072 0.6013748645782471 0
1716295030720 0.6333768367767334 0
1716295031394 0.6621649265289307 0
1716295037631 1.1822121143341064 0
1716295038126 0.48777127265930176 0
1716295038652 0.5142590999603271 0
1716295039197 0.5360381603240967 0
1716295039745 0.5368058681488037 0
1716295040329 0.5680208206176758 0
1716295040923 0.5793759822845459 0
1716295041540 0.6072251796722412 0
1716295042358 0.8016231060028076 0
1716295043140 0.7636988162994385 0
1716295049396 1.0709929466247559 0
1716295049908 0.4988088607788086 0
1716295050415 0.49548888206481934 0
1716295051026 0.5969278812408447 0
1716295051642 0.5807580947875977 0
1716295052196 0.5438048839569092 0
1716295052767 0.5556080341339111 0
1716295053367 0.5874679088592529 0
1716295054003 0.6231458187103271 0
1716295054689 0.6700091361999512 0
1716295059672 1.0043799877166748 0
1716295060178 0.49863600730895996 0
1716295060695 0.5036590099334717 0
1716295061233 0.525864839553833 0
1716295061792 0.5455641746520996 0
1716295062374 0.5708191394805908 0
1716295062959 0.5706422328948975 0
1716295063561 0.5892069339752197 0
1716295064184 0.6101508140563965 0
1716295064833 0.6381301879882812 0
1716295069901 1.194667100906372 0
1716295070423 0.5141482353210449 0
1716295070944 0.5072669982910156 0
1716295071489 0.5256471633911133 0
1716295072038 0.5353288650512695 0
1716295072624 0.5639982223510742 0
1716295073219 0.5837538242340088 0
1716295073829 0.5961840152740479 0
1716295074477 0.6360609531402588 0
1716295075149 0.6581218242645264 0
1716295080281 0.942471981048584 0
1716295080791 0.5023670196533203 0
1716295081309 0.5057220458984375 0
1716295081835 0.5104470252990723 0
1716295082376 0.5273599624633789 0
1716295082942 0.5543100833892822 0
1716295083526 0.5717449188232422 0
1716295084118 0.5793910026550293 0
1716295084750 0.6171529293060303 0
1716295085395 0.6327018737792969 0
1716295091104 1.1729490756988525 0
1716295091639 0.527634859085083 0
1716295092159 0.5000898838043213 0
1716295092671 0.505241870880127 0
1716295093238 0.5615289211273193 0
1716295093800 0.5533902645111084 0
1716295094428 0.6035149097442627 0
1716295095091 0.6489088535308838 0
1716295095822 0.7140369415283203 0
1716295096659 0.8138270378112793 0
1716295102585 1.149137020111084 0
1716295103083 0.49073290824890137 0
1716295103591 0.4958770275115967 0
1716295104132 0.529646635055542 0
1716295104683 0.5380110740661621 0
1716295105246 0.551398754119873 0
1716295105838 0.5781009197235107 0
1716295106428 0.5782792568206787 0
1716295107050 0.6092700958251953 0
1716295107697 0.6349601745605469 0
1716295112379 1.0103280544281006 0
1716295112887 0.49945902824401855 0
1716295113411 0.5123341083526611 0
1716295113959 0.5356011390686035 0
1716295114519 0.544428825378418 0
1716295115097 0.5617849826812744 0
1716295115707 0.5975689888000488 0
1716295116348 0.6269659996032715 0
1716295117033 0.6732223033905029 0
1716295117802 0.7542719841003418 0
1716295123699 1.1471278667449951 0
1716295124212 0.5059587955474854 0
1716295124727 0.5025312900543213 0
1716295125258 0.5171442031860352 0
1716295125810 0.5345940589904785 0
1716295126369 0.5458197593688965 0
1716295126942 0.5606629848480225 0
1716295127534 0.5775439739227295 0
1716295128158 0.6106927394866943 0
1716295128797 0.6279990673065186 0
1716295134747 1.1068339347839355 0
1716295135245 0.49045801162719727 0
1716295135766 0.5007870197296143 0
1716295136284 0.5061039924621582 0
1716295136828 0.530177116394043 0
1716295137391 0.5502049922943115 0
1716295137961 0.5578417778015137 0
1716295138552 0.5722489356994629 0
1716295139223 0.6591479778289795 0
1716295139846 0.6108548641204834 0
1716295150446 1.211310863494873 0
1716295150960 0.5070199966430664 0
1716295151475 0.502363920211792 0
1716295152003 0.5093882083892822 0
1716295152535 0.5188868045806885 0
1716295153102 0.5575840473175049 0
1716295153693 0.5786011219024658 0
1716295154291 0.5862898826599121 0
1716295154934 0.6300628185272217 0
1716295155616 0.6678969860076904 0
1716295162092 1.2067480087280273 0
1716295162590 0.49135422706604004 0
1716295163099 0.4962480068206787 0
1716295163629 0.5205488204956055 0
1716295164178 0.5369830131530762 0
1716295164751 0.562673807144165 0
1716295165337 0.5730278491973877 0
1716295165941 0.592242956161499 0
1716295166575 0.6205639839172363 0
1716295167246 0.6585719585418701 0
1716295172492 0.8987598419189453 0
1716295172985 0.4879899024963379 0
1716295173525 0.5196290016174316 0
1716295174060 0.5155699253082275 0
1716295174599 0.5283303260803223 0
1716295175154 0.5430231094360352 0
1716295175728 0.5604982376098633 0
1716295176320 0.5777242183685303 0
1716295176937 0.6038370132446289 0
1716295177581 0.6326808929443359 0
1716295183033 0.9712691307067871 0
1716295183556 0.5156211853027344 0
1716295184068 0.4991490840911865 0
1716295184599 0.519355058670044 0
1716295185145 0.5353779792785645 0
1716295185705 0.5392041206359863 0
1716295186290 0.5700058937072754 0
1716295186891 0.5872128009796143 0
1716295187502 0.5983881950378418 0
1716295188131 0.6213219165802002 0
1716295193382 1.0019640922546387 0
1716295193880 0.49396681785583496 0
1716295194412 0.5134820938110352 0
1716295194955 0.5248692035675049 0
1716295195512 0.5440351963043213 0
1716295196087 0.5620808601379395 0
1716295196680 0.582028865814209 0
1716295197294 0.603053092956543 0
1716295197945 0.6385438442230225 0
1716295198622 0.6643421649932861 0
1716295204052 1.0191869735717773 0
1716295204554 0.4946742057800293 0
1716295205080 0.5130321979522705 0
1716295205611 0.519902229309082 0
1716295206178 0.556480884552002 0
1716295206774 0.5784108638763428 0
1716295207371 0.5844178199768066 0
1716295207988 0.5996778011322021 0
1716295208657 0.657257080078125 0
1716295209376 0.7064778804779053 0
1716295216435 1.1863479614257812 0
1716295216988 0.5444591045379639 0
1716295217551 0.5464179515838623 0
1716295218090 0.5264267921447754 0
1716295218657 0.5515830516815186 0
1716295219228 0.5564970970153809 0
1716295219830 0.5878579616546631 0
1716295220454 0.6115398406982422 0
1716295221294 0.8320209980010986 0
1716295222222 0.8977429866790771 0
1716295229051 1.1214070320129395 0
1716295229554 0.49677205085754395 0
1716295230061 0.48903417587280273 0
1716295230561 0.4874858856201172 0
1716295231074 0.5020990371704102 0
1716295231606 0.5235519409179688 0
1716295232154 0.5375270843505859 0
1716295232722 0.556790828704834 0
1716295233317 0.5833232402801514 0
1716295233930 0.6019740104675293 0
1716295238787 0.9459898471832275 0
1716295239283 0.4809582233428955 0
1716295239785 0.49129390716552734 0
1716295240301 0.5045969486236572 0
1716295240841 0.5279722213745117 0
1716295241389 0.5381150245666504 0
1716295241961 0.5607450008392334 0
1716295242557 0.583550214767456 0
1716295243187 0.6201531887054443 0
1716295243846 0.6464509963989258 0
1716295248753 1.0109999179840088 0
1716295249260 0.4993000030517578 0
1716295249764 0.492372989654541 0
1716295250285 0.5053660869598389 0
1716295250820 0.5258848667144775 0
1716295251382 0.5550961494445801 0
1716295252000 0.6085460186004639 0
1716295252683 0.669154167175293 0
1716295253438 0.7261917591094971 0
1716295254401 0.9416580200195312 0
1716295261204 1.218106985092163 0
1716295261726 0.5113298892974854 0
1716295262302 0.5518872737884521 0
1716295262860 0.5402872562408447 0
1716295263476 0.6112010478973389 0
1716295264070 0.5793590545654297 0
1716295264698 0.6088178157806396 0
1716295265360 0.6486489772796631 0
1716295266091 0.711338996887207 0
1716295266924 0.8158409595489502 0
1716295273506 1.1538889408111572 0
1716295274023 0.5104975700378418 0
1716295274546 0.4999542236328125 0
1716295275076 0.5176510810852051 0
1716295275641 0.5324838161468506 0
1716295276204 0.5510473251342773 0
1716295276789 0.5717313289642334 0
1716295277411 0.6034719944000244 0
1716295278064 0.6402368545532227 0
1716295278734 0.6606590747833252 0
1716295285706 1.4008760452270508 0
1716295286219 0.5047752857208252 0
1716295286767 0.5387430191040039 0
1716295287305 0.5289812088012695 0
1716295287977 0.6649117469787598 0
1716295288693 0.6926770210266113 0
1716295289456 0.740386962890625 0
1716295290342 0.869081974029541 0
1716295291211 0.8531372547149658 0
1716295292072 0.8372740745544434 0
1716295299415 1.2609789371490479 0
1716295299938 0.5165801048278809 0
1716295300466 0.5013551712036133 0
1716295301003 0.5218977928161621 0
1716295301548 0.5328760147094727 0
1716295302123 0.5615999698638916 0
1716295302717 0.5826809406280518 0
1716295303344 0.6166095733642578 0
1716295304029 0.6720621585845947 0
1716295304797 0.757537841796875 0
1716295311670 1.283627986907959 0
1716295312210 0.5132927894592285 0
1716295312729 0.5071899890899658 0
1716295313259 0.5164258480072021 0
1716295313808 0.5367701053619385 0
1716295314385 0.564141035079956 0
1716295314973 0.5781650543212891 0
1716295315605 0.6162667274475098 0
1716295316256 0.6387240886688232 0
1716295316955 0.6857881546020508 0
1716295323105 1.1136538982391357 0
1716295323623 0.5103049278259277 0
1716295324152 0.5131688117980957 0
1716295324681 0.5172479152679443 0
1716295325237 0.5429282188415527 0
1716295325798 0.5496230125427246 0
1716295326393 0.5809652805328369 0
1716295327012 0.6048870086669922 0
1716295327660 0.6348979473114014 0
1716295328336 0.664222002029419 0
1716295333437 0.9438920021057129 0
1716295333935 0.49210190773010254 0
1716295334459 0.5113880634307861 0
1716295334991 0.518496036529541 0
1716295335562 0.5596950054168701 0
1716295336116 0.5423610210418701 0
1716295336689 0.565284013748169 0
1716295337300 0.6024751663208008 0
1716295337968 0.655418872833252 0
1716295338651 0.6721773147583008 0
1716295344331 1.1090450286865234 0
1716295344839 0.4955921173095703 0
1716295345366 0.5140597820281982 0
1716295345914 0.5340220928192139 0
1716295346484 0.5581281185150146 0
1716295347075 0.5783400535583496 0
1716295347673 0.5859038829803467 0
1716295348310 0.6235599517822266 0
1716295348987 0.6643221378326416 0
1716295349717 0.7176308631896973 0
1716295355388 1.1950671672821045 0
1716295355895 0.49686717987060547 0
1716295356421 0.507011890411377 0
1716295356970 0.5370538234710693 0
1716295357525 0.5432190895080566 0
1716295358104 0.5667908191680908 0
1716295358714 0.5961549282073975 0
1716295359349 0.6236541271209717 0
1716295360032 0.6716759204864502 0
1716295360769 0.7230610847473145 0
1716295366176 0.9892580509185791 0
1716295366686 0.49603891372680664 0
1716295367206 0.5008859634399414 0
1716295367741 0.5226361751556396 0
1716295368320 0.5680997371673584 0
1716295368900 0.5697569847106934 0
1716295369502 0.5908019542694092 0
1716295370133 0.6160168647766113 0
1716295370821 0.6728880405426025 0
1716295371586 0.7443320751190186 0
1716295376967 0.9861781597137451 0
1716295377468 0.4914572238922119 0
1716295377992 0.5133230686187744 0
1716295378546 0.541553258895874 0
1716295379122 0.5636398792266846 0
1716295379710 0.5726702213287354 0
1716295380327 0.6028537750244141 0
1716295380956 0.6163530349731445 0
1716295381647 0.6781868934631348 0
1716295382375 0.7146081924438477 0
1716295387117 0.960594892501831 0
1716295387619 0.4935905933380127 0
1716295388154 0.5135760307312012 0
1716295388695 0.5282747745513916 0
1716295389271 0.5563929080963135 0
1716295389847 0.5638740062713623 0
1716295390445 0.5868949890136719 0
1716295391087 0.6336791515350342 0
1716295391786 0.677954912185669 0
1716295392522 0.7187469005584717 0
1716295398618 1.1891579627990723 0
1716295399145 0.5066518783569336 0
1716295399660 0.5029392242431641 0
1716295400192 0.5166637897491455 0
1716295400736 0.5328528881072998 0
1716295401325 0.5767359733581543 0
1716295401913 0.5745539665222168 0
1716295402532 0.6063652038574219 0
1716295403174 0.6267080307006836 0
1716295403839 0.6468319892883301 0
1716295408832 1.028496265411377 0
1716295409361 0.5228228569030762 0
1716295409876 0.5029692649841309 0
1716295410419 0.5306520462036133 0
1716295410971 0.540734052658081 0
1716295411541 0.556149959564209 0
1716295412135 0.5817968845367432 0
1716295412768 0.6198430061340332 0
1716295413428 0.647042989730835 0
1716295414109 0.6675198078155518 0
1716295420854 1.3528168201446533 0
1716295421458 0.5795929431915283 0
1716295422055 0.5875730514526367 0
1716295422574 0.5091497898101807 0
1716295423129 0.5420112609863281 0
1716295423766 0.6256499290466309 0
1716295424431 0.6497092247009277 0
1716295425182 0.7333810329437256 0
1716295425944 0.7313132286071777 0
1716295426830 0.8711340427398682 0
1716295433566 1.1834428310394287 0
1716295434083 0.5054888725280762 0
1716295434583 0.4830162525177002 0
1716295435087 0.4940919876098633 0
1716295435817 0.7188308238983154 0
1716295436369 0.5457072257995605 0
1716295436961 0.5863139629364014 0
1716295437690 0.688586950302124 0
1716295438384 0.6843042373657227 0
1716295439107 0.7089951038360596 0
1716295445592 1.2999768257141113 0
1716295446149 0.5436739921569824 0
1716295446665 0.5054857730865479 0
1716295447196 0.5187802314758301 0
1716295447758 0.551335334777832 0
1716295448333 0.5631833076477051 0
1716295448951 0.6106529235839844 0
1716295449641 0.6760129928588867 0
1716295450435 0.7723789215087891 0
1716295451401 0.9509372711181641 0
1716295457807 1.2453479766845703 0
1716295458310 0.49932169914245605 0
1716295458822 0.49208712577819824 0
1716295459341 0.5046219825744629 0
1716295459868 0.5180470943450928 0
1716295460415 0.5379199981689453 0
1716295460970 0.5444517135620117 0
1716295461545 0.5665199756622314 0
1716295462161 0.6040723323822021 0
1716295462817 0.6450259685516357 0
1716295468187 1.0123798847198486 0
1716295468687 0.4915008544921875 0
1716295469187 0.4903109073638916 0
1716295469705 0.5085849761962891 0
1716295470250 0.525864839553833 0
1716295470805 0.5459651947021484 0
1716295471374 0.558823823928833 0
1716295471976 0.5898261070251465 0
1716295472605 0.6186249256134033 0
1716295473252 0.6363949775695801 0
1716295479359 1.3348212242126465 0
1716295479864 0.49851393699645996 0
1716295480490 0.5992529392242432 0
1716295481071 0.5688209533691406 0
1716295481656 0.5736639499664307 0
1716295482260 0.5869400501251221 0
1716295482985 0.7068791389465332 0
1716295483798 0.7964091300964355 0
1716295484651 0.8278079032897949 0
1716295485717 1.0544042587280273 0
1716295491698 1.111387014389038 0
1716295492205 0.4987831115722656 0
1716295492743 0.5168020725250244 0
1716295493269 0.5144751071929932 0
1716295493814 0.5310027599334717 0
1716295494384 0.5568192005157471 0
1716295494983 0.5845329761505127 0
1716295495594 0.5977420806884766 0
1716295496237 0.6318590641021729 0
1716295496914 0.6660490036010742 0
1716295502397 0.9981191158294678 0
1716295502910 0.4959228038787842 0
1716295503428 0.5033688545227051 0
1716295503965 0.522209644317627 0
1716295504521 0.5437569618225098 0
1716295505094 0.5591349601745605 0
1716295505693 0.5851130485534668 0
1716295506310 0.6040267944335938 0
1716295506970 0.6483080387115479 0
1716295507670 0.6871480941772461 0
1716295513020 0.9601640701293945 0
1716295513545 0.5147628784179688 0
1716295514074 0.5157120227813721 0
1716295514625 0.5322539806365967 0
1716295515183 0.547888994216919 0
1716295515752 0.5550839900970459 0
1716295516346 0.5808477401733398 0
1716295516981 0.6244070529937744 0
1716295517650 0.6546990871429443 0
1716295518352 0.6796212196350098 0
1716295523479 0.9896409511566162 0
1716295523999 0.5114269256591797 0
1716295524514 0.5015871524810791 0
1716295525050 0.5212042331695557 0
1716295525605 0.5439040660858154 0
1716295526176 0.5571799278259277 0
1716295526777 0.588001012802124 0
1716295527412 0.6191012859344482 0
1716295528062 0.6361021995544434 0
1716295528742 0.666567325592041 0
1716295533232 0.805858850479126 0
1716295533740 0.4983038902282715 0
1716295534274 0.5142159461975098 0
1716295534816 0.529447078704834 0
1716295535384 0.554840087890625 0
1716295535959 0.5597529411315918 0
1716295536575 0.6025500297546387 0
1716295537208 0.6206350326538086 0
1716295537887 0.6673760414123535 0
1716295538579 0.6794240474700928 0
1716295543076 0.9096181392669678 0
1716295543586 0.502316951751709 0
1716295544120 0.5216021537780762 0
1716295544658 0.5242488384246826 0
1716295545213 0.5432629585266113 0
1716295545782 0.5612790584564209 0
1716295546389 0.5975601673126221 0
1716295547023 0.6212990283966064 0
1716295547704 0.6680068969726562 0
1716295548428 0.7108268737792969 0
1716295553628 0.9718971252441406 0
1716295554130 0.4942820072174072 0
1716295554647 0.5034360885620117 0
1716295555175 0.5173208713531494 0
1716295555731 0.5419819355010986 0
1716295556362 0.6109869480133057 0
1716295556973 0.6021382808685303 0
1716295557603 0.6158850193023682 0
1716295558284 0.6678729057312012 0
1716295559059 0.7602880001068115 0
1716295577312 2.4523818492889404 0
1716295577857 0.5387840270996094 0
1716295578416 0.5464448928833008 0
1716295578939 0.5136771202087402 0
1716295579501 0.5332379341125488 0
1716295580066 0.5560331344604492 0
1716295580648 0.5623421669006348 0
1716295581259 0.5992109775543213 0
1716295581896 0.6249480247497559 0
1716295582628 0.7172369956970215 0
1716295588919 1.157060146331787 0
1716295589460 0.5342669486999512 0
1716295589996 0.5219552516937256 0
1716295590525 0.5172469615936279 0
1716295591078 0.5413448810577393 0
1716295591656 0.5510101318359375 0
1716295592240 0.5701420307159424 0
1716295592863 0.6094508171081543 0
1716295593510 0.6330618858337402 0
1716295594177 0.6555719375610352 0
1716295599690 1.1219093799591064 0
1716295600210 0.5111489295959473 0
1716295600740 0.5189571380615234 0
1716295601290 0.5378060340881348 0
1716295601856 0.5538389682769775 0
1716295602447 0.5745348930358887 0
1716295603089 0.6295411586761475 0
1716295603714 0.6136877536773682 0
1716295604409 0.6835582256317139 0
1716295605114 0.6959388256072998 0
1716295612594 1.2546231746673584 0
1716295613109 0.5088787078857422 0
1716295613632 0.5099499225616455 0
1716295614209 0.5620732307434082 0
1716295614777 0.551192045211792 0
1716295615352 0.5610990524291992 0
1716295616005 0.6217432022094727 0
1716295616673 0.6521930694580078 0
1716295617404 0.7075481414794922 0
1716295618282 0.8663220405578613 0
1716295625348 1.1652450561523438 0
1716295625851 0.49427080154418945 0
1716295626373 0.5039458274841309 0
1716295626918 0.5152120590209961 0
1716295627470 0.5384731292724609 0
1716295628033 0.5507938861846924 0
1716295628616 0.569166898727417 0
1716295629275 0.6444439888000488 0
1716295629912 0.6282498836517334 0
1716295630583 0.6576368808746338 0
1716295637135 1.2005300521850586 0
1716295637646 0.5012900829315186 0
1716295638158 0.49950718879699707 0
1716295638709 0.5373859405517578 0
1716295639263 0.542151927947998 0
1716295639860 0.5908329486846924 0
1716295640477 0.5909481048583984 0
1716295641135 0.6415989398956299 0
1716295641814 0.6707408428192139 0
1716295642605 0.7772660255432129 0
1716295649750 1.2016770839691162 0
1716295650270 0.5141739845275879 0
1716295650827 0.5411710739135742 0
1716295651381 0.5380260944366455 0
1716295651960 0.5634331703186035 0
1716295652564 0.5918300151824951 0
1716295653192 0.6134922504425049 0
1716295653876 0.6670019626617432 0
1716295654634 0.7446961402893066 0
1716295655525 0.879997968673706 0
1716295662585 1.4665658473968506 0
1716295663124 0.5315351486206055 0
1716295663663 0.5193521976470947 0
1716295664234 0.5604457855224609 0
1716295664885 0.6423289775848389 0
1716295665640 0.744351863861084 0
1716295666827 1.076653242111206 0
1716295667622 0.7761030197143555 0
1716295668471 0.8358960151672363 0
1716295669402 0.9140260219573975 0
1716295676250 1.2050080299377441 0
1716295676760 0.5055718421936035 0
1716295677278 0.5071289539337158 0
1716295677830 0.529695987701416 0
1716295678413 0.5717389583587646 0
1716295679010 0.5778660774230957 0
1716295679654 0.624614953994751 0
1716295680333 0.6683101654052734 0
1716295681085 0.7393581867218018 0
1716295681936 0.8387720584869385 0
1716295689884 1.115556001663208 0
1716295690377 0.4854750633239746 0
1716295690920 0.5121548175811768 0
1716295691455 0.5202350616455078 0
1716295692016 0.5476229190826416 0
1716295692607 0.5694108009338379 0
1716295693226 0.607170820236206 0
1716295693868 0.631044864654541 0
1716295694556 0.6750669479370117 0
1716295695344 0.7770209312438965 0
1716295702002 1.186264991760254 0
1716295702520 0.5103378295898438 0
1716295703048 0.5046141147613525 0
1716295703594 0.5333900451660156 0
1716295704163 0.5566902160644531 0
1716295704744 0.5681469440460205 0
1716295705355 0.5956759452819824 0
1716295706009 0.6415500640869141 0
1716295706734 0.712022066116333 0
1716295707464 0.71695876121521 0
1716295714066 1.2087249755859375 0
1716295714582 0.5072000026702881 0
1716295715112 0.5162031650543213 0
1716295715644 0.5254299640655518 0
1716295716225 0.570594072341919 0
1716295716941 0.7016992568969727 0
1716295717712 0.7506439685821533 0
1716295719031 1.2874641418457031 0
1716295720026 0.9648540019989014 0
1716295721112 1.0712189674377441 0
1716295727666 1.2105801105499268 0
1716295728197 0.5162560939788818 0
1716295728727 0.5204751491546631 0
1716295729285 0.5420482158660889 0
1716295729869 0.5674717426300049 0
1716295730520 0.6398930549621582 0
1716295731506 0.934453010559082 0
1716295732329 0.7947919368743896 0
1716295733245 0.8744239807128906 0
1716295734428 1.170292854309082 0
1716295740712 1.1991682052612305 0
1716295741268 0.5237979888916016 0
1716295741822 0.5393469333648682 0
1716295742367 0.5298311710357666 0
1716295742949 0.5726058483123779 0
1716295743574 0.6028091907501221 0
1716295744295 0.698840856552124 0
1716295745135 0.7884318828582764 0
1716295746163 1.0078470706939697 0
1716295747620 1.4370110034942627 0
1716295754652 1.2199816703796387 0
1716295755163 0.5066421031951904 0
1716295755789 0.5426509380340576 0
1716295756372 0.5536048412322998 0
1716295756944 0.5607538223266602 0
1716295757581 0.6203417778015137 0
1716295758271 0.6710190773010254 0
1716295758969 0.6818592548370361 0
1716295759901 0.9170401096343994 0
1716295760869 0.9485213756561279 0
1716295767725 1.2904529571533203 0
1716295768247 0.5156967639923096 0
1716295768787 0.528831958770752 0
1716295769346 0.5478897094726562 0
1716295769927 0.5693440437316895 0
1716295770537 0.5900921821594238 0
1716295771210 0.6609461307525635 0
1716295771950 0.717860221862793 0
1716295772947 0.9605958461761475 0
1716295774126 1.1545538902282715 0
1716295781172 1.20412015914917 0
1716295781702 0.5223801136016846 0
1716295782220 0.5054571628570557 0
1716295782761 0.529170036315918 0
1716295783326 0.5507209300994873 0
1716295783908 0.5704967975616455 0
1716295784512 0.5935308933258057 0
1716295785169 0.6456551551818848 0
1716295785873 0.6921448707580566 0
1716295786681 0.7959039211273193 0
1716295793327 1.184561014175415 0
1716295793836 0.5003030300140381 0
1716295794362 0.5134091377258301 0
1716295794912 0.5324499607086182 0
1716295795469 0.5375750064849854 0
1716295796051 0.5690159797668457 0
1716295796654 0.5915360450744629 0
1716295797298 0.6295061111450195 0
1716295797992 0.6812920570373535 0
1716295798759 0.7525520324707031 0
1716295804513 1.0714917182922363 0
1716295805019 0.4987759590148926 0
1716295805539 0.5047578811645508 0
1716295806091 0.5255270004272461 0
1716295806647 0.5428287982940674 0
1716295807228 0.5688629150390625 0
1716295807837 0.5964627265930176 0
1716295808475 0.625126838684082 0
1716295809150 0.662337064743042 0
1716295809885 0.7221229076385498 0
1716295815807 1.057887077331543 0
1716295816312 0.49901628494262695 0
1716295816834 0.5003659725189209 0
1716295817364 0.5182173252105713 0
1716295817911 0.5371618270874023 0
1716295818497 0.573814868927002 0
1716295819110 0.5993311405181885 0
1716295819789 0.6659011840820312 0
1716295820536 0.7343869209289551 0
1716295821457 0.9063711166381836 0
1716295827277 1.2123301029205322 0
1716295827783 0.49793386459350586 0
1716295828301 0.5112907886505127 0
1716295828852 0.5391690731048584 0
1716295829436 0.571185827255249 0
1716295830038 0.593858003616333 0
1716295830678 0.6293551921844482 0
1716295831376 0.6826832294464111 0
1716295832212 0.8249609470367432 0
1716295833553 1.3192987442016602 0
1716295840120 1.1992170810699463 0
1716295840639 0.5112900733947754 0
1716295841178 0.5262858867645264 0
1716295841710 0.5202879905700684 0
1716295842284 0.561866044998169 0
1716295842892 0.590501070022583 0
1716295843523 0.6170527935028076 0
1716295844244 0.7017347812652588 0
1716295844990 0.7361040115356445 0
1716295845892 0.8876218795776367 0
1716295852766 1.2509181499481201 0
1716295853281 0.5079479217529297 0
1716295853813 0.5207779407501221 0
1716295854371 0.5473229885101318 0
1716295854956 0.5563011169433594 0
1716295855556 0.5884029865264893 0
1716295856197 0.6301240921020508 0
1716295856882 0.6746578216552734 0
1716295857645 0.7504470348358154 0
1716295858736 1.073854923248291 0
1716295865586 1.1746301651000977 0
1716295866088 0.49449968338012695 0
1716295866616 0.504235029220581 0
1716295867149 0.5111160278320312 0
1716295867707 0.5407049655914307 0
1716295868283 0.5602717399597168 0
1716295868888 0.5916993618011475 0
1716295869521 0.6209468841552734 0
1716295870209 0.6740798950195312 0
1716295870977 0.7526140213012695 0
1716295876979 1.0200703144073486 0
1716295877487 0.49962687492370605 0
1716295878019 0.5122730731964111 0
1716295878554 0.5222110748291016 0
1716295879116 0.5496480464935303 0
1716295879682 0.5501408576965332 0
1716295880279 0.5822658538818359 0
1716295880909 0.6153342723846436 0
1716295881582 0.6597540378570557 0
1716295882283 0.6871647834777832 0
1716295887539 0.975290060043335 0
1716295888057 0.5100862979888916 0
1716295888583 0.5129039287567139 0
1716295889145 0.5507051944732666 0
1716295889713 0.553541898727417 0
1716295890289 0.5663831233978271 0
1716295890903 0.6016111373901367 0
1716295891539 0.6241860389709473 0
1716295892218 0.6680397987365723 0
1716295892976 0.7371869087219238 0
1716295898319 0.9859108924865723 0
1716295898821 0.4951932430267334 0
1716295899347 0.5135619640350342 0
1716295899879 0.5213818550109863 0
1716295900445 0.5526647567749023 0
1716295901036 0.5699548721313477 0
1716295901645 0.5960209369659424 0
1716295902300 0.638916015625 0
1716295902993 0.6822988986968994 0
1716295903738 0.7281510829925537 0
1716295909439 1.0904262065887451 0
1716295909959 0.5120589733123779 0
1716295910509 0.5371110439300537 0
1716295911093 0.5658152103424072 0
1716295911689 0.5711100101470947 0
1716295912291 0.5869801044464111 0
1716295912948 0.6438860893249512 0
1716295913708 0.7462570667266846 0
1716295914828 1.095412015914917 0
1716295916210 1.3502569198608398 0
1716295923602 1.3859100341796875 0
1716295924137 0.5288550853729248 0
1716295924661 0.5091493129730225 0
1716295925188 0.5135531425476074 0
1716295925778 0.5833191871643066 0
1716295926375 0.5870449542999268 0
1716295927009 0.6171309947967529 0
1716295927699 0.6773898601531982 0
1716295928550 0.8339152336120605 0
1716295929797 1.2221119403839111 0
1716295936734 1.132436990737915 0
1716295937235 0.4939577579498291 0
1716295937772 0.5137939453125 0
1716295938339 0.5326328277587891 0
1716295938887 0.525320291519165 0
1716295939434 0.5374939441680908 0
1716295940033 0.5923478603363037 0
1716295940670 0.6239101886749268 0
1716295941347 0.6642773151397705 0
1716295942099 0.7378599643707275 0
1716295948590 1.1519451141357422 0
1716295949131 0.5331599712371826 0
1716295949677 0.5315279960632324 0
1716295950217 0.5288970470428467 0
1716295950787 0.5583028793334961 0
1716295951368 0.5669102668762207 0
1716295951998 0.6162750720977783 0
1716295952669 0.6562068462371826 0
1716295953411 0.7281341552734375 0
1716295954223 0.797065258026123 0
1716295960059 1.1551909446716309 0
1716295960580 0.509451150894165 0
1716295961109 0.515139102935791 0
1716295961679 0.5556347370147705 0
1716295962245 0.5560040473937988 0
1716295962840 0.5822739601135254 0
1716295963451 0.596513032913208 0
1716295964148 0.6884422302246094 0
1716295964897 0.740372896194458 0
1716295965719 0.8100979328155518 0
1716295972904 1.623708963394165 0
1716295973441 0.5277209281921387 0
1716295973979 0.5242607593536377 0
1716295974530 0.5370938777923584 0
1716295975123 0.5772011280059814 0
1716295975786 0.6477441787719727 0
1716295976451 0.6539671421051025 0
1716295977167 0.7039527893066406 0
1716295978091 0.9079508781433105 0
1716295979686 1.5734062194824219 0
1716295985619 1.1535148620605469 0
1716295986137 0.5101578235626221 0
1716295986659 0.5033509731292725 0
1716295987196 0.5247972011566162 0
1716295987753 0.5452113151550293 0
1716295988336 0.567594051361084 0
1716295988940 0.5917661190032959 0
1716295989581 0.6288058757781982 0
1716295990306 0.7110977172851562 0
1716295991150 0.8296709060668945 0
1716295996890 1.025390863418579 0
1716295997413 0.5151317119598389 0
1716295997925 0.5041861534118652 0
1716295998459 0.523921012878418 0
1716295999032 0.5609281063079834 0
1716295999612 0.5670621395111084 0
1716296000218 0.5923888683319092 0
1716296000866 0.6352479457855225 0
1716296001546 0.664618968963623 0
1716296002262 0.7056128978729248 0
1716296008994 1.3009178638458252 0
1716296009620 0.6152071952819824 0
1716296010203 0.5706667900085449 0
1716296011044 0.820620059967041 0
1716296011854 0.7579658031463623 0
1716296012901 0.9977850914001465 0
1716296013740 0.8090240955352783 0
1716296014529 0.7647860050201416 0
1716296015551 1.0041980743408203 0
1716296016713 1.145796775817871 0
1716296024063 1.1654000282287598 0
1716296024578 0.4998040199279785 0
1716296025092 0.5014569759368896 0
1716296025633 0.5289437770843506 0
1716296026195 0.5476229190826416 0
1716296026769 0.5607039928436279 0
1716296027390 0.5951201915740967 0
1716296028041 0.6379561424255371 0
1716296028734 0.6728200912475586 0
1716296029545 0.7740762233734131 0
1716296037920 1.3475468158721924 0
1716296038422 0.49542784690856934 0
1716296038962 0.5297789573669434 0
1716296039502 0.5288791656494141 0
1716296040079 0.564622163772583 0
1716296040697 0.58819580078125 0
1716296041301 0.5971179008483887 0
1716296041973 0.6598460674285889 0
1716296042704 0.7189157009124756 0
1716296043529 0.8121919631958008 0
1716296050837 1.1952447891235352 0
1716296051373 0.5287411212921143 0
1716296051906 0.5194191932678223 0
1716296052451 0.5334577560424805 0
1716296053017 0.5542490482330322 0
1716296053593 0.5586099624633789 0
1716296054199 0.5939369201660156 0
1716296054834 0.6233348846435547 0
1716296055520 0.6718080043792725 0
1716296056264 0.7314329147338867 0
1716296062291 1.0745337009429932 0
1716296062811 0.5116760730743408 0
1716296063354 0.5289778709411621 0
1716296063909 0.5423908233642578 0
1716296064481 0.5598540306091309 0
1716296065069 0.5781219005584717 0
1716296065687 0.603032112121582 0
1716296066365 0.6626298427581787 0
1716296067077 0.7006280422210693 0
1716296067901 0.8126828670501709 0
1716296073340 1.0213398933410645 0
1716296073858 0.5102179050445557 0
1716296074381 0.5088827610015869 0
1716296074926 0.5283420085906982 0
1716296075487 0.549403190612793 0
1716296076075 0.5749399662017822 0
1716296076701 0.6136400699615479 0
1716296077355 0.6326258182525635 0
1716296078092 0.7166216373443604 0
1716296079749 1.6071648597717285 0
1716296086314 1.1591129302978516 0
1716296086820 0.4978320598602295 0
1716296087347 0.5155761241912842 0
1716296087883 0.5260069370269775 0
1716296088444 0.5494740009307861 0
1716296089031 0.5717649459838867 0
1716296089628 0.5836501121520996 0
1716296090272 0.6297810077667236 0
1716296090974 0.6891629695892334 0
1716296091777 0.789525032043457 0
1716296099083 1.37821626663208 0
1716296099662 0.5670731067657471 0
1716296100258 0.5849020481109619 0
1716296100842 0.5728468894958496 0
1716296101429 0.5733509063720703 0
1716296102031 0.5894720554351807 0
1716296102835 0.7918848991394043 0
1716296103811 0.960709810256958 0
1716296104734 0.9046390056610107 0
1716296105917 1.1673099994659424 0
1716296113183 1.166696310043335 0
1716296113707 0.5157191753387451 0
1716296114280 0.5589978694915771 0
1716296114815 0.5196428298950195 0
1716296115425 0.5912430286407471 0
1716296116029 0.5928997993469238 0
1716296116669 0.6249270439147949 0
1716296117357 0.6697831153869629 0
1716296118106 0.7333347797393799 0
1716296118975 0.8543140888214111 0
1716296125425 1.0956499576568604 0
1716296125952 0.5184340476989746 0
1716296126471 0.5078198909759521 0
1716296127005 0.5222647190093994 0
1716296127560 0.5417139530181885 0
1716296128128 0.5561180114746094 0
1716296128720 0.5777430534362793 0
1716296129345 0.6122879981994629 0
1716296130041 0.68202805519104 0
1716296130782 0.7266750335693359 0
1716296153354 4.3547961711883545 0
1716296153936 0.5749640464782715 0
1716296154527 0.5825140476226807 0
1716296155072 0.5387063026428223 0
1716296155633 0.5399198532104492 0
1716296156243 0.5922012329101562 0
1716296156939 0.687251091003418 0
1716296157678 0.7229201793670654 0
1716296158638 0.9388821125030518 0
1716296159789 1.0967659950256348 0
1716296168053 1.2613470554351807 0
1716296168591 0.5238802433013916 0
1716296169111 0.5046441555023193 0
1716296169656 0.5319428443908691 0
1716296170224 0.5516791343688965 0
1716296170808 0.5683128833770752 0
1716296171414 0.590925931930542 0
1716296172057 0.6308438777923584 0
1716296172753 0.6816778182983398 0
1716296173500 0.7333319187164307 0
1716296179066 0.9768729209899902 0
1716296179567 0.49496912956237793 0
1716296180100 0.5153658390045166 0
1716296180636 0.5220098495483398 0
1716296181187 0.5386149883270264 0
1716296181761 0.558650016784668 0
1716296182363 0.5889186859130859 0
1716296183003 0.6275370121002197 0
1716296183686 0.6702370643615723 0
1716296184424 0.7243828773498535 0
1716296190029 1.1924290657043457 0
1716296190537 0.49975085258483887 0
1716296191065 0.5162849426269531 0
1716296191617 0.538092851638794 0
1716296192171 0.5411090850830078 0
1716296192760 0.5756549835205078 0
1716296193378 0.6053371429443359 0
1716296194028 0.638909101486206 0
1716296194720 0.6799209117889404 0
1716296195439 0.7069427967071533 0
1716296201070 1.1447501182556152 0
1716296201592 0.5130391120910645 0
1716296202132 0.5279929637908936 0
1716296202672 0.5277738571166992 0
1716296203262 0.5778968334197998 0
1716296203876 0.6003119945526123 0
1716296204481 0.5932581424713135 0
1716296205119 0.6244549751281738 0
1716296205811 0.6789782047271729 0
1716296206576 0.7504081726074219 0
1716296211992 1.0332181453704834 0
1716296212506 0.5062088966369629 0
1716296213033 0.5144181251525879 0
1716296213589 0.5430450439453125 0
1716296214154 0.5525209903717041 0
1716296214772 0.5783617496490479 0
1716296215393 0.6045429706573486 0
1716296216037 0.6218917369842529 0
1716296216715 0.6634421348571777 0
1716296217446 0.7186198234558105 0
1716296223434 1.129734992980957 0
1716296223945 0.5033128261566162 0
1716296224490 0.5116159915924072 0
1716296225024 0.5243570804595947 0
1716296225592 0.5508501529693604 0
1716296226165 0.5566558837890625 0
1716296226769 0.5900957584381104 0
1716296227403 0.6195621490478516 0
1716296228073 0.6555960178375244 0
1716296228774 0.687323808670044 0
1716296235440 1.1896448135375977 0
1716296235946 0.49715304374694824 0
1716296236468 0.512017011642456 0
1716296237018 0.5411508083343506 0
1716296237713 0.6809360980987549 0
1716296238352 0.6268961429595947 0
1716296239131 0.762141227722168 0
1716296239865 0.7160530090332031 0
1716296240827 0.9503629207611084 0
1716296241818 0.9763619899749756 0
1716296247645 1.151794195175171 0
1716296248167 0.5136370658874512 0
1716296248674 0.4949049949645996 0
1716296249202 0.5179758071899414 0
1716296249761 0.5377359390258789 0
1716296250326 0.551865816116333 0
1716296250923 0.5862040519714355 0
1716296251542 0.6039159297943115 0
1716296252201 0.6447920799255371 0
1716296252888 0.6730809211730957 0
1716296258063 1.172179937362671 0
1716296258583 0.5136628150939941 0
1716296259145 0.5417249202728271 0
1716296259693 0.5363249778747559 0
1716296260265 0.5544500350952148 0
1716296260840 0.5629558563232422 0
1716296261458 0.6098148822784424 0
1716296262109 0.6396298408508301 0
1716296262852 0.7317678928375244 0
1716296263754 0.886664867401123 0
1716296269681 1.0922062397003174 0
1716296270183 0.4947352409362793 0
1716296270711 0.5176539421081543 0
1716296271280 0.54799485206604 0
1716296271853 0.5546040534973145 0
1716296272428 0.5611379146575928 0
1716296273022 0.5777280330657959 0
1716296273643 0.6071498394012451 0
1716296274298 0.6476080417633057 0
1716296275031 0.7194950580596924 0
1716296280563 1.0195279121398926 0
1716296281060 0.4899587631225586 0
1716296281593 0.51851487159729 0
1716296282129 0.5231907367706299 0
1716296282692 0.5520029067993164 0
1716296283281 0.576103925704956 0
1716296283899 0.6039330959320068 0
1716296284550 0.6375281810760498 0
1716296285243 0.6794519424438477 0
1716296285991 0.7323288917541504 0
1716296291753 1.1595180034637451 0
1716296292284 0.5211560726165771 0
1716296293191 0.896129846572876 0
1716296293702 0.5006811618804932 0
1716296294248 0.5377802848815918 0
1716296294822 0.562891960144043 0
1716296295406 0.5687870979309082 0
1716296296063 0.6448678970336914 0
1716296296753 0.6748661994934082 0
1716296297491 0.7142691612243652 0
1716296304619 1.1996817588806152 0
1716296305135 0.5088179111480713 0
1716296305705 0.5401961803436279 0
1716296306232 0.5147988796234131 0
1716296306822 0.5776240825653076 0
1716296307389 0.5574371814727783 0
1716296308013 0.6128737926483154 0
1716296308663 0.6374590396881104 0
1716296309368 0.690788984298706 0
1716296310128 0.7459061145782471 0
1716296316825 1.1739168167114258 0
1716296317347 0.5143029689788818 0
1716296317902 0.5394589900970459 0
1716296318457 0.5397069454193115 0
1716296319011 0.5399420261383057 0
1716296319621 0.5971128940582275 0
1716296320362 0.7278728485107422 0
1716296321330 0.9572231769561768 0
1716296322992 1.4855239391326904 0
1716296323914 0.8896231651306152 0
1716296332797 1.5319631099700928 0
1716296333341 0.5366411209106445 0
1716296333861 0.5025582313537598 0
1716296334377 0.511559009552002 0
1716296334932 0.5443689823150635 0
1716296335518 0.5770566463470459 0
1716296336276 0.745919942855835 0
1716296337158 0.8160750865936279 0
1716296338015 0.8312268257141113 0
1716296338991 0.9641809463500977 0
1716296346284 1.2022919654846191 0
1716296346813 0.5219697952270508 0
1716296347366 0.5363461971282959 0
1716296347921 0.5429272651672363 0
1716296348482 0.5502731800079346 0
1716296349066 0.56947922706604 0
1716296349649 0.5701808929443359 0
1716296350300 0.6448509693145752 0
1716296351032 0.7173781394958496 0
1716296351920 0.875673770904541 0
1716296358247 1.177884817123413 0
1716296358764 0.5084469318389893 0
1716296359283 0.5062499046325684 0
1716296359822 0.525921106338501 0
1716296360395 0.553175687789917 0
1716296360975 0.56744384765625 0
1716296361590 0.5990359783172607 0
1716296362238 0.6346719264984131 0
1716296362929 0.675706148147583 0
1716296363657 0.7162587642669678 0
1716296369431 1.2757799625396729 0
1716296369935 0.4960639476776123 0
1716296370484 0.5190713405609131 0
1716296371031 0.5330896377563477 0
1716296371592 0.5465102195739746 0
1716296372168 0.5642199516296387 0
1716296372780 0.6005008220672607 0
1716296373424 0.6292710304260254 0
1716296374119 0.682915210723877 0
1716296374879 0.7460308074951172 0
1716296380793 1.183272123336792 0
1716296381300 0.5021600723266602 0
1716296381829 0.5148608684539795 0
1716296382385 0.5427639484405518 0
1716296382970 0.5709447860717773 0
1716296383563 0.5778419971466064 0
1716296384188 0.6082208156585693 0
1716296384908 0.7046699523925781 0
1716296385633 0.703704833984375 0
1716296386444 0.7980518341064453 0
1716296392507 1.1705131530761719 0
1716296393016 0.49532008171081543 0
1716296393527 0.49987196922302246 0
1716296394087 0.545799732208252 0
1716296394657 0.5549960136413574 0
1716296395240 0.5708611011505127 0
1716296395857 0.6030271053314209 0
1716296396533 0.6629350185394287 0
1716296397237 0.6907100677490234 0
1716296398028 0.7706177234649658 0
1716296403827 1.1642248630523682 0
1716296404343 0.5087449550628662 0
1716296404899 0.5435068607330322 0
1716296405498 0.5837292671203613 0
1716296406092 0.5765647888183594 0
1716296406720 0.6145682334899902 0
1716296407369 0.6355440616607666 0
1716296408091 0.6933090686798096 0
1716296408914 0.8131928443908691 0
1716296410242 1.3103489875793457 0
1716296416905 1.1431081295013428 0
1716296417433 0.5201332569122314 0
1716296417985 0.5468399524688721 0
1716296418545 0.5430762767791748 0
1716296419109 0.5521230697631836 0
1716296419698 0.5776839256286621 0
1716296420341 0.6324191093444824 0
1716296421047 0.6929829120635986 0
1716296421935 0.8730471134185791 0
1716296423801 1.8490512371063232 0
1716296430503 1.4406869411468506 0
1716296431055 0.5421779155731201 0
1716296431572 0.504662036895752 0
1716296432115 0.5299718379974365 0
1716296432677 0.5490062236785889 0
1716296433272 0.5847597122192383 0
1716296433913 0.6276330947875977 0
1716296434600 0.6749429702758789 0
1716296435389 0.773535966873169 0
1716296436336 0.9319188594818115 0
1716296442223 1.1100211143493652 0
1716296442737 0.5003461837768555 0
1716296443268 0.5103271007537842 0
1716296443807 0.5262229442596436 0
1716296444386 0.5635311603546143 0
1716296444976 0.5748329162597656 0
1716296445616 0.6272168159484863 0
1716296446289 0.6583418846130371 0
1716296447013 0.7113001346588135 0
1716296447830 0.8021841049194336 0
1716296454609 1.1891899108886719 0
1716296455124 0.5066230297088623 0
1716296455652 0.5096080303192139 0
1716296456194 0.529088020324707 0
1716296456757 0.5511980056762695 0
1716296457339 0.5701198577880859 0
1716296457958 0.6069991588592529 0
1716296458620 0.6488239765167236 0
1716296459346 0.7157330513000488 0
1716296460166 0.8021969795227051 0
1716296466732 1.1636266708374023 0
1716296467246 0.5051131248474121 0
1716296467764 0.5062370300292969 0
1716296468316 0.5400147438049316 0
1716296468905 0.5750060081481934 0
1716296469481 0.5631358623504639 0
1716296470086 0.5909621715545654 0
1716296470723 0.6253459453582764 0
1716296471426 0.6913840770721436 0
1716296472218 0.7675750255584717 0
1716296477854 1.0671439170837402 0
1716296478354 0.49269914627075195 0
1716296478886 0.5184869766235352 0
1716296479455 0.548896074295044 0
1716296480021 0.5531349182128906 0
1716296480607 0.5745830535888672 0
1716296481216 0.590717077255249 0
1716296481860 0.6309881210327148 0
1716296482538 0.6646339893341064 0
1716296483298 0.7460639476776123 0
1716296489857 1.256363868713379 0
1716296490391 0.5195600986480713 0
1716296490935 0.5320258140563965 0
1716296491574 0.6298999786376953 0
1716296492370 0.7793338298797607 0
1716296493309 0.906667947769165 0
1716296494554 1.2065060138702393 0
1716296495610 1.009742021560669 0
1716296496410 0.7757542133331299 0
1716296497285 0.8591179847717285 0
1716296504898 1.2400248050689697 0
1716296505424 0.5209639072418213 0
1716296506023 0.5884139537811279 0
1716296506593 0.5605690479278564 0
1716296507203 0.598851203918457 0
1716296507831 0.6164810657501221 0
1716296508501 0.6577577590942383 0
1716296509329 0.7994558811187744 0
1716296510560 1.2007050514221191 0
1716296511986 1.4060640335083008 0
1716296519145 1.1964669227600098 0
1716296519667 0.5181288719177246 0
1716296520225 0.5462238788604736 0
1716296520787 0.5570456981658936 0
1716296521446 0.6420001983642578 0
1716296522068 0.6138081550598145 0
1716296522716 0.632378101348877 0
1716296524645 1.9090182781219482 0
1716296525962 1.2952110767364502 0
1716296526839 0.840684175491333 0
1716296533802 1.2767629623413086 0
1716296534328 0.5205860137939453 0
1716296534891 0.5503509044647217 0
1716296535438 0.5347990989685059 0
1716296536010 0.553037166595459 0
1716296536597 0.5744168758392334 0
1716296537240 0.6322019100189209 0
1716296537927 0.67482590675354 0
1716296538712 0.7765371799468994 0
1716296539769 1.0448269844055176 0
1716296546768 1.1327078342437744 0
1716296547282 0.5053451061248779 0
1716296547811 0.5170071125030518 0
1716296548342 0.5197179317474365 0
1716296548893 0.5361318588256836 0
1716296549467 0.5579400062561035 0
1716296550070 0.5915601253509521 0
1716296550701 0.6187918186187744 0
1716296551392 0.6780519485473633 0
1716296552137 0.7327170372009277 0
1716296559040 1.2181601524353027 0
1716296559549 0.5035340785980225 0
1716296560097 0.5350818634033203 0
1716296560654 0.5467851161956787 0
1716296561238 0.5705928802490234 0
1716296561943 0.688042163848877 0
1716296562796 0.822929859161377 0
1716296563754 0.928231954574585 0
1716296564780 0.9981470108032227 0
1716296566232 1.43243408203125 0
1716296573591 1.2894201278686523 0
1716296574240 0.6386570930480957 0
1716296574779 0.5300710201263428 0
