1716030479913 1.0 0
1716030480468 2.0 0
1716030480982 3.0 0
1716030481503 4.0 0
1716030481976 5.0 0
1716030482456 6.0 0
1716030482928 7.0 0
1716030483413 8.0 0
1716030483880 9.0 0
1716030484357 10.0 0
1716030488516 11.0 0
1716030489024 12.0 0
1716030489505 13.0 0
1716030489995 14.0 0
1716030490485 15.0 0
1716030490969 16.0 0
1716030491441 17.0 0
1716030491917 18.0 0
1716030492386 19.0 0
1716030492870 20.0 0
1716030496101 21.0 0
1716030496606 22.0 0
1716030497086 23.0 0
1716030497573 24.0 0
1716030498055 25.0 0
1716030498553 26.0 0
1716030499071 27.0 0
1716030499592 28.0 0
1716030500116 29.0 0
1716030500636 30.0 0
