1716030479870 7.732227802276611 0
1716030480458 7.201658725738525 0
1716030480937 6.913604259490967 0
1716030481462 6.647439479827881 0
1716030481969 6.394460678100586 0
1716030482447 6.181339263916016 0
1716030482921 6.050523281097412 0
1716030483405 5.927836894989014 0
1716030483876 5.817934513092041 0
1716030484348 5.696885585784912 0
1716030488498 5.567277908325195 0
1716030489010 5.412890911102295 0
1716030489497 5.22611141204834 0
1716030489986 5.002664566040039 0
1716030490469 4.759498119354248 0
1716030490959 4.5126824378967285 0
1716030491436 4.309305191040039 0
1716030491913 4.112848281860352 0
1716030492382 3.908158302307129 0
1716030492852 3.7265994548797607 0
1716030496096 3.577183723449707 0
1716030496591 3.447347402572632 0
1716030497079 3.336444854736328 0
1716030497559 3.249636650085449 0
1716030498050 3.174386739730835 0
1716030498547 3.096712112426758 0
1716030499044 3.021393299102783 0
1716030499576 2.9549245834350586 0
1716030500083 2.9015965461730957 0
1716030500626 2.841439723968506 0
