1716030479919 1.2295119762420654 0
1716030480472 0.5366370677947998 0
1716030480987 0.5101020336151123 0
1716030481508 0.5146567821502686 0
1716030481982 0.46700286865234375 0
1716030482462 0.4746561050415039 0
1716030482933 0.46398019790649414 0
1716030483416 0.4787931442260742 0
1716030483883 0.4636387825012207 0
1716030484368 0.48098301887512207 0
1716030488520 1.048408031463623 0
1716030489029 0.5051407814025879 0
1716030489512 0.47699475288391113 0
1716030490002 0.48254990577697754 0
1716030490490 0.48047828674316406 0
1716030490975 0.47902488708496094 0
1716030491444 0.4620490074157715 0
1716030491923 0.47589826583862305 0
1716030492389 0.46321892738342285 0
1716030492876 0.4828519821166992 0
1716030496108 0.7980432510375977 0
1716030496612 0.5003311634063721 0
1716030497093 0.47249507904052734 0
1716030497579 0.4796102046966553 0
1716030498059 0.47180891036987305 0
1716030498559 0.49655914306640625 0
1716030499080 0.5166447162628174 0
1716030499600 0.4962639808654785 0
1716030500122 0.5147600173950195 0
1716030500641 0.5130801200866699 0
