1715615498850 8.216012954711914 0
1715615499365 7.054044246673584 0
1715615499855 6.407643795013428 0
1715615500424 6.044793128967285 0
1715615501061 5.801364421844482 0
1715615501686 5.615626811981201 0
1715615502229 5.410462379455566 0
1715615502769 5.142834663391113 0
1715615503281 4.79434061050415 0
1715615503798 4.495816707611084 0
1715615509458 4.3128533363342285 0
1715615510019 4.100902080535889 0
1715615510492 3.867983102798462 0
1715615510975 3.683922529220581 0
1715615511484 3.5553317070007324 0
1715615512020 3.4527788162231445 0
1715615512548 3.3550357818603516 0
1715615513187 3.2644569873809814 0
1715615513788 3.188201427459717 0
1715615514323 3.122391939163208 0
1715615519161 3.060009717941284 0
1715615519676 3.001166343688965 0
1715615520214 2.952124834060669 0
1715615520736 2.9107606410980225 0
1715615521267 2.8632819652557373 0
1715615521795 2.8183510303497314 0
1715615522313 2.781358480453491 0
1715615522803 2.745448350906372 0
1715615523310 2.7091517448425293 0
1715615523808 2.6769001483917236 0
1715615529112 2.6491334438323975 0
1715615529636 2.6208722591400146 0
1715615530172 2.59169602394104 0
1715615530703 2.5650675296783447 0
1715615531231 2.540255308151245 0
1715615531766 2.5147206783294678 0
1715615532324 2.4886553287506104 0
1715615532864 2.463282585144043 0
1715615533396 2.4378905296325684 0
1715615533950 2.412337064743042 0
1715615538681 2.387770891189575 0
1715615539172 2.363466739654541 0
1715615539708 2.3386569023132324 0
1715615540205 2.3141183853149414 0
1715615540710 2.28964900970459 0
1715615541218 2.265129804611206 0
1715615541715 2.24098801612854 0
1715615542215 2.216769218444824 0
1715615542721 2.192448616027832 0
1715615543254 2.1689281463623047 0
1715615548162 2.1469452381134033 0
1715615548663 2.1264078617095947 0
1715615549170 2.106630563735962 0
1715615549662 2.0856850147247314 0
1715615550161 2.065112352371216 0
1715615550655 2.0448997020721436 0
1715615551143 2.0257163047790527 0
1715615551631 2.0075478553771973 0
1715615552130 1.989836573600769 0
1715615552640 1.9726953506469727 0
1715615557346 1.954737901687622 0
1715615557878 1.937446117401123 0
1715615558378 1.920470118522644 0
1715615558872 1.9032464027404785 0
1715615559365 1.8867137432098389 0
1715615559866 1.8709077835083008 0
1715615560360 1.8554681539535522 0
1715615560866 1.849186658859253 0
1715615561355 1.9575350284576416 0
1715615561863 2.0363612174987793 0
1715615566408 1.8391908407211304 0
1715615566912 2.0186233520507812 0
1715615567454 1.8955401182174683 0
1715615568016 1.9587312936782837 0
1715615568601 1.9100122451782227 0
1715615569172 1.8658277988433838 0
1715615569733 1.866769552230835 0
1715615570331 1.8559415340423584 0
1715615570855 1.811941146850586 0
1715615571363 1.8176486492156982 0
1715615575822 1.7936631441116333 0
1715615576301 1.7736760377883911 0
1715615576792 1.7713736295700073 0
1715615577274 1.750994324684143 0
1715615577760 1.7268095016479492 0
1715615578263 1.7137304544448853 0
1715615578762 1.6896895170211792 0
1715615579257 1.6698857545852661 0
1715615579792 1.6650421619415283 0
1715615580354 1.6414371728897095 0
1715615585268 1.6320488452911377 0
1715615585799 1.6157910823822021 0
1715615586331 1.599131464958191 0
1715615586836 1.5865225791931152 0
1715615587336 1.5642434358596802 0
1715615587836 1.5564000606536865 0
1715615588318 1.539400339126587 0
1715615588800 1.5311938524246216 0
1715615589288 1.512595534324646 0
1715615589784 1.502233624458313 0
1715615593243 1.484101414680481 0
1715615593729 1.4732201099395752 0
1715615594224 1.4599807262420654 0
1715615594722 1.4447299242019653 0
1715615595268 1.4333457946777344 0
1715615595763 1.4185676574707031 0
1715615596256 1.4082551002502441 0
1715615596747 1.3956677913665771 0
1715615597227 1.3821260929107666 0
1715615597713 1.3721355199813843 0
1715615601060 1.3608250617980957 0
1715615601552 1.3477046489715576 0
1715615602032 1.3362276554107666 0
1715615602506 1.3263115882873535 0
1715615602981 1.3148634433746338 0
1715615603463 1.3033013343811035 0
1715615603943 1.291329026222229 0
1715615604432 1.280128002166748 0
1715615604907 1.270192265510559 0
1715615605390 1.261276125907898 0
1715615608369 1.261836290359497 0
1715615608857 1.2666566371917725 0
1715615609343 1.2533313035964966 0
1715615609840 1.2208186388015747 0
1715615610325 1.2176215648651123 0
1715615610830 1.2145791053771973 0
1715615611320 1.1923154592514038 0
1715615611796 1.1772481203079224 0
1715615612287 1.1748452186584473 0
1715615612771 1.157234787940979 0
1715615616555 1.1446518898010254 0
1715615617055 1.139447569847107 0
1715615617547 1.1313239336013794 0
1715615618021 1.1235491037368774 0
1715615618500 1.1106985807418823 0
1715615618984 1.0961527824401855 0
1715615619472 1.0916273593902588 0
1715615619961 1.086243748664856 0
1715615620445 1.0768404006958008 0
1715615620959 1.0612832307815552 0
1715615624876 1.062752366065979 0
1715615625362 1.0952829122543335 0
1715615625847 1.1018868684768677 0
1715615626319 1.0986875295639038 0
1715615626800 1.0631155967712402 0
1715615627290 1.046164631843567 0
1715615627765 1.0572233200073242 0
1715615628238 1.037446141242981 0
1715615628724 1.0366283655166626 0
1715615629207 1.0111750364303589 0
1715615632804 0.994303286075592 0
1715615633332 0.9950748085975647 0
1715615633818 0.9828194975852966 0
1715615634305 0.9742846488952637 0
1715615634787 0.9641861915588379 0
1715615635298 0.9797195196151733 0
1715615635781 0.972144603729248 0
1715615636257 0.9446815252304077 0
1715615636758 0.965405285358429 0
1715615637235 0.9401019811630249 0
1715615641700 0.9280216097831726 0
1715615642186 0.9250457882881165 0
1715615642669 0.9085264205932617 0
1715615643149 0.8997687101364136 0
1715615643640 0.8933780193328857 0
1715615644122 0.8837048411369324 0
1715615644605 0.8739514350891113 0
1715615645115 0.8688228726387024 0
1715615645606 0.8666525483131409 0
1715615646119 0.8879306316375732 0
1715615648979 0.8839737772941589 0
1715615649487 0.8571208119392395 0
1715615649969 0.8698907494544983 0
1715615650453 0.8454879522323608 0
1715615650924 0.8380913138389587 0
1715615651425 0.8369754552841187 0
1715615651898 0.8124088048934937 0
1715615652386 0.8270504474639893 0
1715615652861 0.8385555744171143 0
1715615653342 0.8149405717849731 0
1715615656598 0.8080080151557922 0
1715615657095 0.8017604947090149 0
1715615657591 0.7914387583732605 0
1715615658085 0.7863764762878418 0
1715615658572 0.7800677418708801 0
1715615659056 0.7851020097732544 0
1715615659542 0.7700302004814148 0
1715615660040 0.7845389246940613 0
1715615660517 0.8181865215301514 0
1715615660991 0.7764691710472107 0
1715615663865 0.785883367061615 0
1715615664348 0.7666833400726318 0
1715615664833 0.7626875638961792 0
1715615665320 0.7471199631690979 0
1715615665802 0.7482082843780518 0
1715615666291 0.7368408441543579 0
1715615666765 0.7274882197380066 0
1715615667246 0.7228583097457886 0
1715615667716 0.7123157382011414 0
1715615668189 0.711058497428894 0
1715615671224 0.7003453969955444 0
1715615671700 0.69935542345047 0
1715615672186 0.690049409866333 0
1715615672671 0.6843391060829163 0
1715615673158 0.6787306070327759 0
1715615673636 0.6741299033164978 0
1715615674128 0.6682379841804504 0
1715615674605 0.6647390723228455 0
1715615675100 0.65875244140625 0
1715615675566 0.654236376285553 0
1715615679047 0.6482663154602051 0
1715615679543 0.644103467464447 0
1715615680011 0.6392269134521484 0
1715615680482 0.6353464126586914 0
1715615680951 0.6319336891174316 0
1715615681433 0.6287991404533386 0
1715615681922 0.624308705329895 0
1715615682408 0.6186642646789551 0
1715615682892 0.6189150810241699 0
1715615683382 0.6138630509376526 0
1715615686493 0.6072255969047546 0
1715615686985 0.6055591106414795 0
1715615687469 0.6016025543212891 0
1715615687951 0.6006842851638794 0
1715615688450 0.5933445692062378 0
1715615688950 0.5902872681617737 0
1715615689442 0.5880244374275208 0
1715615689934 0.5844064950942993 0
1715615690433 0.5807101130485535 0
1715615690930 0.5754970908164978 0
1715615695379 0.5733122825622559 0
1715615695879 0.5712384581565857 0
1715615696386 0.5682854056358337 0
1715615696887 0.5669660568237305 0
1715615697383 0.5614495873451233 0
1715615697877 0.5577859282493591 0
1715615698374 0.5553982257843018 0
1715615698875 0.5538401007652283 0
1715615699371 0.5580661296844482 0
1715615699866 0.5671516060829163 0
1715615704545 0.6798608899116516 0
1715615705056 1.0334908962249756 0
1715615705553 0.9798744916915894 0
1715615706044 1.1327646970748901 0
1715615706529 1.07523512840271 0
1715615707001 1.0449895858764648 0
1715615707483 0.9920180439949036 0
1715615707970 0.9450039267539978 0
1715615708453 0.9375342726707458 0
1715615708935 0.9310044050216675 0
1715615711987 0.8517206311225891 0
1715615712485 0.8303809762001038 0
1715615712972 0.8026875257492065 0
1715615713450 0.7744025588035583 0
1715615713954 0.7678903937339783 0
1715615714430 0.7537520527839661 0
1715615714912 0.7335357069969177 0
1715615715392 0.7210392355918884 0
1715615715885 0.7042959928512573 0
1715615716377 0.6871618628501892 0
1715615720286 0.6702540516853333 0
1715615720781 0.6573626399040222 0
1715615721273 0.6440292596817017 0
1715615721777 0.635746419429779 0
1715615722283 0.625876247882843 0
1715615722801 0.6177478432655334 0
1715615723303 0.6123020648956299 0
1715615723796 0.6012157201766968 0
1715615724312 0.5939053893089294 0
1715615724810 0.5871410965919495 0
1715615727907 0.580949068069458 0
1715615728391 0.5754982233047485 0
1715615728875 0.5687892436981201 0
1715615729371 0.5636692643165588 0
1715615729853 0.5574784278869629 0
1715615730337 0.5526440143585205 0
1715615730821 0.5478819012641907 0
1715615731304 0.5440938472747803 0
1715615731789 0.5400717854499817 0
1715615732275 0.5368617177009583 0
1715615735187 0.5328466892242432 0
1715615735691 0.5299502015113831 0
1715615736181 0.5266904830932617 0
1715615736667 0.5231566429138184 0
1715615737143 0.5204252600669861 0
1715615737621 0.5170676708221436 0
1715615738095 0.5149781107902527 0
1715615738577 0.5113842487335205 0
1715615739057 0.5107159614562988 0
1715615739532 0.5160458087921143 0
1715615743358 0.513420581817627 0
1715615743849 0.5065017938613892 0
1715615744344 0.5055112838745117 0
1715615744835 0.5028291344642639 0
1715615745313 0.5003445148468018 0
1715615745793 0.4966433346271515 0
1715615746273 0.4961460828781128 0
1715615746759 0.49113163352012634 0
1715615747275 0.49065032601356506 0
1715615747759 0.4866763949394226 0
1715615750783 0.48648175597190857 0
1715615751278 0.4827624559402466 0
1715615751763 0.4807414412498474 0
1715615752261 0.4799625277519226 0
1715615752750 0.47666895389556885 0
1715615753223 0.47561368346214294 0
1715615753700 0.47319361567497253 0
1715615754199 0.47168809175491333 0
1715615754679 0.4695275127887726 0
1715615755167 0.4679754674434662 0
1715615759309 0.46597379446029663 0
1715615759805 0.4641161859035492 0
1715615760301 0.4628051817417145 0
1715615760800 0.4609610140323639 0
1715615761328 0.4593915045261383 0
1715615761865 0.457559198141098 0
1715615762421 0.4559287428855896 0
1715615762922 0.45422080159187317 0
1715615763399 0.4525999128818512 0
1715615763946 0.4508325159549713 0
1715615770118 0.44922637939453125 0
1715615770654 0.4473412334918976 0
1715615771171 0.4457990229129791 0
1715615771688 0.44393885135650635 0
1715615772186 0.4423307180404663 0
1715615772681 0.44052183628082275 0
1715615773209 0.43891584873199463 0
1715615773702 0.4371947646141052 0
1715615774228 0.43558838963508606 0
1715615774722 0.43393945693969727 0
1715615779458 0.4323851764202118 0
1715615779969 0.43078163266181946 0
1715615780461 0.42926400899887085 0
1715615780975 0.4276706576347351 0
1715615781473 0.42617329955101013 0
1715615781960 0.42464613914489746 0
1715615782448 0.42312532663345337 0
1715615782957 0.4216247498989105 0
1715615783451 0.42010337114334106 0
1715615783943 0.41862887144088745 0
1715615787973 0.41712817549705505 0
1715615788462 0.4156425893306732 0
1715615788953 0.4141627252101898 0
1715615789434 0.4127025306224823 0
1715615789915 0.41122859716415405 0
1715615790438 0.4098028838634491 0
1715615790934 0.40835458040237427 0
1715615791430 0.4069617688655853 0
1715615791925 0.4055440425872803 0
1715615792416 0.4041675329208374 0
1715615796804 0.4027901291847229 0
1715615797328 0.40146324038505554 0
1715615797813 0.40017861127853394 0
1715615798310 0.399123877286911 0
1715615798804 0.39877161383628845 0
1715615799312 0.40165314078330994 0
1715615799819 0.41940441727638245 0
1715615800358 0.5743094682693481 0
1715615800891 1.03838050365448 0
1715615801388 0.9340308904647827 0
1715615806105 0.8581461906433105 0
1715615806658 0.9304016828536987 0
1715615807195 0.8313812017440796 0
1715615807693 0.8202493190765381 0
