1715615498880 1.7077088356018066 0
1715615499376 0.4888927936553955 0
1715615499869 0.48687291145324707 0
1715615500522 0.6490769386291504 0
1715615501072 0.5268330574035645 0
1715615501719 0.6430530548095703 0
1715615502246 0.5226771831512451 0
1715615502802 0.5499420166015625 0
1715615503294 0.48725199699401855 0
1715615503816 0.5120041370391846 0
1715615509522 1.387342929840088 0
1715615510034 0.5072441101074219 0
1715615510499 0.45591092109680176 0
1715615510987 0.4751009941101074 0
1715615511499 0.4936399459838867 0
1715615512039 0.5329439640045166 0
1715615512573 0.526738166809082 0
1715615513229 0.6392760276794434 0
1715615513814 0.5809962749481201 0
1715615514335 0.513746976852417 0
1715615519172 1.2007062435150146 0
1715615519695 0.5184249877929688 0
1715615520241 0.5373821258544922 0
1715615520748 0.4963221549987793 0
1715615521307 0.5486190319061279 0
1715615521815 0.5015542507171631 0
1715615522327 0.500546932220459 0
1715615522815 0.47824716567993164 0
1715615523325 0.4907670021057129 0
1715615523821 0.4840657711029053 0
1715615529135 1.2236988544464111 0
1715615529656 0.5035858154296875 0
1715615530185 0.522554874420166 0
1715615530726 0.537470817565918 0
1715615531255 0.5251851081848145 0
1715615531793 0.532891035079956 0
1715615532344 0.546748161315918 0
1715615532871 0.5215239524841309 0
1715615533413 0.5369110107421875 0
1715615533966 0.547144889831543 0
1715615538689 1.1379048824310303 0
1715615539199 0.5061507225036621 0
1715615539730 0.5238728523254395 0
1715615540232 0.4930398464202881 0
1715615540735 0.4943268299102783 0
1715615541236 0.4929690361022949 0
1715615541730 0.48327016830444336 0
1715615542237 0.4975769519805908 0
1715615542751 0.506749153137207 0
1715615543270 0.49450182914733887 0
1715615548169 1.13092041015625 0
1715615548689 0.5156862735748291 0
1715615549187 0.488569974899292 0
1715615549682 0.4777870178222656 0
1715615550176 0.48551487922668457 0
1715615550669 0.47875189781188965 0
1715615551159 0.4787719249725342 0
1715615551646 0.4775848388671875 0
1715615552145 0.48902201652526855 0
1715615552657 0.5022218227386475 0
1715615557352 1.1281259059906006 0
1715615557900 0.5419189929962158 0
1715615558398 0.49025702476501465 0
1715615558885 0.4768068790435791 0
1715615559377 0.4827699661254883 0
1715615559883 0.5006122589111328 0
1715615560392 0.5030152797698975 0
1715615560883 0.47960901260375977 0
1715615561374 0.481860876083374 0
1715615561885 0.4937021732330322 0
1715615566423 1.3279030323028564 0
1715615566934 0.5018980503082275 0
1715615567480 0.5367069244384766 0
1715615568037 0.5475382804870605 0
1715615568627 0.5851249694824219 0
1715615569204 0.5681180953979492 0
1715615569767 0.5575911998748779 0
1715615570349 0.552922248840332 0
1715615570878 0.5129950046539307 0
1715615571394 0.5072550773620605 0
1715615575833 1.373924732208252 0
1715615576331 0.492142915725708 0
1715615576811 0.47289395332336426 0
1715615577292 0.47274017333984375 0
1715615577773 0.4694328308105469 0
1715615578276 0.49372005462646484 0
1715615578781 0.49387121200561523 0
1715615579270 0.47923898696899414 0
1715615579806 0.5276551246643066 0
1715615580370 0.5532760620117188 0
1715615585287 1.3243629932403564 0
1715615585812 0.5195348262786865 0
1715615586344 0.5019981861114502 0
1715615586850 0.49255871772766113 0
1715615587347 0.4873652458190918 0
1715615587848 0.4838902950286865 0
1715615588330 0.47179484367370605 0
1715615588817 0.4765050411224365 0
1715615589301 0.47594285011291504 0
1715615589800 0.4877779483795166 0
1715615593252 0.6976902484893799 0
1715615593743 0.48664402961730957 0
1715615594247 0.4938511848449707 0
1715615594737 0.48173999786376953 0
1715615595295 0.5389969348907471 0
1715615595780 0.47654104232788086 0
1715615596277 0.48043298721313477 0
1715615596763 0.4760777950286865 0
1715615597254 0.4798450469970703 0
1715615597727 0.4653160572052002 0
1715615601069 0.9001851081848145 0
1715615601566 0.4922928810119629 0
1715615602045 0.4696660041809082 0
1715615602518 0.4651310443878174 0
1715615602995 0.4685189723968506 0
1715615603474 0.4602949619293213 0
1715615603968 0.4832448959350586 0
1715615604446 0.46814990043640137 0
1715615604922 0.46511197090148926 0
1715615605409 0.47814297676086426 0
1715615608388 0.60768723487854 0
1715615608872 0.47995591163635254 0
1715615609366 0.4869539737701416 0
1715615609853 0.47425413131713867 0
1715615610342 0.472714900970459 0
1715615610856 0.48534607887268066 0
1715615611334 0.46840810775756836 0
1715615611813 0.46950387954711914 0
1715615612305 0.4823300838470459 0
1715615612792 0.4749140739440918 0
1715615616564 1.1847729682922363 0
1715615617076 0.507936954498291 0
1715615617562 0.4768998622894287 0
1715615618032 0.458740234375 0
1715615618521 0.4779989719390869 0
1715615618999 0.4678220748901367 0
1715615619489 0.4779388904571533 0
1715615619973 0.4750950336456299 0
1715615620461 0.4829871654510498 0
1715615620978 0.4816279411315918 0
1715615624885 1.224656105041504 0
1715615625380 0.4901409149169922 0
1715615625858 0.46158480644226074 0
1715615626330 0.4615669250488281 0
1715615626827 0.48564696311950684 0
1715615627304 0.46665525436401367 0
1715615627778 0.4619889259338379 0
1715615628254 0.47237467765808105 0
1715615628741 0.4761691093444824 0
1715615629229 0.4765501022338867 0
1715615632810 1.1385738849639893 0
1715615633346 0.5319359302520752 0
1715615633837 0.4870731830596924 0
1715615634319 0.4728569984436035 0
1715615634803 0.47404003143310547 0
1715615635314 0.49966883659362793 0
1715615635793 0.4747788906097412 0
1715615636276 0.47540998458862305 0
1715615636767 0.48508596420288086 0
1715615637248 0.4679570198059082 0
1715615641711 1.317486047744751 0
1715615642199 0.4835011959075928 0
1715615642680 0.46391892433166504 0
1715615643161 0.46962904930114746 0
1715615643657 0.48239803314208984 0
1715615644136 0.4676947593688965 0
1715615644640 0.49456286430358887 0
1715615645131 0.481781005859375 0
1715615645648 0.5050630569458008 0
1715615646130 0.4705939292907715 0
1715615648989 0.5745041370391846 0
1715615649500 0.4920198917388916 0
1715615649984 0.4747190475463867 0
1715615650467 0.46597981452941895 0
1715615650936 0.45882320404052734 0
1715615651439 0.47251319885253906 0
1715615651910 0.46171116828918457 0
1715615652403 0.47818994522094727 0
1715615652874 0.46053504943847656 0
1715615653359 0.47564220428466797 0
1715615656607 0.7808821201324463 0
1715615657116 0.5052280426025391 0
1715615657612 0.4797661304473877 0
1715615658100 0.478085994720459 0
1715615658588 0.4768040180206299 0
1715615659070 0.4722139835357666 0
1715615659568 0.4889369010925293 0
1715615660056 0.4790232181549072 0
1715615660530 0.4610121250152588 0
1715615661002 0.46231603622436523 0
1715615663872 0.6751229763031006 0
1715615664368 0.492279052734375 0
1715615664846 0.46762609481811523 0
1715615665331 0.4645090103149414 0
1715615665817 0.4739062786102295 0
1715615666308 0.4742147922515869 0
1715615666776 0.45696520805358887 0
1715615667259 0.4718301296234131 0
1715615667727 0.458111047744751 0
1715615668199 0.4642333984375 0
1715615671229 0.6143791675567627 0
1715615671715 0.4821960926055908 0
1715615672209 0.4845860004425049 0
1715615672689 0.47035694122314453 0
1715615673171 0.4742112159729004 0
1715615673661 0.480255126953125 0
1715615674140 0.47086477279663086 0
1715615674623 0.474031925201416 0
1715615675107 0.4751291275024414 0
1715615675583 0.4717111587524414 0
1715615679069 1.0091779232025146 0
1715615679550 0.4781019687652588 0
1715615680022 0.46742916107177734 0
1715615680503 0.4760446548461914 0
1715615680962 0.4519538879394531 0
1715615681451 0.4725158214569092 0
1715615681938 0.4746239185333252 0
1715615682422 0.47312211990356445 0
1715615682909 0.475383996963501 0
1715615683397 0.47749829292297363 0
1715615686511 0.7542269229888916 0
1715615687001 0.4849271774291992 0
1715615687482 0.47288012504577637 0
1715615687972 0.47995495796203613 0
1715615688469 0.4877748489379883 0
1715615688967 0.48581600189208984 0
1715615689462 0.4854917526245117 0
1715615689948 0.47738218307495117 0
1715615690452 0.49298620223999023 0
1715615690953 0.4920508861541748 0
1715615695393 1.5831968784332275 0
1715615695891 0.4939849376678467 0
1715615696405 0.5025458335876465 0
1715615696901 0.48978710174560547 0
1715615697394 0.48433899879455566 0
1715615697895 0.4963557720184326 0
1715615698388 0.48375821113586426 0
1715615698890 0.4839599132537842 0
1715615699392 0.49396681785583496 0
1715615699879 0.47785496711730957 0
1715615704561 1.2501440048217773 0
1715615705078 0.5128073692321777 0
1715615705565 0.4777829647064209 0
1715615706068 0.49208903312683105 0
1715615706540 0.46340489387512207 0
1715615707018 0.46854615211486816 0
1715615707497 0.4687349796295166 0
1715615707988 0.47907495498657227 0
1715615708474 0.47449183464050293 0
1715615708949 0.46630311012268066 0
1715615711997 0.5727701187133789 0
1715615712501 0.4946448802947998 0
1715615712987 0.47603821754455566 0
1715615713482 0.4831061363220215 0
1715615713968 0.4775569438934326 0
1715615714445 0.46749019622802734 0
1715615714926 0.4688599109649658 0
1715615715404 0.4670839309692383 0
1715615715896 0.48711705207824707 0
1715615716398 0.49381089210510254 0
1715615720295 1.2626261711120605 0
1715615720798 0.4984159469604492 0
1715615721289 0.4810183048248291 0
1715615721809 0.5093450546264648 0
1715615722306 0.48887014389038086 0
1715615722819 0.5036578178405762 0
1715615723315 0.48062825202941895 0
1715615723817 0.4909379482269287 0
1715615724332 0.5020227432250977 0
1715615724826 0.48409390449523926 0
1715615727914 0.57497239112854 0
1715615728407 0.48851823806762695 0
1715615728903 0.4855077266693115 0
1715615729386 0.471804141998291 0
1715615729875 0.47588467597961426 0
1715615730352 0.46719789505004883 0
1715615730833 0.4622008800506592 0
1715615731317 0.4742410182952881 0
1715615731805 0.47741222381591797 0
1715615732288 0.47321391105651855 0
1715615735203 0.5783109664916992 0
1715615735706 0.4971628189086914 0
1715615736198 0.4825301170349121 0
1715615736681 0.4650850296020508 0
1715615737157 0.4645380973815918 0
1715615737638 0.4720749855041504 0
1715615738113 0.4668118953704834 0
1715615738592 0.47052001953125 0
1715615739070 0.46858692169189453 0
1715615739548 0.46840620040893555 0
1715615743366 1.1424169540405273 0
1715615743863 0.4924459457397461 0
1715615744367 0.48787903785705566 0
1715615744850 0.47298669815063477 0
1715615745325 0.46262502670288086 0
1715615745807 0.4694793224334717 0
1715615746292 0.4743161201477051 0
1715615746781 0.4770832061767578 0
1715615747292 0.4830639362335205 0
1715615747777 0.4732518196105957 0
1715615750795 0.6383872032165527 0
1715615751295 0.4952080249786377 0
1715615751786 0.47937679290771484 0
1715615752282 0.48644566535949707 0
1715615752764 0.4732217788696289 0
1715615753239 0.4678680896759033 0
1715615753722 0.47963905334472656 0
1715615754213 0.48152709007263184 0
1715615754693 0.47080016136169434 0
1715615755186 0.4756889343261719 0
1715615759320 1.3613529205322266 0
1715615759825 0.5000016689300537 0
1715615760312 0.4778752326965332 0
1715615760814 0.49134206771850586 0
1715615761341 0.516103982925415 0
1715615761883 0.5272061824798584 0
1715615762446 0.5578458309173584 0
1715615762926 0.4751920700073242 0
1715615763407 0.47786426544189453 0
1715615763976 0.5424289703369141 0
1715615770143 1.2319538593292236 0
1715615770676 0.5289099216461182 0
1715615771193 0.5079550743103027 0
1715615771706 0.5041751861572266 0
1715615772202 0.4859437942504883 0
1715615772705 0.4918649196624756 0
1715615773225 0.5114879608154297 0
1715615773729 0.4978311061859131 0
1715615774236 0.49896907806396484 0
1715615774741 0.5013489723205566 0
1715615779474 1.4124889373779297 0
1715615779985 0.506364107131958 0
1715615780483 0.4879591464996338 0
1715615780994 0.5019989013671875 0
1715615781486 0.48203015327453613 0
1715615781974 0.4738349914550781 0
1715615782460 0.4767789840698242 0
1715615782970 0.498981237411499 0
1715615783464 0.48408007621765137 0
1715615783959 0.48476076126098633 0
1715615787991 1.149324893951416 0
1715615788475 0.4785478115081787 0
1715615788974 0.47873783111572266 0
1715615789446 0.46202874183654785 0
1715615789935 0.47808003425598145 0
1715615790451 0.5086860656738281 0
1715615790947 0.48586130142211914 0
1715615791446 0.481579065322876 0
1715615791937 0.48100900650024414 0
1715615792432 0.4818391799926758 0
1715615796811 1.3929510116577148 0
1715615797345 0.5305500030517578 0
1715615797834 0.48358988761901855 0
1715615798324 0.4818141460418701 0
1715615798815 0.4810647964477539 0
1715615799347 0.5238888263702393 0
1715615799854 0.49976301193237305 0
1715615800398 0.5352001190185547 0
1715615800900 0.4961421489715576 0
1715615801392 0.48470473289489746 0
1715615806124 1.4291026592254639 0
1715615806678 0.5490250587463379 0
1715615807215 0.5321710109710693 0
1715615807697 0.47690415382385254 0
