1716639069682 1.0 0
1716639070388 2.0 0
1716639070936 3.0 0
1716639071388 4.0 0
1716639071859 5.0 0
1716639072285 6.0 0
1716639072723 7.0 0
1716639073147 8.0 0
1716639073575 9.0 0
1716639074051 10.0 0
1716639079908 11.0 0
1716639080476 12.0 0
1716639081071 13.0 0
1716639081509 14.0 0
1716639081933 15.0 0
1716639082436 16.0 0
1716639082904 17.0 0
1716639083348 18.0 0
1716639083794 19.0 0
1716639084240 20.0 0
1716639088788 21.0 0
1716639089234 22.0 0
1716639089710 23.0 0
1716639090146 24.0 0
1716639090592 25.0 0
1716639091037 26.0 0
1716639091468 27.0 0
1716639091901 28.0 0
1716639092335 29.0 0
1716639092769 30.0 0
1716639096950 31.0 0
1716639097447 32.0 0
1716639097881 33.0 0
1716639098322 34.0 0
1716639098765 35.0 0
1716639099199 36.0 0
1716639099636 37.0 0
1716639100072 38.0 0
1716639100502 39.0 0
1716639100942 40.0 0
1716639104976 41.0 0
1716639105410 42.0 0
1716639105852 43.0 0
1716639106283 44.0 0
1716639106709 45.0 0
1716639107154 46.0 0
1716639107590 47.0 0
1716639108033 48.0 0
1716639108472 49.0 0
1716639108915 50.0 0
1716639112654 51.0 0
1716639113112 52.0 0
1716639113542 53.0 0
1716639113984 54.0 0
1716639114415 55.0 0
1716639114838 56.0 0
1716639115266 57.0 0
1716639115722 58.0 0
1716639116148 59.0 0
1716639116593 60.0 0
1716639119611 61.0 0
1716639120061 62.0 0
1716639120497 63.0 0
1716639120926 64.0 0
1716639121358 65.0 0
1716639121811 66.0 0
1716639122264 67.0 0
1716639122678 68.0 0
1716639123109 69.0 0
1716639123527 70.0 0
1716639127216 71.0 0
1716639127664 72.0 0
1716639128094 73.0 0
1716639128532 74.0 0
1716639128967 75.0 0
1716639129406 76.0 0
1716639129835 77.0 0
1716639130267 78.0 0
1716639130710 79.0 0
1716639131172 80.0 0
1716639134071 81.0 0
1716639134526 82.0 0
1716639134953 83.0 0
1716639135393 84.0 0
1716639135847 85.0 0
1716639136306 86.0 0
1716639136746 87.0 0
1716639137199 88.0 0
1716639137642 89.0 0
1716639138079 90.0 0
1716639141696 91.0 0
1716639142146 92.0 0
1716639142590 93.0 0
1716639143035 94.0 0
1716639143468 95.0 0
1716639143937 96.0 0
1716639144372 97.0 0
1716639144799 98.0 0
1716639145233 99.0 0
1716639145670 100.0 0
1716639149369 101.0 0
1716639149814 102.0 0
1716639150256 103.0 0
1716639150686 104.0 0
1716639151117 105.0 0
1716639151551 106.0 0
1716639151986 107.0 0
1716639152420 108.0 0
1716639152855 109.0 0
1716639153289 110.0 0
1716639156903 111.0 0
1716639157354 112.0 0
1716639157790 113.0 0
1716639158246 114.0 0
1716639158680 115.0 0
1716639159114 116.0 0
1716639159544 117.0 0
1716639159973 118.0 0
1716639160411 119.0 0
1716639160835 120.0 0
1716639163869 121.0 0
1716639164305 122.0 0
1716639164738 123.0 0
1716639165233 124.0 0
1716639165668 125.0 0
1716639166105 126.0 0
1716639166569 127.0 0
1716639166997 128.0 0
1716639167420 129.0 0
1716639167856 130.0 0
1716639171709 131.0 0
1716639172123 132.0 0
1716639172588 133.0 0
1716639173015 134.0 0
1716639173451 135.0 0
1716639173901 136.0 0
1716639174330 137.0 0
1716639174756 138.0 0
1716639175178 139.0 0
1716639175606 140.0 0
1716639178519 141.0 0
1716639178985 142.0 0
1716639179441 143.0 0
1716639179880 144.0 0
1716639180317 145.0 0
1716639180741 146.0 0
1716639181167 147.0 0
1716639181614 148.0 0
1716639182053 149.0 0
1716639182492 150.0 0
1716639186583 151.0 0
1716639187021 152.0 0
1716639187458 153.0 0
1716639187926 154.0 0
1716639188362 155.0 0
1716639188792 156.0 0
1716639189240 157.0 0
1716639189681 158.0 0
1716639190102 159.0 0
1716639190559 160.0 0
1716639194065 161.0 0
1716639194557 162.0 0
1716639194997 163.0 0
1716639195439 164.0 0
1716639195857 165.0 0
1716639196294 166.0 0
1716639196734 167.0 0
1716639197177 168.0 0
1716639197635 169.0 0
1716639198095 170.0 0
1716639201629 171.0 0
1716639202090 172.0 0
1716639202522 173.0 0
1716639202955 174.0 0
1716639203390 175.0 0
1716639203825 176.0 0
1716639204249 177.0 0
1716639204688 178.0 0
1716639205118 179.0 0
1716639205564 180.0 0
1716639208930 181.0 0
1716639209423 182.0 0
1716639209869 183.0 0
1716639210308 184.0 0
1716639210747 185.0 0
1716639211179 186.0 0
1716639211613 187.0 0
1716639212056 188.0 0
1716639212500 189.0 0
1716639212929 190.0 0
1716639215837 191.0 0
1716639216326 192.0 0
1716639216787 193.0 0
1716639217247 194.0 0
1716639217670 195.0 0
1716639218104 196.0 0
1716639218549 197.0 0
1716639218977 198.0 0
1716639219399 199.0 0
1716639219849 200.0 0
1716639223143 201.0 0
1716639223585 202.0 0
1716639224002 203.0 0
1716639224456 204.0 0
1716639224898 205.0 0
1716639225321 206.0 0
1716639225758 207.0 0
1716639226220 208.0 0
1716639226657 209.0 0
1716639227092 210.0 0
1716639230868 211.0 0
1716639231359 212.0 0
1716639231826 213.0 0
1716639232262 214.0 0
1716639232705 215.0 0
1716639233164 216.0 0
1716639233593 217.0 0
1716639234026 218.0 0
1716639234461 219.0 0
1716639234911 220.0 0
1716639239232 221.0 0
1716639239674 222.0 0
1716639240111 223.0 0
1716639240522 224.0 0
1716639240954 225.0 0
1716639241382 226.0 0
1716639241806 227.0 0
1716639242239 228.0 0
1716639242679 229.0 0
1716639243116 230.0 0
1716639247540 231.0 0
1716639248040 232.0 0
1716639248501 233.0 0
1716639248937 234.0 0
1716639249372 235.0 0
1716639249804 236.0 0
1716639250236 237.0 0
1716639250666 238.0 0
1716639251101 239.0 0
1716639251556 240.0 0
1716639256368 241.0 0
1716639256810 242.0 0
1716639257267 243.0 0
1716639257713 244.0 0
1716639258132 245.0 0
1716639258584 246.0 0
1716639259030 247.0 0
1716639259474 248.0 0
1716639259900 249.0 0
1716639260329 250.0 0
1716639265971 251.0 0
1716639266411 252.0 0
1716639266855 253.0 0
1716639267292 254.0 0
1716639267755 255.0 0
1716639268202 256.0 0
1716639268634 257.0 0
1716639269064 258.0 0
1716639269500 259.0 0
1716639269958 260.0 0
1716639274305 261.0 0
1716639274758 262.0 0
1716639275215 263.0 0
1716639275646 264.0 0
1716639276072 265.0 0
1716639276511 266.0 0
1716639276940 267.0 0
1716639277413 268.0 0
1716639277856 269.0 0
1716639278300 270.0 0
1716639282545 271.0 0
1716639282979 272.0 0
1716639283435 273.0 0
1716639283868 274.0 0
1716639284309 275.0 0
1716639284740 276.0 0
1716639285177 277.0 0
1716639285625 278.0 0
1716639286069 279.0 0
1716639286512 280.0 0
1716639291203 281.0 0
1716639291646 282.0 0
1716639292088 283.0 0
1716639292527 284.0 0
1716639292962 285.0 0
1716639293402 286.0 0
1716639293837 287.0 0
1716639294288 288.0 0
1716639294717 289.0 0
1716639295144 290.0 0
1716639297968 291.0 0
1716639298471 292.0 0
1716639298927 293.0 0
1716639299359 294.0 0
1716639299804 295.0 0
1716639300262 296.0 0
1716639300694 297.0 0
1716639301153 298.0 0
1716639301589 299.0 0
1716639302026 300.0 0
1716639305100 301.0 0
1716639305550 302.0 0
1716639305991 303.0 0
1716639306465 304.0 0
1716639306891 305.0 0
1716639307350 306.0 0
1716639307809 307.0 0
1716639308233 308.0 0
1716639308664 309.0 0
1716639309101 310.0 0
1716639312402 311.0 0
1716639312866 312.0 0
1716639313318 313.0 0
1716639313766 314.0 0
1716639314194 315.0 0
1716639314628 316.0 0
1716639315065 317.0 0
1716639315486 318.0 0
1716639315921 319.0 0
1716639316375 320.0 0
1716639319900 321.0 0
1716639320338 322.0 0
1716639320776 323.0 0
1716639321194 324.0 0
1716639321614 325.0 0
1716639322051 326.0 0
1716639322493 327.0 0
1716639322931 328.0 0
1716639323379 329.0 0
1716639323815 330.0 0
1716639327437 331.0 0
1716639327919 332.0 0
1716639328358 333.0 0
1716639328857 334.0 0
1716639329298 335.0 0
1716639329738 336.0 0
1716639330171 337.0 0
1716639330594 338.0 0
1716639331022 339.0 0
1716639331446 340.0 0
1716639334981 341.0 0
1716639335431 342.0 0
1716639335897 343.0 0
1716639336348 344.0 0
1716639336770 345.0 0
1716639337215 346.0 0
1716639337645 347.0 0
1716639338093 348.0 0
1716639338538 349.0 0
1716639338972 350.0 0
1716639342402 351.0 0
1716639342856 352.0 0
1716639343305 353.0 0
1716639343730 354.0 0
1716639344160 355.0 0
1716639344600 356.0 0
1716639345041 357.0 0
1716639345488 358.0 0
1716639345935 359.0 0
1716639346366 360.0 0
1716639350836 361.0 0
1716639351295 362.0 0
1716639351735 363.0 0
1716639352172 364.0 0
1716639352607 365.0 0
1716639353051 366.0 0
1716639353510 367.0 0
1716639353944 368.0 0
1716639354369 369.0 0
1716639354794 370.0 0
1716639358462 371.0 0
1716639358894 372.0 0
1716639359347 373.0 0
1716639359780 374.0 0
1716639360223 375.0 0
1716639360669 376.0 0
1716639361135 377.0 0
1716639361587 378.0 0
1716639362018 379.0 0
1716639362446 380.0 0
1716639366738 381.0 0
1716639367177 382.0 0
1716639367632 383.0 0
1716639368062 384.0 0
1716639368531 385.0 0
1716639368984 386.0 0
1716639369423 387.0 0
1716639369910 388.0 0
1716639370351 389.0 0
1716639370795 390.0 0
1716639374995 391.0 0
1716639375430 392.0 0
1716639375895 393.0 0
1716639376350 394.0 0
1716639376784 395.0 0
1716639377249 396.0 0
1716639377702 397.0 0
1716639378153 398.0 0
1716639378585 399.0 0
1716639379010 400.0 0
1716639383099 401.0 0
1716639383583 402.0 0
1716639384035 403.0 0
1716639384472 404.0 0
1716639384891 405.0 0
1716639385321 406.0 0
1716639385749 407.0 0
1716639386213 408.0 0
1716639386645 409.0 0
1716639387095 410.0 0
1716639391494 411.0 0
1716639391939 412.0 0
1716639392390 413.0 0
1716639392806 414.0 0
1716639393229 415.0 0
1716639393663 416.0 0
1716639394088 417.0 0
1716639394533 418.0 0
1716639394957 419.0 0
1716639395383 420.0 0
1716639398253 421.0 0
1716639398741 422.0 0
1716639399188 423.0 0
1716639399620 424.0 0
1716639400043 425.0 0
1716639400487 426.0 0
1716639400914 427.0 0
1716639401343 428.0 0
1716639401774 429.0 0
1716639402220 430.0 0
1716639405282 431.0 0
1716639405717 432.0 0
1716639406170 433.0 0
1716639406623 434.0 0
1716639407074 435.0 0
1716639407510 436.0 0
1716639407948 437.0 0
1716639408381 438.0 0
1716639408826 439.0 0
1716639409260 440.0 0
1716639412183 441.0 0
1716639412642 442.0 0
1716639413083 443.0 0
1716639413522 444.0 0
1716639413960 445.0 0
1716639414383 446.0 0
1716639414812 447.0 0
1716639415243 448.0 0
1716639415674 449.0 0
1716639416109 450.0 0
1716639419036 451.0 0
1716639419525 452.0 0
1716639419965 453.0 0
1716639420403 454.0 0
1716639420821 455.0 0
1716639421260 456.0 0
1716639421685 457.0 0
1716639422132 458.0 0
1716639422577 459.0 0
1716639423009 460.0 0
1716639426577 461.0 0
1716639427031 462.0 0
1716639427542 463.0 0
1716639428007 464.0 0
1716639428455 465.0 0
1716639428894 466.0 0
1716639429341 467.0 0
1716639429784 468.0 0
1716639430219 469.0 0
1716639430638 470.0 0
1716639435791 471.0 0
1716639436232 472.0 0
1716639436699 473.0 0
1716639437130 474.0 0
1716639437561 475.0 0
1716639438001 476.0 0
1716639438445 477.0 0
1716639438913 478.0 0
1716639439348 479.0 0
1716639439800 480.0 0
1716639444915 481.0 0
1716639445364 482.0 0
1716639445815 483.0 0
1716639446257 484.0 0
1716639446710 485.0 0
1716639447150 486.0 0
1716639447590 487.0 0
1716639448047 488.0 0
1716639448472 489.0 0
1716639448910 490.0 0
1716639453063 491.0 0
1716639453505 492.0 0
1716639453941 493.0 0
1716639454375 494.0 0
1716639454813 495.0 0
1716639455247 496.0 0
1716639455681 497.0 0
1716639456110 498.0 0
1716639456576 499.0 0
1716639457018 500.0 0
1716639461284 501.0 0
1716639461740 502.0 0
1716639462187 503.0 0
1716639462616 504.0 0
1716639463037 505.0 0
1716639463474 506.0 0
1716639463911 507.0 0
1716639464406 508.0 0
1716639464845 509.0 0
1716639465309 510.0 0
1716639469024 511.0 0
1716639469463 512.0 0
1716639469907 513.0 0
1716639470356 514.0 0
1716639470784 515.0 0
1716639471218 516.0 0
1716639471647 517.0 0
1716639472069 518.0 0
1716639472505 519.0 0
1716639472948 520.0 0
1716639476007 521.0 0
1716639476515 522.0 0
1716639476938 523.0 0
1716639477370 524.0 0
1716639477801 525.0 0
1716639478237 526.0 0
1716639478663 527.0 0
1716639479099 528.0 0
1716639479550 529.0 0
1716639479987 530.0 0
1716639482906 531.0 0
1716639483379 532.0 0
1716639483811 533.0 0
1716639484230 534.0 0
1716639484673 535.0 0
1716639485152 536.0 0
1716639485574 537.0 0
1716639486012 538.0 0
1716639486456 539.0 0
1716639486923 540.0 0
1716639490819 541.0 0
1716639491253 542.0 0
1716639491702 543.0 0
1716639492136 544.0 0
1716639492571 545.0 0
1716639493012 546.0 0
1716639493442 547.0 0
1716639493875 548.0 0
1716639494313 549.0 0
1716639494747 550.0 0
1716639498255 551.0 0
1716639498715 552.0 0
1716639499142 553.0 0
1716639499565 554.0 0
1716639500011 555.0 0
1716639500466 556.0 0
1716639500883 557.0 0
1716639501320 558.0 0
1716639501768 559.0 0
1716639502195 560.0 0
1716639505808 561.0 0
1716639506254 562.0 0
1716639506688 563.0 0
1716639507121 564.0 0
1716639507572 565.0 0
1716639508004 566.0 0
1716639508422 567.0 0
1716639508848 568.0 0
1716639509282 569.0 0
1716639509709 570.0 0
1716639512622 571.0 0
1716639513069 572.0 0
1716639513512 573.0 0
1716639513998 574.0 0
1716639514433 575.0 0
1716639514874 576.0 0
1716639515309 577.0 0
1716639515752 578.0 0
1716639516202 579.0 0
1716639516638 580.0 0
1716639519540 581.0 0
1716639520031 582.0 0
1716639520467 583.0 0
1716639520933 584.0 0
1716639521379 585.0 0
1716639521825 586.0 0
1716639522288 587.0 0
1716639522732 588.0 0
1716639523174 589.0 0
1716639523623 590.0 0
1716639527554 591.0 0
1716639528153 592.0 0
1716639528597 593.0 0
1716639529041 594.0 0
1716639529492 595.0 0
1716639529958 596.0 0
1716639530408 597.0 0
1716639530880 598.0 0
1716639531311 599.0 0
1716639531753 600.0 0
1716639537281 601.0 0
1716639537724 602.0 0
1716639538176 603.0 0
1716639538617 604.0 0
1716639539053 605.0 0
1716639539519 606.0 0
1716639539962 607.0 0
1716639540409 608.0 0
1716639540835 609.0 0
1716639541337 610.0 0
1716639545789 611.0 0
1716639546209 612.0 0
1716639546632 613.0 0
1716639547067 614.0 0
1716639547539 615.0 0
1716639547990 616.0 0
1716639548429 617.0 0
1716639548863 618.0 0
1716639549309 619.0 0
1716639549756 620.0 0
1716639554077 621.0 0
1716639554538 622.0 0
1716639554983 623.0 0
1716639555459 624.0 0
1716639555891 625.0 0
1716639556332 626.0 0
1716639556774 627.0 0
1716639557230 628.0 0
1716639557673 629.0 0
1716639558113 630.0 0
1716639562549 631.0 0
1716639562982 632.0 0
1716639563409 633.0 0
1716639563853 634.0 0
1716639564276 635.0 0
1716639564721 636.0 0
1716639565196 637.0 0
1716639565631 638.0 0
1716639566098 639.0 0
1716639566532 640.0 0
1716639570643 641.0 0
1716639571081 642.0 0
1716639571517 643.0 0
1716639571959 644.0 0
1716639572393 645.0 0
1716639572831 646.0 0
1716639573267 647.0 0
1716639573686 648.0 0
1716639574114 649.0 0
1716639574540 650.0 0
1716639577849 651.0 0
1716639578282 652.0 0
1716639578707 653.0 0
1716639579133 654.0 0
1716639579572 655.0 0
1716639580027 656.0 0
1716639580460 657.0 0
1716639580915 658.0 0
1716639581347 659.0 0
1716639581778 660.0 0
1716639584852 661.0 0
1716639585330 662.0 0
1716639585780 663.0 0
1716639586237 664.0 0
1716639586674 665.0 0
1716639587104 666.0 0
1716639587531 667.0 0
1716639587959 668.0 0
1716639588381 669.0 0
1716639588831 670.0 0
1716639592199 671.0 0
1716639592741 672.0 0
1716639593174 673.0 0
1716639593596 674.0 0
1716639594030 675.0 0
1716639594456 676.0 0
1716639594895 677.0 0
1716639595347 678.0 0
1716639595779 679.0 0
1716639596212 680.0 0
1716639599529 681.0 0
1716639599975 682.0 0
1716639600408 683.0 0
1716639600847 684.0 0
1716639601285 685.0 0
1716639601717 686.0 0
1716639602182 687.0 0
1716639602653 688.0 0
1716639603083 689.0 0
1716639603514 690.0 0
1716639607129 691.0 0
1716639607560 692.0 0
1716639608009 693.0 0
1716639608450 694.0 0
1716639608878 695.0 0
1716639609316 696.0 0
1716639609767 697.0 0
1716639610199 698.0 0
1716639610637 699.0 0
1716639611068 700.0 0
1716639614474 701.0 0
1716639614930 702.0 0
1716639615368 703.0 0
1716639615810 704.0 0
1716639616233 705.0 0
1716639616677 706.0 0
1716639617112 707.0 0
1716639617569 708.0 0
1716639618044 709.0 0
1716639618508 710.0 0
1716639622032 711.0 0
1716639622510 712.0 0
1716639622945 713.0 0
1716639623370 714.0 0
1716639623798 715.0 0
1716639624225 716.0 0
1716639624669 717.0 0
1716639625103 718.0 0
1716639625530 719.0 0
1716639625978 720.0 0
1716639630637 721.0 0
1716639631061 722.0 0
1716639631505 723.0 0
1716639632061 724.0 0
1716639632555 725.0 0
1716639633012 726.0 0
1716639633462 727.0 0
1716639633928 728.0 0
1716639634384 729.0 0
1716639634847 730.0 0
1716639639575 731.0 0
1716639640016 732.0 0
1716639640449 733.0 0
1716639640898 734.0 0
1716639641365 735.0 0
1716639641821 736.0 0
1716639642266 737.0 0
1716639642726 738.0 0
1716639643178 739.0 0
1716639643616 740.0 0
1716639648110 741.0 0
1716639648584 742.0 0
1716639649029 743.0 0
1716639649456 744.0 0
1716639649879 745.0 0
1716639650314 746.0 0
1716639650783 747.0 0
1716639651230 748.0 0
1716639651671 749.0 0
1716639652107 750.0 0
1716639656447 751.0 0
1716639656900 752.0 0
1716639657340 753.0 0
1716639657772 754.0 0
1716639658234 755.0 0
1716639658663 756.0 0
1716639659095 757.0 0
1716639659533 758.0 0
1716639659989 759.0 0
1716639660458 760.0 0
1716639666361 761.0 0
1716639666819 762.0 0
1716639667267 763.0 0
1716639667743 764.0 0
1716639668176 765.0 0
1716639668617 766.0 0
1716639669035 767.0 0
1716639669463 768.0 0
1716639669900 769.0 0
1716639670357 770.0 0
1716639674052 771.0 0
1716639674486 772.0 0
1716639674917 773.0 0
1716639675344 774.0 0
1716639675770 775.0 0
1716639676209 776.0 0
1716639676641 777.0 0
1716639677084 778.0 0
1716639677521 779.0 0
1716639677986 780.0 0
1716639681453 781.0 0
1716639681906 782.0 0
1716639682359 783.0 0
1716639682793 784.0 0
1716639683232 785.0 0
1716639683674 786.0 0
1716639684102 787.0 0
1716639684536 788.0 0
1716639684974 789.0 0
1716639685417 790.0 0
1716639688905 791.0 0
1716639689340 792.0 0
1716639689768 793.0 0
1716639690199 794.0 0
1716639690643 795.0 0
1716639691084 796.0 0
1716639691525 797.0 0
1716639691951 798.0 0
1716639692387 799.0 0
1716639692821 800.0 0
1716639696258 801.0 0
1716639696712 802.0 0
1716639697169 803.0 0
1716639697605 804.0 0
1716639698027 805.0 0
1716639698459 806.0 0
1716639698887 807.0 0
1716639699335 808.0 0
1716639699780 809.0 0
1716639700248 810.0 0
1716639703832 811.0 0
1716639704259 812.0 0
1716639704681 813.0 0
1716639705120 814.0 0
1716639705589 815.0 0
1716639706072 816.0 0
1716639706521 817.0 0
1716639706985 818.0 0
1716639707435 819.0 0
1716639707891 820.0 0
1716639712655 821.0 0
1716639713111 822.0 0
1716639713568 823.0 0
1716639714012 824.0 0
1716639714463 825.0 0
1716639714898 826.0 0
1716639715348 827.0 0
1716639715788 828.0 0
1716639716235 829.0 0
1716639716677 830.0 0
1716639720768 831.0 0
1716639721210 832.0 0
1716639721646 833.0 0
1716639722081 834.0 0
1716639722509 835.0 0
1716639722934 836.0 0
1716639723371 837.0 0
1716639723855 838.0 0
1716639724294 839.0 0
1716639724760 840.0 0
1716639729232 841.0 0
1716639729682 842.0 0
1716639730127 843.0 0
1716639730566 844.0 0
1716639730997 845.0 0
1716639731451 846.0 0
1716639731908 847.0 0
1716639732358 848.0 0
1716639732808 849.0 0
1716639733276 850.0 0
1716639738103 851.0 0
1716639738887 852.0 0
1716639739359 853.0 0
1716639739906 854.0 0
1716639740397 855.0 0
1716639740901 856.0 0
1716639741366 857.0 0
1716639741887 858.0 0
1716639742378 859.0 0
1716639742850 860.0 0
1716639747602 861.0 0
1716639748055 862.0 0
1716639748512 863.0 0
1716639748954 864.0 0
1716639749370 865.0 0
1716639749810 866.0 0
1716639750254 867.0 0
1716639750685 868.0 0
1716639751115 869.0 0
1716639751544 870.0 0
1716639756036 871.0 0
1716639756479 872.0 0
1716639756934 873.0 0
1716639757362 874.0 0
1716639757813 875.0 0
1716639758246 876.0 0
1716639758680 877.0 0
1716639759131 878.0 0
1716639759565 879.0 0
1716639759990 880.0 0
1716639764368 881.0 0
1716639764795 882.0 0
1716639765242 883.0 0
1716639765698 884.0 0
1716639766126 885.0 0
1716639766574 886.0 0
1716639767014 887.0 0
1716639767463 888.0 0
1716639767889 889.0 0
1716639768320 890.0 0
1716639772482 891.0 0
1716639772894 892.0 0
1716639773336 893.0 0
1716639773777 894.0 0
1716639774210 895.0 0
1716639774659 896.0 0
1716639775104 897.0 0
1716639775541 898.0 0
1716639775979 899.0 0
1716639776408 900.0 0
1716639779917 901.0 0
1716639780380 902.0 0
1716639780842 903.0 0
1716639781284 904.0 0
1716639781718 905.0 0
1716639782153 906.0 0
1716639782571 907.0 0
1716639783003 908.0 0
1716639783422 909.0 0
1716639783851 910.0 0
1716639787400 911.0 0
1716639787843 912.0 0
1716639788279 913.0 0
1716639788699 914.0 0
1716639789127 915.0 0
1716639789586 916.0 0
1716639790038 917.0 0
1716639790486 918.0 0
1716639790922 919.0 0
1716639791373 920.0 0
1716639794795 921.0 0
1716639795237 922.0 0
1716639795669 923.0 0
1716639796108 924.0 0
1716639796542 925.0 0
1716639796960 926.0 0
1716639797388 927.0 0
1716639797819 928.0 0
1716639798248 929.0 0
1716639798697 930.0 0
1716639801751 931.0 0
1716639802245 932.0 0
1716639802689 933.0 0
1716639803143 934.0 0
1716639803580 935.0 0
1716639804033 936.0 0
1716639804485 937.0 0
1716639804936 938.0 0
1716639805379 939.0 0
1716639805816 940.0 0
1716639809627 941.0 0
1716639810129 942.0 0
1716639810588 943.0 0
1716639811012 944.0 0
1716639811433 945.0 0
1716639811866 946.0 0
1716639812278 947.0 0
1716639812713 948.0 0
1716639813133 949.0 0
1716639813555 950.0 0
1716639819104 951.0 0
1716639819564 952.0 0
1716639820043 953.0 0
1716639820462 954.0 0
1716639820926 955.0 0
1716639821383 956.0 0
1716639821820 957.0 0
1716639822306 958.0 0
1716639822742 959.0 0
1716639823181 960.0 0
1716639829864 961.0 0
1716639830285 962.0 0
1716639830723 963.0 0
1716639831230 964.0 0
1716639831658 965.0 0
1716639832123 966.0 0
1716639832587 967.0 0
1716639833063 968.0 0
1716639833484 969.0 0
1716639833991 970.0 0
1716639840108 971.0 0
1716639840524 972.0 0
1716639840968 973.0 0
1716639841415 974.0 0
1716639841853 975.0 0
1716639842308 976.0 0
1716639842791 977.0 0
1716639843258 978.0 0
1716639843709 979.0 0
1716639844162 980.0 0
1716639849062 981.0 0
1716639849518 982.0 0
1716639849990 983.0 0
1716639850476 984.0 0
1716639850964 985.0 0
1716639851485 986.0 0
1716639851938 987.0 0
1716639852406 988.0 0
1716639852854 989.0 0
1716639853323 990.0 0
1716639857672 991.0 0
1716639858114 992.0 0
1716639858567 993.0 0
1716639859000 994.0 0
1716639859446 995.0 0
1716639859870 996.0 0
1716639860306 997.0 0
1716639860733 998.0 0
1716639861159 999.0 0
1716639861584 1000.0 0
1716639865283 1001.0 0
1716639865706 1002.0 0
1716639866139 1003.0 0
1716639866561 1004.0 0
1716639866990 1005.0 0
1716639867433 1006.0 0
1716639867888 1007.0 0
1716639868334 1008.0 0
1716639868787 1009.0 0
1716639869225 1010.0 0
1716639872780 1011.0 0
1716639873231 1012.0 0
1716639873697 1013.0 0
1716639874136 1014.0 0
1716639874556 1015.0 0
1716639874989 1016.0 0
1716639875418 1017.0 0
1716639875843 1018.0 0
1716639876273 1019.0 0
1716639876718 1020.0 0
1716639880266 1021.0 0
1716639880702 1022.0 0
1716639881135 1023.0 0
1716639881554 1024.0 0
1716639881992 1025.0 0
1716639882417 1026.0 0
1716639882844 1027.0 0
1716639883283 1028.0 0
1716639883721 1029.0 0
1716639884163 1030.0 0
1716639887730 1031.0 0
1716639888189 1032.0 0
1716639888635 1033.0 0
1716639889070 1034.0 0
1716639889509 1035.0 0
1716639889955 1036.0 0
1716639890403 1037.0 0
1716639890832 1038.0 0
1716639891277 1039.0 0
1716639891728 1040.0 0
1716639895464 1041.0 0
1716639895895 1042.0 0
1716639896345 1043.0 0
1716639896759 1044.0 0
1716639897188 1045.0 0
1716639897617 1046.0 0
1716639898082 1047.0 0
1716639898530 1048.0 0
1716639898961 1049.0 0
1716639899408 1050.0 0
1716639903226 1051.0 0
1716639903658 1052.0 0
1716639904090 1053.0 0
1716639904542 1054.0 0
1716639905016 1055.0 0
1716639905450 1056.0 0
1716639905867 1057.0 0
1716639906303 1058.0 0
1716639906735 1059.0 0
1716639907159 1060.0 0
1716639911877 1061.0 0
1716639912322 1062.0 0
1716639912754 1063.0 0
1716639913181 1064.0 0
1716639913620 1065.0 0
1716639914041 1066.0 0
1716639914462 1067.0 0
1716639914892 1068.0 0
1716639915350 1069.0 0
1716639915774 1070.0 0
1716639919801 1071.0 0
1716639920247 1072.0 0
1716639920676 1073.0 0
1716639921120 1074.0 0
1716639921559 1075.0 0
1716639921980 1076.0 0
1716639922406 1077.0 0
1716639922836 1078.0 0
1716639923255 1079.0 0
1716639923688 1080.0 0
1716639927174 1081.0 0
1716639927685 1082.0 0
1716639928110 1083.0 0
1716639928571 1084.0 0
1716639929001 1085.0 0
1716639929438 1086.0 0
1716639929883 1087.0 0
1716639930348 1088.0 0
1716639930788 1089.0 0
1716639931211 1090.0 0
1716639934687 1091.0 0
1716639935123 1092.0 0
1716639935569 1093.0 0
1716639936018 1094.0 0
1716639936477 1095.0 0
1716639936921 1096.0 0
1716639937362 1097.0 0
1716639937826 1098.0 0
1716639938286 1099.0 0
1716639938753 1100.0 0
1716639943715 1101.0 0
1716639944163 1102.0 0
1716639944600 1103.0 0
1716639945039 1104.0 0
1716639945466 1105.0 0
1716639945908 1106.0 0
1716639946328 1107.0 0
1716639946758 1108.0 0
1716639947186 1109.0 0
1716639947615 1110.0 0
1716639951773 1111.0 0
1716639952203 1112.0 0
1716639952628 1113.0 0
1716639953060 1114.0 0
1716639953482 1115.0 0
1716639953905 1116.0 0
1716639954354 1117.0 0
1716639954802 1118.0 0
1716639955232 1119.0 0
1716639955673 1120.0 0
1716639958937 1121.0 0
1716639959456 1122.0 0
1716639959882 1123.0 0
1716639960341 1124.0 0
1716639960800 1125.0 0
1716639961240 1126.0 0
1716639961681 1127.0 0
1716639962128 1128.0 0
1716639962563 1129.0 0
1716639962996 1130.0 0
1716639966219 1131.0 0
1716639966647 1132.0 0
1716639967074 1133.0 0
1716639967513 1134.0 0
1716639967931 1135.0 0
1716639968374 1136.0 0
1716639968807 1137.0 0
1716639969257 1138.0 0
1716639969694 1139.0 0
1716639970123 1140.0 0
1716639973620 1141.0 0
1716639974111 1142.0 0
1716639974531 1143.0 0
1716639974952 1144.0 0
1716639975377 1145.0 0
1716639975798 1146.0 0
1716639976219 1147.0 0
1716639976653 1148.0 0
1716639977083 1149.0 0
1716639977520 1150.0 0
1716639981009 1151.0 0
1716639981459 1152.0 0
1716639981898 1153.0 0
1716639982352 1154.0 0
1716639982799 1155.0 0
1716639983230 1156.0 0
1716639983670 1157.0 0
1716639984111 1158.0 0
1716639984562 1159.0 0
1716639984995 1160.0 0
1716639988907 1161.0 0
1716639989397 1162.0 0
1716639989844 1163.0 0
1716639990307 1164.0 0
1716639990733 1165.0 0
1716639991165 1166.0 0
1716639991590 1167.0 0
1716639992011 1168.0 0
1716639992435 1169.0 0
1716639992916 1170.0 0
1716639997378 1171.0 0
1716639997835 1172.0 0
1716639998274 1173.0 0
1716639998694 1174.0 0
1716639999127 1175.0 0
1716639999553 1176.0 0
1716639999976 1177.0 0
1716640000408 1178.0 0
1716640000827 1179.0 0
1716640001271 1180.0 0
1716640005283 1181.0 0
1716640005715 1182.0 0
1716640006152 1183.0 0
1716640006580 1184.0 0
1716640007022 1185.0 0
1716640007482 1186.0 0
1716640007939 1187.0 0
1716640008371 1188.0 0
1716640008811 1189.0 0
1716640009255 1190.0 0
1716640012901 1191.0 0
1716640013460 1192.0 0
1716640013902 1193.0 0
1716640014357 1194.0 0
1716640014797 1195.0 0
1716640015225 1196.0 0
1716640015663 1197.0 0
1716640016114 1198.0 0
1716640016540 1199.0 0
1716640016977 1200.0 0
1716640020777 1201.0 0
1716640021219 1202.0 0
1716640021661 1203.0 0
1716640022126 1204.0 0
1716640022561 1205.0 0
1716640022996 1206.0 0
1716640023422 1207.0 0
1716640023858 1208.0 0
1716640024302 1209.0 0
1716640024757 1210.0 0
1716640033301 1211.0 0
1716640033757 1212.0 0
1716640034197 1213.0 0
1716640034643 1214.0 0
1716640035106 1215.0 0
1716640035541 1216.0 0
1716640035954 1217.0 0
1716640036373 1218.0 0
1716640036909 1219.0 0
1716640037342 1220.0 0
1716640042132 1221.0 0
1716640042570 1222.0 0
1716640043012 1223.0 0
1716640043480 1224.0 0
1716640043903 1225.0 0
1716640044352 1226.0 0
1716640044777 1227.0 0
1716640045196 1228.0 0
1716640045632 1229.0 0
1716640046052 1230.0 0
1716640049595 1231.0 0
1716640050060 1232.0 0
1716640050538 1233.0 0
1716640051001 1234.0 0
1716640051435 1235.0 0
1716640051859 1236.0 0
1716640052290 1237.0 0
1716640052718 1238.0 0
1716640053153 1239.0 0
1716640053609 1240.0 0
1716640057550 1241.0 0
1716640058022 1242.0 0
1716640058467 1243.0 0
1716640058903 1244.0 0
1716640059332 1245.0 0
1716640059784 1246.0 0
1716640060229 1247.0 0
1716640060664 1248.0 0
1716640061093 1249.0 0
1716640061525 1250.0 0
1716640065550 1251.0 0
1716640065987 1252.0 0
1716640066413 1253.0 0
1716640066856 1254.0 0
1716640067310 1255.0 0
1716640067754 1256.0 0
1716640068193 1257.0 0
1716640068617 1258.0 0
1716640069055 1259.0 0
1716640069499 1260.0 0
1716640072774 1261.0 0
1716640073259 1262.0 0
1716640073704 1263.0 0
1716640074133 1264.0 0
1716640074563 1265.0 0
1716640074992 1266.0 0
1716640075408 1267.0 0
1716640075846 1268.0 0
1716640076272 1269.0 0
1716640076701 1270.0 0
1716640079669 1271.0 0
1716640080141 1272.0 0
1716640080562 1273.0 0
1716640080996 1274.0 0
1716640081431 1275.0 0
1716640081867 1276.0 0
1716640082307 1277.0 0
1716640082740 1278.0 0
1716640083165 1279.0 0
1716640083603 1280.0 0
1716640087184 1281.0 0
1716640087612 1282.0 0
1716640088057 1283.0 0
1716640088512 1284.0 0
1716640088945 1285.0 0
1716640089382 1286.0 0
1716640089815 1287.0 0
1716640090244 1288.0 0
1716640090673 1289.0 0
1716640091099 1290.0 0
1716640094218 1291.0 0
1716640094705 1292.0 0
1716640095139 1293.0 0
1716640095621 1294.0 0
1716640096044 1295.0 0
1716640096482 1296.0 0
1716640096917 1297.0 0
1716640097355 1298.0 0
1716640097771 1299.0 0
1716640098189 1300.0 0
1716640103683 1301.0 0
1716640104158 1302.0 0
1716640104623 1303.0 0
1716640105070 1304.0 0
1716640105512 1305.0 0
1716640105973 1306.0 0
1716640106429 1307.0 0
1716640106878 1308.0 0
1716640107353 1309.0 0
1716640107803 1310.0 0
1716640112318 1311.0 0
1716640112763 1312.0 0
1716640113198 1313.0 0
1716640113669 1314.0 0
1716640114100 1315.0 0
1716640114532 1316.0 0
1716640114985 1317.0 0
1716640115450 1318.0 0
1716640115912 1319.0 0
1716640116353 1320.0 0
1716640120786 1321.0 0
1716640121279 1322.0 0
1716640121712 1323.0 0
1716640122133 1324.0 0
1716640122565 1325.0 0
1716640122998 1326.0 0
1716640123418 1327.0 0
1716640123874 1328.0 0
1716640124294 1329.0 0
1716640124729 1330.0 0
1716640128019 1331.0 0
1716640128457 1332.0 0
1716640128880 1333.0 0
1716640129315 1334.0 0
1716640129748 1335.0 0
1716640130201 1336.0 0
1716640130636 1337.0 0
1716640131159 1338.0 0
1716640131600 1339.0 0
1716640132029 1340.0 0
1716640135220 1341.0 0
1716640135660 1342.0 0
1716640136082 1343.0 0
1716640136524 1344.0 0
1716640136979 1345.0 0
1716640137433 1346.0 0
1716640137875 1347.0 0
1716640138298 1348.0 0
1716640138745 1349.0 0
1716640139201 1350.0 0
1716640142804 1351.0 0
1716640143224 1352.0 0
1716640143666 1353.0 0
1716640144088 1354.0 0
1716640144569 1355.0 0
1716640145004 1356.0 0
1716640145436 1357.0 0
1716640145881 1358.0 0
1716640146310 1359.0 0
1716640146749 1360.0 0
1716640150752 1361.0 0
1716640151178 1362.0 0
1716640151594 1363.0 0
1716640152042 1364.0 0
1716640152495 1365.0 0
1716640152941 1366.0 0
1716640153373 1367.0 0
1716640153814 1368.0 0
1716640154245 1369.0 0
1716640154689 1370.0 0
1716640158513 1371.0 0
1716640158959 1372.0 0
1716640159403 1373.0 0
1716640159853 1374.0 0
1716640160315 1375.0 0
1716640160765 1376.0 0
1716640161228 1377.0 0
1716640161667 1378.0 0
1716640162102 1379.0 0
1716640162545 1380.0 0
1716640166997 1381.0 0
1716640167450 1382.0 0
1716640167909 1383.0 0
1716640168356 1384.0 0
1716640168790 1385.0 0
1716640169263 1386.0 0
1716640169711 1387.0 0
1716640170144 1388.0 0
1716640170577 1389.0 0
1716640171012 1390.0 0
1716640175286 1391.0 0
1716640175727 1392.0 0
1716640176166 1393.0 0
1716640176596 1394.0 0
1716640177028 1395.0 0
1716640177458 1396.0 0
1716640177895 1397.0 0
1716640178358 1398.0 0
1716640178803 1399.0 0
1716640179224 1400.0 0
1716640182860 1401.0 0
1716640183325 1402.0 0
1716640183754 1403.0 0
1716640184203 1404.0 0
1716640184637 1405.0 0
1716640185072 1406.0 0
1716640185526 1407.0 0
1716640185956 1408.0 0
1716640186396 1409.0 0
1716640186847 1410.0 0
1716640190610 1411.0 0
1716640191062 1412.0 0
1716640191486 1413.0 0
1716640191930 1414.0 0
1716640192364 1415.0 0
1716640192807 1416.0 0
1716640193250 1417.0 0
1716640193685 1418.0 0
1716640194114 1419.0 0
1716640194557 1420.0 0
1716640198157 1421.0 0
1716640198592 1422.0 0
1716640199039 1423.0 0
1716640199492 1424.0 0
1716640199934 1425.0 0
1716640200387 1426.0 0
1716640200848 1427.0 0
1716640201279 1428.0 0
1716640201712 1429.0 0
1716640202167 1430.0 0
1716640207349 1431.0 0
1716640207819 1432.0 0
1716640208354 1433.0 0
1716640208821 1434.0 0
1716640209280 1435.0 0
1716640209722 1436.0 0
1716640210178 1437.0 0
1716640210611 1438.0 0
1716640211058 1439.0 0
1716640211485 1440.0 0
1716640216498 1441.0 0
1716640216975 1442.0 0
1716640217446 1443.0 0
1716640217905 1444.0 0
1716640218395 1445.0 0
1716640218831 1446.0 0
1716640219299 1447.0 0
1716640219780 1448.0 0
1716640220234 1449.0 0
1716640220677 1450.0 0
1716640225759 1451.0 0
1716640226224 1452.0 0
1716640226659 1453.0 0
1716640227112 1454.0 0
1716640227586 1455.0 0
1716640228030 1456.0 0
1716640228474 1457.0 0
1716640228900 1458.0 0
1716640229337 1459.0 0
1716640229784 1460.0 0
1716640234566 1461.0 0
1716640235015 1462.0 0
1716640235468 1463.0 0
1716640235912 1464.0 0
1716640236358 1465.0 0
1716640236872 1466.0 0
1716640237375 1467.0 0
1716640237841 1468.0 0
1716640238285 1469.0 0
1716640238732 1470.0 0
1716640243775 1471.0 0
1716640244241 1472.0 0
1716640244707 1473.0 0
1716640245176 1474.0 0
1716640245614 1475.0 0
1716640246057 1476.0 0
1716640246545 1477.0 0
1716640246995 1478.0 0
1716640247546 1479.0 0
1716640248078 1480.0 0
1716640253824 1481.0 0
1716640254318 1482.0 0
1716640254768 1483.0 0
1716640255194 1484.0 0
1716640255637 1485.0 0
1716640256072 1486.0 0
1716640256511 1487.0 0
1716640256958 1488.0 0
1716640257384 1489.0 0
1716640257828 1490.0 0
1716640262951 1491.0 0
1716640263407 1492.0 0
1716640263857 1493.0 0
1716640264286 1494.0 0
1716640264736 1495.0 0
1716640265168 1496.0 0
1716640265599 1497.0 0
1716640266022 1498.0 0
1716640266467 1499.0 0
1716640266894 1500.0 0
1716640270741 1501.0 0
1716640271192 1502.0 0
1716640271634 1503.0 0
1716640272098 1504.0 0
1716640272544 1505.0 0
1716640272985 1506.0 0
1716640273408 1507.0 0
1716640273839 1508.0 0
1716640274280 1509.0 0
1716640274710 1510.0 0
1716640278148 1511.0 0
1716640278583 1512.0 0
1716640279021 1513.0 0
1716640279475 1514.0 0
1716640279921 1515.0 0
1716640280368 1516.0 0
1716640280804 1517.0 0
1716640281229 1518.0 0
1716640281657 1519.0 0
1716640282094 1520.0 0
1716640293993 1521.0 0
1716640294598 1522.0 0
1716640295045 1523.0 0
1716640295567 1524.0 0
1716640296029 1525.0 0
1716640296474 1526.0 0
1716640296921 1527.0 0
1716640297353 1528.0 0
1716640297788 1529.0 0
1716640298246 1530.0 0
1716640302980 1531.0 0
1716640303404 1532.0 0
1716640303896 1533.0 0
1716640304332 1534.0 0
1716640304765 1535.0 0
1716640305203 1536.0 0
1716640305634 1537.0 0
1716640306083 1538.0 0
1716640306528 1539.0 0
1716640306972 1540.0 0
1716640311619 1541.0 0
1716640312063 1542.0 0
1716640312498 1543.0 0
1716640312955 1544.0 0
1716640313412 1545.0 0
1716640313881 1546.0 0
1716640314328 1547.0 0
1716640314759 1548.0 0
1716640315207 1549.0 0
1716640315647 1550.0 0
1716640320306 1551.0 0
1716640320742 1552.0 0
1716640321217 1553.0 0
1716640321649 1554.0 0
1716640322077 1555.0 0
1716640322503 1556.0 0
1716640322944 1557.0 0
1716640323385 1558.0 0
1716640323825 1559.0 0
1716640324264 1560.0 0
1716640328863 1561.0 0
1716640329309 1562.0 0
1716640329771 1563.0 0
1716640330200 1564.0 0
1716640330636 1565.0 0
1716640331070 1566.0 0
1716640331512 1567.0 0
1716640331961 1568.0 0
1716640332417 1569.0 0
1716640332842 1570.0 0
1716640336971 1571.0 0
1716640337436 1572.0 0
1716640337897 1573.0 0
1716640338335 1574.0 0
1716640338768 1575.0 0
1716640339209 1576.0 0
1716640339668 1577.0 0
1716640340108 1578.0 0
1716640340548 1579.0 0
1716640341016 1580.0 0
1716640344129 1581.0 0
1716640344608 1582.0 0
1716640345050 1583.0 0
1716640345517 1584.0 0
1716640345953 1585.0 0
1716640346403 1586.0 0
1716640346853 1587.0 0
1716640347300 1588.0 0
1716640347740 1589.0 0
1716640348182 1590.0 0
1716640351498 1591.0 0
1716640351937 1592.0 0
1716640352375 1593.0 0
1716640352808 1594.0 0
1716640353240 1595.0 0
1716640353683 1596.0 0
1716640354137 1597.0 0
1716640354570 1598.0 0
1716640355012 1599.0 0
1716640355445 1600.0 0
1716640358975 1601.0 0
1716640359437 1602.0 0
1716640359864 1603.0 0
1716640360306 1604.0 0
1716640360746 1605.0 0
1716640361192 1606.0 0
1716640361649 1607.0 0
1716640362081 1608.0 0
1716640362524 1609.0 0
1716640362964 1610.0 0
1716640366426 1611.0 0
1716640366864 1612.0 0
1716640367309 1613.0 0
1716640367781 1614.0 0
1716640368223 1615.0 0
1716640368665 1616.0 0
1716640369110 1617.0 0
1716640369582 1618.0 0
1716640369996 1619.0 0
1716640370436 1620.0 0
1716640374987 1621.0 0
1716640375439 1622.0 0
1716640375875 1623.0 0
1716640376332 1624.0 0
1716640376779 1625.0 0
1716640377217 1626.0 0
1716640377673 1627.0 0
1716640378121 1628.0 0
1716640378601 1629.0 0
1716640379058 1630.0 0
1716640383631 1631.0 0
1716640384074 1632.0 0
1716640384501 1633.0 0
1716640384954 1634.0 0
1716640385388 1635.0 0
1716640385797 1636.0 0
1716640386253 1637.0 0
1716640386690 1638.0 0
1716640387142 1639.0 0
1716640387590 1640.0 0
1716640391308 1641.0 0
1716640391752 1642.0 0
1716640392206 1643.0 0
1716640392679 1644.0 0
1716640393112 1645.0 0
1716640393535 1646.0 0
1716640393962 1647.0 0
1716640394397 1648.0 0
1716640394841 1649.0 0
1716640395278 1650.0 0
1716640398302 1651.0 0
1716640398779 1652.0 0
1716640399224 1653.0 0
1716640399674 1654.0 0
1716640400122 1655.0 0
1716640400558 1656.0 0
1716640400988 1657.0 0
1716640401437 1658.0 0
1716640401887 1659.0 0
1716640402327 1660.0 0
1716640406173 1661.0 0
1716640406610 1662.0 0
1716640407069 1663.0 0
1716640407533 1664.0 0
1716640408171 1665.0 0
1716640408612 1666.0 0
1716640409046 1667.0 0
1716640409479 1668.0 0
1716640409918 1669.0 0
1716640410358 1670.0 0
1716640413703 1671.0 0
1716640414144 1672.0 0
1716640414589 1673.0 0
1716640415024 1674.0 0
1716640415473 1675.0 0
1716640415931 1676.0 0
1716640416379 1677.0 0
1716640416810 1678.0 0
1716640417245 1679.0 0
1716640417694 1680.0 0
1716640423397 1681.0 0
1716640423819 1682.0 0
1716640424252 1683.0 0
1716640424684 1684.0 0
1716640425103 1685.0 0
1716640425533 1686.0 0
1716640425968 1687.0 0
1716640426394 1688.0 0
1716640426824 1689.0 0
1716640427258 1690.0 0
1716640431631 1691.0 0
1716640432098 1692.0 0
1716640432532 1693.0 0
1716640432988 1694.0 0
1716640433421 1695.0 0
1716640433851 1696.0 0
1716640434301 1697.0 0
1716640434718 1698.0 0
1716640435155 1699.0 0
1716640435590 1700.0 0
1716640439498 1701.0 0
1716640439998 1702.0 0
1716640440438 1703.0 0
1716640440866 1704.0 0
1716640441315 1705.0 0
1716640441756 1706.0 0
1716640442183 1707.0 0
1716640442614 1708.0 0
1716640443040 1709.0 0
1716640443476 1710.0 0
1716640448183 1711.0 0
1716640448624 1712.0 0
1716640449098 1713.0 0
1716640449543 1714.0 0
1716640449976 1715.0 0
1716640450414 1716.0 0
1716640450874 1717.0 0
1716640451322 1718.0 0
1716640451754 1719.0 0
1716640452193 1720.0 0
1716640456523 1721.0 0
1716640456974 1722.0 0
1716640457406 1723.0 0
1716640457846 1724.0 0
1716640458289 1725.0 0
1716640458727 1726.0 0
1716640459150 1727.0 0
1716640459575 1728.0 0
1716640460008 1729.0 0
1716640460431 1730.0 0
1716640463922 1731.0 0
1716640464386 1732.0 0
1716640464819 1733.0 0
1716640465249 1734.0 0
1716640465692 1735.0 0
1716640466151 1736.0 0
1716640466587 1737.0 0
1716640467023 1738.0 0
1716640467462 1739.0 0
1716640467908 1740.0 0
1716640471483 1741.0 0
1716640471963 1742.0 0
1716640472407 1743.0 0
1716640472841 1744.0 0
1716640473262 1745.0 0
1716640473693 1746.0 0
1716640474128 1747.0 0
1716640474569 1748.0 0
1716640474997 1749.0 0
1716640475460 1750.0 0
1716640479045 1751.0 0
1716640479502 1752.0 0
1716640479947 1753.0 0
1716640480401 1754.0 0
1716640480830 1755.0 0
1716640481265 1756.0 0
1716640481708 1757.0 0
1716640482148 1758.0 0
1716640482584 1759.0 0
1716640483023 1760.0 0
1716640485943 1761.0 0
1716640486425 1762.0 0
1716640486885 1763.0 0
1716640487342 1764.0 0
1716640487788 1765.0 0
1716640488223 1766.0 0
1716640488648 1767.0 0
1716640489112 1768.0 0
1716640489559 1769.0 0
1716640490036 1770.0 0
1716640493232 1771.0 0
1716640493723 1772.0 0
1716640494168 1773.0 0
1716640494608 1774.0 0
1716640495049 1775.0 0
1716640495486 1776.0 0
1716640495926 1777.0 0
1716640496408 1778.0 0
1716640496841 1779.0 0
1716640497275 1780.0 0
1716640500981 1781.0 0
1716640501430 1782.0 0
1716640501860 1783.0 0
1716640502322 1784.0 0
1716640502758 1785.0 0
1716640503179 1786.0 0
1716640503602 1787.0 0
1716640504035 1788.0 0
1716640504469 1789.0 0
1716640504916 1790.0 0
1716640508507 1791.0 0
1716640508946 1792.0 0
1716640509390 1793.0 0
1716640509828 1794.0 0
1716640510278 1795.0 0
1716640510728 1796.0 0
1716640511209 1797.0 0
1716640511658 1798.0 0
1716640512096 1799.0 0
1716640512538 1800.0 0
1716640517023 1801.0 0
1716640517443 1802.0 0
1716640517855 1803.0 0
1716640518283 1804.0 0
1716640518721 1805.0 0
1716640519154 1806.0 0
1716640519592 1807.0 0
1716640520036 1808.0 0
1716640520489 1809.0 0
1716640520926 1810.0 0
1716640526019 1811.0 0
1716640526476 1812.0 0
1716640527000 1813.0 0
1716640527861 1814.0 0
1716640528391 1815.0 0
1716640528852 1816.0 0
1716640529333 1817.0 0
1716640529936 1818.0 0
1716640530722 1819.0 0
1716640531211 1820.0 0
