1716639069660 9.259765625 0
1716639070339 8.455543518066406 0
1716639070896 8.262922286987305 0
1716639071378 8.172819137573242 0
1716639071841 7.821876049041748 0
1716639072268 7.182138442993164 0
1716639072714 6.9031853675842285 0
1716639073132 6.680210113525391 0
1716639073564 6.390765190124512 0
1716639074030 6.039288520812988 0
1716639079854 5.719736099243164 0
1716639080439 5.43165922164917 0
1716639081054 5.227396488189697 0
1716639081495 5.0255842208862305 0
1716639081915 4.869045734405518 0
1716639082420 4.719966411590576 0
1716639082892 4.59372091293335 0
1716639083324 4.516056060791016 0
1716639083775 4.406978130340576 0
1716639084225 4.399637222290039 0
1716639088769 4.280489921569824 0
1716639089212 4.222334861755371 0
1716639089687 4.094834327697754 0
1716639090136 4.016800880432129 0
1716639090567 3.980595588684082 0
1716639091025 3.890338659286499 0
1716639091457 3.7800469398498535 0
1716639091886 3.6495914459228516 0
1716639092324 3.5184361934661865 0
1716639092749 3.4016895294189453 0
1716639096925 3.292553663253784 0
1716639097433 3.188075304031372 0
1716639097867 3.0712008476257324 0
1716639098306 2.9645774364471436 0
1716639098749 2.8904242515563965 0
1716639099188 2.794483184814453 0
1716639099622 2.7718467712402344 0
1716639100057 2.6690902709960938 0
1716639100485 2.6331541538238525 0
1716639100927 2.578195095062256 0
1716639104951 2.490983009338379 0
1716639105395 2.4655630588531494 0
1716639105841 2.396127462387085 0
1716639106269 2.342819929122925 0
1716639106697 2.2958199977874756 0
1716639107139 2.229398727416992 0
1716639107565 2.1683242321014404 0
1716639108021 2.121504068374634 0
1716639108459 2.0805695056915283 0
1716639108899 2.032680034637451 0
1716639112628 1.9998202323913574 0
1716639113096 1.9640934467315674 0
1716639113524 1.924964189529419 0
1716639113968 1.8904272317886353 0
1716639114402 1.8577141761779785 0
1716639114827 1.8201221227645874 0
1716639115250 1.7888647317886353 0
1716639115705 1.7569873332977295 0
1716639116137 1.726975679397583 0
1716639116567 1.6986300945281982 0
1716639119584 1.6718745231628418 0
1716639120041 1.6434872150421143 0
1716639120481 1.613335132598877 0
1716639120912 1.5867793560028076 0
1716639121342 1.569258451461792 0
1716639121794 1.5378953218460083 0
1716639122250 1.5291447639465332 0
1716639122668 1.5043525695800781 0
1716639123090 1.4829492568969727 0
1716639123515 1.472231388092041 0
1716639127197 1.4541407823562622 0
1716639127653 1.4488029479980469 0
1716639128082 1.4327634572982788 0
1716639128518 1.407342553138733 0
1716639128952 1.3967641592025757 0
1716639129389 1.3741207122802734 0
1716639129822 1.384245753288269 0
1716639130247 1.3570303916931152 0
1716639130695 1.345120906829834 0
1716639131156 1.3222265243530273 0
1716639134063 1.318225622177124 0
1716639134499 1.2940925359725952 0
1716639134942 1.3152316808700562 0
1716639135370 1.2811167240142822 0
1716639135815 1.2922216653823853 0
1716639136289 1.2682470083236694 0
1716639136729 1.2404526472091675 0
1716639137182 1.2408851385116577 0
1716639137628 1.2252129316329956 0
1716639138062 1.2064838409423828 0
1716639141678 1.200982928276062 0
1716639142131 1.1845481395721436 0
1716639142566 1.1801180839538574 0
1716639143017 1.1598025560379028 0
1716639143456 1.151216983795166 0
1716639143920 1.1773380041122437 0
1716639144353 1.1737972497940063 0
1716639144784 1.139538049697876 0
1716639145220 1.1277072429656982 0
1716639145651 1.1382099390029907 0
1716639149349 1.1110337972640991 0
1716639149803 1.1754121780395508 0
1716639150241 1.179535984992981 0
1716639150674 1.0871925354003906 0
1716639151097 1.1197718381881714 0
1716639151539 1.0793675184249878 0
1716639151969 1.1620063781738281 0
1716639152406 1.1758524179458618 0
1716639152837 1.0651421546936035 0
1716639153277 1.1285618543624878 0
1716639156887 1.149976134300232 0
1716639157343 1.0655146837234497 0
1716639157773 1.1515536308288574 0
1716639158223 1.2307714223861694 0
1716639158665 1.1232104301452637 0
1716639159100 1.0750583410263062 0
1716639159530 1.1027244329452515 0
1716639159960 1.0984232425689697 0
1716639160395 1.0335760116577148 0
1716639160824 1.072762370109558 0
1716639163846 1.0852200984954834 0
1716639164288 1.0155197381973267 0
1716639164721 1.0535264015197754 0
1716639165218 1.0753283500671387 0
1716639165644 1.023835301399231 0
1716639166091 1.0230799913406372 0
1716639166557 1.0314619541168213 0
1716639166985 0.9891905188560486 0
1716639167407 0.9939708709716797 0
1716639167842 0.9801257252693176 0
1716639171694 0.9771023988723755 0
1716639172112 0.9690238237380981 0
1716639172570 0.9566219449043274 0
1716639173002 0.9445502758026123 0
1716639173434 0.9497035145759583 0
1716639173889 0.9524718523025513 0
1716639174320 0.9329376816749573 0
1716639174743 0.9228835105895996 0
1716639175167 0.9218568205833435 0
1716639175595 0.9299758076667786 0
1716639178506 0.9086243510246277 0
1716639178971 0.9097972512245178 0
1716639179423 0.9052405953407288 0
1716639179862 0.8969055414199829 0
1716639180303 0.8971587419509888 0
1716639180727 0.8855773210525513 0
1716639181156 0.8859081864356995 0
1716639181584 0.8706387281417847 0
1716639182040 0.8875068426132202 0
1716639182474 0.8598992824554443 0
1716639186557 0.8650243878364563 0
1716639187015 0.8793374300003052 0
1716639187432 0.8449389934539795 0
1716639187907 0.8444305062294006 0
1716639188350 0.8787185549736023 0
1716639188779 0.8345330357551575 0
1716639189221 1.0979160070419312 0
1716639189668 1.11134672164917 0
1716639190087 0.8680760264396667 0
1716639190541 1.0975943803787231 0
1716639194026 1.1863267421722412 0
1716639194532 1.0380867719650269 0
1716639194985 0.9580484628677368 0
1716639195423 0.9947424530982971 0
1716639195845 0.9403699636459351 0
1716639196279 0.9466530084609985 0
1716639196722 0.934852659702301 0
1716639197156 0.9620683193206787 0
1716639197616 0.948058545589447 0
1716639198082 0.8476163148880005 0
1716639201609 0.8772464990615845 0
1716639202074 0.8662375211715698 0
1716639202508 0.8721250295639038 0
1716639202940 0.8494472503662109 0
1716639203374 0.8290690779685974 0
1716639203808 0.8590314984321594 0
1716639204236 0.8271878957748413 0
1716639204671 0.8861812949180603 0
1716639205106 0.9025813341140747 0
1716639205547 0.8578413724899292 0
1716639208888 0.8453385829925537 0
1716639209379 0.8540717959403992 0
1716639209855 0.8174506425857544 0
1716639210291 0.8414577841758728 0
1716639210732 0.850814163684845 0
1716639211169 0.8072014451026917 0
1716639211599 0.8657519817352295 0
1716639212030 0.8523291945457458 0
1716639212487 0.877471387386322 0
1716639212915 0.8459351658821106 0
1716639215818 0.8587841987609863 0
1716639216304 0.8881934881210327 0
1716639216774 0.7886942028999329 0
1716639217230 0.8161581158638 0
1716639217659 0.8101354241371155 0
1716639218089 0.7873206734657288 0
1716639218535 0.8437726497650146 0
1716639218967 0.8254397511482239 0
1716639219381 0.8052783608436584 0
1716639219836 0.7904732823371887 0
1716639223127 0.8671078085899353 0
1716639223565 0.8330503106117249 0
1716639223989 0.786534309387207 0
1716639224429 0.7926262617111206 0
1716639224883 0.7910294532775879 0
1716639225307 0.7653530836105347 0
1716639225741 0.8451228737831116 0
1716639226200 0.8415241241455078 0
1716639226645 0.7598408460617065 0
1716639227079 0.757614016532898 0
1716639230849 0.797980010509491 0
1716639231318 0.7648739218711853 0
1716639231806 0.7931118011474609 0
1716639232244 0.7951627969741821 0
1716639232681 0.7485697865486145 0
1716639233148 0.7436696290969849 0
1716639233581 0.7687872052192688 0
1716639234012 0.7417868375778198 0
1716639234449 0.8347378969192505 0
1716639234894 0.846328616142273 0
1716639239216 0.7271292805671692 0
1716639239656 0.7683750987052917 0
1716639240093 0.7505494356155396 0
1716639240510 0.76280677318573 0
1716639240939 0.7346170544624329 0
1716639241371 0.8110296726226807 0
1716639241793 0.7815715670585632 0
1716639242224 0.7729848027229309 0
1716639242663 0.773797333240509 0
1716639243100 0.7553673386573792 0
1716639247513 0.7371169924736023 0
1716639248022 0.7410320043563843 0
1716639248490 0.7268722653388977 0
1716639248925 0.7702348232269287 0
1716639249361 0.768301784992218 0
1716639249790 0.7339288592338562 0
1716639250225 0.725712239742279 0
1716639250655 0.7416550517082214 0
1716639251089 0.7169673442840576 0
1716639251532 0.7857527136802673 0
1716639256323 0.7617781162261963 0
1716639256801 0.7499075531959534 0
1716639257259 0.7443267107009888 0
1716639257682 0.7097243666648865 0
1716639258121 0.7086177468299866 0
1716639258569 0.7262768745422363 0
1716639259004 0.6983252763748169 0
1716639259462 0.76576167345047 0
1716639259890 0.7494049072265625 0
1716639260311 0.7218436598777771 0
1716639265952 0.7157866358757019 0
1716639266399 0.7256885170936584 0
1716639266844 0.7106897234916687 0
1716639267277 0.7253870368003845 0
1716639267740 0.711850106716156 0
1716639268191 0.7294822931289673 0
1716639268620 0.7238322496414185 0
1716639269052 0.6965895891189575 0
1716639269486 0.6862131953239441 0
1716639269935 0.7304180264472961 0
1716639274280 0.7178575396537781 0
1716639274740 0.6988728642463684 0
1716639275203 0.694891095161438 0
1716639275634 0.6929003000259399 0
1716639276058 0.6882176399230957 0
1716639276491 0.7066051959991455 0
1716639276929 0.6872133612632751 0
1716639277385 0.6989508867263794 0
1716639277844 0.6921108961105347 0
1716639278283 0.6968598961830139 0
1716639282536 0.6774996519088745 0
1716639282960 0.7285446524620056 0
1716639283420 0.7108288407325745 0
1716639283855 0.6786399483680725 0
1716639284294 0.6739367842674255 0
1716639284727 0.6969059705734253 0
1716639285160 0.6637730002403259 0
1716639285608 0.695395290851593 0
1716639286054 0.6841362118721008 0
1716639286495 0.6679605841636658 0
1716639291171 0.6683482527732849 0
1716639291633 0.6712806820869446 0
1716639292075 0.6643513441085815 0
1716639292515 0.676633358001709 0
1716639292950 0.6770616769790649 0
1716639293386 0.6731024384498596 0
1716639293820 0.6551834344863892 0
1716639294271 0.7034525871276855 0
1716639294704 0.6866912245750427 0
1716639295128 0.6644395589828491 0
1716639297957 0.6528869271278381 0
1716639298440 0.6831770539283752 0
1716639298906 0.6618799567222595 0
1716639299337 0.659856379032135 0
1716639299788 0.6549654006958008 0
1716639300251 0.6463344097137451 0
1716639300678 0.636885941028595 0
1716639301136 0.6645639538764954 0
1716639301573 0.6604519486427307 0
1716639302009 0.6306207180023193 0
1716639305062 0.6403394937515259 0
1716639305529 0.6249048113822937 0
1716639305974 0.656654417514801 0
1716639306451 0.6083093881607056 0
1716639306878 0.693725049495697 0
1716639307332 0.6494256258010864 0
1716639307793 0.6753218173980713 0
1716639308221 0.6934402585029602 0
1716639308652 0.613309383392334 0
1716639309087 0.6052449345588684 0
1716639312377 0.6694003343582153 0
1716639312839 0.6367853879928589 0
1716639313296 0.6914462447166443 0
1716639313750 0.6600065231323242 0
1716639314183 0.6338732838630676 0
1716639314613 0.643334150314331 0
1716639315050 0.6432721018791199 0
1716639315473 0.6163117289543152 0
1716639315899 0.660444974899292 0
1716639316361 0.6457526683807373 0
1716639319862 0.6548662781715393 0
1716639320321 0.6507890224456787 0
1716639320765 0.6404356360435486 0
1716639321176 0.6220435500144958 0
1716639321598 0.6418164372444153 0
1716639322036 0.6255534887313843 0
1716639322472 0.6472084522247314 0
1716639322920 0.6393633484840393 0
1716639323353 0.619485080242157 0
1716639323803 0.6029776930809021 0
1716639327411 0.634537398815155 0
1716639327899 0.6166225075721741 0
1716639328343 0.6281611919403076 0
1716639328844 0.6290803551673889 0
1716639329275 0.608168363571167 0
1716639329725 0.6105931997299194 0
1716639330155 0.5936511158943176 0
1716639330582 0.6406513452529907 0
1716639331009 0.5922932028770447 0
1716639331433 0.6609842777252197 0
1716639334963 0.639837384223938 0
1716639335406 0.6265364289283752 0
1716639335862 0.6214438080787659 0
1716639336336 0.6020259857177734 0
1716639336758 0.61597740650177 0
1716639337200 0.6022764444351196 0
1716639337626 0.6097590923309326 0
1716639338076 0.5911607146263123 0
1716639338526 0.6037002801895142 0
1716639338955 0.579888105392456 0
1716639342374 0.6373971700668335 0
1716639342833 0.6018079519271851 0
1716639343295 0.6165263056755066 0
1716639343713 0.62297123670578 0
1716639344146 0.5822229385375977 0
1716639344579 0.630155622959137 0
1716639345030 0.577438473701477 0
1716639345463 0.6735127568244934 0
1716639345919 0.6972172260284424 0
1716639346353 0.5875749588012695 0
1716639350806 0.7405276894569397 0
1716639351284 0.8280216455459595 0
1716639351724 0.6712057590484619 0
1716639352155 0.6399461627006531 0
1716639352591 0.7181519269943237 0
1716639353033 0.6939131021499634 0
1716639353498 0.6277741193771362 0
1716639353928 0.6241334080696106 0
1716639354356 0.6015595197677612 0
1716639354781 0.6070443391799927 0
1716639358438 0.604789137840271 0
1716639358881 0.6252788305282593 0
1716639359336 0.5985579490661621 0
1716639359760 0.5756683945655823 0
1716639360201 0.5631095767021179 0
1716639360650 0.5713782906532288 0
1716639361082 0.5727881193161011 0
1716639361575 0.5627315044403076 0
1716639362002 0.555026113986969 0
1716639362434 0.5679091811180115 0
1716639366717 0.55283522605896 0
1716639367147 0.5450829267501831 0
1716639367616 0.5699483752250671 0
1716639368050 0.5495003461837769 0
1716639368515 0.6857029795646667 0
1716639368969 0.6278209686279297 0
1716639369406 0.5512475967407227 0
1716639369882 0.6942456364631653 0
1716639370341 0.6926146745681763 0
1716639370778 0.5343893766403198 0
1716639374985 0.7229835987091064 0
1716639375416 0.7607225179672241 0
1716639375868 0.6759800314903259 0
1716639376334 0.5700665712356567 0
1716639376772 0.7402172684669495 0
1716639377230 0.7900465726852417 0
1716639377685 0.6001349687576294 0
1716639378136 0.7064834833145142 0
1716639378569 0.7629024386405945 0
1716639378998 0.6491904854774475 0
1716639383081 0.6643471717834473 0
1716639383557 0.6996515989303589 0
1716639384023 0.6093065738677979 0
1716639384463 0.6345189809799194 0
1716639384879 0.6504040360450745 0
1716639385309 0.607002854347229 0
1716639385735 0.6156275868415833 0
1716639386172 0.604612410068512 0
1716639386634 0.5871790647506714 0
1716639387082 0.5743595361709595 0
1716639391480 0.5501305460929871 0
1716639391918 0.5454301834106445 0
1716639392377 0.5479177236557007 0
1716639392794 0.5216655731201172 0
1716639393218 0.6195434927940369 0
1716639393649 0.6139325499534607 0
1716639394076 0.5314356088638306 0
1716639394515 0.5337551832199097 0
1716639394944 0.545896053314209 0
1716639395368 0.5298818349838257 0
1716639398236 0.5627530217170715 0
1716639398711 0.5389230251312256 0
1716639399173 0.5774744153022766 0
1716639399610 0.5593987107276917 0
1716639400029 0.5180420279502869 0
1716639400470 0.5150212049484253 0
1716639400896 0.5343102812767029 0
1716639401329 0.5167723894119263 0
1716639401759 0.6223101019859314 0
1716639402204 0.5860701203346252 0
1716639405262 0.5193434357643127 0
1716639405698 0.5199283957481384 0
1716639406154 0.5113914608955383 0
1716639406605 0.5083640217781067 0
1716639407063 0.5045755505561829 0
1716639407491 0.4923447370529175 0
1716639407937 0.49869444966316223 0
1716639408365 0.5002405047416687 0
1716639408810 0.48611021041870117 0
1716639409247 0.4966544806957245 0
1716639412172 0.48802751302719116 0
1716639412630 0.49996426701545715 0
1716639413058 0.47675928473472595 0
1716639413508 0.47841936349868774 0
1716639413942 0.4758204221725464 0
1716639414371 0.46752917766571045 0
1716639414798 0.4709715247154236 0
1716639415228 0.505817174911499 0
1716639415654 0.4946843385696411 0
1716639416096 0.4617968201637268 0
1716639419018 0.5346087217330933 0
1716639419505 0.481479287147522 0
1716639419949 0.46568813920021057 0
1716639420390 0.4952414035797119 0
1716639420810 0.48463764786720276 0
1716639421246 0.46136564016342163 0
1716639421669 0.5758262872695923 0
1716639422099 0.5037739276885986 0
1716639422560 0.5963109731674194 0
1716639422996 0.6104186177253723 0
1716639426567 0.47455140948295593 0
1716639427004 0.545758843421936 0
1716639427516 0.5158277750015259 0
1716639427978 0.5170744061470032 0
1716639428442 0.48995068669319153 0
1716639428882 0.4925819933414459 0
1716639429318 0.5111353397369385 0
1716639429771 0.4886060655117035 0
1716639430199 0.47030988335609436 0
1716639430629 0.5577011108398438 0
1716639435770 0.5060299634933472 0
1716639436214 0.5419152975082397 0
1716639436682 0.559567391872406 0
1716639437116 0.48461809754371643 0
1716639437546 0.5660737752914429 0
1716639437986 0.5473335385322571 0
1716639438433 0.5024768710136414 0
1716639438895 0.49144992232322693 0
1716639439338 0.5031647682189941 0
1716639439789 0.48204874992370605 0
1716639444897 0.5212041139602661 0
1716639445336 0.4933956265449524 0
1716639445801 0.5233250856399536 0
1716639446244 0.5303995609283447 0
1716639446697 0.47508636116981506 0
1716639447136 0.4985470771789551 0
1716639447576 0.485049307346344 0
1716639448029 0.4779244661331177 0
1716639448457 0.4602842330932617 0
1716639448898 0.4719688892364502 0
1716639453053 0.46801215410232544 0
1716639453494 0.4440973401069641 0
1716639453928 0.44714999198913574 0
1716639454353 0.4519681930541992 0
1716639454802 0.42522940039634705 0
1716639455235 0.5493065118789673 0
1716639455666 0.5604947209358215 0
1716639456099 0.43019580841064453 0
1716639456561 0.6054505705833435 0
1716639457003 0.6349084973335266 0
1716639461249 0.5447593927383423 0
1716639461718 0.49108052253723145 0
1716639462176 0.5924296975135803 0
1716639462601 0.6330340504646301 0
1716639463026 0.4335799813270569 0
1716639463460 0.6520246267318726 0
1716639463900 0.7825217247009277 0
1716639464357 0.6976010203361511 0
1716639464834 0.5908716917037964 0
1716639465284 0.4672190248966217 0
1716639468984 0.5863857269287109 0
1716639469449 0.5346837639808655 0
1716639469894 0.4670306444168091 0
1716639470342 0.48961251974105835 0
1716639470771 0.4814237356185913 0
1716639471204 0.44727709889411926 0
1716639471629 0.5298711061477661 0
1716639472056 0.5004088282585144 0
1716639472487 0.44017961621284485 0
1716639472932 0.4388476014137268 0
1716639475994 0.4578288197517395 0
1716639476491 0.441374808549881 0
1716639476927 0.4757278263568878 0
1716639477358 0.46270647644996643 0
1716639477780 0.455209344625473 0
1716639478223 0.4388677179813385 0
1716639478649 0.45245882868766785 0
1716639479083 0.420493483543396 0
1716639479536 0.47228795289993286 0
1716639479973 0.4410921335220337 0
1716639482893 0.45079270005226135 0
1716639483366 0.42806529998779297 0
1716639483793 0.45435792207717896 0
1716639484218 0.43958428502082825 0
1716639484649 0.43305185437202454 0
1716639485139 0.4231196641921997 0
1716639485564 0.43966856598854065 0
1716639485999 0.42505326867103577 0
1716639486443 0.4284241795539856 0
1716639486903 0.42060229182243347 0
1716639490782 0.4230833053588867 0
1716639491235 0.4139067828655243 0
1716639491691 0.4282428026199341 0
1716639492123 0.41944268345832825 0
1716639492556 0.4229174256324768 0
1716639492998 0.43151313066482544 0
1716639493428 0.40778613090515137 0
1716639493860 0.4369103014469147 0
1716639494303 0.41086506843566895 0
1716639494735 0.4178786873817444 0
1716639498211 0.4093085527420044 0
1716639498690 0.3994932174682617 0
1716639499133 0.3882911205291748 0
1716639499552 0.41672399640083313 0
1716639499987 0.4044695496559143 0
1716639500449 0.3986789286136627 0
1716639500871 0.3910927176475525 0
1716639501305 0.40716201066970825 0
1716639501753 0.4004996418952942 0
1716639502182 0.39094850420951843 0
1716639505779 0.38761982321739197 0
1716639506241 0.3869428038597107 0
1716639506672 0.36617448925971985 0
1716639507111 0.46024855971336365 0
1716639507559 0.45899441838264465 0
1716639507990 0.3627271056175232 0
1716639508410 0.3866826891899109 0
1716639508835 0.3971039652824402 0
1716639509270 0.383973628282547 0
1716639509698 0.3648334741592407 0
1716639512598 0.3649829030036926 0
1716639513051 0.39360111951828003 0
1716639513492 0.3992391526699066 0
1716639513987 0.3583022952079773 0
1716639514418 0.4309512674808502 0
1716639514856 0.4709123373031616 0
1716639515298 0.4178466796875 0
1716639515737 0.42384573817253113 0
1716639516188 0.44039109349250793 0
1716639516624 0.4945843815803528 0
1716639519533 0.39945802092552185 0
1716639519988 0.42797213792800903 0
1716639520452 0.4479418992996216 0
1716639520920 0.42361679673194885 0
1716639521359 0.3930917978286743 0
1716639521810 0.3901391923427582 0
1716639522273 0.4168354570865631 0
1716639522709 0.41064977645874023 0
1716639523160 0.4034325182437897 0
1716639523608 0.39096784591674805 0
1716639527512 0.3683083951473236 0
1716639528120 0.43379053473472595 0
1716639528588 0.4486680030822754 0
1716639529026 0.43477630615234375 0
1716639529466 0.373557984828949 0
1716639529945 0.3579038381576538 0
1716639530387 0.42432263493537903 0
1716639530868 0.38225069642066956 0
1716639531298 0.434408575296402 0
1716639531736 0.4376927316188812 0
1716639537264 0.4736473262310028 0
1716639537707 0.3866965174674988 0
1716639538158 0.43715614080429077 0
1716639538597 0.3860098123550415 0
1716639539040 0.5076876878738403 0
1716639539481 0.4160454571247101 0
1716639539950 0.42589184641838074 0
1716639540396 0.43411651253700256 0
1716639540821 0.3865407407283783 0
1716639541307 0.3698505163192749 0
1716639545771 0.396908164024353 0
1716639546198 0.3874965012073517 0
1716639546618 0.406671941280365 0
1716639547049 0.3801772892475128 0
1716639547516 0.39534685015678406 0
1716639547972 0.3932277262210846 0
1716639548417 0.3625500798225403 0
1716639548847 0.3644963502883911 0
1716639549290 0.3844602406024933 0
1716639549738 0.3580552339553833 0
1716639554063 0.4235856831073761 0
1716639554511 0.4290834665298462 0
1716639554971 0.3512894809246063 0
1716639555447 0.3678387403488159 0
1716639555878 0.37390920519828796 0
1716639556314 0.3438447415828705 0
1716639556762 0.41811102628707886 0
1716639557213 0.4284944236278534 0
1716639557654 0.3989926278591156 0
1716639558102 0.3513156771659851 0
1716639562533 0.4323892593383789 0
1716639562970 0.4544440805912018 0
1716639563399 0.40149635076522827 0
1716639563835 0.39461615681648254 0
1716639564264 0.3791171908378601 0
1716639564710 0.366811603307724 0
1716639565153 0.34207746386528015 0
1716639565618 0.34925293922424316 0
1716639566081 0.35168829560279846 0
1716639566520 0.3585442304611206 0
1716639570613 0.3424599766731262 0
1716639571066 0.38915714621543884 0
1716639571506 0.38493800163269043 0
1716639571945 0.3832066059112549 0
1716639572380 0.3392091393470764 0
1716639572817 0.3908633887767792 0
1716639573255 0.37555497884750366 0
1716639573674 0.342720091342926 0
1716639574099 0.3669506907463074 0
1716639574528 0.3508411943912506 0
1716639577832 0.34476345777511597 0
1716639578270 0.3348836600780487 0
1716639578694 0.32080236077308655 0
1716639579121 0.4124884307384491 0
1716639579556 0.40159958600997925 0
1716639580009 0.4544611871242523 0
1716639580449 0.3914647698402405 0
1716639580903 0.46209707856178284 0
1716639581334 0.43661341071128845 0
1716639581765 0.39117705821990967 0
1716639584841 0.40749919414520264 0
1716639585310 0.33027440309524536 0
1716639585765 0.34294554591178894 0
1716639586211 0.3325011432170868 0
1716639586660 0.31549856066703796 0
1716639587092 0.3210141956806183 0
1716639587516 0.32344675064086914 0
1716639587947 0.3464603126049042 0
1716639588369 0.30939608812332153 0
1716639588812 0.33039242029190063 0
1716639592166 0.31954291462898254 0
1716639592724 0.3387657105922699 0
1716639593162 0.3205392360687256 0
1716639593584 0.3158925175666809 0
1716639594017 0.32512572407722473 0
1716639594443 0.3138543665409088 0
1716639594880 0.31755149364471436 0
1716639595329 0.3168601095676422 0
1716639595768 0.31669196486473083 0
1716639596195 0.31038209795951843 0
1716639599492 0.3099324107170105 0
1716639599963 0.31639087200164795 0
1716639600397 0.3026908040046692 0
1716639600833 0.3116642236709595 0
1716639601267 0.2986331880092621 0
1716639601703 0.3139473795890808 0
1716639602166 0.29268261790275574 0
1716639602643 0.3133173882961273 0
1716639603068 0.2939494848251343 0
1716639603496 0.3201726973056793 0
1716639607084 0.2861357033252716 0
1716639607544 0.3207475244998932 0
1716639607977 0.3081386685371399 0
1716639608435 0.31424009799957275 0
1716639608864 0.38014930486679077 0
1716639609294 0.3099023401737213 0
1716639609752 0.346260666847229 0
1716639610184 0.43408989906311035 0
1716639610621 0.3846648037433624 0
1716639611053 0.40301236510276794 0
1716639614457 0.3365165889263153 0
1716639614912 0.5359600186347961 0
1716639615347 0.4386061728000641 0
1716639615793 0.38130784034729004 0
1716639616220 0.3538864552974701 0
1716639616664 0.38269102573394775 0
1716639617099 0.37066492438316345 0
1716639617551 0.35898357629776 0
1716639618018 0.33736366033554077 0
1716639618493 0.38335326313972473 0
1716639622010 0.3702482581138611 0
1716639622490 0.34534353017807007 0
1716639622934 0.3316737711429596 0
1716639623358 0.35387980937957764 0
1716639623782 0.3374864161014557 0
1716639624216 0.33854395151138306 0
1716639624657 0.3285354971885681 0
1716639625090 0.34354162216186523 0
1716639625518 0.33900171518325806 0
1716639625960 0.3125413954257965 0
1716639630620 0.303984135389328 0
1716639631046 0.36318057775497437 0
1716639631494 0.3437751829624176 0
1716639631992 0.3173615038394928 0
1716639632540 0.31113800406455994 0
1716639632978 0.3256969749927521 0
1716639633441 0.3096143901348114 0
1716639633912 0.3525674641132355 0
1716639634375 0.3673008382320404 0
1716639634816 0.3015834093093872 0
1716639639552 0.3492605686187744 0
1716639639999 0.3368140459060669 0
1716639640435 0.3134004771709442 0
1716639640880 0.3003374934196472 0
1716639641351 0.34120941162109375 0
1716639641808 0.331657350063324 0
1716639642250 0.3157975673675537 0
1716639642713 0.308021605014801 0
1716639643161 0.30932116508483887 0
1716639643598 0.3095260262489319 0
1716639648091 0.3016115128993988 0
1716639648567 0.3120819628238678 0
1716639649012 0.28961020708084106 0
1716639649445 0.2900982201099396 0
1716639649866 0.32587334513664246 0
1716639650296 0.28707820177078247 0
1716639650769 0.3909742832183838 0
1716639651209 0.39615142345428467 0
1716639651654 0.3075994551181793 0
1716639652093 0.32881709933280945 0
1716639656434 0.3191140294075012 0
1716639656877 0.2932722270488739 0
1716639657328 0.29267239570617676 0
1716639657762 0.2979007959365845 0
1716639658215 0.2856524884700775 0
1716639658646 0.32297882437705994 0
1716639659082 0.3034827411174774 0
1716639659524 0.30912595987319946 0
1716639659974 0.3194320499897003 0
1716639660440 0.2749614119529724 0
1716639666343 0.3035286068916321 0
1716639666790 0.31802889704704285 0
1716639667253 0.29365822672843933 0
1716639667727 0.3035959303379059 0
1716639668162 0.36965784430503845 0
1716639668601 0.32124462723731995 0
1716639669022 0.3386026918888092 0
1716639669448 0.32237228751182556 0
1716639669881 0.4573841989040375 0
1716639670336 0.3573739528656006 0
1716639674028 0.374893456697464 0
1716639674472 0.3494424521923065 0
1716639674904 0.39101123809814453 0
1716639675329 0.3703179657459259 0
1716639675757 0.3062511384487152 0
1716639676196 0.30800294876098633 0
1716639676629 0.32147884368896484 0
1716639677065 0.29519930481910706 0
1716639677508 0.40226465463638306 0
1716639677969 0.3704261779785156 0
1716639681412 0.3277226984500885 0
1716639681888 0.3304861783981323 0
1716639682343 0.31952354311943054 0
1716639682782 0.3163793087005615 0
1716639683207 0.31556156277656555 0
1716639683658 0.3223706781864166 0
1716639684083 0.30857887864112854 0
1716639684519 0.3089121878147125 0
1716639684955 0.30634817481040955 0
1716639685402 0.3039662837982178 0
1716639688886 0.3036513328552246 0
1716639689326 0.28633683919906616 0
1716639689754 0.346278578042984 0
1716639690187 0.32330769300460815 0
1716639690629 0.2960693836212158 0
1716639691067 0.2958151698112488 0
1716639691507 0.3032618463039398 0
1716639691939 0.29125550389289856 0
1716639692372 0.3136756122112274 0
1716639692806 0.3164571225643158 0
1716639696240 0.28181764483451843 0
1716639696686 0.3110314607620239 0
1716639697153 0.2932876944541931 0
1716639697590 0.30617061257362366 0
1716639698015 0.293843150138855 0
1716639698442 0.3037383258342743 0
1716639698875 0.3222725987434387 0
1716639699309 0.2718794643878937 0
1716639699769 0.3466009497642517 0
1716639700232 0.3263089954853058 0
1716639703814 0.2895340621471405 0
1716639704247 0.31850844621658325 0
1716639704669 0.28775525093078613 0
1716639705108 0.2884546220302582 0
1716639705573 0.2762497663497925 0
1716639706048 0.3437722623348236 0
1716639706508 0.32353532314300537 0
1716639706946 0.29775989055633545 0
1716639707422 0.29781368374824524 0
1716639707853 0.2904825210571289 0
1716639712637 0.2945370376110077 0
1716639713071 0.2746035158634186 0
1716639713553 0.2986437678337097 0
1716639713996 0.2773514986038208 0
1716639714443 0.34213757514953613 0
1716639714878 0.35441282391548157 0
1716639715337 0.28310608863830566 0
1716639715769 0.30408674478530884 0
1716639716220 0.29776477813720703 0
1716639716665 0.30003196001052856 0
1716639720732 0.29245924949645996 0
1716639721190 0.2937769293785095 0
1716639721630 0.2940746545791626 0
1716639722063 0.2728640139102936 0
1716639722498 0.30010348558425903 0
1716639722924 0.28377681970596313 0
1716639723356 0.27182379364967346 0
1716639723840 0.30526241660118103 0
1716639724273 0.2851654589176178 0
1716639724741 0.3047960698604584 0
1716639729212 0.30716457962989807 0
1716639729667 0.31731387972831726 0
1716639730113 0.27251723408699036 0
1716639730550 0.34338900446891785 0
1716639730985 0.3755325675010681 0
1716639731436 0.3529954254627228 0
1716639731896 0.29308661818504333 0
1716639732334 0.3331737816333771 0
1716639732789 0.3066551685333252 0
1716639733259 0.3335892856121063 0
1716639738062 0.26594221591949463 0
1716639738865 0.570428729057312 0
1716639739341 0.6520940661430359 0
1716639739874 0.35043758153915405 0
1716639740385 0.5282320380210876 0
1716639740863 0.610535740852356 0
1716639741351 0.373500257730484 0
1716639741860 0.430970698595047 0
1716639742360 0.4710017442703247 0
1716639742816 0.4144965410232544 0
1716639747588 0.34014350175857544 0
1716639748032 0.3408512473106384 0
1716639748487 0.33827704191207886 0
1716639748939 0.29506462812423706 0
1716639749358 0.3064349591732025 0
1716639749789 0.31212317943573 0
1716639750240 0.2908920347690582 0
1716639750673 0.29486799240112305 0
1716639751098 0.29003050923347473 0
1716639751529 0.2814708948135376 0
1716639756015 0.284176230430603 0
1716639756462 0.32336315512657166 0
1716639756918 0.28123489022254944 0
1716639757349 0.3324263095855713 0
1716639757801 0.3553609549999237 0
1716639758233 0.3056219518184662 0
1716639758667 0.29553502798080444 0
1716639759099 0.3049193024635315 0
1716639759554 0.2877166271209717 0
1716639759973 0.2753101587295532 0
1716639764351 0.2932584583759308 0
1716639764776 0.29436737298965454 0
1716639765216 0.2681974768638611 0
1716639765678 0.36327141523361206 0
1716639766114 0.3061395287513733 0
1716639766566 0.434723824262619 0
1716639766990 0.38153964281082153 0
1716639767442 0.3330385386943817 0
1716639767876 0.3450354039669037 0
1716639768305 0.30475160479545593 0
1716639772446 0.2852955758571625 0
1716639772881 0.31108254194259644 0
1716639773308 0.299316942691803 0
1716639773767 0.30427315831184387 0
1716639774187 0.2979723811149597 0
1716639774642 0.3032025098800659 0
1716639775086 0.29329049587249756 0
1716639775522 0.2858695685863495 0
1716639775965 0.2735503017902374 0
1716639776391 0.3127746880054474 0
1716639779884 0.27003753185272217 0
1716639780363 0.37563592195510864 0
1716639780807 0.3749981224536896 0
1716639781267 0.2822064757347107 0
1716639781706 0.2927733063697815 0
1716639782137 0.2844989597797394 0
1716639782558 0.3188633620738983 0
1716639782989 0.2978873550891876 0
1716639783410 0.3025951087474823 0
1716639783838 0.28872740268707275 0
1716639787383 0.2763230502605438 0
1716639787830 0.2614709436893463 0
1716639788261 0.28475141525268555 0
1716639788687 0.2629866600036621 0
1716639789117 0.3068142831325531 0
1716639789564 0.3049451410770416 0
1716639790019 0.29595041275024414 0
1716639790473 0.298343688249588 0
1716639790904 0.3171147406101227 0
1716639791357 0.2594910264015198 0
1716639794779 0.4119371473789215 0
1716639795218 0.411634624004364 0
1716639795652 0.25729790329933167 0
1716639796092 0.39884358644485474 0
1716639796533 0.385327011346817 0
1716639796946 0.3171543478965759 0
1716639797375 0.3008326590061188 0
1716639797804 0.3439803719520569 0
1716639798232 0.3599216938018799 0
1716639798682 0.27331042289733887 0
1716639801724 0.38737285137176514 0
1716639802228 0.3854563236236572 0
1716639802673 0.2811921238899231 0
1716639803127 0.400543749332428 0
1716639803565 0.33681514859199524 0
1716639804018 0.33924126625061035 0
1716639804470 0.36185726523399353 0
1716639804903 0.2632474899291992 0
1716639805368 0.4168807566165924 0
1716639805799 0.4837667644023895 0
1716639809606 0.4438330829143524 0
1716639810111 0.39299559593200684 0
1716639810574 0.2792627811431885 0
1716639811000 0.40427932143211365 0
1716639811421 0.4783163368701935 0
1716639811856 0.34957873821258545 0
1716639812265 0.36031296849250793 0
1716639812688 0.33634957671165466 0
1716639813119 0.3389394283294678 0
1716639813543 0.36453455686569214 0
1716639819008 0.31357619166374207 0
1716639819552 0.28666678071022034 0
1716639820026 0.3138909935951233 0
1716639820450 0.28322863578796387 0
1716639820911 0.29179245233535767 0
1716639821365 0.2892645299434662 0
1716639821804 0.3159038722515106 0
1716639822290 0.3024524748325348 0
1716639822728 0.27662158012390137 0
1716639823167 0.28948086500167847 0
1716639829844 0.2639870047569275 0
1716639830274 0.27865538001060486 0
1716639830706 0.25520873069763184 0
1716639831181 0.34915822744369507 0
1716639831646 0.3375774323940277 0
1716639832111 0.28701260685920715 0
1716639832571 0.28569549322128296 0
1716639833049 0.2956151068210602 0
1716639833475 0.27594488859176636 0
1716639833960 0.3172694742679596 0
1716639840091 0.3011089265346527 0
1716639840514 0.2711702287197113 0
1716639840937 0.26226332783699036 0
1716639841403 0.2760772109031677 0
1716639841841 0.26532474160194397 0
1716639842298 0.31764110922813416 0
1716639842766 0.3193153440952301 0
1716639843243 0.270972341299057 0
1716639843690 0.26891642808914185 0
1716639844151 0.2571553885936737 0
1716639849034 0.26019054651260376 0
1716639849505 0.25240927934646606 0
1716639849975 0.2562364935874939 0
1716639850461 0.24719209969043732 0
1716639850955 0.2582559585571289 0
1716639851459 0.25277209281921387 0
1716639851929 0.2651667892932892 0
1716639852384 0.2438661754131317 0
1716639852840 0.33055731654167175 0
1716639853302 0.34114325046539307 0
1716639857656 0.2599465548992157 0
1716639858089 0.30364230275154114 0
1716639858554 0.2791747748851776 0
1716639858986 0.2727814018726349 0
1716639859435 0.28069502115249634 0
1716639859858 0.25716736912727356 0
1716639860291 0.24924856424331665 0
1716639860721 0.26278138160705566 0
1716639861146 0.25496432185173035 0
1716639861571 0.2618066668510437 0
1716639865265 0.2592262923717499 0
1716639865695 0.26672711968421936 0
1716639866124 0.26190441846847534 0
1716639866544 0.2525596022605896 0
1716639866979 0.29461216926574707 0
1716639867415 0.24149967730045319 0
1716639867867 0.42204970121383667 0
1716639868321 0.4344933032989502 0
1716639868762 0.3248158097267151 0
1716639869211 0.28563857078552246 0
1716639872767 0.34411296248435974 0
1716639873213 0.3697817921638489 0
1716639873681 0.25335368514060974 0
1716639874123 0.36040470004081726 0
1716639874545 0.46767672896385193 0
1716639874974 0.305208295583725 0
1716639875406 0.288571298122406 0
1716639875831 0.3592420518398285 0
1716639876262 0.26819151639938354 0
1716639876705 0.3294384181499481 0
1716639880249 0.4240421950817108 0
1716639880680 0.2912280857563019 0
1716639881128 0.2802630662918091 0
1716639881534 0.32617056369781494 0
1716639881978 0.2589913010597229 0
1716639882406 0.31523963809013367 0
1716639882831 0.4021431803703308 0
1716639883268 0.2799442708492279 0
1716639883701 0.28298959136009216 0
1716639884151 0.3474336862564087 0
1716639887707 0.269867867231369 0
1716639888176 0.2869751751422882 0
1716639888618 0.36173805594444275 0
1716639889057 0.27514779567718506 0
1716639889497 0.2841096818447113 0
1716639889939 0.33611196279525757 0
1716639890391 0.2741674482822418 0
1716639890821 0.2940421998500824 0
1716639891261 0.3531777262687683 0
1716639891714 0.2837539613246918 0
1716639895447 0.28452208638191223 0
1716639895882 0.3122089207172394 0
1716639896336 0.26676827669143677 0
1716639896744 0.2931137681007385 0
1716639897175 0.3310588598251343 0
1716639897603 0.2653462588787079 0
1716639898068 0.29934802651405334 0
1716639898516 0.35746535658836365 0
1716639898945 0.3166444003582001 0
1716639899380 0.2503432035446167 0
1716639903211 0.3113848567008972 0
1716639903638 0.32596680521965027 0
1716639904079 0.24588623642921448 0
1716639904521 0.31392809748649597 0
1716639904984 0.38448816537857056 0
1716639905440 0.38930362462997437 0
1716639905856 0.256328284740448 0
1716639906293 0.3346906304359436 0
1716639906723 0.5003668665885925 0
1716639907147 0.5087847113609314 0
1716639911860 0.30917462706565857 0
1716639912303 0.2817836105823517 0
1716639912740 0.37132444977760315 0
1716639913169 0.37635818123817444 0
1716639913599 0.2909359633922577 0
1716639914031 0.28399816155433655 0
1716639914450 0.3350297212600708 0
1716639914879 0.3149591088294983 0
1716639915327 0.28233763575553894 0
1716639915757 0.28157156705856323 0
1716639919771 0.2594285309314728 0
1716639920228 0.3139156401157379 0
1716639920664 0.3528084456920624 0
1716639921103 0.2801656424999237 0
1716639921542 0.26474422216415405 0
1716639921966 0.3256276547908783 0
1716639922391 0.3140657842159271 0
1716639922824 0.24909910559654236 0
1716639923243 0.2961038649082184 0
1716639923671 0.3597598671913147 0
1716639927147 0.32293805480003357 0
1716639927669 0.2666231691837311 0
1716639928096 0.26011282205581665 0
1716639928550 0.2610222399234772 0
1716639928988 0.25807252526283264 0
1716639929426 0.25402921438217163 0
1716639929859 0.25309693813323975 0
1716639930322 0.24145904183387756 0
1716639930773 0.2727741301059723 0
1716639931197 0.247396320104599 0
1716639934676 0.246198371052742 0
1716639935111 0.31033703684806824 0
1716639935547 0.26890161633491516 0
1716639936001 0.43118104338645935 0
1716639936455 0.34590545296669006 0
1716639936911 0.2942613661289215 0
1716639937349 0.3063007891178131 0
1716639937809 0.27826231718063354 0
1716639938268 0.2612251937389374 0
1716639938739 0.3168875575065613 0
1716639943703 0.2923654317855835 0
1716639944128 0.28195804357528687 0
1716639944589 0.27530738711357117 0
1716639945027 0.28035345673561096 0
1716639945453 0.2593119740486145 0
1716639945891 0.29370567202568054 0
1716639946316 0.28943803906440735 0
1716639946745 0.2613576352596283 0
1716639947173 0.24795378744602203 0
1716639947600 0.28811219334602356 0
1716639951750 0.2783118486404419 0
1716639952189 0.2684926390647888 0
1716639952615 0.2588275074958801 0
1716639953046 0.25869205594062805 0
1716639953470 0.2494238317012787 0
1716639953892 0.28114813566207886 0
1716639954337 0.26866614818573 0
1716639954788 0.25774484872817993 0
1716639955219 0.251314640045166 0
1716639955659 0.25627830624580383 0
1716639958928 0.24640163779258728 0
1716639959445 0.2726704478263855 0
1716639959870 0.26102301478385925 0
1716639960326 0.24962007999420166 0
1716639960774 0.24382759630680084 0
1716639961227 0.2624020576477051 0
1716639961666 0.25085821747779846 0
1716639962108 0.25176718831062317 0
1716639962546 0.24727994203567505 0
1716639962981 0.24928028881549835 0
1716639966204 0.24113428592681885 0
1716639966634 0.25868603587150574 0
1716639967062 0.24928511679172516 0
1716639967499 0.2456756979227066 0
1716639967920 0.23938380181789398 0
1716639968361 0.2575170695781708 0
1716639968785 0.2497212141752243 0
1716639969243 0.24234464764595032 0
1716639969676 0.23673588037490845 0
1716639970111 0.2545943260192871 0
1716639973598 0.24641309678554535 0
1716639974101 0.24265405535697937 0
1716639974519 0.2361162006855011 0
1716639974940 0.25313493609428406 0
1716639975364 0.24507443606853485 0
1716639975787 0.2415759116411209 0
1716639976206 0.23711465299129486 0
1716639976640 0.24631242454051971 0
1716639977071 0.23930257558822632 0
1716639977502 0.24446038901805878 0
1716639980993 0.239055335521698 0
1716639981445 0.241218701004982 0
1716639981879 0.23470737040042877 0
1716639982319 0.2476549595594406 0
1716639982784 0.2418835312128067 0
1716639983218 0.23668624460697174 0
1716639983657 0.23085050284862518 0
1716639984090 0.24849599599838257 0
1716639984547 0.24367526173591614 0
1716639984979 0.23088358342647552 0
1716639988876 0.22703850269317627 0
1716639989373 0.24611614644527435 0
1716639989827 0.23795974254608154 0
1716639990291 0.23726803064346313 0
1716639990721 0.23668335378170013 0
1716639991153 0.2297596037387848 0
1716639991580 0.22927871346473694 0
1716639992005 0.22459521889686584 0
1716639992422 0.21993985772132874 0
1716639992882 0.24916136264801025 0
1716639997363 0.2428671419620514 0
1716639997796 0.22027377784252167 0
1716639998260 0.2829805612564087 0
1716639998682 0.24487502872943878 0
1716639999111 0.2503895163536072 0
1716639999543 0.2739444375038147 0
1716639999964 0.2473437339067459 0
1716640000394 0.2184852957725525 0
1716640000816 0.24979260563850403 0
1716640001261 0.21802501380443573 0
1716640005254 0.2281535267829895 0
1716640005701 0.23888814449310303 0
1716640006137 0.21130035817623138 0
1716640006567 0.27109768986701965 0
1716640007013 0.2525806725025177 0
1716640007460 0.3018081486225128 0
1716640007920 0.27685368061065674 0
1716640008353 0.2942257225513458 0
1716640008793 0.25879913568496704 0
1716640009245 0.23703257739543915 0
1716640012883 0.22982516884803772 0
1716640013421 0.2334308624267578 0
1716640013881 0.22389981150627136 0
1716640014339 0.21696002781391144 0
1716640014782 0.21681487560272217 0
1716640015212 0.2340683788061142 0
1716640015651 0.21966151893138885 0
1716640016090 0.22737281024456024 0
1716640016525 0.21083100140094757 0
1716640016961 0.26104751229286194 0
1716640020752 0.277922123670578 0
1716640021204 0.24955041706562042 0
1716640021644 0.28149932622909546 0
1716640022102 0.27315935492515564 0
1716640022549 0.2508815824985504 0
1716640022981 0.23852020502090454 0
1716640023411 0.24578870832920074 0
1716640023844 0.27469602227211 0
1716640024284 0.2543916702270508 0
1716640024741 0.25636744499206543 0
1716640033264 0.24658425152301788 0
1716640033738 0.257060706615448 0
1716640034181 0.22559493780136108 0
1716640034631 0.329836368560791 0
1716640035093 0.281096875667572 0
1716640035530 0.34326422214508057 0
1716640035943 0.3505699336528778 0
1716640036359 0.24308834969997406 0
1716640036897 0.26893511414527893 0
1716640037322 0.274787575006485 0
1716640042110 0.26315125823020935 0
1716640042557 0.24736934900283813 0
1716640043001 0.27594563364982605 0
1716640043468 0.24158333241939545 0
1716640043892 0.2906707227230072 0
1716640044330 0.25481945276260376 0
1716640044761 0.2862568497657776 0
1716640045184 0.2962247133255005 0
1716640045619 0.226364403963089 0
1716640046046 0.2261977195739746 0
1716640049573 0.24028514325618744 0
1716640050039 0.2238105982542038 0
1716640050513 0.24682024121284485 0
1716640050986 0.24756260216236115 0
1716640051422 0.2328600138425827 0
1716640051844 0.219649538397789 0
1716640052279 0.23035869002342224 0
1716640052706 0.21519137918949127 0
1716640053135 0.23643258213996887 0
1716640053595 0.22423586249351501 0
1716640057536 0.24377378821372986 0
1716640058002 0.2463211864233017 0
1716640058451 0.23246502876281738 0
1716640058886 0.2432355284690857 0
1716640059317 0.21479634940624237 0
1716640059771 0.33447566628456116 0
1716640060212 0.32207998633384705 0
1716640060649 0.2836398780345917 0
1716640061084 0.24563829600811005 0
1716640061508 0.2975374162197113 0
1716640065529 0.2872363030910492 0
1716640065965 0.2286912053823471 0
1716640066402 0.2306436449289322 0
1716640066832 0.22111181914806366 0
1716640067291 0.22291389107704163 0
1716640067740 0.20654812455177307 0
1716640068177 0.27744626998901367 0
1716640068605 0.27008840441703796 0
1716640069041 0.24212691187858582 0
1716640069483 0.24503792822360992 0
1716640072756 0.22590340673923492 0
1716640073240 0.2617674171924591 0
1716640073689 0.24221135675907135 0
1716640074120 0.24597327411174774 0
1716640074550 0.25357356667518616 0
1716640074979 0.23940148949623108 0
1716640075400 0.23194383084774017 0
1716640075827 0.25923022627830505 0
1716640076262 0.21337954699993134 0
1716640076687 0.2990340292453766 0
1716640079660 0.24557863175868988 0
1716640080129 0.30198487639427185 0
1716640080548 0.26609915494918823 0
1716640080979 0.2630474865436554 0
1716640081420 0.26088187098503113 0
1716640081853 0.22690506279468536 0
1716640082291 0.2267303764820099 0
1716640082727 0.2269848883152008 0
1716640083150 0.21370764076709747 0
1716640083587 0.23851943016052246 0
1716640087164 0.2349376231431961 0
1716640087600 0.22438602149486542 0
1716640088034 0.24156323075294495 0
1716640088493 0.21679015457630157 0
1716640088932 0.2639782428741455 0
1716640089370 0.2699604332447052 0
1716640089800 0.21640346944332123 0
1716640090231 0.22994932532310486 0
1716640090653 0.22359506785869598 0
1716640091091 0.22226935625076294 0
1716640094174 0.20854823291301727 0
1716640094690 0.2881123721599579 0
1716640095119 0.27237144112586975 0
1716640095609 0.25127696990966797 0
1716640096031 0.23215742409229279 0
1716640096465 0.28002846240997314 0
1716640096902 0.26988282799720764 0
1716640097344 0.21795909106731415 0
1716640097761 0.2157556563615799 0
1716640098177 0.24401620030403137 0
1716640103666 0.22294512391090393 0
1716640104134 0.2897243797779083 0
1716640104609 0.27750688791275024 0
1716640105049 0.2430323362350464 0
1716640105493 0.22816450893878937 0
1716640105963 0.22985871136188507 0
1716640106417 0.22449927031993866 0
1716640106854 0.24263209104537964 0
1716640107321 0.23926961421966553 0
1716640107789 0.22240757942199707 0
1716640112283 0.21902987360954285 0
1716640112749 0.2234247922897339 0
1716640113181 0.20924317836761475 0
1716640113656 0.21785882115364075 0
1716640114086 0.21743208169937134 0
1716640114521 0.21636435389518738 0
1716640114959 0.21605581045150757 0
1716640115436 0.2170296311378479 0
1716640115900 0.20681661367416382 0
1716640116328 0.23777370154857635 0
1716640120755 0.22857746481895447 0
1716640121270 0.21671108901500702 0
1716640121698 0.2326023429632187 0
1716640122120 0.20970115065574646 0
1716640122555 0.2837534248828888 0
1716640122983 0.2621921896934509 0
1716640123409 0.2456216663122177 0
1716640123850 0.21503493189811707 0
1716640124283 0.31897175312042236 0
1716640124714 0.33293265104293823 0
1716640127989 0.21389347314834595 0
1716640128439 0.3137344419956207 0
1716640128868 0.36183446645736694 0
1716640129301 0.29017511010169983 0
1716640129732 0.2414945363998413 0
1716640130184 0.30335262417793274 0
1716640130617 0.3542795479297638 0
1716640131137 0.23422211408615112 0
1716640131582 0.33732157945632935 0
1716640132017 0.38399645686149597 0
1716640135201 0.33696579933166504 0
1716640135642 0.38391730189323425 0
1716640136071 0.2857349216938019 0
1716640136506 0.2895105481147766 0
1716640136966 0.3376375436782837 0
1716640137420 0.28901195526123047 0
1716640137864 0.25438156723976135 0
1716640138288 0.22778773307800293 0
1716640138723 0.23690609633922577 0
1716640139185 0.22413648664951324 0
1716640142777 0.22423234581947327 0
1716640143204 0.23769910633563995 0
1716640143651 0.21635711193084717 0
1716640144076 0.2538503408432007 0
1716640144551 0.25018584728240967 0
1716640144991 0.24197986721992493 0
1716640145420 0.22432412207126617 0
1716640145869 0.24256528913974762 0
1716640146292 0.22696936130523682 0
1716640146732 0.24557429552078247 0
1716640150742 0.23170217871665955 0
1716640151168 0.24953779578208923 0
1716640151581 0.22713623940944672 0
1716640152027 0.25627151131629944 0
1716640152475 0.2455926239490509 0
1716640152926 0.22501184046268463 0
1716640153357 0.21892374753952026 0
1716640153797 0.22868449985980988 0
1716640154231 0.22193798422813416 0
1716640154658 0.23008063435554504 0
1716640158496 0.21702735126018524 0
1716640158943 0.24012638628482819 0
1716640159390 0.23878146708011627 0
1716640159839 0.21184927225112915 0
1716640160298 0.2075929343700409 0
1716640160752 0.24057108163833618 0
1716640161215 0.22326336801052094 0
1716640161657 0.22098350524902344 0
1716640162083 0.21903909742832184 0
1716640162527 0.22087322175502777 0
1716640166969 0.21313412487506866 0
1716640167432 0.22575822472572327 0
1716640167889 0.21961456537246704 0
1716640168335 0.21847718954086304 0
1716640168779 0.21355155110359192 0
1716640169232 0.21668456494808197 0
1716640169698 0.20677712559700012 0
1716640170135 0.23486380279064178 0
1716640170565 0.22923581302165985 0
1716640171002 0.2083766758441925 0
1716640175267 0.20523430407047272 0
1716640175706 0.222970649600029 0
1716640176154 0.21281400322914124 0
1716640176579 0.21962489187717438 0
1716640177013 0.2185625284910202 0
1716640177441 0.20605874061584473 0
1716640177877 0.2017015665769577 0
1716640178331 0.22684651613235474 0
1716640178785 0.21606671810150146 0
1716640179213 0.21249490976333618 0
1716640182844 0.21186861395835876 0
1716640183310 0.20719991624355316 0
1716640183736 0.20011314749717712 0
1716640184189 0.2384067326784134 0
1716640184625 0.2360779494047165 0
1716640185058 0.1989307552576065 0
1716640185509 0.2042914181947708 0
1716640185944 0.1968548446893692 0
1716640186381 0.21093441545963287 0
1716640186828 0.1905476152896881 0
1716640190574 0.19868595898151398 0
1716640191049 0.1986081600189209 0
1716640191473 0.21812765300273895 0
1716640191915 0.19594334065914154 0
1716640192349 0.21348457038402557 0
1716640192790 0.23889632523059845 0
1716640193233 0.22180518507957458 0
1716640193668 0.21359263360500336 0
1716640194098 0.20429496467113495 0
1716640194544 0.20973460376262665 0
1716640198144 0.2060147076845169 0
1716640198574 0.1947675198316574 0
1716640199023 0.28312304615974426 0
1716640199471 0.2348746657371521 0
1716640199919 0.316089391708374 0
1716640200376 0.30611926317214966 0
1716640200834 0.21547327935695648 0
1716640201267 0.21249856054782867 0
1716640201701 0.22316662967205048 0
1716640202153 0.2072407305240631 0
1716640207329 0.30625292658805847 0
1716640207800 0.2867331802845001 0
1716640208305 0.2223498672246933 0
1716640208796 0.245126873254776 0
1716640209265 0.24978768825531006 0
1716640209705 0.22486169636249542 0
1716640210166 0.2278067171573639 0
1716640210591 0.22366352379322052 0
1716640211046 0.20714187622070312 0
1716640211474 0.20387941598892212 0
1716640216479 0.21593576669692993 0
1716640216961 0.20044384896755219 0
1716640217429 0.28315269947052 0
1716640217886 0.2950386703014374 0
1716640218363 0.208729550242424 0
1716640218813 0.25739941000938416 0
1716640219283 0.2781020402908325 0
1716640219765 0.24258285760879517 0
1716640220219 0.2304219901561737 0
1716640220658 0.22816258668899536 0
1716640225734 0.19922618567943573 0
1716640226206 0.23912203311920166 0
1716640226648 0.21228709816932678 0
1716640227088 0.2753755748271942 0
1716640227574 0.2597655951976776 0
1716640228016 0.22068378329277039 0
1716640228457 0.22005242109298706 0
1716640228891 0.2117830216884613 0
1716640229317 0.2091836780309677 0
1716640229763 0.22068454325199127 0
1716640234538 0.20258264243602753 0
1716640234992 0.25224238634109497 0
1716640235452 0.26008689403533936 0
1716640235899 0.20309390127658844 0
1716640236343 0.2194778174161911 0
1716640236847 0.22162631154060364 0
1716640237356 0.21840424835681915 0
1716640237826 0.2163582444190979 0
1716640238271 0.23118969798088074 0
1716640238719 0.2561774253845215 0
1716640243760 0.20999987423419952 0
1716640244218 0.2378937155008316 0
1716640244691 0.2285839319229126 0
1716640245166 0.1985383927822113 0
1716640245602 0.19734902679920197 0
1716640246045 0.21411091089248657 0
1716640246507 0.19760312139987946 0
1716640246975 0.2562474310398102 0
1716640247505 0.28272461891174316 0
1716640248039 0.20119042694568634 0
1716640253790 0.24484242498874664 0
1716640254291 0.24915699660778046 0
1716640254742 0.19920656085014343 0
1716640255186 0.22967031598091125 0
1716640255609 0.2085854709148407 0
1716640256060 0.21667683124542236 0
1716640256501 0.21568644046783447 0
1716640256945 0.1983630359172821 0
1716640257373 0.19626615941524506 0
1716640257804 0.20368221402168274 0
1716640262928 0.19436247646808624 0
1716640263377 0.20340333878993988 0
1716640263842 0.20062272250652313 0
1716640264270 0.19905315339565277 0
1716640264721 0.1944049894809723 0
1716640265154 0.2084774225950241 0
1716640265584 0.20412510633468628 0
1716640266007 0.20242822170257568 0
1716640266453 0.19157636165618896 0
1716640266882 0.20739877223968506 0
1716640270723 0.193655326962471 0
1716640271161 0.21318580210208893 0
1716640271620 0.20485882461071014 0
1716640272083 0.193513423204422 0
1716640272531 0.2021816223859787 0
1716640272973 0.1882656067609787 0
1716640273396 0.22266210615634918 0
1716640273824 0.19449521601200104 0
1716640274262 0.19981567561626434 0
1716640274698 0.22912904620170593 0
1716640278124 0.18879450857639313 0
1716640278564 0.24513541162014008 0
1716640279006 0.23429140448570251 0
1716640279461 0.29850491881370544 0
1716640279883 0.21084941923618317 0
1716640280358 0.3656005859375 0
1716640280786 0.37826621532440186 0
1716640281218 0.28758546710014343 0
1716640281643 0.3208756446838379 0
1716640282081 0.2090775966644287 0
1716640293968 0.3574226498603821 0
1716640294540 0.45590242743492126 0
1716640295037 0.25297850370407104 0
1716640295512 0.3935263752937317 0
1716640296017 0.5193281173706055 0
1716640296448 0.31153547763824463 0
1716640296910 0.3469614088535309 0
1716640297341 0.4593452513217926 0
1716640297769 0.26895081996917725 0
1716640298233 0.3059781789779663 0
1716640302954 0.42667797207832336 0
1716640303393 0.2635857164859772 0
1716640303868 0.3238346576690674 0
1716640304319 0.41873958706855774 0
1716640304751 0.24009518325328827 0
1716640305193 0.3204086124897003 0
1716640305617 0.4528191089630127 0
1716640306069 0.2818535268306732 0
1716640306514 0.24589018523693085 0
1716640306951 0.3328529894351959 0
1716640311600 0.22614161670207977 0
1716640312044 0.27304911613464355 0
1716640312480 0.32692137360572815 0
1716640312927 0.22610588371753693 0
1716640313390 0.27587375044822693 0
1716640313871 0.3304327428340912 0
1716640314314 0.2473706156015396 0
1716640314749 0.22917111217975616 0
1716640315187 0.26334333419799805 0
1716640315633 0.21512851119041443 0
1716640320278 0.24587908387184143 0
1716640320721 0.2777640223503113 0
1716640321202 0.2019275724887848 0
1716640321633 0.3371727466583252 0
1716640322067 0.44147488474845886 0
1716640322494 0.31064096093177795 0
1716640322930 0.22786463797092438 0
1716640323369 0.2619972825050354 0
1716640323811 0.23910564184188843 0
1716640324247 0.23228855431079865 0
1716640328843 0.22297674417495728 0
1716640329294 0.2064109593629837 0
1716640329752 0.21609754860401154 0
1716640330185 0.19478179514408112 0
1716640330622 0.2325255274772644 0
1716640331053 0.2151496708393097 0
1716640331495 0.20415377616882324 0
1716640331947 0.2061605155467987 0
1716640332409 0.1927899867296219 0
1716640332825 0.18939796090126038 0
1716640336951 0.20538225769996643 0
1716640337406 0.1951962262392044 0
1716640337880 0.22182294726371765 0
1716640338320 0.21708372235298157 0
1716640338751 0.20782725512981415 0
1716640339194 0.2343057543039322 0
1716640339651 0.20190179347991943 0
1716640340091 0.23976826667785645 0
1716640340531 0.26749950647354126 0
1716640340989 0.21625833213329315 0
1716640344098 0.20087438821792603 0
1716640344595 0.2010328769683838 0
1716640345030 0.19019246101379395 0
1716640345502 0.20079956948757172 0
1716640345936 0.18057024478912354 0
1716640346375 0.22258849442005157 0
1716640346835 0.2087550014257431 0
1716640347286 0.20436352491378784 0
1716640347720 0.21557825803756714 0
1716640348164 0.1959366500377655 0
1716640351453 0.24403062462806702 0
1716640351924 0.2346324473619461 0
1716640352349 0.22916817665100098 0
1716640352796 0.1996183842420578 0
1716640353225 0.262333482503891 0
1716640353657 0.2401966154575348 0
1716640354120 0.203532412648201 0
1716640354557 0.19853229820728302 0
1716640354987 0.22643005847930908 0
1716640355432 0.21022929251194 0
1716640358939 0.2179526537656784 0
1716640359428 0.22043032944202423 0
1716640359850 0.1946191042661667 0
1716640360284 0.1900053173303604 0
1716640360732 0.22097158432006836 0
1716640361173 0.2005183845758438 0
1716640361629 0.23872682452201843 0
1716640362066 0.23553453385829926 0
1716640362507 0.1930195391178131 0
1716640362948 0.18957456946372986 0
1716640366414 0.20527204871177673 0
1716640366852 0.19164852797985077 0
1716640367299 0.23625171184539795 0
1716640367759 0.23618261516094208 0
1716640368202 0.1992872953414917 0
1716640368651 0.2322864979505539 0
1716640369085 0.24360817670822144 0
1716640369573 0.1970021277666092 0
1716640369983 0.21727479994297028 0
1716640370421 0.20840364694595337 0
1716640374962 0.19271184504032135 0
1716640375428 0.19321833550930023 0
1716640375856 0.1925228387117386 0
1716640376320 0.1842632293701172 0
1716640376769 0.22689573466777802 0
1716640377201 0.22570781409740448 0
1716640377657 0.1826707273721695 0
1716640378110 0.19763748347759247 0
1716640378576 0.17673270404338837 0
1716640379043 0.2292625606060028 0
1716640383602 0.22225303947925568 0
1716640384052 0.1823398619890213 0
1716640384488 0.19459383189678192 0
1716640384932 0.18855895102024078 0
1716640385376 0.17791666090488434 0
1716640385786 0.22873547673225403 0
1716640386239 0.2273254096508026 0
1716640386671 0.21029797196388245 0
1716640387126 0.20044690370559692 0
1716640387576 0.1965036690235138 0
1716640391275 0.18673712015151978 0
1716640391734 0.1819460242986679 0
1716640392182 0.18117009103298187 0
1716640392644 0.17539851367473602 0
1716640393097 0.2300078570842743 0
1716640393524 0.20878639817237854 0
1716640393948 0.22257520258426666 0
1716640394382 0.19678248465061188 0
1716640394826 0.22731485962867737 0
1716640395261 0.1915522664785385 0
1716640398280 0.3128742575645447 0
1716640398766 0.2821299135684967 0
1716640399199 0.18267369270324707 0
1716640399660 0.17912264168262482 0
1716640400106 0.24812555313110352 0
1716640400543 0.22113412618637085 0
1716640400974 0.21840667724609375 0
1716640401409 0.2114974707365036 0
1716640401868 0.19859033823013306 0
1716640402312 0.18972140550613403 0
1716640406142 0.22111845016479492 0
1716640406592 0.21472185850143433 0
1716640407046 0.1937062293291092 0
1716640407494 0.18822777271270752 0
1716640408154 0.20125406980514526 0
1716640408596 0.18650119006633759 0
1716640409030 0.23858821392059326 0
1716640409468 0.23395664989948273 0
1716640409902 0.1837112158536911 0
1716640410343 0.1833697110414505 0
1716640413683 0.19555948674678802 0
1716640414131 0.18296723067760468 0
1716640414574 0.22759976983070374 0
1716640415005 0.22138449549674988 0
1716640415459 0.18806053698062897 0
1716640415904 0.18349972367286682 0
1716640416363 0.19842325150966644 0
1716640416793 0.18490496277809143 0
1716640417231 0.20847009122371674 0
1716640417682 0.20391741394996643 0
1716640423381 0.1858784258365631 0
1716640423806 0.18080659210681915 0
1716640424233 0.20254653692245483 0
1716640424670 0.1857704073190689 0
1716640425092 0.20438404381275177 0
1716640425516 0.20659005641937256 0
1716640425952 0.1769959181547165 0
1716640426380 0.18975262343883514 0
1716640426810 0.18574385344982147 0
1716640427246 0.194793701171875 0
1716640431598 0.17943231761455536 0
1716640432077 0.22433727979660034 0
1716640432513 0.2081010937690735 0
1716640432970 0.19629642367362976 0
1716640433406 0.19892795383930206 0
1716640433838 0.18822838366031647 0
1716640434288 0.18427583575248718 0
1716640434706 0.18202535808086395 0
1716640435139 0.17668947577476501 0
1716640435574 0.18029817938804626 0
1716640439466 0.17168426513671875 0
1716640439973 0.1908312439918518 0
1716640440423 0.17466841638088226 0
1716640440849 0.2441583126783371 0
1716640441289 0.2559872269630432 0
1716640441742 0.1776852011680603 0
1716640442174 0.2016809582710266 0
1716640442598 0.2134130448102951 0
1716640443027 0.18743564188480377 0
1716640443457 0.19250142574310303 0
1716640448152 0.21511273086071014 0
1716640448610 0.19003650546073914 0
1716640449070 0.197080597281456 0
1716640449531 0.24814863502979279 0
1716640449963 0.22042563557624817 0
1716640450400 0.18632256984710693 0
1716640450839 0.1959913671016693 0
1716640451309 0.19541439414024353 0
1716640451739 0.18588905036449432 0
1716640452177 0.1811407208442688 0
1716640456498 0.17661291360855103 0
1716640456960 0.18805749714374542 0
1716640457392 0.19111847877502441 0
1716640457824 0.17156779766082764 0
1716640458274 0.23988106846809387 0
1716640458711 0.21923094987869263 0
1716640459136 0.24046817421913147 0
1716640459562 0.18840189278125763 0
1716640459992 0.2919159531593323 0
1716640460419 0.2949179708957672 0
1716640463876 0.19962643086910248 0
1716640464369 0.23488542437553406 0
1716640464803 0.20293793082237244 0
1716640465235 0.2552995979785919 0
1716640465675 0.20517849922180176 0
1716640466139 0.2227381318807602 0
1716640466575 0.23608431220054626 0
1716640466999 0.21089768409729004 0
1716640467449 0.2308262586593628 0
1716640467890 0.21651893854141235 0
1716640471458 0.23005294799804688 0
1716640471943 0.19941623508930206 0
1716640472388 0.21197158098220825 0
1716640472826 0.22067369520664215 0
1716640473248 0.19990810751914978 0
1716640473679 0.17815445363521576 0
1716640474113 0.24032065272331238 0
1716640474554 0.24399997293949127 0
1716640474983 0.21827350556850433 0
1716640475425 0.19367171823978424 0
1716640479034 0.21452169120311737 0
1716640479475 0.2234206199645996 0
1716640479932 0.1874004602432251 0
1716640480384 0.18095681071281433 0
1716640480816 0.19876538217067719 0
1716640481247 0.1810755878686905 0
1716640481694 0.23588894307613373 0
1716640482134 0.23397879302501678 0
1716640482569 0.22592413425445557 0
1716640483006 0.24226363003253937 0
1716640485933 0.20755404233932495 0
1716640486393 0.20318587124347687 0
1716640486858 0.20127519965171814 0
1716640487319 0.18378373980522156 0
1716640487778 0.2155448943376541 0
1716640488207 0.19439925253391266 0
1716640488635 0.17985016107559204 0
1716640489101 0.17656034231185913 0
1716640489544 0.19932007789611816 0
1716640490021 0.19546478986740112 0
1716640493213 0.1795993447303772 0
1716640493695 0.1794094294309616 0
1716640494151 0.18351538479328156 0
1716640494593 0.18018952012062073 0
1716640495031 0.17686061561107635 0
1716640495472 0.1880558431148529 0
1716640495910 0.1644010692834854 0
1716640496379 0.18646271526813507 0
1716640496830 0.17005203664302826 0
1716640497258 0.17103928327560425 0
1716640500943 0.16636326909065247 0
1716640501414 0.18356485664844513 0
1716640501846 0.1636504828929901 0
1716640502296 0.17301787436008453 0
1716640502748 0.17412391304969788 0
1716640503167 0.16930833458900452 0
1716640503587 0.1737881749868393 0
1716640504024 0.16897377371788025 0
1716640504451 0.16697004437446594 0
1716640504896 0.16543461382389069 0
1716640508482 0.17314712703227997 0
1716640508932 0.1668865829706192 0
1716640509373 0.15999332070350647 0
1716640509811 0.21267230808734894 0
1716640510251 0.167575865983963 0
1716640510711 0.34811994433403015 0
1716640511164 0.3302401900291443 0
1716640511642 0.24381569027900696 0
1716640512086 0.2533974349498749 0
1716640512527 0.16621701419353485 0
1716640517009 0.4083647131919861 0
1716640517424 0.47107750177383423 0
1716640517845 0.21707378327846527 0
1716640518269 0.3231130838394165 0
1716640518709 0.3494005501270294 0
1716640519139 0.24384909868240356 0
1716640519567 0.29238662123680115 0
1716640520026 0.25251078605651855 0
1716640520470 0.20662087202072144 0
1716640520913 0.23872946202754974 0
1716640526004 0.2187262773513794 0
1716640526455 0.21052062511444092 0
1716640526958 0.20258371531963348 0
1716640527466 0.1957118660211563 0
1716640528370 0.18250450491905212 0
1716640528846 0.21242021024227142 0
1716640529300 0.201126828789711 0
1716640529867 0.20177246630191803 0
1716640530673 0.22362227737903595 0
1716640531185 0.20858371257781982 0
