1716639069689 5.198306083679199 0
1716639070402 0.70135498046875 0
1716639070952 0.5381269454956055 0
1716639071397 0.43544816970825195 0
1716639071869 0.4405031204223633 0
1716639072297 0.41635704040527344 0
1716639072734 0.41689300537109375 0
1716639073159 0.4152560234069824 0
1716639073588 0.41524410247802734 0
1716639074080 0.4790232181549072 0
1716639079921 1.510977029800415 0
1716639080508 0.567115068435669 0
1716639081080 0.5631179809570312 0
1716639081516 0.421339750289917 0
1716639081948 0.4229719638824463 0
1716639082468 0.5059909820556641 0
1716639082916 0.43679118156433105 0
1716639083361 0.43457484245300293 0
1716639083805 0.43174290657043457 0
1716639084252 0.4322950839996338 0
1716639088803 1.0738909244537354 0
1716639089252 0.44011425971984863 0
1716639089723 0.4351212978363037 0
1716639090157 0.4210014343261719 0
1716639090610 0.43815016746520996 0
1716639091051 0.42366576194763184 0
1716639091481 0.4169278144836426 0
1716639091914 0.4214448928833008 0
1716639092344 0.4159719944000244 0
1716639092781 0.42479801177978516 0
1716639096971 0.9231739044189453 0
1716639097462 0.47876906394958496 0
1716639097894 0.4187929630279541 0
1716639098335 0.42855191230773926 0
1716639098778 0.426663875579834 0
1716639099209 0.41711902618408203 0
1716639099652 0.4314398765563965 0
1716639100084 0.416126012802124 0
1716639100519 0.42315077781677246 0
1716639100954 0.42200493812561035 0
1716639104988 0.9763257503509521 0
1716639105430 0.4333009719848633 0
1716639105865 0.4231412410736084 0
1716639106292 0.41569018363952637 0
1716639106722 0.4155888557434082 0
1716639107164 0.42769408226013184 0
1716639107603 0.4285247325897217 0
1716639108046 0.42772388458251953 0
1716639108483 0.4195747375488281 0
1716639108925 0.42867398262023926 0
1716639112661 0.9214649200439453 0
1716639113125 0.4536399841308594 0
1716639113553 0.4150838851928711 0
1716639113996 0.42985081672668457 0
1716639114424 0.41684603691101074 0
1716639114849 0.41298699378967285 0
1716639115277 0.41477489471435547 0
1716639115734 0.434161901473999 0
1716639116161 0.4140169620513916 0
1716639116604 0.43439197540283203 0
1716639119620 0.6593809127807617 0
1716639120072 0.42880702018737793 0
1716639120509 0.4261171817779541 0
1716639120937 0.41667699813842773 0
1716639121373 0.4251861572265625 0
1716639121823 0.4373130798339844 0
1716639122274 0.4272429943084717 0
1716639122689 0.4020841121673584 0
1716639123120 0.4199821949005127 0
1716639123540 0.4101431369781494 0
1716639127229 1.0187723636627197 0
1716639127685 0.44803881645202637 0
1716639128106 0.41074204444885254 0
1716639128545 0.4247398376464844 0
1716639128978 0.42140793800354004 0
1716639129418 0.4280226230621338 0
1716639129845 0.41434192657470703 0
1716639130283 0.42466187477111816 0
1716639130724 0.4259912967681885 0
1716639131184 0.4390988349914551 0
1716639134093 0.4973490238189697 0
1716639134539 0.4378349781036377 0
1716639134960 0.4055359363555908 0
1716639135405 0.4352121353149414 0
1716639135860 0.4430079460144043 0
1716639136319 0.44159483909606934 0
1716639136773 0.4399139881134033 0
1716639137209 0.423555850982666 0
1716639137655 0.42734718322753906 0
1716639138091 0.42408108711242676 0
1716639141704 1.0334279537200928 0
1716639142159 0.44719505310058594 0
1716639142600 0.4241480827331543 0
1716639143045 0.4324307441711426 0
1716639143500 0.4430241584777832 0
1716639143950 0.43662428855895996 0
1716639144383 0.4191102981567383 0
1716639144812 0.41764402389526367 0
1716639145246 0.4211080074310303 0
1716639145680 0.4224681854248047 0
1716639149391 0.9222869873046875 0
1716639149828 0.4259819984436035 0
1716639150270 0.4308288097381592 0
1716639150699 0.4157090187072754 0
1716639151129 0.4188258647918701 0
1716639151562 0.41956520080566406 0
1716639151998 0.42344093322753906 0
1716639152429 0.4167470932006836 0
1716639152870 0.43094706535339355 0
1716639153301 0.41721320152282715 0
1716639156911 0.8789300918579102 0
1716639157365 0.4289588928222656 0
1716639157802 0.4246551990509033 0
1716639158259 0.4334452152252197 0
1716639158692 0.4216728210449219 0
1716639159125 0.41753697395324707 0
1716639159557 0.41787099838256836 0
1716639159983 0.4127957820892334 0
1716639160423 0.42543792724609375 0
1716639160852 0.4159822463989258 0
1716639163880 0.6255369186401367 0
1716639164317 0.42600011825561523 0
1716639164747 0.41596221923828125 0
1716639165240 0.48129701614379883 0
1716639165680 0.43169689178466797 0
1716639166127 0.4350740909576416 0
1716639166581 0.4248931407928467 0
1716639167009 0.41588783264160156 0
1716639167429 0.40839099884033203 0
1716639167866 0.42613697052001953 0
1716639171714 0.9821388721466064 0
1716639172134 0.41344499588012695 0
1716639172598 0.43041515350341797 0
1716639173026 0.41715502738952637 0
1716639173468 0.4290952682495117 0
1716639173913 0.43155717849731445 0
1716639174340 0.41559696197509766 0
1716639174764 0.41443324089050293 0
1716639175190 0.416348934173584 0
1716639175616 0.4152686595916748 0
1716639178526 0.5011897087097168 0
1716639179009 0.47025513648986816 0
1716639179454 0.4319148063659668 0
1716639179892 0.42447614669799805 0
1716639180326 0.42151403427124023 0
1716639180755 0.4167187213897705 0
1716639181177 0.41028308868408203 0
1716639181624 0.43810009956359863 0
1716639182067 0.4328489303588867 0
1716639182500 0.42198896408081055 0
1716639186589 1.1060998439788818 0
1716639187029 0.4324939250946045 0
1716639187476 0.438579797744751 0
1716639187939 0.4426858425140381 0
1716639188373 0.4209761619567871 0
1716639188802 0.4167768955230713 0
1716639189256 0.44054317474365234 0
1716639189692 0.4221322536468506 0
1716639190126 0.42234206199645996 0
1716639190574 0.4385809898376465 0
1716639194095 0.9616110324859619 0
1716639194575 0.4639101028442383 0
1716639195012 0.4212830066680908 0
1716639195449 0.42360615730285645 0
1716639195868 0.40767908096313477 0
1716639196308 0.4260857105255127 0
1716639196746 0.42348504066467285 0
1716639197197 0.4404571056365967 0
1716639197660 0.44829583168029785 0
1716639198107 0.4254789352416992 0
1716639201646 0.9644219875335693 0
1716639202101 0.4352560043334961 0
1716639202534 0.4213070869445801 0
1716639202967 0.4227149486541748 0
1716639203403 0.4213979244232178 0
1716639203838 0.4210681915283203 0
1716639204262 0.4113638401031494 0
1716639204701 0.4250617027282715 0
1716639205129 0.4140629768371582 0
1716639205577 0.43475794792175293 0
1716639208940 0.848477840423584 0
1716639209445 0.48073792457580566 0
1716639209884 0.4244050979614258 0
1716639210320 0.42426109313964844 0
1716639210760 0.42519402503967285 0
1716639211190 0.416395902633667 0
1716639211624 0.4214200973510742 0
1716639212070 0.43370795249938965 0
1716639212511 0.42816925048828125 0
1716639212941 0.41866302490234375 0
1716639215845 0.5506651401519775 0
1716639216338 0.48562192916870117 0
1716639216811 0.44776105880737305 0
1716639217258 0.43268799781799316 0
1716639217684 0.41280102729797363 0
1716639218119 0.42306089401245117 0
1716639218561 0.4264819622039795 0
1716639218986 0.41219520568847656 0
1716639219414 0.4196939468383789 0
1716639219860 0.43529701232910156 0
1716639223155 0.8689157962799072 0
1716639223594 0.42706990242004395 0
1716639224019 0.41330718994140625 0
1716639224468 0.43512392044067383 0
1716639224909 0.43032002449035645 0
1716639225333 0.41258883476257324 0
1716639225773 0.42788004875183105 0
1716639226233 0.4431343078613281 0
1716639226670 0.4225630760192871 0
1716639227104 0.4217648506164551 0
1716639230878 0.8986279964447021 0
1716639231375 0.48565125465393066 0
1716639231837 0.45189714431762695 0
1716639232276 0.427034854888916 0
1716639232718 0.4290587902069092 0
1716639233177 0.4443531036376953 0
1716639233607 0.4151730537414551 0
1716639234039 0.418734073638916 0
1716639234471 0.41947269439697266 0
1716639234923 0.42875003814697266 0
1716639239243 0.940640926361084 0
1716639239690 0.4324951171875 0
1716639240118 0.41467881202697754 0
1716639240532 0.40558600425720215 0
1716639240969 0.4235849380493164 0
1716639241394 0.4134981632232666 0
1716639241816 0.4096958637237549 0
1716639242253 0.42476415634155273 0
1716639242690 0.4249601364135742 0
1716639243130 0.42632603645324707 0
1716639247548 1.1887848377227783 0
1716639248063 0.44893693923950195 0
1716639248512 0.4288299083709717 0
1716639248949 0.4289867877960205 0
1716639249382 0.41393518447875977 0
1716639249814 0.42166709899902344 0
1716639250246 0.4137699604034424 0
1716639250680 0.42232298851013184 0
1716639251114 0.4225289821624756 0
1716639251570 0.44351696968078613 0
1716639256385 1.232121229171753 0
1716639256823 0.4259328842163086 0
1716639257275 0.44404006004333496 0
1716639257719 0.435985803604126 0
1716639258150 0.42487502098083496 0
1716639258594 0.4314761161804199 0
1716639259043 0.4310951232910156 0
1716639259485 0.4295058250427246 0
1716639259909 0.41335105895996094 0
1716639260342 0.4213690757751465 0
1716639265981 1.1514501571655273 0
1716639266424 0.43204569816589355 0
1716639266867 0.42313122749328613 0
1716639267305 0.4242818355560303 0
1716639267766 0.4338343143463135 0
1716639268215 0.4363408088684082 0
1716639268645 0.41915225982666016 0
1716639269075 0.416471004486084 0
1716639269510 0.42274904251098633 0
1716639269965 0.44471025466918945 0
1716639274316 1.0549156665802002 0
1716639274784 0.45441198348999023 0
1716639275227 0.4309859275817871 0
1716639275657 0.41687893867492676 0
1716639276084 0.41536521911621094 0
1716639276522 0.4258701801300049 0
1716639276952 0.41709423065185547 0
1716639277425 0.45934295654296875 0
1716639277867 0.42082715034484863 0
1716639278313 0.43405890464782715 0
1716639282560 1.0108420848846436 0
1716639283004 0.43731689453125 0
1716639283448 0.42963385581970215 0
1716639283882 0.422792911529541 0
1716639284320 0.4240860939025879 0
1716639284754 0.42328405380249023 0
1716639285190 0.42359495162963867 0
1716639285638 0.43516111373901367 0
1716639286080 0.4265449047088623 0
1716639286527 0.43540310859680176 0
1716639291211 1.006636142730713 0
1716639291663 0.441756010055542 0
1716639292103 0.4243738651275635 0
1716639292545 0.4270148277282715 0
1716639292975 0.41791200637817383 0
1716639293415 0.4261472225189209 0
1716639293852 0.42484307289123535 0
1716639294300 0.43371081352233887 0
1716639294726 0.41274404525756836 0
1716639295154 0.41601014137268066 0
1716639297978 0.45265984535217285 0
1716639298485 0.4880330562591553 0
1716639298933 0.43603014945983887 0
1716639299371 0.43024492263793945 0
1716639299818 0.43579697608947754 0
1716639300270 0.4377772808074951 0
1716639300708 0.429642915725708 0
1716639301167 0.4354410171508789 0
1716639301602 0.4207332134246826 0
1716639302039 0.42427802085876465 0
1716639305111 0.6710159778594971 0
1716639305565 0.44463205337524414 0
1716639306002 0.4247729778289795 0
1716639306474 0.45955371856689453 0
1716639306915 0.4250922203063965 0
1716639307371 0.44252610206604004 0
1716639307821 0.43622589111328125 0
1716639308245 0.4101879596710205 0
1716639308678 0.4217038154602051 0
1716639309113 0.4233558177947998 0
1716639312414 0.9366140365600586 0
1716639312880 0.4527292251586914 0
1716639313330 0.43733716011047363 0
1716639313780 0.4368898868560791 0
1716639314207 0.4129962921142578 0
1716639314640 0.41969895362854004 0
1716639315076 0.42328715324401855 0
1716639315499 0.4102199077606201 0
1716639315937 0.42649412155151367 0
1716639316388 0.43222594261169434 0
1716639319906 0.9468050003051758 0
1716639320352 0.43521809577941895 0
1716639320785 0.41972804069519043 0
1716639321200 0.40878987312316895 0
1716639321625 0.41678881645202637 0
1716639322067 0.4264709949493408 0
1716639322511 0.42905497550964355 0
1716639322943 0.415802001953125 0
1716639323394 0.4384438991546631 0
1716639323830 0.4247729778289795 0
1716639327465 0.8854038715362549 0
1716639327930 0.4531381130218506 0
1716639328371 0.42760181427001953 0
1716639328874 0.489163875579834 0
1716639329313 0.425814151763916 0
1716639329750 0.4233510494232178 0
1716639330182 0.41982102394104004 0
1716639330605 0.41005373001098633 0
1716639331032 0.4154691696166992 0
1716639331456 0.4098780155181885 0
1716639334993 0.8743360042572021 0
1716639335445 0.4396071434020996 0
1716639335915 0.4557666778564453 0
1716639336357 0.4276390075683594 0
1716639336784 0.4175386428833008 0
1716639337225 0.4266681671142578 0
1716639337656 0.4193878173828125 0
1716639338109 0.44074177742004395 0
1716639338548 0.4221770763397217 0
1716639338984 0.424699068069458 0
1716639342413 0.9468629360198975 0
1716639342868 0.4432871341705322 0
1716639343314 0.4332559108734131 0
1716639343743 0.41962313652038574 0
1716639344173 0.4169938564300537 0
1716639344614 0.4291059970855713 0
1716639345053 0.4247570037841797 0
1716639345501 0.4352531433105469 0
1716639345947 0.43401098251342773 0
1716639346378 0.41863489151000977 0
1716639350845 1.0828258991241455 0
1716639351312 0.4346578121185303 0
1716639351746 0.41872525215148926 0
1716639352183 0.4248948097229004 0
1716639352624 0.42527198791503906 0
1716639353080 0.4404149055480957 0
1716639353520 0.4282491207122803 0
1716639353957 0.4232509136199951 0
1716639354380 0.4091379642486572 0
1716639354805 0.41210389137268066 0
1716639358471 0.9493880271911621 0
1716639358906 0.42885303497314453 0
1716639359355 0.4362010955810547 0
1716639359792 0.4282989501953125 0
1716639360235 0.4292120933532715 0
1716639360680 0.4312922954559326 0
1716639361150 0.4583609104156494 0
1716639361599 0.433380126953125 0
1716639362030 0.41900014877319336 0
1716639362461 0.41908717155456543 0
1716639366744 1.139906883239746 0
1716639367184 0.4267721176147461 0
1716639367641 0.4515109062194824 0
1716639368088 0.4411189556121826 0
1716639368551 0.4509098529815674 0
1716639368996 0.43106913566589355 0
1716639369461 0.4506649971008301 0
1716639369928 0.4550461769104004 0
1716639370362 0.421917200088501 0
1716639370807 0.43350791931152344 0
1716639375002 0.925727128982544 0
1716639375450 0.4307441711425781 0
1716639375910 0.4480299949645996 0
1716639376364 0.4430258274078369 0
1716639376810 0.4316887855529785 0
1716639377263 0.43912601470947266 0
1716639377713 0.43676090240478516 0
1716639378164 0.4313812255859375 0
1716639378597 0.42136597633361816 0
1716639379022 0.4122471809387207 0
1716639383108 0.8949949741363525 0
1716639383596 0.475017786026001 0
1716639384058 0.44878101348876953 0
1716639384482 0.40851688385009766 0
1716639384905 0.41585874557495117 0
1716639385332 0.4173870086669922 0
1716639385761 0.41173219680786133 0
1716639386225 0.4528079032897949 0
1716639386664 0.4271879196166992 0
1716639387106 0.4266228675842285 0
1716639391501 1.1180050373077393 0
1716639391950 0.4407620429992676 0
1716639392396 0.43494319915771484 0
1716639392819 0.4143221378326416 0
1716639393239 0.40793919563293457 0
1716639393673 0.4220397472381592 0
1716639394099 0.4132237434387207 0
1716639394546 0.42438197135925293 0
1716639394966 0.4077939987182617 0
1716639395398 0.4206368923187256 0
1716639398262 0.45524024963378906 0
1716639398757 0.4835677146911621 0
1716639399199 0.42671680450439453 0
1716639399628 0.41813230514526367 0
1716639400055 0.41707706451416016 0
1716639400499 0.4283871650695801 0
1716639400927 0.41457605361938477 0
1716639401354 0.4153749942779541 0
1716639401787 0.41938185691833496 0
1716639402232 0.429746150970459 0
1716639405292 0.5594620704650879 0
1716639405729 0.4278090000152588 0
1716639406184 0.431689977645874 0
1716639406637 0.44070982933044434 0
1716639407084 0.42530298233032227 0
1716639407525 0.42964816093444824 0
1716639407959 0.4165160655975342 0
1716639408396 0.42644500732421875 0
1716639408840 0.4284381866455078 0
1716639409274 0.41924095153808594 0
1716639412190 0.43981003761291504 0
1716639412653 0.4546070098876953 0
1716639413098 0.4324612617492676 0
1716639413533 0.4217498302459717 0
1716639413971 0.4253261089324951 0
1716639414394 0.41097307205200195 0
1716639414824 0.41694211959838867 0
1716639415254 0.41722607612609863 0
1716639415687 0.41985487937927246 0
1716639416121 0.4220089912414551 0
1716639419046 0.5147380828857422 0
1716639419536 0.47482967376708984 0
1716639419978 0.4272429943084717 0
1716639420415 0.4232609272003174 0
1716639420833 0.40600085258483887 0
1716639421270 0.4255988597869873 0
1716639421695 0.4120180606842041 0
1716639422149 0.4433560371398926 0
1716639422589 0.43041014671325684 0
1716639423022 0.4170539379119873 0
1716639426584 1.0127618312835693 0
1716639427045 0.45151400566101074 0
1716639427557 0.4700949192047119 0
1716639428019 0.4485170841217041 0
1716639428465 0.42604517936706543 0
1716639428908 0.4316120147705078 0
1716639429354 0.4337930679321289 0
1716639429794 0.4246950149536133 0
1716639430231 0.42511510848999023 0
1716639430647 0.40575385093688965 0
1716639435802 1.074249029159546 0
1716639436263 0.45139026641845703 0
1716639436714 0.4387490749359131 0
1716639437141 0.4138369560241699 0
1716639437574 0.42119789123535156 0
1716639438014 0.42545628547668457 0
1716639438473 0.4455990791320801 0
1716639438922 0.43936991691589355 0
1716639439357 0.4098172187805176 0
1716639439810 0.44293808937072754 0
1716639444923 1.1408038139343262 0
1716639445383 0.452883243560791 0
1716639445826 0.4306349754333496 0
1716639446272 0.4331178665161133 0
1716639446726 0.4343292713165283 0
1716639447161 0.4190688133239746 0
1716639447603 0.4298989772796631 0
1716639448059 0.4404737949371338 0
1716639448486 0.41466689109802246 0
1716639448922 0.4226081371307373 0
1716639453073 0.8881270885467529 0
1716639453518 0.4220719337463379 0
1716639453952 0.41982507705688477 0
1716639454389 0.4223942756652832 0
1716639454825 0.4204089641571045 0
1716639455259 0.42262721061706543 0
1716639455697 0.4254450798034668 0
1716639456136 0.42525625228881836 0
1716639456589 0.4406421184539795 0
1716639457030 0.42574286460876465 0
1716639461298 1.0265259742736816 0
1716639461752 0.4427461624145508 0
1716639462196 0.42072272300720215 0
1716639462628 0.4195530414581299 0
1716639463052 0.4128408432006836 0
1716639463486 0.42182493209838867 0
1716639463923 0.4266800880432129 0
1716639464416 0.47810983657836914 0
1716639464858 0.4263150691986084 0
1716639465323 0.45296311378479004 0
1716639469035 0.6673328876495361 0
1716639469482 0.436708927154541 0
1716639469931 0.4343738555908203 0
1716639470368 0.42556309700012207 0
1716639470796 0.41507506370544434 0
1716639471231 0.4233078956604004 0
1716639471659 0.41542601585388184 0
1716639472081 0.41008996963500977 0
1716639472519 0.42537903785705566 0
1716639472960 0.4261651039123535 0
1716639476028 0.5463018417358398 0
1716639476528 0.4912400245666504 0
1716639476949 0.4107780456542969 0
1716639477381 0.41641807556152344 0
1716639477814 0.4198427200317383 0
1716639478250 0.42383790016174316 0
1716639478674 0.41161203384399414 0
1716639479115 0.42504191398620605 0
1716639479564 0.43345165252685547 0
1716639480009 0.43115687370300293 0
1716639482915 0.4710540771484375 0
1716639483392 0.4685499668121338 0
1716639483819 0.4148538112640381 0
1716639484241 0.4112739562988281 0
1716639484702 0.4513540267944336 0
1716639485163 0.44466614723205566 0
1716639485584 0.40862321853637695 0
1716639486022 0.42710185050964355 0
1716639486477 0.44463396072387695 0
1716639486939 0.4501838684082031 0
1716639490827 0.9405639171600342 0
1716639491279 0.4447021484375 0
1716639491713 0.4212517738342285 0
1716639492147 0.42011499404907227 0
1716639492581 0.4207592010498047 0
1716639493026 0.42928004264831543 0
1716639493454 0.4138212203979492 0
1716639493891 0.42521190643310547 0
1716639494332 0.426267147064209 0
1716639494762 0.41504883766174316 0
1716639498267 0.9555249214172363 0
1716639498729 0.4513211250305176 0
1716639499155 0.41327595710754395 0
1716639499576 0.41145873069763184 0
1716639500026 0.4389619827270508 0
1716639500475 0.4291350841522217 0
1716639500893 0.4088289737701416 0
1716639501335 0.4274098873138428 0
1716639501778 0.42449402809143066 0
1716639502206 0.41570210456848145 0
1716639505826 1.034250020980835 0
1716639506268 0.431628942489624 0
1716639506708 0.42728090286254883 0
1716639507134 0.4137299060821533 0
1716639507587 0.4298441410064697 0
1716639508015 0.41630125045776367 0
1716639508434 0.4079601764678955 0
1716639508859 0.4125339984893799 0
1716639509295 0.4207000732421875 0
1716639509720 0.41384410858154297 0
1716639512646 0.5254178047180176 0
1716639513081 0.42755913734436035 0
1716639513524 0.4285759925842285 0
1716639514010 0.4730103015899658 0
1716639514444 0.4205796718597412 0
1716639514887 0.4258899688720703 0
1716639515324 0.41817498207092285 0
1716639515767 0.4257242679595947 0
1716639516216 0.4305300712585449 0
1716639516649 0.4183468818664551 0
1716639519547 0.5298070907592773 0
1716639520041 0.4802570343017578 0
1716639520494 0.4426460266113281 0
1716639520945 0.4233427047729492 0
1716639521395 0.4357142448425293 0
1716639521851 0.44258809089660645 0
1716639522301 0.43604516983032227 0
1716639522745 0.43140196800231934 0
1716639523189 0.4308009147644043 0
1716639523646 0.44225192070007324 0
1716639527593 1.0380196571350098 0
1716639528162 0.5534040927886963 0
1716639528603 0.42316603660583496 0
1716639529048 0.43721508979797363 0
1716639529504 0.44790101051330566 0
1716639529970 0.4395778179168701 0
1716639530436 0.45166993141174316 0
1716639530889 0.4254899024963379 0
1716639531326 0.4250450134277344 0
1716639531770 0.42925381660461426 0
1716639537295 1.1491661071777344 0
1716639537744 0.4416966438293457 0
1716639538188 0.4291257858276367 0
1716639538628 0.4270961284637451 0
1716639539064 0.4231388568878174 0
1716639539531 0.45562005043029785 0
1716639539976 0.43134069442749023 0
1716639540421 0.4300048351287842 0
1716639540846 0.4138319492340088 0
1716639541349 0.4892921447753906 0
1716639545795 1.0452749729156494 0
1716639546217 0.4151630401611328 0
1716639546643 0.41809821128845215 0
1716639547100 0.4424459934234619 0
1716639547551 0.4381709098815918 0
1716639548005 0.444044828414917 0
1716639548441 0.4229240417480469 0
1716639548875 0.42229318618774414 0
1716639549324 0.43552494049072266 0
1716639549768 0.4284830093383789 0
1716639554090 0.9316449165344238 0
1716639554554 0.4533569812774658 0
1716639554993 0.42343783378601074 0
1716639555472 0.4274113178253174 0
1716639555902 0.41659116744995117 0
1716639556347 0.43251895904541016 0
1716639556803 0.4410128593444824 0
1716639557241 0.42340707778930664 0
1716639557686 0.43337297439575195 0
1716639558125 0.4253959655761719 0
1716639562557 1.020197868347168 0
1716639563000 0.4331080913543701 0
1716639563416 0.4039952754974365 0
1716639563864 0.441723108291626 0
1716639564287 0.4149501323699951 0
1716639564731 0.42078280448913574 0
1716639565211 0.4687800407409668 0
1716639565646 0.4244821071624756 0
1716639566109 0.42932987213134766 0
1716639566552 0.4254798889160156 0
1716639570652 0.9639160633087158 0
1716639571094 0.43065905570983887 0
1716639571539 0.43013477325439453 0
1716639571971 0.42119503021240234 0
1716639572409 0.425734281539917 0
1716639572848 0.42691707611083984 0
1716639573280 0.4190409183502197 0
1716639573699 0.4076240062713623 0
1716639574127 0.4164590835571289 0
1716639574551 0.4109790325164795 0
1716639577863 0.6290230751037598 0
1716639578293 0.419691801071167 0
1716639578719 0.4130837917327881 0
1716639579149 0.41775012016296387 0
1716639579590 0.42598605155944824 0
1716639580041 0.4332420825958252 0
1716639580484 0.42893385887145996 0
1716639580929 0.42993998527526855 0
1716639581359 0.4180271625518799 0
1716639581796 0.425123929977417 0
1716639584861 0.4746687412261963 0
1716639585348 0.4777390956878662 0
1716639585801 0.43279409408569336 0
1716639586249 0.4357280731201172 0
1716639586685 0.4229600429534912 0
1716639587115 0.4176509380340576 0
1716639587544 0.41818809509277344 0
1716639587969 0.4115028381347656 0
1716639588399 0.41748905181884766 0
1716639588844 0.4327411651611328 0
1716639592237 0.7109041213989258 0
1716639592754 0.5032730102539062 0
1716639593186 0.4193112850189209 0
1716639593608 0.410459041595459 0
1716639594042 0.42052793502807617 0
1716639594473 0.41838908195495605 0
1716639594910 0.4231688976287842 0
1716639595362 0.4369497299194336 0
1716639595791 0.41500377655029297 0
1716639596227 0.42276716232299805 0
1716639599540 0.6384129524230957 0
1716639599986 0.4320390224456787 0
1716639600420 0.42098093032836914 0
1716639600861 0.42568016052246094 0
1716639601300 0.42611193656921387 0
1716639601745 0.43338608741760254 0
1716639602196 0.4348139762878418 0
1716639602665 0.4549071788787842 0
1716639603096 0.41838812828063965 0
1716639603528 0.418712854385376 0
1716639607133 0.9529561996459961 0
1716639607570 0.4309577941894531 0
1716639608020 0.4382009506225586 0
1716639608461 0.4259200096130371 0
1716639608889 0.4152987003326416 0
1716639609331 0.43112993240356445 0
1716639609779 0.431812047958374 0
1716639610212 0.42152905464172363 0
1716639610649 0.4223060607910156 0
1716639611079 0.4158060550689697 0
1716639614491 0.8804621696472168 0
1716639614941 0.44129300117492676 0
1716639615381 0.42695093154907227 0
1716639615821 0.42861485481262207 0
1716639616243 0.4105489253997803 0
1716639616690 0.43419885635375977 0
1716639617124 0.42246127128601074 0
1716639617590 0.45555830001831055 0
1716639618071 0.4731597900390625 0
1716639618519 0.43449974060058594 0
1716639622042 0.9370207786560059 0
1716639622530 0.4786198139190674 0
1716639622956 0.4154398441314697 0
1716639623381 0.41263484954833984 0
1716639623810 0.4176027774810791 0
1716639624237 0.4141108989715576 0
1716639624680 0.4252920150756836 0
1716639625115 0.4219810962677002 0
1716639625542 0.4166069030761719 0
1716639625997 0.4410829544067383 0
1716639630643 1.1422710418701172 0
1716639631074 0.42471885681152344 0
1716639631520 0.4370291233062744 0
1716639632072 0.5336487293243408 0
1716639632565 0.47537899017333984 0
1716639633023 0.447551965713501 0
1716639633478 0.44246411323547363 0
1716639633962 0.47466492652893066 0
1716639634393 0.42699408531188965 0
1716639634881 0.47577500343322754 0
1716639639589 1.1542441844940186 0
1716639640027 0.4313697814941406 0
1716639640459 0.4197969436645508 0
1716639640917 0.4385108947753906 0
1716639641378 0.43552684783935547 0
1716639641834 0.43505096435546875 0
1716639642283 0.4295330047607422 0
1716639642736 0.4343142509460449 0
1716639643187 0.43080592155456543 0
1716639643628 0.4287068843841553 0
1716639648125 1.1707477569580078 0
1716639648596 0.45336484909057617 0
1716639649045 0.43510913848876953 0
1716639649466 0.40708422660827637 0
1716639649892 0.4126310348510742 0
1716639650325 0.423098087310791 0
1716639650796 0.4407958984375 0
1716639651241 0.43248891830444336 0
1716639651684 0.4316089153289795 0
1716639652121 0.4236729145050049 0
1716639656457 0.9684998989105225 0
1716639656915 0.43789172172546387 0
1716639657351 0.42186594009399414 0
1716639657791 0.4260401725769043 0
1716639658245 0.43358492851257324 0
1716639658674 0.4165668487548828 0
1716639659110 0.422929048538208 0
1716639659558 0.4323718547821045 0
1716639660017 0.44547295570373535 0
1716639660470 0.438936710357666 0
1716639666375 1.1847951412200928 0
1716639666833 0.44808197021484375 0
1716639667286 0.4367637634277344 0
1716639667755 0.4353978633880615 0
1716639668190 0.4220902919769287 0
1716639668627 0.42223691940307617 0
1716639669045 0.40854501724243164 0
1716639669477 0.4185800552368164 0
1716639669914 0.42412614822387695 0
1716639670370 0.4395918846130371 0
1716639674060 0.7316091060638428 0
1716639674497 0.42716407775878906 0
1716639674927 0.4106302261352539 0
1716639675355 0.4178740978240967 0
1716639675782 0.40912485122680664 0
1716639676222 0.42496681213378906 0
1716639676655 0.41787099838256836 0
1716639677095 0.422914981842041 0
1716639677532 0.42266297340393066 0
1716639677996 0.4510340690612793 0
1716639681464 0.95139479637146 0
1716639681924 0.44713902473449707 0
1716639682373 0.435772180557251 0
1716639682805 0.41670799255371094 0
1716639683243 0.4262371063232422 0
1716639683685 0.42975783348083496 0
1716639684115 0.4185020923614502 0
1716639684549 0.42352795600891113 0
1716639684989 0.42951011657714844 0
1716639685429 0.42287302017211914 0
1716639688915 0.9292919635772705 0
1716639689353 0.42818188667297363 0
1716639689778 0.41018223762512207 0
1716639690224 0.42625927925109863 0
1716639690654 0.41457390785217285 0
1716639691095 0.4265580177307129 0
1716639691540 0.43187689781188965 0
1716639691962 0.41028833389282227 0
1716639692400 0.42369508743286133 0
1716639692831 0.41660189628601074 0
1716639696268 0.9333319664001465 0
1716639696725 0.44661498069763184 0
1716639697181 0.4338719844818115 0
1716639697616 0.4225730895996094 0
1716639698037 0.40917110443115234 0
1716639698473 0.42496728897094727 0
1716639698899 0.4118692874908447 0
1716639699350 0.4378659725189209 0
1716639699791 0.4263451099395752 0
1716639700260 0.45908403396606445 0
1716639703841 0.8916659355163574 0
1716639704271 0.42010498046875 0
1716639704701 0.41727209091186523 0
1716639705153 0.4364750385284424 0
1716639705601 0.431887149810791 0
1716639706083 0.46795010566711426 0
1716639706539 0.4427449703216553 0
1716639706992 0.4391050338745117 0
1716639707442 0.44266700744628906 0
1716639707913 0.46158289909362793 0
1716639712661 1.1237068176269531 0
1716639713122 0.45474720001220703 0
1716639713579 0.44362401962280273 0
1716639714026 0.43521690368652344 0
1716639714474 0.43248701095581055 0
1716639714913 0.429060697555542 0
1716639715359 0.43077588081359863 0
1716639715803 0.42957091331481934 0
1716639716250 0.4335007667541504 0
1716639716689 0.42408299446105957 0
1716639720775 1.0239408016204834 0
1716639721221 0.4305121898651123 0
1716639721665 0.43062806129455566 0
1716639722092 0.4143540859222412 0
1716639722519 0.4144587516784668 0
1716639722943 0.41145777702331543 0
1716639723387 0.43437814712524414 0
1716639723867 0.4637339115142822 0
1716639724305 0.4267399311065674 0
1716639724770 0.44667696952819824 0
1716639729248 1.0751099586486816 0
1716639729694 0.43500423431396484 0
1716639730138 0.42475271224975586 0
1716639730579 0.43164515495300293 0
1716639731013 0.4208800792694092 0
1716639731457 0.42997217178344727 0
1716639731920 0.44585704803466797 0
1716639732371 0.4303312301635742 0
1716639732823 0.43888306617736816 0
1716639733290 0.4514448642730713 0
1716639738407 1.5135560035705566 0
1716639738897 0.46660780906677246 0
1716639739377 0.46678781509399414 0
1716639739944 0.5544259548187256 0
1716639740406 0.4462709426879883 0
1716639740919 0.5027337074279785 0
1716639741391 0.46121907234191895 0
1716639741903 0.5005340576171875 0
1716639742389 0.4754753112792969 0
1716639742863 0.4623606204986572 0
1716639747611 1.1265459060668945 0
1716639748066 0.4430561065673828 0
1716639748526 0.44729018211364746 0
1716639748964 0.424652099609375 0
1716639749382 0.4079549312591553 0
1716639749822 0.42741918563842773 0
1716639750272 0.4359171390533447 0
1716639750696 0.41423916816711426 0
1716639751129 0.42102670669555664 0
1716639751551 0.41008996963500977 0
1716639756043 1.1361851692199707 0
1716639756493 0.44130897521972656 0
1716639756945 0.4310638904571533 0
1716639757376 0.41878318786621094 0
1716639757826 0.43356800079345703 0
1716639758263 0.42583703994750977 0
1716639758691 0.412794828414917 0
1716639759141 0.4347550868988037 0
1716639759577 0.42354512214660645 0
1716639760001 0.4136500358581543 0
1716639764374 1.1170246601104736 0
1716639764808 0.4272909164428711 0
1716639765256 0.43601202964782715 0
1716639765706 0.43837690353393555 0
1716639766136 0.4200928211212158 0
1716639766580 0.4174349308013916 0
1716639767028 0.43891096115112305 0
1716639767476 0.4349517822265625 0
1716639767900 0.41175007820129395 0
1716639768333 0.42064881324768066 0
1716639772486 0.9760839939117432 0
1716639772904 0.41295313835144043 0
1716639773351 0.4362759590148926 0
1716639773787 0.4215989112854004 0
1716639774223 0.4258608818054199 0
1716639774673 0.4353821277618408 0
1716639775114 0.4260070323944092 0
1716639775554 0.4286308288574219 0
1716639775988 0.42072606086730957 0
1716639776420 0.4213681221008301 0
1716639779927 0.9701492786407471 0
1716639780393 0.4551372528076172 0
1716639780857 0.45195984840393066 0
1716639781296 0.422166109085083 0
1716639781730 0.41991186141967773 0
1716639782163 0.4212148189544678 0
1716639782583 0.4071807861328125 0
1716639783013 0.41298985481262207 0
1716639783432 0.4062178134918213 0
1716639783863 0.42034101486206055 0
1716639787414 0.9436030387878418 0
1716639787861 0.4295690059661865 0
1716639788290 0.4158320426940918 0
1716639788710 0.4101450443267822 0
1716639789139 0.4173109531402588 0
1716639789598 0.4451878070831299 0
1716639790052 0.4392707347869873 0
1716639790496 0.4213571548461914 0
1716639790936 0.42774415016174316 0
1716639791386 0.43530869483947754 0
1716639794805 0.897723913192749 0
1716639795250 0.4328289031982422 0
1716639795681 0.4163210391998291 0
1716639796121 0.4259510040283203 0
1716639796549 0.41239190101623535 0
1716639796973 0.41938185691833496 0
1716639797398 0.4141499996185303 0
1716639797828 0.41901516914367676 0
1716639798258 0.41509079933166504 0
1716639798707 0.42713093757629395 0
1716639801767 0.5620377063751221 0
1716639802258 0.47829508781433105 0
1716639802708 0.4368150234222412 0
1716639803156 0.43492603302001953 0
1716639803593 0.42517805099487305 0
1716639804052 0.44234275817871094 0
1716639804496 0.4284491539001465 0
1716639804947 0.43909311294555664 0
1716639805390 0.4224121570587158 0
1716639805829 0.42679333686828613 0
1716639809638 1.0820331573486328 0
1716639810152 0.5015418529510498 0
1716639810598 0.4323768615722656 0
1716639811021 0.40894627571105957 0
1716639811443 0.4110541343688965 0
1716639811871 0.41948699951171875 0
1716639812288 0.41054701805114746 0
1716639812720 0.41945600509643555 0
1716639813141 0.4142458438873291 0
1716639813564 0.41196274757385254 0
1716639819115 1.229215145111084 0
1716639819577 0.4500899314880371 0
1716639820050 0.44192075729370117 0
1716639820492 0.4337780475616455 0
1716639820937 0.4332458972930908 0
1716639821396 0.4475409984588623 0
1716639821834 0.42598390579223633 0
1716639822319 0.47167015075683594 0
1716639822752 0.420093297958374 0
1716639823194 0.4228382110595703 0
1716639829875 1.1495048999786377 0
1716639830298 0.4187328815460205 0
1716639830735 0.4237959384918213 0
1716639831237 0.4814636707305908 0
1716639831669 0.42679309844970703 0
1716639832135 0.4367518424987793 0
1716639832600 0.4520881175994873 0
1716639833074 0.44167232513427734 0
1716639833501 0.4151489734649658 0
1716639834010 0.49866199493408203 0
1716639840114 1.0948517322540283 0
1716639840536 0.41318488121032715 0
1716639840980 0.43233704566955566 0
1716639841422 0.42852187156677246 0
1716639841864 0.43010401725769043 0
1716639842320 0.44193315505981445 0
1716639842813 0.4832799434661865 0
1716639843267 0.43118715286254883 0
1716639843720 0.4442629814147949 0
1716639844206 0.46636509895324707 0
1716639849068 1.2541518211364746 0
1716639849546 0.45616698265075684 0
1716639850003 0.4412672519683838 0
1716639850480 0.45656514167785645 0
1716639850977 0.4914710521697998 0
1716639851492 0.5011017322540283 0
1716639851949 0.43923497200012207 0
1716639852420 0.4510931968688965 0
1716639852864 0.4284040927886963 0
1716639853336 0.4576601982116699 0
1716639857681 0.9561951160430908 0
1716639858130 0.44012904167175293 0
1716639858579 0.42380523681640625 0
1716639859019 0.4272019863128662 0
1716639859456 0.41985297203063965 0
1716639859882 0.4133329391479492 0
1716639860318 0.4228487014770508 0
1716639860744 0.41214895248413086 0
1716639861169 0.4127471446990967 0
1716639861597 0.418093204498291 0
1716639865290 1.114854097366333 0
1716639865719 0.42121291160583496 0
1716639866146 0.4160346984863281 0
1716639866571 0.4172208309173584 0
1716639867002 0.42006993293762207 0
1716639867448 0.4333310127258301 0
1716639867902 0.44022297859191895 0
1716639868348 0.43038392066955566 0
1716639868800 0.43735599517822266 0
1716639869236 0.42450428009033203 0
1716639872800 0.9660930633544922 0
1716639873245 0.438464879989624 0
1716639873711 0.4397299289703369 0
1716639874147 0.42146992683410645 0
1716639874567 0.4067258834838867 0
1716639875003 0.42259979248046875 0
1716639875428 0.41113710403442383 0
1716639875854 0.4109840393066406 0
1716639876293 0.42511701583862305 0
1716639876728 0.42049384117126465 0
1716639880274 0.9605038166046143 0
1716639880715 0.4343581199645996 0
1716639881141 0.41266512870788574 0
1716639881565 0.4178659915924072 0
1716639882006 0.4286201000213623 0
1716639882428 0.40970396995544434 0
1716639882855 0.41408467292785645 0
1716639883294 0.425814151763916 0
1716639883735 0.4294159412384033 0
1716639884177 0.4277188777923584 0
1716639887754 1.0345299243927002 0
1716639888208 0.4451329708099365 0
1716639888648 0.42763805389404297 0
1716639889090 0.4279031753540039 0
1716639889526 0.4230630397796631 0
1716639889970 0.4300689697265625 0
1716639890412 0.4306039810180664 0
1716639890848 0.4251410961151123 0
1716639891295 0.43509984016418457 0
1716639891742 0.42090392112731934 0
1716639895482 0.9352428913116455 0
1716639895907 0.41658997535705566 0
1716639896351 0.41661691665649414 0
1716639896773 0.4150660037994385 0
1716639897199 0.41453003883361816 0
1716639897650 0.43878602981567383 0
1716639898101 0.4386467933654785 0
1716639898542 0.4266512393951416 0
1716639898973 0.4183080196380615 0
1716639899423 0.4351789951324463 0
1716639903232 0.9531769752502441 0
1716639903669 0.42736220359802246 0
1716639904099 0.4165771007537842 0
1716639904554 0.4435899257659912 0
1716639905027 0.45690393447875977 0
1716639905458 0.4182240962982178 0
1716639905886 0.42041778564453125 0
1716639906311 0.4111790657043457 0
1716639906744 0.4162728786468506 0
1716639907170 0.41350483894348145 0
1716639911883 1.1191487312316895 0
1716639912335 0.4378530979156494 0
1716639912765 0.41771602630615234 0
1716639913191 0.4154171943664551 0
1716639913632 0.4309849739074707 0
1716639914049 0.4058418273925781 0
1716639914472 0.41173887252807617 0
1716639914903 0.42069411277770996 0
1716639915359 0.44457077980041504 0
1716639915789 0.4206111431121826 0
1716639919809 0.9693739414215088 0
1716639920259 0.4410231113433838 0
1716639920687 0.4131200313568115 0
1716639921133 0.42752528190612793 0
1716639921570 0.42171692848205566 0
1716639921991 0.41065502166748047 0
1716639922418 0.41521573066711426 0
1716639922848 0.4162890911102295 0
1716639923266 0.40587401390075684 0
1716639923700 0.4237849712371826 0
1716639927185 0.9236710071563721 0
1716639927696 0.49579906463623047 0
1716639928125 0.4153718948364258 0
1716639928582 0.4409940242767334 0
1716639929015 0.42256617546081543 0
1716639929449 0.41804981231689453 0
1716639929896 0.4341270923614502 0
1716639930362 0.4464559555053711 0
1716639930801 0.42455220222473145 0
1716639931225 0.4121062755584717 0
1716639934697 0.7764067649841309 0
1716639935132 0.4250049591064453 0
1716639935582 0.4310152530670166 0
1716639936031 0.4329092502593994 0
1716639936496 0.44338107109069824 0
1716639936933 0.42625904083251953 0
1716639937381 0.43815016746520996 0
1716639937837 0.4366006851196289 0
1716639938294 0.44567298889160156 0
1716639938767 0.46316003799438477 0
1716639943728 1.152425765991211 0
1716639944174 0.44023990631103516 0
1716639944612 0.4276258945465088 0
1716639945050 0.4194800853729248 0
1716639945479 0.4174649715423584 0
1716639945918 0.42490315437316895 0
1716639946341 0.41191911697387695 0
1716639946769 0.41412901878356934 0
1716639947198 0.4184987545013428 0
1716639947626 0.4152660369873047 0
1716639951781 0.9416680335998535 0
1716639952216 0.42273616790771484 0
1716639952640 0.4112679958343506 0
1716639953072 0.4193539619445801 0
1716639953493 0.4078688621520996 0
1716639953926 0.4221460819244385 0
1716639954366 0.42574095726013184 0
1716639954816 0.43160319328308105 0
1716639955243 0.4139692783355713 0
1716639955685 0.4300527572631836 0
1716639958959 0.612159013748169 0
1716639959470 0.49248790740966797 0
1716639959892 0.4089639186859131 0
1716639960355 0.4347400665283203 0
1716639960815 0.4468660354614258 0
1716639961252 0.42215919494628906 0
1716639961696 0.429826021194458 0
1716639962138 0.4290618896484375 0
1716639962577 0.4272949695587158 0
1716639963007 0.41604089736938477 0
1716639966228 0.6457788944244385 0
1716639966658 0.42112112045288086 0
1716639967088 0.4170548915863037 0
1716639967524 0.422670841217041 0
1716639967943 0.40809082984924316 0
1716639968385 0.4282538890838623 0
1716639968827 0.4312901496887207 0
1716639969268 0.42819976806640625 0
1716639969711 0.4282569885253906 0
1716639970132 0.4074721336364746 0
1716639973657 0.9554276466369629 0
1716639974122 0.4458131790161133 0
1716639974543 0.4097611904144287 0
1716639974964 0.4092411994934082 0
1716639975386 0.41141295433044434 0
1716639975808 0.41211533546447754 0
1716639976232 0.41209888458251953 0
1716639976665 0.41984105110168457 0
1716639977091 0.4129679203033447 0
1716639977535 0.4275820255279541 0
1716639981021 0.9516801834106445 0
1716639981471 0.4316861629486084 0
1716639981910 0.4267408847808838 0
1716639982363 0.44048404693603516 0
1716639982810 0.4324169158935547 0
1716639983243 0.42036986351013184 0
1716639983679 0.4226231575012207 0
1716639984124 0.4321432113647461 0
1716639984573 0.43392300605773926 0
1716639985006 0.4219999313354492 0
1716639988916 0.9694550037384033 0
1716639989415 0.47897815704345703 0
1716639989862 0.4336569309234619 0
1716639990319 0.43295812606811523 0
1716639990744 0.41259193420410156 0
1716639991177 0.4191908836364746 0
1716639991599 0.40727996826171875 0
1716639992014 0.3991432189941406 0
1716639992453 0.42919492721557617 0
1716639992921 0.4479799270629883 0
1716639997387 1.0242578983306885 0
1716639997850 0.45339179039001465 0
1716639998288 0.4273951053619385 0
1716639998705 0.4062631130218506 0
1716639999139 0.4217219352722168 0
1716639999567 0.41564083099365234 0
1716639999986 0.40677785873413086 0
1716640000420 0.4217820167541504 0
1716640000850 0.41367006301879883 0
1716640001281 0.41733312606811523 0
1716640005291 0.9361059665679932 0
1716640005727 0.4268150329589844 0
1716640006163 0.4228701591491699 0
1716640006591 0.41672611236572266 0
1716640007029 0.4267139434814453 0
1716640007502 0.4665641784667969 0
1716640007952 0.4360969066619873 0
1716640008384 0.41899704933166504 0
1716640008834 0.4360678195953369 0
1716640009264 0.41424107551574707 0
1716640012927 0.8717203140258789 0
1716640013471 0.5131871700286865 0
1716640013928 0.44587278366088867 0
1716640014373 0.43488597869873047 0
1716640014807 0.42022013664245605 0
1716640015237 0.4186079502105713 0
1716640015669 0.4206838607788086 0
1716640016120 0.4444007873535156 0
1716640016551 0.4246857166290283 0
1716640016991 0.42796897888183594 0
1716640020785 1.0832011699676514 0
1716640021233 0.43938565254211426 0
1716640021675 0.42872095108032227 0
1716640022138 0.43797898292541504 0
1716640022573 0.4209113121032715 0
1716640023011 0.42603397369384766 0
1716640023434 0.4089369773864746 0
1716640023871 0.42404627799987793 0
1716640024316 0.4311258792877197 0
1716640024769 0.44145798683166504 0
1716640033314 1.1791539192199707 0
1716640033768 0.44104695320129395 0
1716640034209 0.42761707305908203 0
1716640034662 0.44022107124328613 0
1716640035117 0.44061803817749023 0
1716640035550 0.4202589988708496 0
1716640035965 0.4057121276855469 0
1716640036389 0.41335511207580566 0
1716640036918 0.43483901023864746 0
1716640037355 0.4280838966369629 0
1716640042141 1.0966615676879883 0
1716640042591 0.44103002548217773 0
1716640043041 0.4373588562011719 0
1716640043490 0.41736817359924316 0
1716640043914 0.41425514221191406 0
1716640044361 0.43472909927368164 0
1716640044788 0.41695308685302734 0
1716640045206 0.4062070846557617 0
1716640045645 0.4149661064147949 0
1716640046055 0.3983769416809082 0
1716640049602 0.5789239406585693 0
1716640050095 0.484846830368042 0
1716640050568 0.4606170654296875 0
1716640051014 0.4367241859436035 0
1716640051445 0.4168529510498047 0
1716640051870 0.41294002532958984 0
1716640052304 0.4198029041290283 0
1716640052729 0.4125251770019531 0
1716640053174 0.4321751594543457 0
1716640053622 0.43573498725891113 0
1716640057559 0.8970670700073242 0
1716640058034 0.4670531749725342 0
1716640058480 0.4326050281524658 0
1716640058913 0.4199259281158447 0
1716640059344 0.4192049503326416 0
1716640059804 0.4463658332824707 0
1716640060239 0.4219059944152832 0
1716640060678 0.4245917797088623 0
1716640061100 0.40890002250671387 0
1716640061538 0.4276297092437744 0
1716640065556 1.0385339260101318 0
1716640065999 0.43572402000427246 0
1716640066426 0.4150876998901367 0
1716640066872 0.4335019588470459 0
1716640067322 0.43635106086730957 0
1716640067767 0.4315180778503418 0
1716640068204 0.42345309257507324 0
1716640068631 0.4130997657775879 0
1716640069067 0.41870903968811035 0
1716640069510 0.43067479133605957 0
1716640072782 0.4648149013519287 0
1716640073271 0.4798898696899414 0
1716640073721 0.4297947883605957 0
1716640074144 0.41034603118896484 0
1716640074575 0.41965270042419434 0
1716640075003 0.4167330265045166 0
1716640075416 0.4001479148864746 0
1716640075857 0.4329349994659424 0
1716640076281 0.4118828773498535 0
1716640076715 0.42466282844543457 0
1716640079676 0.48442530632019043 0
1716640080148 0.46348094940185547 0
1716640080572 0.41489315032958984 0
1716640081010 0.42571401596069336 0
1716640081442 0.4158132076263428 0
1716640081877 0.4232511520385742 0
1716640082317 0.4281899929046631 0
1716640082749 0.41392993927001953 0
1716640083177 0.41948986053466797 0
1716640083616 0.4259917736053467 0
1716640087195 0.9205219745635986 0
1716640087623 0.4174318313598633 0
1716640088070 0.4280819892883301 0
1716640088526 0.43717408180236816 0
1716640088957 0.41769909858703613 0
1716640089394 0.4260585308074951 0
1716640089826 0.41905713081359863 0
1716640090257 0.41739416122436523 0
1716640090683 0.4127991199493408 0
1716640091104 0.40903782844543457 0
1716640094229 0.5997669696807861 0
1716640094718 0.47313427925109863 0
1716640095153 0.42005491256713867 0
1716640095632 0.4623849391937256 0
1716640096057 0.4121270179748535 0
1716640096495 0.42546582221984863 0
1716640096930 0.4224722385406494 0
1716640097364 0.421314001083374 0
1716640097779 0.4052610397338867 0
1716640098207 0.41948795318603516 0
1716640103692 1.1705608367919922 0
1716640104171 0.4708280563354492 0
1716640104634 0.4485659599304199 0
1716640105084 0.4308197498321533 0
1716640105540 0.44347119331359863 0
1716640105989 0.43674397468566895 0
1716640106433 0.43323802947998047 0
1716640106891 0.44962620735168457 0
1716640107364 0.4591512680053711 0
1716640107816 0.44027233123779297 0
1716640112328 1.1054892539978027 0
1716640112775 0.4372739791870117 0
1716640113209 0.4215970039367676 0
1716640113681 0.45227909088134766 0
1716640114116 0.42313432693481445 0
1716640114542 0.4130728244781494 0
1716640115000 0.4433727264404297 0
1716640115462 0.4388701915740967 0
1716640115923 0.43201398849487305 0
1716640116366 0.4322190284729004 0
1716640120802 1.0412170886993408 0
1716640121286 0.46396684646606445 0
1716640121724 0.42013001441955566 0
1716640122144 0.406951904296875 0
1716640122577 0.41979074478149414 0
1716640123010 0.420093297958374 0
1716640123431 0.4083578586578369 0
1716640123888 0.44202232360839844 0
1716640124305 0.4053459167480469 0
1716640124743 0.4261820316314697 0
1716640128030 0.7635881900787354 0
1716640128469 0.42804384231567383 0
1716640128894 0.4127798080444336 0
1716640129327 0.4197089672088623 0
1716640129762 0.42014193534851074 0
1716640130217 0.43877625465393066 0
1716640130649 0.41758012771606445 0
1716640131171 0.48311281204223633 0
1716640131612 0.4280831813812256 0
1716640132045 0.4187641143798828 0
1716640135228 0.610666036605835 0
1716640135671 0.4337279796600342 0
1716640136089 0.4048268795013428 0
1716640136542 0.4448530673980713 0
1716640136992 0.43265795707702637 0
1716640137440 0.4294111728668213 0
1716640137885 0.43581223487854004 0
1716640138307 0.4114069938659668 0
1716640138769 0.44595813751220703 0
1716640139214 0.43165111541748047 0
1716640142810 0.8075239658355713 0
1716640143239 0.4217488765716553 0
1716640143677 0.42397212982177734 0
1716640144101 0.4111328125 0
1716640144580 0.44222211837768555 0
1716640145020 0.4240550994873047 0
1716640145449 0.41623973846435547 0
1716640145892 0.4293699264526367 0
1716640146321 0.4188868999481201 0
1716640146762 0.42748093605041504 0
1716640150760 0.9564089775085449 0
1716640151185 0.41636085510253906 0
1716640151606 0.4144301414489746 0
1716640152058 0.43079495429992676 0
1716640152507 0.4331042766571045 0
1716640152954 0.43396520614624023 0
1716640153385 0.41849303245544434 0
1716640153827 0.4296431541442871 0
1716640154255 0.4145820140838623 0
1716640154707 0.4407839775085449 0
1716640158529 0.9333000183105469 0
1716640158973 0.435772180557251 0
1716640159410 0.413038969039917 0
1716640159862 0.44449377059936523 0
1716640160326 0.4525120258331299 0
1716640160795 0.4489741325378418 0
1716640161238 0.4311850070953369 0
1716640161681 0.43161606788635254 0
1716640162116 0.42383527755737305 0
1716640162560 0.43144989013671875 0
1716640167013 1.0322277545928955 0
1716640167462 0.44005703926086426 0
1716640167919 0.4436497688293457 0
1716640168369 0.4344789981842041 0
1716640168804 0.42437100410461426 0
1716640169275 0.45823001861572266 0
1716640169727 0.43897509574890137 0
1716640170154 0.4108240604400635 0
1716640170588 0.41701698303222656 0
1716640171020 0.42103099822998047 0
1716640175300 0.9361569881439209 0
1716640175739 0.42812395095825195 0
1716640176177 0.42001819610595703 0
1716640176606 0.4157271385192871 0
1716640177039 0.4214050769805908 0
1716640177471 0.420565128326416 0
1716640177911 0.42916202545166016 0
1716640178367 0.4412407875061035 0
1716640178815 0.4342348575592041 0
1716640179238 0.4098811149597168 0
1716640182879 0.9910180568695068 0
1716640183337 0.44565892219543457 0
1716640183775 0.4244422912597656 0
1716640184214 0.4267079830169678 0
1716640184650 0.4243659973144531 0
1716640185093 0.43097496032714844 0
1716640185538 0.43396496772766113 0
1716640185969 0.41744112968444824 0
1716640186410 0.4279029369354248 0
1716640186860 0.43563389778137207 0
1716640190630 0.9389078617095947 0
1716640191074 0.4336118698120117 0
1716640191507 0.42186975479125977 0
1716640191942 0.41971588134765625 0
1716640192378 0.42174601554870605 0
1716640192820 0.426541805267334 0
1716640193261 0.42773914337158203 0
1716640193697 0.42238378524780273 0
1716640194128 0.42020606994628906 0
1716640194573 0.42958593368530273 0
1716640198165 0.9368669986724854 0
1716640198605 0.42862510681152344 0
1716640199051 0.43272900581359863 0
1716640199505 0.43948793411254883 0
1716640199949 0.4298739433288574 0
1716640200398 0.43550610542297363 0
1716640200859 0.4253051280975342 0
1716640201290 0.4197807312011719 0
1716640201722 0.4191551208496094 0
1716640202175 0.4424431324005127 0
1716640207353 1.2909870147705078 0
1716640207846 0.48902463912963867 0
1716640208375 0.5188679695129395 0
1716640208842 0.4575979709625244 0
1716640209293 0.4391748905181885 0
1716640209739 0.4311680793762207 0
1716640210188 0.4350106716156006 0
1716640210627 0.4278438091278076 0
1716640211074 0.43252086639404297 0
1716640211499 0.41269397735595703 0
1716640216515 1.2712209224700928 0
1716640216993 0.4688739776611328 0
1716640217455 0.44684290885925293 0
1716640217913 0.4290170669555664 0
1716640218402 0.47716283798217773 0
1716640218864 0.4563930034637451 0
1716640219315 0.4357900619506836 0
1716640219794 0.46282386779785156 0
1716640220245 0.43106627464294434 0
1716640220697 0.4372549057006836 0
1716640225773 1.167952060699463 0
1716640226232 0.4531421661376953 0
1716640226673 0.43366003036499023 0
1716640227126 0.4432718753814697 0
1716640227599 0.43385887145996094 0
1716640228041 0.4281909465789795 0
1716640228488 0.4258420467376709 0
1716640228909 0.4093968868255615 0
1716640229347 0.4268827438354492 0
1716640229799 0.4380509853363037 0
1716640234576 1.2135460376739502 0
1716640235027 0.4436168670654297 0
1716640235480 0.43335700035095215 0
1716640235924 0.42563819885253906 0
1716640236372 0.43563127517700195 0
1716640236902 0.5157740116119385 0
1716640237385 0.4700281620025635 0
1716640237854 0.4568510055541992 0
1716640238297 0.4291830062866211 0
1716640238744 0.43332719802856445 0
1716640243783 1.1916661262512207 0
1716640244255 0.46303391456604004 0
1716640244741 0.46934080123901367 0
1716640245185 0.4310131072998047 0
1716640245625 0.4303770065307617 0
1716640246066 0.42893314361572266 0
1716640246561 0.46080684661865234 0
1716640247011 0.4368467330932617 0
1716640247555 0.5391707420349121 0
1716640248086 0.5044839382171631 0
1716640253841 1.2119419574737549 0
1716640254326 0.4808330535888672 0
1716640254778 0.4433012008666992 0
1716640255202 0.41560816764831543 0
1716640255649 0.4373459815979004 0
1716640256092 0.43322277069091797 0
1716640256520 0.41704416275024414 0
1716640256967 0.42722105979919434 0
1716640257393 0.41541290283203125 0
1716640257836 0.4327859878540039 0
1716640262960 1.1600699424743652 0
1716640263428 0.45815396308898926 0
1716640263866 0.4259767532348633 0
1716640264301 0.4234797954559326 0
1716640264749 0.4326820373535156 0
1716640265181 0.4193837642669678 0
1716640265611 0.4167747497558594 0
1716640266042 0.42016100883483887 0
1716640266481 0.42487597465515137 0
1716640266906 0.4117608070373535 0
1716640270749 0.6602468490600586 0
1716640271205 0.4481780529022217 0
1716640271648 0.429401159286499 0
1716640272113 0.42862701416015625 0
1716640272556 0.4278132915496826 0
1716640272997 0.42928314208984375 0
1716640273419 0.4109220504760742 0
1716640273851 0.4205129146575928 0
1716640274293 0.429379940032959 0
1716640274723 0.41835904121398926 0
1716640278156 0.6581060886383057 0
1716640278597 0.4238560199737549 0
1716640279044 0.43247532844543457 0
1716640279486 0.42806410789489746 0
1716640279944 0.4442131519317627 0
1716640280378 0.4198482036590576 0
1716640280816 0.42624568939208984 0
1716640281239 0.41249608993530273 0
1716640281671 0.4207141399383545 0
1716640282105 0.4170517921447754 0
1716640294000 1.6534137725830078 0
1716640294605 0.5978498458862305 0
1716640295053 0.4394838809967041 0
1716640295574 0.4950401782989502 0
1716640296040 0.4569571018218994 0
1716640296494 0.44339919090270996 0
1716640296933 0.4272136688232422 0
1716640297368 0.421461820602417 0
1716640297802 0.42265820503234863 0
1716640298262 0.4393320083618164 0
1716640302989 1.1692960262298584 0
1716640303446 0.4502589702606201 0
1716640303907 0.44944095611572266 0
1716640304346 0.4274909496307373 0
1716640304779 0.4187278747558594 0
1716640305213 0.4185652732849121 0
1716640305649 0.42386794090270996 0
1716640306097 0.43230199813842773 0
1716640306540 0.4317941665649414 0
1716640306986 0.43361997604370117 0
1716640311630 1.0297999382019043 0
1716640312074 0.4372119903564453 0
1716640312507 0.42246484756469727 0
1716640312969 0.4507160186767578 0
1716640313441 0.4583730697631836 0
1716640313902 0.43573498725891113 0
1716640314339 0.426088809967041 0
1716640314769 0.41707706451416016 0
1716640315223 0.44388699531555176 0
1716640315659 0.4248349666595459 0
1716640320312 1.1570820808410645 0
1716640320785 0.4662458896636963 0
1716640321229 0.43450212478637695 0
1716640321663 0.4224731922149658 0
1716640322089 0.4125220775604248 0
1716640322514 0.41563987731933594 0
1716640322953 0.4268200397491455 0
1716640323394 0.42990803718566895 0
1716640323837 0.4328620433807373 0
1716640324279 0.43001580238342285 0
1716640328876 1.1175780296325684 0
1716640329322 0.43077802658081055 0
1716640329783 0.4358639717102051 0
1716640330214 0.4171409606933594 0
1716640330648 0.41843295097351074 0
1716640331085 0.4241211414337158 0
1716640331528 0.4311978816986084 0
1716640331970 0.4252190589904785 0
1716640332424 0.43885016441345215 0
1716640332867 0.43483972549438477 0
1716640336979 0.9732179641723633 0
1716640337448 0.4600839614868164 0
1716640337909 0.44997501373291016 0
1716640338347 0.4230787754058838 0
1716640338783 0.42320728302001953 0
1716640339221 0.4253230094909668 0
1716640339681 0.4366300106048584 0
1716640340120 0.4246230125427246 0
1716640340561 0.4272420406341553 0
1716640341030 0.4477050304412842 0
1716640344138 0.5589790344238281 0
1716640344620 0.47330188751220703 0
1716640345085 0.45060181617736816 0
1716640345531 0.4328622817993164 0
1716640345967 0.42281293869018555 0
1716640346415 0.4335050582885742 0
1716640346866 0.4369370937347412 0
1716640347311 0.42287468910217285 0
1716640347755 0.4314699172973633 0
1716640348193 0.4238901138305664 0
1716640351510 0.7107179164886475 0
1716640351948 0.4266200065612793 0
1716640352389 0.430217981338501 0
1716640352819 0.4178581237792969 0
1716640353251 0.42012500762939453 0
1716640353698 0.43712306022644043 0
1716640354150 0.4363253116607666 0
1716640354580 0.4166429042816162 0
1716640355026 0.43355774879455566 0
1716640355456 0.4164719581604004 0
1716640358986 0.9911749362945557 0
1716640359448 0.44429802894592285 0
1716640359877 0.4199333190917969 0
1716640360316 0.4275021553039551 0
1716640360757 0.42806077003479004 0
1716640361207 0.43542909622192383 0
1716640361663 0.4408142566680908 0
1716640362096 0.41884899139404297 0
1716640362535 0.4270000457763672 0
1716640362976 0.42780399322509766 0
1716640366439 0.9314510822296143 0
1716640366874 0.42606377601623535 0
1716640367319 0.43204712867736816 0
1716640367791 0.46149396896362305 0
1716640368233 0.43319010734558105 0
1716640368676 0.4307570457458496 0
1716640369123 0.4320859909057617 0
1716640369588 0.4499669075012207 0
1716640370002 0.4042987823486328 0
1716640370446 0.43513989448547363 0
1716640375001 1.1903162002563477 0
1716640375447 0.4388160705566406 0
1716640375899 0.44101405143737793 0
1716640376345 0.43416428565979004 0
1716640376788 0.426131010055542 0
1716640377233 0.43527984619140625 0
1716640377686 0.4359469413757324 0
1716640378129 0.43195390701293945 0
1716640378619 0.47917604446411133 0
1716640379072 0.4438142776489258 0
1716640383641 1.0414538383483887 0
1716640384086 0.4336380958557129 0
1716640384516 0.41742897033691406 0
1716640384974 0.4431450366973877 0
1716640385394 0.4076120853424072 0
1716640385814 0.41219091415405273 0
1716640386265 0.4376809597015381 0
1716640386706 0.4290621280670166 0
1716640387155 0.43237805366516113 0
1716640387601 0.4309859275817871 0
1716640391319 0.8534541130065918 0
1716640391764 0.4346730709075928 0
1716640392222 0.44327497482299805 0
1716640392690 0.45516490936279297 0
1716640393124 0.4229719638824463 0
1716640393546 0.4094700813293457 0
1716640393974 0.4167139530181885 0
1716640394411 0.42281103134155273 0
1716640394853 0.4271731376647949 0
1716640395292 0.4271249771118164 0
1716640398310 0.4798390865325928 0
1716640398790 0.47112298011779785 0
1716640399237 0.43326807022094727 0
1716640399689 0.4291188716888428 0
1716640400136 0.4230060577392578 0
1716640400571 0.42424988746643066 0
1716640401001 0.4131169319152832 0
1716640401450 0.4375588893890381 0
1716640401899 0.43477416038513184 0
1716640402337 0.4241971969604492 0
1716640406181 1.0179681777954102 0
1716640406625 0.436229944229126 0
1716640407082 0.44107604026794434 0
1716640407737 0.6426498889923096 0
1716640408182 0.4338371753692627 0
1716640408622 0.4282798767089844 0
1716640409059 0.4236106872558594 0
1716640409491 0.41779589653015137 0
1716640409931 0.4227421283721924 0
1716640410370 0.4260101318359375 0
1716640413714 0.7337977886199951 0
1716640414154 0.4308750629425049 0
1716640414603 0.4284043312072754 0
1716640415052 0.4347860813140869 0
1716640415486 0.42298388481140137 0
1716640415944 0.44513416290283203 0
1716640416392 0.4347560405731201 0
1716640416823 0.4187901020050049 0
1716640417258 0.420881986618042 0
1716640417701 0.4307889938354492 0
1716640423408 1.1363468170166016 0
1716640423831 0.4163248538970947 0
1716640424264 0.4219019412994385 0
1716640424695 0.41617798805236816 0
1716640425112 0.40496206283569336 0
1716640425545 0.4224116802215576 0
1716640425980 0.4204549789428711 0
1716640426406 0.4155750274658203 0
1716640426837 0.4180431365966797 0
1716640427278 0.42874813079833984 0
1716640431639 1.1976580619812012 0
1716640432111 0.45958995819091797 0
1716640432545 0.4221382141113281 0
1716640432998 0.42925024032592773 0
1716640433435 0.42501235008239746 0
1716640433871 0.4226841926574707 0
1716640434313 0.4284660816192627 0
1716640434730 0.40694284439086914 0
1716640435166 0.42006921768188477 0
1716640435602 0.4245929718017578 0
1716640439506 1.057347059249878 0
1716640440010 0.4899289608001709 0
1716640440447 0.4206259250640869 0
1716640440877 0.419543981552124 0
1716640441328 0.4374270439147949 0
1716640441768 0.4300708770751953 0
1716640442197 0.41698408126831055 0
1716640442624 0.41791200637817383 0
1716640443052 0.41401219367980957 0
1716640443488 0.42339468002319336 0
1716640448190 1.1285650730133057 0
1716640448642 0.44452500343322754 0
1716640449112 0.443371057510376 0
1716640449555 0.4305610656738281 0
1716640449988 0.4194040298461914 0
1716640450429 0.42911505699157715 0
1716640450888 0.4441409111022949 0
1716640451335 0.43004798889160156 0
1716640451768 0.42060208320617676 0
1716640452203 0.42070889472961426 0
1716640456540 0.9530158042907715 0
1716640456986 0.43591809272766113 0
1716640457416 0.41767096519470215 0
1716640457860 0.4326958656311035 0
1716640458302 0.42925572395324707 0
1716640458738 0.4215092658996582 0
1716640459163 0.41390299797058105 0
1716640459587 0.41153788566589355 0
1716640460019 0.4187278747558594 0
1716640460443 0.4112091064453125 0
1716640463932 0.9514040946960449 0
1716640464398 0.45530200004577637 0
1716640464830 0.4194350242614746 0
1716640465259 0.4181191921234131 0
1716640465721 0.4508829116821289 0
1716640466167 0.43207693099975586 0
1716640466594 0.41362905502319336 0
1716640467035 0.4321250915527344 0
1716640467475 0.4254128932952881 0
1716640467922 0.4321131706237793 0
1716640471497 0.9784960746765137 0
1716640471975 0.45393991470336914 0
1716640472419 0.42840003967285156 0
1716640472853 0.42186689376831055 0
1716640473274 0.41014599800109863 0
1716640473706 0.41979479789733887 0
1716640474143 0.42570996284484863 0
1716640474581 0.4238860607147217 0
1716640475008 0.4160118103027344 0
1716640475474 0.45398783683776855 0
1716640479055 0.9257509708404541 0
1716640479518 0.45096778869628906 0
1716640479969 0.4383859634399414 0
1716640480415 0.4339601993560791 0
1716640480840 0.41165995597839355 0
1716640481280 0.42807698249816895 0
1716640481720 0.42642688751220703 0
1716640482160 0.4281158447265625 0
1716640482598 0.42349815368652344 0
1716640483036 0.42557597160339355 0
1716640485951 0.4724082946777344 0
1716640486437 0.4745159149169922 0
1716640486895 0.442202091217041 0
1716640487357 0.4467031955718994 0
1716640487798 0.424501895904541 0
1716640488236 0.4251728057861328 0
1716640488660 0.41138482093811035 0
1716640489125 0.453967809677124 0
1716640489572 0.43828892707824707 0
1716640490054 0.46784400939941406 0
1716640493243 0.554487943649292 0
1716640493733 0.4806840419769287 0
1716640494179 0.4342520236968994 0
1716640494621 0.4248199462890625 0
1716640495059 0.42369627952575684 0
1716640495499 0.42695093154907227 0
1716640495964 0.444857120513916 0
1716640496423 0.4475100040435791 0
1716640496852 0.4183349609375 0
1716640497292 0.4274880886077881 0
1716640500994 0.9802029132843018 0
1716640501441 0.4356851577758789 0
1716640501871 0.417097806930542 0
1716640502338 0.44408512115478516 0
1716640502768 0.4201958179473877 0
1716640503189 0.41164278984069824 0
1716640503616 0.4165189266204834 0
1716640504045 0.4164869785308838 0
1716640504481 0.4237711429595947 0
1716640504928 0.4344971179962158 0
1716640508516 0.9220831394195557 0
1716640508966 0.4382438659667969 0
1716640509404 0.4260289669036865 0
1716640509840 0.42441701889038086 0
1716640510294 0.44062113761901855 0
1716640510743 0.4334218502044678 0
1716640511218 0.4597930908203125 0
1716640511673 0.44057488441467285 0
1716640512109 0.4192800521850586 0
1716640512546 0.4246509075164795 0
1716640517029 1.0982441902160645 0
1716640517451 0.41544485092163086 0
1716640517864 0.40514087677001953 0
1716640518295 0.42100095748901367 0
1716640518733 0.42359471321105957 0
1716640519165 0.4211282730102539 0
1716640519604 0.4284169673919678 0
1716640520053 0.43935298919677734 0
1716640520501 0.437424898147583 0
1716640520936 0.42298102378845215 0
1716640526026 1.0871930122375488 0
1716640526489 0.45552897453308105 0
1716640527012 0.5094022750854492 0
1716640527877 0.8524091243743896 0
1716640528397 0.5111138820648193 0
1716640528860 0.44748997688293457 0
1716640529343 0.4748528003692627 0
1716640529985 0.6354770660400391 0
1716640530730 0.7054078578948975 0
1716640531227 0.4886031150817871 0
