1716291989131 1.0 0
1716291994664 2.0 0
1716291998492 3.0 0
1716292003408 4.0 0
1716292007491 5.0 0
1716292011295 6.0 0
1716292015714 7.0 0
1716292020080 8.0 0
1716292025247 9.0 0
1716292030006 10.0 0
1716292039397 11.0 0
1716292043786 12.0 0
1716292048300 13.0 0
1716292051584 14.0 0
1716292056846 15.0 0
1716292060869 16.0 0
1716292065105 17.0 0
1716292069235 18.0 0
1716292073425 19.0 0
1716292076045 20.0 0
1716292081945 21.0 0
1716292085571 22.0 0
1716292089548 23.0 0
1716292092901 24.0 0
1716292096409 25.0 0
1716292099183 26.0 0
1716292103473 27.0 0
1716292107421 28.0 0
1716292111601 29.0 0
1716292115450 30.0 0
1716292122592 31.0 0
1716292125535 32.0 0
1716292128696 33.0 0
1716292132174 34.0 0
1716292135759 35.0 0
1716292139109 36.0 0
1716292142849 37.0 0
1716292147152 38.0 0
1716292151109 39.0 0
1716292154610 40.0 0
1716292160934 41.0 0
1716292165028 42.0 0
1716292168517 43.0 0
1716292172074 44.0 0
1716292176072 45.0 0
1716292180606 46.0 0
1716292184872 47.0 0
1716292188982 48.0 0
1716292192952 49.0 0
1716292196091 50.0 0
1716292202930 51.0 0
1716292207364 52.0 0
1716292211925 53.0 0
1716292216896 54.0 0
