1716291989032 7.405019283294678 0
1716291994639 7.381415843963623 0
1716291998437 7.363373756408691 0
1716292003369 7.347360610961914 0
1716292007438 7.332319736480713 0
1716292011268 7.31797456741333 0
1716292015665 7.304331302642822 0
1716292020048 7.291430473327637 0
1716292025223 7.279244422912598 0
1716292029965 7.267693042755127 0
1716292039332 7.256692409515381 0
1716292043671 7.2461748123168945 0
1716292048248 7.236072540283203 0
1716292051547 7.226329803466797 0
1716292056804 7.216907978057861 0
1716292060840 7.207754135131836 0
1716292065075 7.198836803436279 0
1716292069204 7.190120697021484 0
1716292073396 7.181577205657959 0
1716292076022 7.173196315765381 0
1716292081914 7.164967060089111 0
1716292085559 7.156883239746094 0
1716292089516 7.148952484130859 0
1716292092841 7.141183853149414 0
1716292096384 7.133569240570068 0
1716292099146 7.126095771789551 0
1716292103441 7.1187543869018555 0
1716292107385 7.111527919769287 0
1716292111574 7.104397296905518 0
1716292115434 7.097348690032959 0
1716292122569 7.090370178222656 0
1716292125492 7.083453178405762 0
1716292128675 7.076589584350586 0
1716292132143 7.0697712898254395 0
1716292135732 7.062979698181152 0
1716292139090 7.056212425231934 0
1716292142814 7.049459934234619 0
1716292147132 7.0427117347717285 0
1716292151062 7.035961151123047 0
1716292154590 7.029191493988037 0
1716292160916 7.022380352020264 0
1716292165002 7.015525817871094 0
1716292168496 7.008602142333984 0
1716292172054 7.001585483551025 0
1716292176047 6.994448184967041 0
1716292180489 6.98715877532959 0
1716292184850 6.979668617248535 0
1716292188921 6.971935272216797 0
1716292192933 6.963879585266113 0
1716292196057 6.9554219245910645 0
1716292202907 6.946442604064941 0
1716292207331 6.936801910400391 0
1716292211877 6.9262847900390625 0
1716292216836 6.91461706161499 0
