1716291989246 2.0433006286621094 0
1716291994703 1.348242998123169 0
1716291998509 1.4446451663970947 0
1716292003412 1.3342719078063965 0
1716292007494 1.268120288848877 0
1716292011312 1.3018708229064941 0
1716292015762 1.974910020828247 0
1716292020090 1.4014997482299805 0
1716292025251 1.5634708404541016 0
1716292030013 1.4462652206420898 0
1716292039403 2.204648971557617 0
1716292043796 1.4131078720092773 0
1716292048304 1.5328218936920166 0
1716292051587 1.0635461807250977 0
1716292056850 1.79414701461792 0
1716292060874 1.2882769107818604 0
1716292065126 1.599442958831787 0
1716292069240 1.363292932510376 0
1716292073430 1.4736549854278564 0
1716292076058 0.7100050449371338 0
1716292081957 1.3925600051879883 0
1716292085576 1.2859020233154297 0
1716292089554 1.5168390274047852 0
1716292092951 1.305894136428833 0
1716292096421 1.2209889888763428 0
1716292099204 0.7548401355743408 0
1716292103480 1.4152989387512207 0
1716292107437 1.5790538787841797 0
1716292111609 1.537100076675415 0
1716292115456 1.2946569919586182 0
1716292122606 1.3558542728424072 0
1716292125544 0.8093523979187012 0
1716292128703 1.0996911525726318 0
1716292132180 1.2899446487426758 0
1716292135766 1.6338090896606445 0
1716292139124 1.2651548385620117 0
1716292142858 1.390618085861206 0
1716292147156 1.301663875579834 0
1716292151118 1.3590140342712402 0
1716292154617 1.3079099655151367 0
1716292160944 1.2787652015686035 0
1716292165039 1.3080260753631592 0
1716292168525 1.126680850982666 0
1716292172090 1.105607032775879 0
1716292176090 1.829132080078125 0
1716292180613 1.4066708087921143 0
1716292184890 1.4553248882293701 0
1716292188987 1.3209891319274902 0
1716292192973 1.3937532901763916 0
1716292196096 1.0365118980407715 0
1716292202936 1.3331098556518555 0
1716292207369 1.5020771026611328 0
1716292211940 1.8578119277954102 0
1716292216904 1.4817578792572021 0
