1716272440218 7.44571590423584 0
1716272441201 7.0728983879089355 0
1716272442407 6.7560906410217285 0
1716272442996 6.488503932952881 0
1716272443563 6.345115661621094 0
1716272444106 6.211260795593262 0
1716272444723 6.077359676361084 0
1716272445437 5.942010402679443 0
1716272445999 5.799293518066406 0
1716272446530 5.624174118041992 0
1716272455485 5.4305033683776855 0
1716272456208 5.21151065826416 0
1716272457138 4.949103355407715 0
1716272457710 4.6557536125183105 0
1716272458317 4.332218647003174 0
1716272458924 4.087732315063477 0
1716272459525 3.9034643173217773 0
1716272460128 3.732449531555176 0
1716272460719 3.5517373085021973 0
1716272461351 3.4008753299713135 0
