1716272440259 2.5058817863464355 0
1716272441742 1.4583089351654053 0
1716272442469 0.7197897434234619 0
1716272443067 0.5906429290771484 0
1716272443596 0.5190689563751221 0
1716272444155 0.5383338928222656 0
1716272444903 0.7341630458831787 0
1716272445469 0.563312292098999 0
1716272446043 0.5644948482513428 0
1716272446561 0.5132400989532471 0
1716272455607 1.7780098915100098 0
1716272456386 0.7725372314453125 0
1716272457183 0.7878201007843018 0
1716272457762 0.5714828968048096 0
1716272458343 0.5594120025634766 0
1716272458974 0.5987188816070557 0
1716272459569 0.5765371322631836 0
1716272460156 0.5776028633117676 0
1716272460763 0.579575777053833 0
1716272461389 0.6015737056732178 0
