1716970172181 1.0 0
1716970174453 2.0 0
1716970175044 3.0 0
1716970184816 4.0 0
1716970185534 5.0 0
1716970186168 6.0 0
1716970187001 7.0 0
1716970188482 8.0 0
1716970189558 9.0 0
1716970190682 10.0 0
1716970205736 11.0 0
1716970206477 12.0 0
1716970207132 13.0 0
1716970208609 14.0 0
1716970210209 15.0 0
1716970211771 16.0 0
1716970212775 17.0 0
1716970214080 18.0 0
1716970216225 19.0 0
1716970220080 20.0 0
1716970232846 21.0 0
1716970233396 22.0 0
1716970233954 23.0 0
1716970234585 24.0 0
1716970235527 25.0 0
1716970238258 26.0 0
1716970239688 27.0 0
1716970241134 28.0 0
1716970242571 29.0 0
1716970244267 30.0 0
1716970256057 31.0 0
1716970256780 32.0 0
1716970257548 33.0 0
1716970258295 34.0 0
1716970259203 35.0 0
1716970260708 36.0 0
1716970262794 37.0 0
1716970265003 38.0 0
1716970266587 39.0 0
1716970267974 40.0 0
1716970279661 41.0 0
1716970280431 42.0 0
1716970281256 43.0 0
1716970281985 44.0 0
1716970282867 45.0 0
1716970284397 46.0 0
1716970286392 47.0 0
1716970288533 48.0 0
1716970290269 49.0 0
1716970291906 50.0 0
1716970305946 51.0 0
1716970306504 52.0 0
1716970307119 53.0 0
1716970307913 54.0 0
1716970308754 55.0 0
1716970309618 56.0 0
1716970310700 57.0 0
1716970313046 58.0 0
1716970315596 59.0 0
1716970317256 60.0 0
1716970329160 61.0 0
1716970329825 62.0 0
1716970330498 63.0 0
1716970331301 64.0 0
1716970332307 65.0 0
1716970333613 66.0 0
1716970335807 67.0 0
1716970337948 68.0 0
1716970339558 69.0 0
1716970340977 70.0 0
1716970351710 71.0 0
1716970352393 72.0 0
1716970353120 73.0 0
1716970353835 74.0 0
1716970354670 75.0 0
1716970356096 76.0 0
1716970358353 77.0 0
1716970360471 78.0 0
1716970362076 79.0 0
1716970363467 80.0 0
1716970375252 81.0 0
1716970375912 82.0 0
1716970376576 83.0 0
1716970377292 84.0 0
1716970378262 85.0 0
1716970379685 86.0 0
1716970381705 87.0 0
1716970383918 88.0 0
1716970385628 89.0 0
1716970387118 90.0 0
1716970398949 91.0 0
1716970399644 92.0 0
1716970401149 93.0 0
1716970401833 94.0 0
1716970402652 95.0 0
1716970403873 96.0 0
1716970405602 97.0 0
1716970408109 98.0 0
1716970409931 99.0 0
1716970411392 100.0 0
1716970422120 101.0 0
1716970422787 102.0 0
1716970423579 103.0 0
1716970424330 104.0 0
1716970425738 105.0 0
1716970427240 106.0 0
1716970428823 107.0 0
1716970431077 108.0 0
1716970434541 109.0 0
1716970435548 110.0 0
1716970448839 111.0 0
1716970449561 112.0 0
1716970450726 113.0 0
1716970451925 114.0 0
1716970452783 115.0 0
1716970454761 116.0 0
1716970456591 117.0 0
1716970459394 118.0 0
1716970460457 119.0 0
1716970461704 120.0 0
1716970475791 121.0 0
1716970476504 122.0 0
1716970477154 123.0 0
1716970477924 124.0 0
1716970479004 125.0 0
1716970480233 126.0 0
1716970482910 127.0 0
1716970485345 128.0 0
1716970486855 129.0 0
1716970488121 130.0 0
1716970498915 131.0 0
1716970499658 132.0 0
1716970501709 133.0 0
1716970502833 134.0 0
1716970503888 135.0 0
1716970505517 136.0 0
1716970508200 137.0 0
1716970510089 138.0 0
1716970511812 139.0 0
1716970513258 140.0 0
1716970527963 141.0 0
1716970528634 142.0 0
1716970529324 143.0 0
1716970530879 144.0 0
1716970533043 145.0 0
1716970534351 146.0 0
1716970536947 147.0 0
1716970540459 148.0 0
1716970542236 149.0 0
1716970543785 150.0 0
1716970557440 151.0 0
1716970558407 152.0 0
1716970559199 153.0 0
1716970561658 154.0 0
1716970563209 155.0 0
1716970564406 156.0 0
1716970566161 157.0 0
1716970568287 158.0 0
1716970570093 159.0 0
1716970571652 160.0 0
1716970585137 161.0 0
1716970585987 162.0 0
1716970586801 163.0 0
1716970589034 164.0 0
1716970591881 165.0 0
1716970593243 166.0 0
1716970595991 167.0 0
1716970597511 168.0 0
1716970598372 169.0 0
1716970599386 170.0 0
1716970628009 171.0 0
1716970629361 172.0 0
1716970630027 173.0 0
1716970632731 174.0 0
1716970634022 175.0 0
1716970634792 176.0 0
1716970636124 177.0 0
1716970637951 178.0 0
1716970639130 179.0 0
1716970640573 180.0 0
1716970656560 181.0 0
1716970657328 182.0 0
1716970657952 183.0 0
1716970658704 184.0 0
1716970659870 185.0 0
1716970660942 186.0 0
1716970663306 187.0 0
1716970664453 188.0 0
1716970665862 189.0 0
1716970667630 190.0 0
1716970681041 191.0 0
1716970681800 192.0 0
1716970682500 193.0 0
1716970683206 194.0 0
1716970684222 195.0 0
1716970685655 196.0 0
1716970687921 197.0 0
1716970689977 198.0 0
1716970691569 199.0 0
1716970692939 200.0 0
1716970704527 201.0 0
1716970705334 202.0 0
1716970706105 203.0 0
1716970706937 204.0 0
1716970707858 205.0 0
1716970710060 206.0 0
1716970711575 207.0 0
1716970713318 208.0 0
1716970715080 209.0 0
1716970716698 210.0 0
1716970727816 211.0 0
1716970728502 212.0 0
1716970729240 213.0 0
1716970730042 214.0 0
1716970731002 215.0 0
1716970732450 216.0 0
1716970734929 217.0 0
1716970736962 218.0 0
1716970738684 219.0 0
1716970740031 220.0 0
1716970752196 221.0 0
1716970752876 222.0 0
1716970753574 223.0 0
1716970754346 224.0 0
1716970755267 225.0 0
1716970756672 226.0 0
1716970759300 227.0 0
1716970761416 228.0 0
1716970763000 229.0 0
1716970764405 230.0 0
1716970776497 231.0 0
1716970777193 232.0 0
1716970777881 233.0 0
1716970778786 234.0 0
1716970779827 235.0 0
1716970781221 236.0 0
1716970783582 237.0 0
1716970785791 238.0 0
1716970787334 239.0 0
1716970788710 240.0 0
1716970801199 241.0 0
1716970801912 242.0 0
1716970802614 243.0 0
1716970803367 244.0 0
1716970804227 245.0 0
1716970805537 246.0 0
1716970807701 247.0 0
1716970810378 248.0 0
1716970811895 249.0 0
1716970813183 250.0 0
1716970826049 251.0 0
1716970826708 252.0 0
1716970827420 253.0 0
1716970828180 254.0 0
1716970829060 255.0 0
1716970830652 256.0 0
1716970832964 257.0 0
1716970835169 258.0 0
1716970836853 259.0 0
1716970838231 260.0 0
1716970848825 261.0 0
1716970849483 262.0 0
1716970850179 263.0 0
1716970850909 264.0 0
1716970851812 265.0 0
1716970853155 266.0 0
1716970855662 267.0 0
1716970857881 268.0 0
1716970859651 269.0 0
1716970860951 270.0 0
1716970871503 271.0 0
1716970872150 272.0 0
1716970872891 273.0 0
1716970873601 274.0 0
1716970874473 275.0 0
1716970875834 276.0 0
1716970878169 277.0 0
1716970880267 278.0 0
1716970881932 279.0 0
1716970883406 280.0 0
1716970894732 281.0 0
1716970895402 282.0 0
1716970896115 283.0 0
1716970896828 284.0 0
1716970897670 285.0 0
1716970899131 286.0 0
1716970901379 287.0 0
1716970903469 288.0 0
1716970905006 289.0 0
1716970906346 290.0 0
1716970917134 291.0 0
1716970917801 292.0 0
1716970918485 293.0 0
1716970919239 294.0 0
1716970920611 295.0 0
1716970921766 296.0 0
1716970923752 297.0 0
1716970925923 298.0 0
1716970927560 299.0 0
1716970928936 300.0 0
1716970940249 301.0 0
1716970940914 302.0 0
1716970941583 303.0 0
1716970942288 304.0 0
1716970943192 305.0 0
1716970944676 306.0 0
1716970947096 307.0 0
1716970949359 308.0 0
1716970951044 309.0 0
1716970952477 310.0 0
1716970965315 311.0 0
1716970966078 312.0 0
1716970967170 313.0 0
1716970968799 314.0 0
1716970970772 315.0 0
1716970971695 316.0 0
1716970972755 317.0 0
1716970973927 318.0 0
1716970975730 319.0 0
1716970978128 320.0 0
1716970990633 321.0 0
1716970991393 322.0 0
1716970992097 323.0 0
1716970992856 324.0 0
1716970993749 325.0 0
1716970995213 326.0 0
1716970997670 327.0 0
1716970999779 328.0 0
1716971001395 329.0 0
1716971002773 330.0 0
1716971020350 331.0 0
1716971021119 332.0 0
1716971021772 333.0 0
1716971022493 334.0 0
1716971023350 335.0 0
1716971024444 336.0 0
1716971026354 337.0 0
1716971029402 338.0 0
1716971031149 339.0 0
1716971032544 340.0 0
1716971045639 341.0 0
1716971046354 342.0 0
1716971047039 343.0 0
1716971047748 344.0 0
1716971048710 345.0 0
1716971050227 346.0 0
1716971052619 347.0 0
1716971054856 348.0 0
1716971056405 349.0 0
1716971057779 350.0 0
1716971069618 351.0 0
1716971070341 352.0 0
1716971071059 353.0 0
1716971071789 354.0 0
1716971072676 355.0 0
1716971074259 356.0 0
1716971076543 357.0 0
1716971078695 358.0 0
1716971080345 359.0 0
1716971081767 360.0 0
1716971092638 361.0 0
1716971093527 362.0 0
1716971094592 363.0 0
1716971095895 364.0 0
1716971097885 365.0 0
1716971098769 366.0 0
1716971100020 367.0 0
1716971101821 368.0 0
1716971103687 369.0 0
1716971105534 370.0 0
1716971116551 371.0 0
1716971117204 372.0 0
1716971117935 373.0 0
1716971118717 374.0 0
1716971119693 375.0 0
1716971121120 376.0 0
1716971123220 377.0 0
1716971125358 378.0 0
1716971126971 379.0 0
1716971128383 380.0 0
1716971139948 381.0 0
1716971140617 382.0 0
1716971141256 383.0 0
1716971142019 384.0 0
1716971142894 385.0 0
1716971144207 386.0 0
1716971146626 387.0 0
1716971148930 388.0 0
1716971150495 389.0 0
1716971151845 390.0 0
1716971163589 391.0 0
1716971165485 392.0 0
1716971166792 393.0 0
1716971167659 394.0 0
1716971169194 395.0 0
1716971170449 396.0 0
1716971171746 397.0 0
1716971173757 398.0 0
1716971176048 399.0 0
1716971177778 400.0 0
1716971193131 401.0 0
1716971193807 402.0 0
1716971194415 403.0 0
1716971195061 404.0 0
1716971196029 405.0 0
1716971197130 406.0 0
1716971198152 407.0 0
1716971199608 408.0 0
1716971202171 409.0 0
1716971204213 410.0 0
1716971216310 411.0 0
1716971217009 412.0 0
1716971217823 413.0 0
1716971218617 414.0 0
1716971219595 415.0 0
1716971221320 416.0 0
1716971222915 417.0 0
1716971225059 418.0 0
1716971226855 419.0 0
1716971228465 420.0 0
1716971253898 421.0 0
1716971255148 422.0 0
1716971255841 423.0 0
1716971256543 424.0 0
1716971257774 425.0 0
1716971258993 426.0 0
1716971260697 427.0 0
1716971263033 428.0 0
1716971264973 429.0 0
1716971266636 430.0 0
1716971282968 431.0 0
1716971283732 432.0 0
1716971284415 433.0 0
1716971285231 434.0 0
1716971286341 435.0 0
1716971288029 436.0 0
1716971290111 437.0 0
1716971292181 438.0 0
1716971293832 439.0 0
1716971295218 440.0 0
1716971312875 441.0 0
1716971313704 442.0 0
1716971314388 443.0 0
1716971315198 444.0 0
1716971316486 445.0 0
1716971317842 446.0 0
1716971319829 447.0 0
1716971321599 448.0 0
1716971323459 449.0 0
1716971325077 450.0 0
1716971340582 451.0 0
1716971341349 452.0 0
1716971341969 453.0 0
1716971342766 454.0 0
1716971343762 455.0 0
1716971344946 456.0 0
1716971346466 457.0 0
1716971349391 458.0 0
1716971351257 459.0 0
1716971352654 460.0 0
1716971365071 461.0 0
1716971365766 462.0 0
1716971366425 463.0 0
1716971367202 464.0 0
1716971368419 465.0 0
1716971370382 466.0 0
1716971372010 467.0 0
1716971373884 468.0 0
1716971375654 469.0 0
1716971377382 470.0 0
1716971390536 471.0 0
1716971391466 472.0 0
1716971392172 473.0 0
1716971392990 474.0 0
1716971393985 475.0 0
1716971395857 476.0 0
1716971397921 477.0 0
1716971399466 478.0 0
1716971400987 479.0 0
1716971402578 480.0 0
1716971415073 481.0 0
1716971415836 482.0 0
1716971416651 483.0 0
1716971417338 484.0 0
1716971418194 485.0 0
1716971419527 486.0 0
1716971421862 487.0 0
1716971424401 488.0 0
1716971426123 489.0 0
1716971427484 490.0 0
1716971441189 491.0 0
1716971441964 492.0 0
1716971442640 493.0 0
1716971443446 494.0 0
1716971444511 495.0 0
1716971445862 496.0 0
1716971448350 497.0 0
1716971450508 498.0 0
1716971452078 499.0 0
1716971453478 500.0 0
1716971466866 501.0 0
1716971467558 502.0 0
1716971468228 503.0 0
1716971468971 504.0 0
1716971470084 505.0 0
1716971471533 506.0 0
1716971473655 507.0 0
1716971475838 508.0 0
1716971477520 509.0 0
1716971479020 510.0 0
1716971493274 511.0 0
1716971494035 512.0 0
1716971494783 513.0 0
1716971495531 514.0 0
1716971496418 515.0 0
1716971497736 516.0 0
1716971500505 517.0 0
1716971502753 518.0 0
1716971504227 519.0 0
1716971505493 520.0 0
1716971518606 521.0 0
1716971519598 522.0 0
1716971520381 523.0 0
1716971521105 524.0 0
1716971522118 525.0 0
1716971523561 526.0 0
1716971526039 527.0 0
1716971528311 528.0 0
1716971529869 529.0 0
1716971531282 530.0 0
1716971543366 531.0 0
1716971544135 532.0 0
1716971544802 533.0 0
1716971545547 534.0 0
1716971546403 535.0 0
1716971547843 536.0 0
1716971550632 537.0 0
1716971552917 538.0 0
1716971554485 539.0 0
1716971555715 540.0 0
1716971575381 541.0 0
1716971576788 542.0 0
1716971577612 543.0 0
1716971578340 544.0 0
1716971579700 545.0 0
1716971581404 546.0 0
1716971582259 547.0 0
1716971583414 548.0 0
1716971585420 549.0 0
1716971587656 550.0 0
1716971600308 551.0 0
1716971601017 552.0 0
1716971601701 553.0 0
1716971602453 554.0 0
1716971603382 555.0 0
1716971605114 556.0 0
1716971607581 557.0 0
1716971609512 558.0 0
1716971611142 559.0 0
1716971612582 560.0 0
1716971625328 561.0 0
1716971626235 562.0 0
1716971627021 563.0 0
1716971627767 564.0 0
1716971628708 565.0 0
1716971630041 566.0 0
1716971632528 567.0 0
1716971634470 568.0 0
1716971636160 569.0 0
1716971637706 570.0 0
1716971652960 571.0 0
1716971653669 572.0 0
1716971654436 573.0 0
1716971655215 574.0 0
1716971656107 575.0 0
1716971657541 576.0 0
1716971659554 577.0 0
1716971661832 578.0 0
1716971663571 579.0 0
1716971665150 580.0 0
1716971679434 581.0 0
1716971680135 582.0 0
1716971680825 583.0 0
1716971681591 584.0 0
1716971682519 585.0 0
1716971683987 586.0 0
1716971686317 587.0 0
1716971688576 588.0 0
1716971690219 589.0 0
1716971691593 590.0 0
1716971705881 591.0 0
1716971706630 592.0 0
1716971707314 593.0 0
1716971708166 594.0 0
1716971709927 595.0 0
1716971711734 596.0 0
1716971712740 597.0 0
1716971714165 598.0 0
1716971715963 599.0 0
1716971717860 600.0 0
1716971731793 601.0 0
1716971732626 602.0 0
1716971733416 603.0 0
1716971734235 604.0 0
1716971735311 605.0 0
1716971736727 606.0 0
1716971739122 607.0 0
1716971741278 608.0 0
1716971742959 609.0 0
1716971744472 610.0 0
1716971756902 611.0 0
1716971757673 612.0 0
1716971758456 613.0 0
1716971759507 614.0 0
1716971760608 615.0 0
1716971762042 616.0 0
1716971763871 617.0 0
1716971765930 618.0 0
1716971767818 619.0 0
1716971769343 620.0 0
1716971782464 621.0 0
1716971783218 622.0 0
1716971784204 623.0 0
1716971785140 624.0 0
1716971786123 625.0 0
1716971787550 626.0 0
1716971789689 627.0 0
1716971791860 628.0 0
1716971793542 629.0 0
1716971795027 630.0 0
1716971808584 631.0 0
1716971809282 632.0 0
1716971810006 633.0 0
1716971810784 634.0 0
1716971811740 635.0 0
1716971813216 636.0 0
1716971815876 637.0 0
1716971818011 638.0 0
1716971819592 639.0 0
1716971821037 640.0 0
1716971834618 641.0 0
1716971835518 642.0 0
1716971836200 643.0 0
1716971836998 644.0 0
1716971838067 645.0 0
1716971839466 646.0 0
1716971841931 647.0 0
1716971844158 648.0 0
1716971845730 649.0 0
1716971847086 650.0 0
1716971860442 651.0 0
1716971861556 652.0 0
1716971862406 653.0 0
1716971863153 654.0 0
1716971864004 655.0 0
1716971865534 656.0 0
1716971867774 657.0 0
1716971870082 658.0 0
1716971871751 659.0 0
1716971873431 660.0 0
1716971888919 661.0 0
1716971889704 662.0 0
1716971890354 663.0 0
1716971891157 664.0 0
1716971892412 665.0 0
1716971894939 666.0 0
1716971895855 667.0 0
1716971896921 668.0 0
1716971898305 669.0 0
1716971900062 670.0 0
1716971917133 671.0 0
1716971918039 672.0 0
1716971918689 673.0 0
1716971919520 674.0 0
1716971920362 675.0 0
1716971921458 676.0 0
1716971923336 677.0 0
1716971926128 678.0 0
1716971927938 679.0 0
1716971929308 680.0 0
1716971946109 681.0 0
1716971946886 682.0 0
1716971947522 683.0 0
1716971948254 684.0 0
1716971949321 685.0 0
1716971950510 686.0 0
1716971952333 687.0 0
1716971955026 688.0 0
1716971956816 689.0 0
1716971958202 690.0 0
1716971980647 691.0 0
1716971981507 692.0 0
1716971982145 693.0 0
1716971982829 694.0 0
1716971983827 695.0 0
1716971986940 696.0 0
1716971988548 697.0 0
1716971989527 698.0 0
1716971990734 699.0 0
1716971992363 700.0 0
1716972006849 701.0 0
1716972007684 702.0 0
1716972008349 703.0 0
1716972009169 704.0 0
1716972010116 705.0 0
1716972011366 706.0 0
1716972013665 707.0 0
1716972016107 708.0 0
1716972017729 709.0 0
1716972019114 710.0 0
1716972033467 711.0 0
1716972034142 712.0 0
1716972034851 713.0 0
1716972035586 714.0 0
1716972036451 715.0 0
1716972038065 716.0 0
1716972040562 717.0 0
1716972042566 718.0 0
1716972044090 719.0 0
1716972045724 720.0 0
1716972067514 721.0 0
1716972068437 722.0 0
1716972069028 723.0 0
1716972069706 724.0 0
1716972071512 725.0 0
1716972073405 726.0 0
1716972074251 727.0 0
1716972075284 728.0 0
1716972076923 729.0 0
1716972079180 730.0 0
1716972117603 731.0 0
1716972119234 732.0 0
1716972120629 733.0 0
1716972121928 734.0 0
1716972123548 735.0 0
1716972125780 736.0 0
1716972127200 737.0 0
1716972128427 738.0 0
1716972130157 739.0 0
1716972131833 740.0 0
1716972160628 741.0 0
1716972161296 742.0 0
1716972161988 743.0 0
1716972163842 744.0 0
1716972166117 745.0 0
1716972167032 746.0 0
1716972168060 747.0 0
1716972169142 748.0 0
1716972171464 749.0 0
1716972173502 750.0 0
1716972191629 751.0 0
1716972192414 752.0 0
1716972193112 753.0 0
1716972194485 754.0 0
1716972196454 755.0 0
1716972198072 756.0 0
1716972199125 757.0 0
1716972200282 758.0 0
1716972202190 759.0 0
1716972204855 760.0 0
1716972224523 761.0 0
1716972225694 762.0 0
1716972227582 763.0 0
1716972229443 764.0 0
1716972230505 765.0 0
1716972231911 766.0 0
1716972233404 767.0 0
1716972234428 768.0 0
1716972235515 769.0 0
1716972237560 770.0 0
1716972269140 771.0 0
1716972270887 772.0 0
1716972272162 773.0 0
1716972274175 774.0 0
1716972280286 775.0 0
1716972282307 776.0 0
1716972284582 777.0 0
1716972285682 778.0 0
1716972286881 779.0 0
1716972288377 780.0 0
1716972309552 781.0 0
1716972310333 782.0 0
1716972311097 783.0 0
1716972311911 784.0 0
1716972312932 785.0 0
1716972314757 786.0 0
1716972316856 787.0 0
1716972317989 788.0 0
1716972319607 789.0 0
1716972321620 790.0 0
1716972340844 791.0 0
1716972341639 792.0 0
1716972342295 793.0 0
1716972343030 794.0 0
1716972343997 795.0 0
1716972345199 796.0 0
1716972347017 797.0 0
1716972349709 798.0 0
1716972351448 799.0 0
1716972352986 800.0 0
1716972374509 801.0 0
1716972375519 802.0 0
1716972376143 803.0 0
1716972376793 804.0 0
1716972377620 805.0 0
1716972378946 806.0 0
1716972380591 807.0 0
1716972383385 808.0 0
1716972385655 809.0 0
1716972386961 810.0 0
1716972412407 811.0 0
1716972413479 812.0 0
1716972414370 813.0 0
1716972415052 814.0 0
1716972415799 815.0 0
1716972416731 816.0 0
1716972418117 817.0 0
1716972420603 818.0 0
1716972422910 819.0 0
1716972424563 820.0 0
1716972445051 821.0 0
1716972445774 822.0 0
1716972446451 823.0 0
1716972447142 824.0 0
1716972447927 825.0 0
1716972448961 826.0 0
1716972451308 827.0 0
1716972454209 828.0 0
1716972455926 829.0 0
1716972457317 830.0 0
1716972469983 831.0 0
1716972470716 832.0 0
1716972471402 833.0 0
1716972472215 834.0 0
1716972473269 835.0 0
1716972474615 836.0 0
1716972476928 837.0 0
1716972479155 838.0 0
1716972480766 839.0 0
1716972482092 840.0 0
1716972496657 841.0 0
1716972497363 842.0 0
1716972498306 843.0 0
1716972498995 844.0 0
1716972499795 845.0 0
1716972500773 846.0 0
1716972502581 847.0 0
1716972505763 848.0 0
1716972507487 849.0 0
1716972508820 850.0 0
1716972524377 851.0 0
1716972525259 852.0 0
1716972525936 853.0 0
1716972526649 854.0 0
1716972527667 855.0 0
1716972528872 856.0 0
1716972531303 857.0 0
1716972533830 858.0 0
1716972535456 859.0 0
1716972536795 860.0 0
1716972555067 861.0 0
1716972555808 862.0 0
1716972556412 863.0 0
1716972557119 864.0 0
1716972558077 865.0 0
1716972559416 866.0 0
1716972561814 867.0 0
1716972564111 868.0 0
1716972565787 869.0 0
1716972567163 870.0 0
1716972601397 871.0 0
1716972602067 872.0 0
1716972602659 873.0 0
1716972603312 874.0 0
1716972604752 875.0 0
1716972605731 876.0 0
1716972607116 877.0 0
1716972609842 878.0 0
1716972611944 879.0 0
1716972613491 880.0 0
1716972633881 881.0 0
1716972634823 882.0 0
1716972635507 883.0 0
1716972636278 884.0 0
1716972637269 885.0 0
1716972638612 886.0 0
1716972641144 887.0 0
1716972643644 888.0 0
1716972645321 889.0 0
1716972646724 890.0 0
1716972667031 891.0 0
1716972667807 892.0 0
1716972668458 893.0 0
1716972669272 894.0 0
1716972670640 895.0 0
1716972676027 896.0 0
1716972678024 897.0 0
1716972678849 898.0 0
1716972679575 899.0 0
1716972680437 900.0 0
1716972702389 901.0 0
1716972703461 902.0 0
1716972704084 903.0 0
1716972704888 904.0 0
1716972706325 905.0 0
1716972707201 906.0 0
1716972708272 907.0 0
1716972710185 908.0 0
1716972713142 909.0 0
1716972714802 910.0 0
1716972735761 911.0 0
1716972736659 912.0 0
1716972737303 913.0 0
1716972737990 914.0 0
1716972738805 915.0 0
1716972740104 916.0 0
1716972741892 917.0 0
1716972744900 918.0 0
1716972746620 919.0 0
1716972748013 920.0 0
1716972763479 921.0 0
1716972764183 922.0 0
1716972764897 923.0 0
1716972765690 924.0 0
1716972766789 925.0 0
1716972768080 926.0 0
1716972770286 927.0 0
1716972772639 928.0 0
1716972774499 929.0 0
1716972775933 930.0 0
1716972793273 931.0 0
1716972793947 932.0 0
1716972794648 933.0 0
1716972795945 934.0 0
1716972797152 935.0 0
1716972798221 936.0 0
1716972799942 937.0 0
1716972802183 938.0 0
1716972804083 939.0 0
1716972805667 940.0 0
1716972823925 941.0 0
1716972824664 942.0 0
1716972825814 943.0 0
1716972826542 944.0 0
1716972827344 945.0 0
1716972828348 946.0 0
1716972829982 947.0 0
1716972832774 948.0 0
1716972834751 949.0 0
1716972836205 950.0 0
1716972855410 951.0 0
1716972856222 952.0 0
1716972856960 953.0 0
1716972857728 954.0 0
1716972858906 955.0 0
1716972860850 956.0 0
1716972862672 957.0 0
1716972864319 958.0 0
1716972865937 959.0 0
1716972867458 960.0 0
1716972885987 961.0 0
1716972886890 962.0 0
1716972887653 963.0 0
1716972888361 964.0 0
1716972889394 965.0 0
1716972890814 966.0 0
1716972892738 967.0 0
1716972895316 968.0 0
1716972897128 969.0 0
1716972898974 970.0 0
1716972918705 971.0 0
1716972919507 972.0 0
1716972920114 973.0 0
1716972920775 974.0 0
1716972921968 975.0 0
1716972923414 976.0 0
1716972925596 977.0 0
1716972927180 978.0 0
1716972929024 979.0 0
1716972930790 980.0 0
1716972946593 981.0 0
1716972947518 982.0 0
1716972948203 983.0 0
1716972948981 984.0 0
1716972950211 985.0 0
1716972951881 986.0 0
1716972954012 987.0 0
1716972956086 988.0 0
1716972957806 989.0 0
1716972959226 990.0 0
1716972977888 991.0 0
1716972978648 992.0 0
1716972979294 993.0 0
1716972980011 994.0 0
1716972981156 995.0 0
1716972982359 996.0 0
1716972984451 997.0 0
1716972987227 998.0 0
1716972988814 999.0 0
1716972990113 1000.0 0
1716973011528 1001.0 0
1716973012304 1002.0 0
1716973012908 1003.0 0
1716973013672 1004.0 0
1716973014885 1005.0 0
1716973016308 1006.0 0
1716973018143 1007.0 0
1716973020571 1008.0 0
1716973022412 1009.0 0
1716973023910 1010.0 0
1716973043453 1011.0 0
1716973044190 1012.0 0
1716973044878 1013.0 0
1716973045831 1014.0 0
1716973047646 1015.0 0
1716973048722 1016.0 0
1716973049707 1017.0 0
1716973051386 1018.0 0
1716973053778 1019.0 0
1716973055679 1020.0 0
1716973073666 1021.0 0
1716973074700 1022.0 0
1716973076314 1023.0 0
1716973077107 1024.0 0
1716973078063 1025.0 0
1716973079579 1026.0 0
1716973080855 1027.0 0
1716973082974 1028.0 0
1716973085037 1029.0 0
1716973086732 1030.0 0
1716973107468 1031.0 0
1716973108400 1032.0 0
1716973109097 1033.0 0
1716973109764 1034.0 0
1716973110761 1035.0 0
1716973111873 1036.0 0
1716973113706 1037.0 0
1716973116659 1038.0 0
1716973118409 1039.0 0
1716973119824 1040.0 0
1716973142558 1041.0 0
1716973143327 1042.0 0
1716973143986 1043.0 0
1716973144752 1044.0 0
1716973145881 1045.0 0
1716973147062 1046.0 0
1716973148673 1047.0 0
1716973151230 1048.0 0
1716973153113 1049.0 0
1716973154622 1050.0 0
1716973175228 1051.0 0
1716973175999 1052.0 0
1716973176637 1053.0 0
1716973177402 1054.0 0
1716973178323 1055.0 0
1716973179416 1056.0 0
1716973181446 1057.0 0
1716973184446 1058.0 0
1716973186139 1059.0 0
1716973187485 1060.0 0
1716973205038 1061.0 0
1716973205741 1062.0 0
1716973206395 1063.0 0
1716973207183 1064.0 0
1716973208152 1065.0 0
1716973209378 1066.0 0
1716973212256 1067.0 0
1716973214450 1068.0 0
1716973216104 1069.0 0
1716973217545 1070.0 0
1716973237767 1071.0 0
1716973238503 1072.0 0
1716973239195 1073.0 0
1716973240021 1074.0 0
1716973241848 1075.0 0
1716973242925 1076.0 0
1716973244262 1077.0 0
1716973245966 1078.0 0
1716973248239 1079.0 0
1716973250050 1080.0 0
1716973271963 1081.0 0
1716973272760 1082.0 0
1716973273417 1083.0 0
1716973274349 1084.0 0
1716973275638 1085.0 0
1716973276872 1086.0 0
1716973279035 1087.0 0
1716973280850 1088.0 0
1716973282766 1089.0 0
1716973284163 1090.0 0
1716973339338 1091.0 0
1716973340197 1092.0 0
1716973340800 1093.0 0
1716973341615 1094.0 0
1716973342526 1095.0 0
1716973343619 1096.0 0
1716973344659 1097.0 0
1716973346360 1098.0 0
1716973349422 1099.0 0
1716973351135 1100.0 0
1716973372365 1101.0 0
1716973373166 1102.0 0
1716973373840 1103.0 0
1716973374616 1104.0 0
1716973375562 1105.0 0
1716973376794 1106.0 0
1716973378776 1107.0 0
1716973381330 1108.0 0
1716973383229 1109.0 0
1716973384708 1110.0 0
1716973405233 1111.0 0
1716973405874 1112.0 0
1716973406457 1113.0 0
1716973407117 1114.0 0
1716973408116 1115.0 0
1716973409162 1116.0 0
1716973410390 1117.0 0
1716973412055 1118.0 0
1716973414444 1119.0 0
1716973416754 1120.0 0
1716973456601 1121.0 0
1716973459403 1122.0 0
1716973459973 1123.0 0
1716973460601 1124.0 0
1716973461492 1125.0 0
1716973462432 1126.0 0
1716973463421 1127.0 0
1716973464663 1128.0 0
1716973467686 1129.0 0
1716973469698 1130.0 0
1716973503212 1131.0 0
1716973503916 1132.0 0
1716973504449 1133.0 0
1716973505196 1134.0 0
1716973508273 1135.0 0
1716973509799 1136.0 0
1716973510561 1137.0 0
1716973512551 1138.0 0
1716973514279 1139.0 0
1716973515129 1140.0 0
1716973545972 1141.0 0
1716973548542 1142.0 0
1716973549070 1143.0 0
1716973549783 1144.0 0
1716973550622 1145.0 0
1716973551659 1146.0 0
1716973552514 1147.0 0
1716973553486 1148.0 0
1716973555117 1149.0 0
1716973558485 1150.0 0
1716973591880 1151.0 0
1716973592756 1152.0 0
1716973593397 1153.0 0
1716973594023 1154.0 0
1716973594874 1155.0 0
1716973597980 1156.0 0
1716973599101 1157.0 0
1716973599900 1158.0 0
1716973600826 1159.0 0
1716973602161 1160.0 0
1716973632040 1161.0 0
1716973633089 1162.0 0
1716973633666 1163.0 0
1716973634393 1164.0 0
1716973635372 1165.0 0
1716973638546 1166.0 0
1716973639612 1167.0 0
1716973640557 1168.0 0
1716973641427 1169.0 0
1716973642715 1170.0 0
1716973669581 1171.0 0
1716973670515 1172.0 0
1716973671500 1173.0 0
1716973672401 1174.0 0
1716973673510 1175.0 0
1716973674940 1176.0 0
1716973678667 1177.0 0
1716973679991 1178.0 0
1716973680856 1179.0 0
1716973681837 1180.0 0
1716973714676 1181.0 0
1716973715681 1182.0 0
1716973716633 1183.0 0
1716973717518 1184.0 0
1716973719280 1185.0 0
1716973720227 1186.0 0
1716973721054 1187.0 0
1716973722016 1188.0 0
1716973723553 1189.0 0
1716973726656 1190.0 0
1716973751914 1191.0 0
1716973752761 1192.0 0
1716973753410 1193.0 0
1716973754071 1194.0 0
1716973754984 1195.0 0
1716973756007 1196.0 0
1716973757963 1197.0 0
1716973760661 1198.0 0
1716973762533 1199.0 0
1716973764016 1200.0 0
1716973801148 1201.0 0
1716973802060 1202.0 0
1716973802686 1203.0 0
1716973803608 1204.0 0
1716973807198 1205.0 0
1716973807939 1206.0 0
1716973808738 1207.0 0
1716973810784 1208.0 0
1716973813034 1209.0 0
1716973814772 1210.0 0
