1716970172093 7.122378349304199 0
1716970174416 8.793310165405273 0
1716970175022 8.869144439697266 0
1716970184781 9.190009117126465 0
1716970185482 7.339560508728027 0
1716970186143 6.729804039001465 0
1716970186964 6.1229424476623535 0
1716970188382 5.579229354858398 0
1716970189485 4.901048183441162 0
1716970190619 4.414700031280518 0
1716970205671 4.146262168884277 0
1716970206437 3.9651691913604736 0
1716970207117 3.8708975315093994 0
1716970208477 3.611490488052368 0
1716970210117 3.4687697887420654 0
1716970211734 3.2408931255340576 0
1716970212740 3.3141465187072754 0
1716970214061 3.1505913734436035 0
1716970216183 3.1075778007507324 0
1716970219667 2.9888765811920166 0
1716970232819 2.926703453063965 0
1716970233381 2.915623903274536 0
1716970233931 2.8334617614746094 0
1716970234558 2.7791945934295654 0
1716970235437 2.6952531337738037 0
1716970238219 2.65574049949646 0
1716970239497 2.642022132873535 0
1716970241071 2.603135824203491 0
1716970242525 2.526599407196045 0
1716970244235 2.509357452392578 0
1716970256003 2.4733073711395264 0
1716970256768 2.4492404460906982 0
1716970257506 2.402523994445801 0
1716970258268 2.3814094066619873 0
1716970259167 2.3508756160736084 0
1716970260640 2.3183672428131104 0
1716970262757 2.286017894744873 0
1716970264953 2.2615230083465576 0
1716970266567 2.243769645690918 0
1716970267945 2.2093796730041504 0
1716970279616 2.186941385269165 0
1716970280407 2.1720328330993652 0
1716970281234 2.138974189758301 0
1716970281970 2.1171395778656006 0
1716970282791 2.0966787338256836 0
1716970284325 2.0708236694335938 0
1716970286366 2.0550777912139893 0
1716970288497 2.040337085723877 0
1716970290230 2.0157461166381836 0
1716970291846 1.9975031614303589 0
1716970305907 1.975022315979004 0
1716970306478 1.9558216333389282 0
1716970307067 1.94083833694458 0
1716970307881 1.9208650588989258 0
1716970308726 1.9160747528076172 0
1716970309591 1.8790826797485352 0
1716970310650 1.8554942607879639 0
1716970312983 1.8413538932800293 0
1716970315544 1.825392484664917 0
1716970317215 1.812662959098816 0
1716970329113 1.7781202793121338 0
1716970329806 1.758413314819336 0
1716970330481 1.7450683116912842 0
1716970331263 1.739125370979309 0
1716970332213 1.815908670425415 0
1716970333591 1.731571912765503 0
1716970335752 1.7642395496368408 0
1716970337920 1.6636141538619995 0
1716970339518 1.7738072872161865 0
1716970340925 1.9467706680297852 0
1716970351679 1.7455906867980957 0
1716970352381 1.7843632698059082 0
1716970353107 1.7369980812072754 0
1716970353820 1.6730384826660156 0
1716970354638 1.6783803701400757 0
1716970356062 1.6463356018066406 0
1716970358315 1.5796785354614258 0
1716970360456 1.6231614351272583 0
1716970362055 1.537050485610962 0
1716970363434 1.5692088603973389 0
1716970375205 1.4834612607955933 0
1716970375896 1.5186558961868286 0
1716970376561 1.4536113739013672 0
1716970377276 1.4485996961593628 0
1716970378195 1.435776948928833 0
1716970379653 1.3935002088546753 0
1716970381673 1.401287317276001 0
1716970383882 1.3638499975204468 0
1716970385602 1.353449821472168 0
1716970387081 1.3428541421890259 0
1716970398912 1.306890845298767 0
1716970399628 1.3080695867538452 0
1716970401113 1.2998688220977783 0
1716970401807 1.267553448677063 0
1716970402606 1.2816963195800781 0
1716970403779 1.4409055709838867 0
1716970405579 1.2262587547302246 0
1716970408064 1.3820592164993286 0
1716970409904 1.2231895923614502 0
1716970411365 1.3286820650100708 0
1716970422088 1.183394432067871 0
1716970422777 1.262751817703247 0
1716970423558 1.1652312278747559 0
1716970424294 1.182252287864685 0
1716970425665 1.1477879285812378 0
1716970427167 1.1129359006881714 0
1716970428775 1.125974416732788 0
1716970430959 1.0567160844802856 0
1716970434499 1.0889188051223755 0
1716970435529 1.0179007053375244 0
1716970448794 1.0325700044631958 0
1716970449526 0.9894666075706482 0
1716970450460 0.9781934022903442 0
1716970451883 0.9569911956787109 0
1716970452750 0.951330304145813 0
1716970454316 0.9634192585945129 0
1716970456497 0.9405998587608337 0
1716970459347 0.9061560034751892 0
1716970460406 0.9177351593971252 0
1716970461685 0.8674562573432922 0
1716970475756 0.8643413782119751 0
1716970476484 0.8543975949287415 0
1716970477135 0.8177053332328796 0
1716970477858 0.821418046951294 0
1716970478928 0.7939440011978149 0
1716970480206 0.7716999650001526 0
1716970482884 0.7673217058181763 0
1716970485297 0.7619825601577759 0
1716970486824 0.7283495664596558 0
1716970488092 0.7338212728500366 0
1716970498870 0.741759181022644 0
1716970499601 0.6893038749694824 0
1716970501658 0.7069326639175415 0
1716970502755 0.7319303750991821 0
1716970503858 0.6643139719963074 0
1716970505485 0.6930232048034668 0
1716970508148 0.7183129787445068 0
1716970510063 0.6511760950088501 0
1716970511766 0.6852627992630005 0
1716970513211 0.7902084589004517 0
1716970527917 0.6525214314460754 0
1716970528603 0.7101866602897644 0
1716970529292 0.7552513480186462 0
1716970530781 0.6489841341972351 0
1716970532973 0.7176516056060791 0
1716970534257 0.592181384563446 0
1716970536587 0.6889132857322693 0
1716970540417 0.6011525988578796 0
1716970542208 0.6490795612335205 0
1716970543728 0.5702515840530396 0
1716970557373 0.6215929985046387 0
1716970558358 0.542564868927002 0
1716970559182 0.5776669383049011 0
1716970561548 0.5337002277374268 0
1716970563150 0.5486737489700317 0
1716970564368 0.5010436773300171 0
1716970566127 0.5029716491699219 0
1716970568250 0.4850879907608032 0
1716970570050 0.4783879220485687 0
1716970571622 0.4685593843460083 0
1716970585083 0.4618200957775116 0
1716970585928 0.4465934634208679 0
1716970586703 0.44192227721214294 0
1716970588925 0.43479207158088684 0
1716970591643 0.4266403615474701 0
1716970593191 0.41843774914741516 0
1716970595838 0.411956787109375 0
1716970597458 0.4053972661495209 0
1716970598348 0.3995510935783386 0
1716970599272 0.3906322121620178 0
1716970627948 0.38710176944732666 0
1716970629315 0.3812323212623596 0
1716970629993 0.3753250241279602 0
1716970632656 0.370352566242218 0
1716970633993 0.364283949136734 0
1716970634744 0.3596779406070709 0
1716970636033 0.3552701771259308 0
1716970637878 0.3518889248371124 0
1716970639055 0.3460659980773926 0
1716970640489 0.3432125449180603 0
1716970656462 0.3395746946334839 0
1716970657303 0.33442652225494385 0
1716970657935 0.3322290778160095 0
1716970658589 0.32812872529029846 0
1716970659790 0.3246220648288727 0
1716970660857 0.32174259424209595 0
1716970663250 0.318889856338501 0
1716970664424 0.3149162232875824 0
1716970665814 0.3123113214969635 0
1716970667589 0.30965447425842285 0
1716970681001 0.3059781491756439 0
1716970681775 0.3041222095489502 0
1716970682474 0.30129101872444153 0
1716970683193 0.29826533794403076 0
1716970684133 0.29649999737739563 0
1716970685625 0.29353174567222595 0
1716970687876 0.29151588678359985 0
1716970689950 0.2894950211048126 0
1716970691542 0.28695422410964966 0
1716970692920 0.2849879264831543 0
1716970704480 0.2831536531448364 0
1716970705299 0.2810616195201874 0
1716970706060 0.2787690758705139 0
1716970706892 0.2775575518608093 0
1716970707826 0.27544116973876953 0
1716970709999 0.27328309416770935 0
1716970711545 0.2722330093383789 0
1716970713254 0.2699335515499115 0
1716970715034 0.26820045709609985 0
1716970716658 0.2669210433959961 0
1716970727786 0.26487037539482117 0
1716970728485 0.2633039653301239 0
1716970729203 0.2619858384132385 0
1716970730015 0.26023924350738525 0
1716970730953 0.2586272656917572 0
1716970732426 0.2574393153190613 0
1716970734889 0.25585490465164185 0
1716970736934 0.254323810338974 0
1716970738643 0.2532287836074829 0
1716970739977 0.2517146170139313 0
1716970752157 0.2503435015678406 0
1716970752864 0.24924659729003906 0
1716970753546 0.2478688806295395 0
1716970754321 0.24654176831245422 0
1716970755238 0.24551406502723694 0
1716970756645 0.24427765607833862 0
1716970759266 0.24295079708099365 0
1716970761317 0.24201495945453644 0
1716970762950 0.24084672331809998 0
1716970764363 0.23956511914730072 0
1716970776448 0.23869843780994415 0
1716970777162 0.2376031130552292 0
1716970777842 0.23636387288570404 0
1716970778740 0.23553194105625153 0
1716970779780 0.23452900350093842 0
1716970781174 0.2333207130432129 0
1716970783542 0.23251597583293915 0
1716970785753 0.2315995693206787 0
1716970787294 0.23041842877864838 0
1716970788675 0.22963649034500122 0
1716970801136 0.22882403433322906 0
1716970801889 0.22765275835990906 0
1716970802591 0.22687923908233643 0
1716970803341 0.2261407971382141 0
1716970804193 0.22500964999198914 0
1716970805485 0.22423826158046722 0
1716970807663 0.22355449199676514 0
1716970810331 0.22248351573944092 0
1716970811858 0.22168870270252228 0
1716970813153 0.22103537619113922 0
1716970826005 0.22006145119667053 0
1716970826697 0.21924342215061188 0
1716970827379 0.21859051287174225 0
1716970828147 0.21773064136505127 0
1716970829026 0.2169009894132614 0
1716970830608 0.21621640026569366 0
1716970832909 0.2154698669910431 0
1716970835134 0.21467739343643188 0
1716970836823 0.21395650506019592 0
1716970838200 0.21327464282512665 0
1716970848785 0.2125491499900818 0
1716970849451 0.21181058883666992 0
1716970850131 0.21114465594291687 0
1716970850893 0.21048082411289215 0
1716970851779 0.2097608745098114 0
1716970853110 0.20909206569194794 0
1716970855632 0.2084580808877945 0
1716970857855 0.20778532326221466 0
1716970859609 0.2071196585893631 0
1716970860910 0.20649494230747223 0
1716970871468 0.20586825907230377 0
1716970872134 0.20522893965244293 0
1716970872849 0.20460748672485352 0
1716970873583 0.2040073573589325 0
1716970874426 0.20340502262115479 0
1716970875745 0.20279817283153534 0
1716970878115 0.20220980048179626 0
1716970880220 0.20163297653198242 0
1716970881899 0.20105431973934174 0
1716970883351 0.20047762989997864 0
1716970894702 0.1999170482158661 0
1716970895379 0.19936148822307587 0
1716970896099 0.1988062858581543 0
1716970896813 0.19825831055641174 0
1716970897639 0.1977185755968094 0
1716970899040 0.19718524813652039 0
1716970901361 0.19665221869945526 0
1716970903429 0.19612570106983185 0
1716970904970 0.19560664892196655 0
1716970906324 0.19509075582027435 0
1716970917103 0.19457823038101196 0
1716970917782 0.19407148659229279 0
1716970918469 0.1935693919658661 0
1716970919221 0.19307148456573486 0
1716970920502 0.19257614016532898 0
1716970921741 0.19208618998527527 0
1716970923702 0.19159889221191406 0
1716970925897 0.19111497700214386 0
1716970927536 0.19063550233840942 0
1716970928904 0.1901591420173645 0
1716970940213 0.18968509137630463 0
1716970940896 0.18921388685703278 0
1716970941570 0.18874654173851013 0
1716970942272 0.18828198313713074 0
1716970943155 0.18781991302967072 0
1716970944627 0.18735940754413605 0
1716970947049 0.18690185248851776 0
1716970949316 0.18644723296165466 0
1716970950994 0.18599417805671692 0
1716970952459 0.18554317951202393 0
1716970965229 0.18509480357170105 0
1716970966007 0.1846475452184677 0
1716970967145 0.1842028647661209 0
1716970968524 0.18376030027866364 0
1716970970696 0.18332035839557648 0
1716970971643 0.1828804910182953 0
1716970972656 0.18244513869285583 0
1716970973851 0.18200941383838654 0
1716970975671 0.18157657980918884 0
1716970978068 0.18114560842514038 0
1716970990588 0.18071645498275757 0
1716970991355 0.1802896410226822 0
1716970992078 0.17986470460891724 0
1716970992824 0.17944233119487762 0
1716970993702 0.17902013659477234 0
1716970995169 0.17860116064548492 0
1716970997626 0.1781851351261139 0
1716970999739 0.17777013778686523 0
1716971001342 0.17735695838928223 0
1716971002726 0.17694707214832306 0
1716971020313 0.17653892934322357 0
1716971021104 0.1761324107646942 0
1716971021744 0.17572790384292603 0
1716971022471 0.1753271520137787 0
1716971023296 0.1749274730682373 0
1716971024415 0.17453067004680634 0
1716971026293 0.17413587868213654 0
1716971029360 0.1737438142299652 0
1716971031111 0.17335377633571625 0
1716971032501 0.17296737432479858 0
1716971045587 0.17258331179618835 0
1716971046339 0.17220406234264374 0
1716971047007 0.17183446884155273 0
1716971047724 0.1714872419834137 0
1716971048634 0.17121441662311554 0
1716971050139 0.1711827665567398 0
1716971052576 0.17241419851779938 0
1716971054808 0.17437122762203217 0
1716971056373 0.18496380746364594 0
1716971057737 0.20038877427577972 0
1716971069587 1.0698219537734985 0
1716971070321 6.334400653839111 0
1716971071026 5.377033710479736 0
1716971071775 6.078605651855469 0
1716971072621 5.974717140197754 0
1716971074189 5.850304126739502 0
1716971076486 5.907236099243164 0
1716971078658 5.09278678894043 0
1716971080277 4.577615261077881 0
1716971081724 5.054131031036377 0
1716971092571 4.464046955108643 0
1716971093463 4.744937896728516 0
1716971094545 4.255130767822266 0
1716971095852 3.8395836353302 0
1716971097759 3.817399263381958 0
1716971098754 3.9543850421905518 0
1716971099946 3.8061275482177734 0
1716971101774 3.6054530143737793 0
1716971103640 3.403545618057251 0
1716971105490 3.3154995441436768 0
1716971116512 3.210935354232788 0
1716971117194 3.1530508995056152 0
1716971117893 3.0916731357574463 0
1716971118699 3.038573741912842 0
1716971119576 2.976613759994507 0
1716971121095 2.8660659790039062 0
1716971123202 2.8363184928894043 0
1716971125327 2.767932653427124 0
1716971126950 2.698676586151123 0
1716971128347 2.618039608001709 0
1716971139915 2.567498207092285 0
1716971140597 2.5080063343048096 0
1716971141243 2.4849765300750732 0
1716971141985 2.4390411376953125 0
1716971142866 2.418919563293457 0
1716971144178 2.376281261444092 0
1716971146598 2.379737377166748 0
1716971148890 2.363154172897339 0
1716971150427 2.3029325008392334 0
1716971151821 2.3066515922546387 0
1716971163519 2.2443442344665527 0
1716971165410 2.240201950073242 0
1716971166740 2.2018322944641113 0
1716971167617 2.165642023086548 0
1716971169088 2.156433582305908 0
1716971170415 2.1126022338867188 0
1716971171709 2.1059107780456543 0
1716971173687 2.073739767074585 0
1716971175994 2.0486910343170166 0
1716971177754 2.030784845352173 0
1716971193073 2.00770902633667 0
1716971193794 1.9840049743652344 0
1716971194375 1.9678823947906494 0
1716971195030 1.9476902484893799 0
1716971195950 1.9335702657699585 0
1716971197048 1.8980807065963745 0
1716971198075 1.8986891508102417 0
1716971199538 1.9016584157943726 0
1716971202143 1.8658764362335205 0
1716971204188 1.8325155973434448 0
1716971216269 1.8292440176010132 0
1716971216995 1.8220311403274536 0
1716971217783 1.7776479721069336 0
1716971218594 1.7965834140777588 0
1716971219534 1.757505178451538 0
1716971221273 1.786515235900879 0
1716971222864 1.7355358600616455 0
1716971224928 1.6950310468673706 0
1716971226825 1.7277029752731323 0
1716971228422 1.6595170497894287 0
1716971253757 1.6564702987670898 0
1716971255111 1.675426721572876 0
1716971255809 1.6583141088485718 0
1716971256494 1.6974776983261108 0
1716971257727 1.5734635591506958 0
1716971258949 1.6379482746124268 0
1716971260625 1.585674524307251 0
1716971262994 1.554153561592102 0
1716971264945 1.5818958282470703 0
1716971266592 1.5026533603668213 0
1716971282913 1.5252379179000854 0
1716971283707 1.5042616128921509 0
1716971284395 1.4679909944534302 0
1716971285193 1.4628748893737793 0
1716971286286 1.453394889831543 0
1716971287985 1.4135560989379883 0
1716971290083 1.4199315309524536 0
1716971292113 1.3958876132965088 0
1716971293798 1.3779186010360718 0
1716971295190 1.369996428489685 0
1716971312812 1.354827880859375 0
1716971313680 1.333653211593628 0
1716971314359 1.3307180404663086 0
1716971315090 1.3086042404174805 0
1716971316453 1.3003296852111816 0
1716971317748 1.2908291816711426 0
1716971319797 1.270913004875183 0
1716971321546 1.27166748046875 0
1716971323423 1.25569748878479 0
1716971325018 1.2491854429244995 0
1716971340524 1.2310441732406616 0
1716971341331 1.2254927158355713 0
1716971341950 1.2107715606689453 0
1716971342724 1.197831153869629 0
1716971343686 1.1889183521270752 0
1716971344911 1.1728127002716064 0
1716971346412 1.1663990020751953 0
1716971349372 1.149338960647583 0
1716971351221 1.1435279846191406 0
1716971352625 1.1298222541809082 0
1716971365024 1.1200302839279175 0
1716971365753 1.1102248430252075 0
1716971366405 1.0981062650680542 0
1716971367153 1.086983323097229 0
1716971368308 1.0780234336853027 0
1716971370352 1.067746639251709 0
1716971371977 1.0555154085159302 0
1716971373829 1.0466455221176147 0
1716971375625 1.0355932712554932 0
1716971377332 1.0269618034362793 0
1716971390434 1.0148959159851074 0
1716971391427 1.0058189630508423 0
1716971392148 0.9951556921005249 0
1716971392935 0.9879810214042664 0
1716971393926 0.9869819283485413 0
1716971395813 0.9948348999023438 0
1716971397899 1.0927135944366455 0
1716971399419 1.1122121810913086 0
1716971400948 1.8473714590072632 0
1716971402539 1.6478022336959839 0
1716971415008 1.2372647523880005 0
1716971415787 1.3954252004623413 0
1716971416632 1.409628987312317 0
1716971417318 1.2540290355682373 0
1716971418165 1.1069029569625854 0
1716971419497 1.2780324220657349 0
1716971421813 1.21522855758667 0
1716971424362 1.060662031173706 0
1716971426087 1.1080471277236938 0
1716971427455 1.12568998336792 0
1716971441132 1.039656162261963 0
1716971441943 0.9940274953842163 0
1716971442615 1.0092298984527588 0
1716971443404 1.0087865591049194 0
1716971444464 0.9615486860275269 0
1716971445813 0.9176369309425354 0
1716971448306 0.934129536151886 0
1716971450465 0.93416827917099 0
1716971452029 0.8869593143463135 0
1716971453437 0.8819116353988647 0
1716971466811 0.8791803121566772 0
1716971467520 0.8466436266899109 0
1716971468213 0.8376440405845642 0
1716971468932 0.8368664979934692 0
1716971470018 0.8117846846580505 0
1716971471504 0.7942241430282593 0
1716971473605 0.7919299602508545 0
1716971475796 0.7860849499702454 0
1716971477489 0.7720752358436584 0
1716971478967 0.7581565380096436 0
1716971493216 0.7432864308357239 0
1716971493986 0.732371985912323 0
1716971494762 0.7273921966552734 0
1716971495479 0.7195761799812317 0
1716971496384 0.7054784297943115 0
1716971497691 0.6967321634292603 0
1716971500473 0.6913309693336487 0
1716971502711 0.6825497150421143 0
1716971504206 0.6719391942024231 0
1716971505471 0.6625296473503113 0
1716971518518 0.653819739818573 0
1716971519558 0.6467631459236145 0
1716971520320 0.6403926610946655 0
1716971521079 0.6309489607810974 0
1716971522065 0.622671365737915 0
1716971523456 0.6170417070388794 0
1716971526009 0.6111021637916565 0
1716971528274 0.604167103767395 0
1716971529845 0.5965678095817566 0
1716971531236 0.5896973609924316 0
1716971543311 0.584248960018158 0
1716971544094 0.5784358382225037 0
1716971544790 0.5717153549194336 0
1716971545511 0.5655350089073181 0
1716971546374 0.5600950717926025 0
1716971547813 0.5547630786895752 0
1716971550589 0.5492342114448547 0
1716971552887 0.5434478521347046 0
1716971554455 0.53794264793396 0
1716971555661 0.5331913828849792 0
1716971575334 0.5282574892044067 0
1716971576726 0.5231437087059021 0
1716971577580 0.5179688930511475 0
1716971578317 0.5131117105484009 0
1716971579614 0.5086035132408142 0
1716971581370 0.5041252970695496 0
1716971582200 0.49937140941619873 0
1716971583392 0.4948175847530365 0
1716971585384 0.49041756987571716 0
1716971587610 0.4861629903316498 0
1716971600280 0.48184430599212646 0
1716971600998 0.4775144159793854 0
1716971601681 0.47328484058380127 0
1716971602437 0.46918392181396484 0
1716971603353 0.4651075303554535 0
1716971605063 0.46102577447891235 0
1716971607542 0.4570075273513794 0
1716971609482 0.45304808020591736 0
1716971611115 0.4491652846336365 0
1716971612533 0.44524624943733215 0
1716971625283 0.4414007365703583 0
1716971626192 0.43758490681648254 0
1716971627006 0.43382152915000916 0
1716971627739 0.4300820529460907 0
1716971628638 0.4263564348220825 0
1716971629992 0.4227154552936554 0
1716971632496 0.4190961718559265 0
1716971634438 0.41550034284591675 0
1716971636129 0.4119453430175781 0
1716971637643 0.40842577815055847 0
1716971652918 0.40498945116996765 0
1716971653639 0.40155085921287537 0
1716971654420 0.40639713406562805 0
1716971655143 0.40724247694015503 0
1716971656075 0.41050097346305847 0
1716971657478 0.40498119592666626 0
1716971659524 0.4026276171207428 0
1716971661793 0.3970601260662079 0
1716971663524 0.3976061940193176 0
1716971665105 0.39321738481521606 0
1716971679385 0.3859773874282837 0
1716971680124 0.3839075565338135 0
1716971680788 0.3824099600315094 0
1716971681567 0.3776679039001465 0
1716971682487 0.3747236132621765 0
1716971683910 0.3704400956630707 0
1716971686293 0.3676731586456299 0
1716971688547 0.3665868937969208 0
1716971690178 0.36231204867362976 0
1716971691562 0.3589824438095093 0
1716971705829 0.3572823107242584 0
1716971706601 0.3546770215034485 0
1716971707288 0.3528059124946594 0
1716971708047 0.3500503599643707 0
1716971709879 0.3473660945892334 0
1716971711697 0.34626391530036926 0
1716971712724 0.3436790406703949 0
1716971714122 0.3411571681499481 0
1716971715931 0.3391984701156616 0
1716971717806 0.3369850814342499 0
1716971731723 0.3357866406440735 0
1716971732600 0.3328997790813446 0
1716971733377 0.3312629461288452 0
1716971734182 0.3292808532714844 0
1716971735253 0.32764551043510437 0
1716971736698 0.3259722888469696 0
1716971739083 0.323840856552124 0
1716971741231 0.3224145174026489 0
1716971742879 0.3209872841835022 0
1716971744431 0.3191586434841156 0
1716971756855 0.3176089823246002 0
1716971757632 0.31595224142074585 0
1716971758431 0.3146193325519562 0
1716971759448 0.313242644071579 0
1716971760569 0.3116769790649414 0
1716971761977 0.3103533685207367 0
1716971763850 0.3089978098869324 0
1716971765872 0.30761027336120605 0
1716971767788 0.3063606023788452 0
1716971769303 0.3049513101577759 0
1716971782400 0.303699791431427 0
1716971783196 0.3025186359882355 0
1716971784185 0.3012394905090332 0
1716971785112 0.3000630736351013 0
1716971786021 0.2988651394844055 0
1716971787507 0.2976825535297394 0
1716971789639 0.29658955335617065 0
1716971791815 0.2954111397266388 0
1716971793513 0.2943011522293091 0
1716971794987 0.29322415590286255 0
1716971808543 0.29211822152137756 0
1716971809264 0.29106616973876953 0
1716971809982 0.2900015115737915 0
1716971810752 0.2889503240585327 0
1716971811698 0.2879425585269928 0
1716971813182 0.2869233191013336 0
1716971815828 0.2859070301055908 0
1716971817968 0.2849230170249939 0
1716971819542 0.2839331030845642 0
1716971820967 0.28297340869903564 0
1716971834512 0.2820277214050293 0
1716971835478 0.2810751497745514 0
1716971836186 0.2801540195941925 0
1716971836931 0.27922961115837097 0
1716971837997 0.27831462025642395 0
1716971839421 0.2774158716201782 0
1716971841908 0.27652081847190857 0
1716971844099 0.27564480900764465 0
1716971845681 0.2747783064842224 0
1716971847069 0.27391377091407776 0
1716971860381 0.273062139749527 0
1716971861504 0.2722212076187134 0
1716971862374 0.2713850438594818 0
1716971863117 0.27056220173835754 0
1716971863977 0.2697434425354004 0
1716971865422 0.2689349949359894 0
1716971867715 0.26813673973083496 0
1716971870036 0.2673438787460327 0
1716971871720 0.2665605843067169 0
1716971873369 0.26578474044799805 0
1716971888773 0.26501742005348206 0
1716971889691 0.26425719261169434 0
1716971890337 0.26350468397140503 0
1716971891125 0.26275792717933655 0
1716971892234 0.2620207369327545 0
1716971894887 0.2612901031970978 0
1716971895839 0.26056602597236633 0
1716971896871 0.2598501145839691 0
1716971898260 0.25913989543914795 0
1716971900037 0.25843754410743713 0
1716971917066 0.2577415108680725 0
1716971917970 0.25705185532569885 0
1716971918677 0.2563682794570923 0
1716971919477 0.2556920051574707 0
1716971920331 0.25502172112464905 0
1716971921424 0.2543582618236542 0
1716971923302 0.253700852394104 0
1716971926102 0.2530488967895508 0
1716971927896 0.25240373611450195 0
1716971929266 0.25176331400871277 0
1716971946055 0.2511286735534668 0
1716971946823 0.250499963760376 0
1716971947509 0.24987751245498657 0
1716971948229 0.24925895035266876 0
1716971949251 0.24864625930786133 0
1716971950477 0.24803800880908966 0
1716971952299 0.24743540585041046 0
1716971954996 0.24683891236782074 0
1716971956757 0.24624788761138916 0
1716971958174 0.2456631064414978 0
1716971980584 0.24508237838745117 0
1716971981474 0.24450862407684326 0
1716971982116 0.24393899738788605 0
1716971982803 0.24337457120418549 0
1716971983774 0.24281777441501617 0
1716971986855 0.24226514995098114 0
1716971988485 0.24171707034111023 0
1716971989468 0.24117450416088104 0
1716971990650 0.24063654243946075 0
1716971992328 0.24010340869426727 0
1716972006762 0.2395755797624588 0
1716972007642 0.2390516996383667 0
1716972008334 0.23853254318237305 0
1716972009127 0.2380181849002838 0
1716972010083 0.23750731348991394 0
1716972011330 0.23700051009655 0
1716972013618 0.23649853467941284 0
1716972016080 0.23599953949451447 0
1716972017688 0.23550422489643097 0
1716972019086 0.23501324653625488 0
1716972033398 0.2345273196697235 0
1716972034131 0.23404492437839508 0
1716972034831 0.23356589674949646 0
1716972035557 0.23309096693992615 0
1716972036418 0.23262059688568115 0
1716972038014 0.23215261101722717 0
1716972040495 0.23168902099132538 0
1716972042535 0.23122833669185638 0
1716972044051 0.23077015578746796 0
1716972045693 0.23031359910964966 0
1716972067393 0.229853093624115 0
1716972068387 0.22938373684883118 0
1716972068966 0.22896654903888702 0
1716972069659 0.22853291034698486 0
1716972071453 0.22812071442604065 0
1716972073373 0.22769223153591156 0
1716972074200 0.22723998129367828 0
1716972075237 0.22672908008098602 0
1716972076892 0.22644232213497162 0
1716972079138 0.22624097764492035 0
1716972117497 0.2260414958000183 0
1716972119143 0.22571568191051483 0
1716972120527 0.2253003865480423 0
1716972121854 0.22462902963161469 0
1716972123455 0.22409595549106598 0
1716972125574 0.2237137407064438 0
1716972127116 0.22332502901554108 0
1716972128310 0.22333478927612305 0
1716972130111 0.22264313697814941 0
1716972131789 0.22301165759563446 0
1716972160565 0.22316211462020874 0
1716972161285 0.22293029725551605 0
1716972161947 0.22219280898571014 0
1716972163734 0.22132888436317444 0
1716972165994 0.22067199647426605 0
1716972166967 0.2201797068119049 0
1716972168010 0.2198747843503952 0
1716972169110 0.21971450746059418 0
1716972171382 0.21931149065494537 0
1716972173456 0.2187231332063675 0
1716972191518 0.21817240118980408 0
1716972192381 0.21771366894245148 0
1716972193087 0.2174385040998459 0
1716972194441 0.21713489294052124 0
1716972196339 0.21672259271144867 0
1716972198022 0.2162960022687912 0
1716972199075 0.2158401757478714 0
1716972200235 0.21542343497276306 0
1716972202084 0.2150680273771286 0
1716972204787 0.21472591161727905 0
1716972224404 0.21438096463680267 0
1716972225627 0.21401819586753845 0
1716972227463 0.21360987424850464 0
1716972229333 0.2132217288017273 0
1716972230483 0.21286143362522125 0
1716972231769 0.21252569556236267 0
1716972233316 0.21219821274280548 0
1716972234378 0.21183115243911743 0
1716972235482 0.21145625412464142 0
1716972237503 0.2110915184020996 0
1716972269084 0.21078594028949738 0
1716972270798 0.2103969007730484 0
1716972272081 0.2100771814584732 0
1716972273416 0.20974421501159668 0
1716972280061 0.209422305226326 0
1716972282108 0.20907440781593323 0
1716972284461 0.20871146023273468 0
1716972285620 0.20835936069488525 0
1716972286840 0.20807874202728271 0
1716972288348 0.20774298906326294 0
1716972309489 0.2074825018644333 0
1716972310321 0.207184836268425 0
1716972311066 0.20681823790073395 0
1716972311874 0.20643818378448486 0
1716972312893 0.20611120760440826 0
1716972314651 0.2057938128709793 0
1716972316787 0.2054792046546936 0
1716972317917 0.20519179105758667 0
1716972319534 0.20488540828227997 0
1716972321477 0.20454524457454681 0
1716972340753 0.20418056845664978 0
1716972341625 0.204009011387825 0
1716972342256 0.203790083527565 0
1716972342995 0.20370467007160187 0
1716972343967 0.20347343385219574 0
1716972345107 0.2030336558818817 0
1716972346975 0.20254386961460114 0
1716972349668 0.20220714807510376 0
1716972351410 0.20208200812339783 0
1716972352947 0.20162968337535858 0
1716972374334 0.20129349827766418 0
1716972375437 0.20104199647903442 0
1716972376130 0.20077581703662872 0
1716972376775 0.20048165321350098 0
1716972377570 0.20015093684196472 0
1716972378824 0.1998162865638733 0
1716972380544 0.19953449070453644 0
1716972383358 0.19927655160427094 0
1716972385588 0.19895797967910767 0
1716972386918 0.19872057437896729 0
1716972412355 0.1984589546918869 0
1716972413448 0.19815874099731445 0
1716972414207 0.19783370196819305 0
1716972415027 0.19752070307731628 0
1716972415769 0.1973821520805359 0
1716972416681 0.19707952439785004 0
1716972418011 0.19697430729866028 0
1716972420560 0.19679765403270721 0
1716972422867 0.19643902778625488 0
1716972424539 0.19602486491203308 0
1716972445005 0.19571621716022491 0
1716972445757 0.19551432132720947 0
1716972446437 0.19530096650123596 0
1716972447119 0.19488580524921417 0
1716972447896 0.19471049308776855 0
1716972448930 0.19455182552337646 0
1716972451279 0.19429543614387512 0
1716972454167 0.193949356675148 0
1716972455881 0.19359658658504486 0
1716972457268 0.1933300644159317 0
1716972469919 0.1933087706565857 0
1716972470703 0.19287636876106262 0
1716972471381 0.19283433258533478 0
1716972472150 0.19275254011154175 0
1716972473231 0.19245022535324097 0
1716972474571 0.19199571013450623 0
1716972476903 0.19166189432144165 0
1716972479128 0.19145910441875458 0
1716972480723 0.191316157579422 0
1716972482070 0.19097189605236053 0
1716972496634 0.1906318962574005 0
1716972497341 0.19040744006633759 0
1716972498263 0.1902221441268921 0
1716972498981 0.18999285995960236 0
1716972499765 0.18970897793769836 0
1716972500745 0.18940520286560059 0
1716972502502 0.1893378049135208 0
1716972505737 0.1892002373933792 0
1716972507458 0.1890370100736618 0
1716972508776 0.18892136216163635 0
1716972524257 0.18872936069965363 0
1716972525201 0.18834970891475677 0
1716972525905 0.1881045699119568 0
1716972526627 0.18781426548957825 0
1716972527559 0.18768982589244843 0
1716972528839 0.18741577863693237 0
1716972531234 0.1871481090784073 0
1716972533800 0.18688128888607025 0
1716972535413 0.18658308684825897 0
1716972536755 0.18631669878959656 0
1716972555023 0.1861819326877594 0
1716972555787 0.18596704304218292 0
1716972556401 0.18588411808013916 0
1716972557088 0.18563054502010345 0
1716972558025 0.18531917035579681 0
1716972559315 0.18499746918678284 0
1716972561760 0.18488523364067078 0
1716972564061 0.1845691055059433 0
1716972565750 0.18434061110019684 0
1716972567129 0.184173583984375 0
1716972601353 0.18395909667015076 0
1716972602054 0.18369783461093903 0
1716972602633 0.18345381319522858 0
1716972603280 0.1832786202430725 0
1716972604652 0.183015838265419 0
1716972605702 0.18282201886177063 0
1716972607082 0.18262720108032227 0
1716972609811 0.1823885142803192 0
1716972611909 0.18219423294067383 0
1716972613463 0.18195189535617828 0
1716972633774 0.18176618218421936 0
1716972634798 0.18153904378414154 0
1716972635492 0.18138553202152252 0
1716972636213 0.18127071857452393 0
1716972637224 0.18112722039222717 0
1716972638560 0.1808377504348755 0
1716972641093 0.18065406382083893 0
1716972643609 0.180488720536232 0
1716972645258 0.1803799569606781 0
1716972646691 0.18014515936374664 0
1716972666922 0.17988447844982147 0
1716972667775 0.17971168458461761 0
1716972668439 0.1794538050889969 0
1716972669239 0.1792910099029541 0
1716972670459 0.17908234894275665 0
1716972675986 0.17887672781944275 0
1716972677974 0.17870093882083893 0
1716972678829 0.17855098843574524 0
1716972679543 0.1783677190542221 0
1716972680384 0.1781356781721115 0
1716972702312 0.17794711887836456 0
1716972703415 0.17774593830108643 0
1716972704068 0.17757855355739594 0
1716972704855 0.1774110049009323 0
1716972706277 0.1771918386220932 0
1716972707174 0.1770244836807251 0
1716972708195 0.17686855792999268 0
1716972710121 0.17667897045612335 0
1716972713115 0.17657054960727692 0
1716972714762 0.17629869282245636 0
1716972735712 0.1762494146823883 0
1716972736622 0.17679977416992188 0
1716972737292 0.17702838778495789 0
1716972737956 0.17663168907165527 0
1716972738761 0.17608879506587982 0
1716972740045 0.17569281160831451 0
1716972741864 0.175688236951828 0
1716972744843 0.17588159441947937 0
1716972746593 0.1751541793346405 0
1716972747967 0.17529098689556122 0
1716972763437 0.17547492682933807 0
1716972764172 0.1753784418106079 0
1716972764880 0.1749403476715088 0
1716972765671 0.17441609501838684 0
1716972766726 0.1741703301668167 0
1716972768015 0.1741791069507599 0
1716972770184 0.17421750724315643 0
1716972772607 0.17375747859477997 0
1716972774441 0.17341893911361694 0
1716972775889 0.17335949838161469 0
1716972793202 0.173285573720932 0
1716972793930 0.17313909530639648 0
1716972794608 0.1729000061750412 0
1716972795754 0.1725834757089615 0
1716972797113 0.17242076992988586 0
1716972798195 0.17236535251140594 0
1716972799908 0.17218421399593353 0
1716972802131 0.17193400859832764 0
1716972804052 0.17174981534481049 0
1716972805618 0.17165759205818176 0
1716972823854 0.1715172976255417 0
1716972824637 0.17131060361862183 0
1716972825784 0.17111261188983917 0
1716972826528 0.17095986008644104 0
1716972827293 0.1708606779575348 0
1716972828320 0.17064039409160614 0
1716972829932 0.1704830676317215 0
1716972832730 0.17035140097141266 0
1716972834718 0.17021317780017853 0
1716972836172 0.17004543542861938 0
1716972855360 0.16987277567386627 0
1716972856178 0.16971315443515778 0
1716972856916 0.1695970594882965 0
1716972857694 0.16940642893314362 0
1716972858772 0.16926996409893036 0
1716972860746 0.16913262009620667 0
1716972862625 0.1689593344926834 0
1716972864297 0.16880396008491516 0
1716972865910 0.16867339611053467 0
1716972867399 0.16852085292339325 0
1716972885859 0.16839896142482758 0
1716972886861 0.16821332275867462 0
1716972887610 0.16810525953769684 0
1716972888343 0.16794824600219727 0
1716972889293 0.16784259676933289 0
1716972890773 0.16762766242027283 0
1716972892719 0.16758282482624054 0
1716972895247 0.1674851030111313 0
1716972897074 0.16750608384609222 0
1716972898928 0.16730529069900513 0
1716972918659 0.16704151034355164 0
1716972919479 0.1668587327003479 0
1716972920101 0.1668902486562729 0
1716972920738 0.1666233092546463 0
1716972921851 0.16654431819915771 0
1716972923296 0.1664859801530838 0
1716972925557 0.1663558930158615 0
1716972927132 0.16609320044517517 0
1716972928959 0.16590315103530884 0
1716972930760 0.1658211350440979 0
1716972946522 0.1657101809978485 0
1716972947480 0.1655464470386505 0
1716972948190 0.16534015536308289 0
1716972948934 0.16521169245243073 0
1716972950154 0.16513113677501678 0
1716972951812 0.16496138274669647 0
1716972953949 0.16479460895061493 0
1716972956046 0.1646537333726883 0
1716972957767 0.16453184187412262 0
1716972959181 0.16441555321216583 0
1716972977838 0.16424405574798584 0
1716972978637 0.16410401463508606 0
1716972979278 0.163979172706604 0
1716972979950 0.1638505756855011 0
1716972981099 0.16371797025203705 0
1716972982327 0.16357026994228363 0
1716972984423 0.1634320318698883 0
1716972987159 0.1633116453886032 0
1716972988777 0.16318045556545258 0
1716972990085 0.1630418598651886 0
1716973011448 0.16290907561779022 0
1716973012285 0.16277500987052917 0
1716973012893 0.1626504510641098 0
1716973013650 0.16252127289772034 0
1716973014801 0.16238544881343842 0
1716973016207 0.16225506365299225 0
1716973018105 0.16212473809719086 0
1716973020510 0.16199833154678345 0
1716973022371 0.16187001764774323 0
1716973023880 0.16173739731311798 0
1716973043361 0.16160888969898224 0
1716973044175 0.1614835262298584 0
1716973044837 0.16135483980178833 0
1716973045785 0.16122663021087646 0
1716973047621 0.16109801828861237 0
1716973048650 0.16097213327884674 0
1716973049684 0.16084685921669006 0
1716973051346 0.16071845591068268 0
1716973053737 0.1605914682149887 0
1716973055638 0.16046708822250366 0
1716973073618 0.16034099459648132 0
1716973074649 0.16021452844142914 0
1716973076268 0.16009031236171722 0
1716973077089 0.1599658727645874 0
1716973077999 0.15984024107456207 0
1716973079549 0.1597166806459427 0
1716973080787 0.15959233045578003 0
1716973082931 0.15946781635284424 0
1716973085006 0.1593441367149353 0
1716973086688 0.15922123193740845 0
1716973107412 0.15909802913665771 0
1716973108329 0.15897472202777863 0
1716973109073 0.15885236859321594 0
1716973109743 0.15872959792613983 0
1716973110692 0.1586076319217682 0
1716973111820 0.15848584473133087 0
1716973113674 0.1583639234304428 0
1716973116609 0.15824221074581146 0
1716973118367 0.15812073647975922 0
1716973119782 0.15800000727176666 0
1716973142437 0.15787896513938904 0
1716973143307 0.1577584147453308 0
1716973143937 0.15763768553733826 0
1716973144704 0.1575177162885666 0
1716973145815 0.15739786624908447 0
1716973146963 0.15727782249450684 0
1716973148626 0.15715734660625458 0
1716973151185 0.15703822672367096 0
1716973153085 0.15691885352134705 0
1716973154556 0.1567992866039276 0
1716973175183 0.15668080747127533 0
1716973175930 0.15656255185604095 0
1716973176622 0.15644361078739166 0
1716973177372 0.15632526576519012 0
1716973178240 0.15620717406272888 0
1716973179370 0.1560886949300766 0
1716973181385 0.15597128868103027 0
1716973184383 0.15585371851921082 0
1716973186100 0.15573613345623016 0
1716973187441 0.15561836957931519 0
1716973204982 0.15550146996974945 0
1716973205713 0.15538381040096283 0
1716973206383 0.15526705980300903 0
1716973207118 0.15515002608299255 0
1716973208080 0.15503358840942383 0
1716973209347 0.154916912317276 0
1716973212157 0.1548009067773819 0
1716973214422 0.15468445420265198 0
1716973216074 0.15456853806972504 0
1716973217509 0.1544528305530548 0
1716973237717 0.15433689951896667 0
1716973238488 0.1542215496301651 0
1716973239163 0.15410509705543518 0
1716973239948 0.15399082005023956 0
1716973241732 0.15387552976608276 0
1716973242878 0.15376055240631104 0
1716973244217 0.15364593267440796 0
1716973245941 0.15353147685527802 0
1716973248209 0.15341737866401672 0
1716973250020 0.15330244600772858 0
1716973271910 0.1531892865896225 0
1716973272741 0.15307532250881195 0
1716973273383 0.1529628485441208 0
1716973274276 0.1528489589691162 0
1716973275603 0.15273606777191162 0
1716973276742 0.15262506902217865 0
1716973278975 0.1525140255689621 0
1716973280834 0.15240992605686188 0
1716973282681 0.1523723304271698 0
1716973284121 0.15225771069526672 0
1716973339267 0.1521749049425125 0
1716973340179 0.15198914706707 0
1716973340760 0.1518741399049759 0
1716973341579 0.1517775058746338 0
1716973342473 0.1516849398612976 0
1716973343564 0.15171122550964355 0
1716973344625 0.1515357345342636 0
1716973346327 0.1516280472278595 0
1716973349383 0.1534559577703476 0
1716973351108 0.15569399297237396 0
1716973372276 0.15658681094646454 0
1716973373152 0.1572498232126236 0
1716973373813 0.1607333868741989 0
1716973374600 0.20978903770446777 0
1716973375524 2.220208168029785 0
1716973376766 2.6203486919403076 0
1716973378740 1.3811335563659668 0
1716973381250 1.5318611860275269 0
1716973383185 1.535951018333435 0
1716973384649 2.996626138687134 0
1716973405129 9.465535163879395 0
1716973405821 9.3454008102417 0
1716973406428 9.120843887329102 0
1716973407084 5.571475982666016 0
1716973408084 3.773021936416626 0
1716973409066 3.475689172744751 0
1716973410254 3.316835403442383 0
1716973412030 3.12762451171875 0
1716973414392 3.0241191387176514 0
1716973416698 2.768876314163208 0
1716973456480 2.4080605506896973 0
1716973459366 2.37235164642334 0
1716973459960 2.9009807109832764 0
1716973460548 3.274759531021118 0
1716973461445 2.731421709060669 0
1716973462381 2.7567291259765625 0
1716973463391 2.5834059715270996 0
1716973464565 2.624660015106201 0
1716973467640 2.601933240890503 0
1716973469631 2.496263265609741 0
1716973503151 2.420215129852295 0
1716973503876 2.2762296199798584 0
1716973504433 2.1280159950256348 0
1716973505142 2.03883695602417 0
1716973508191 4.640079498291016 0
1716973509714 2.2930448055267334 0
1716973510518 2.3559296131134033 0
1716973512520 2.3612287044525146 0
1716973514228 2.4166088104248047 0
1716973515106 2.3290212154388428 0
1716973545857 2.3157496452331543 0
1716973548508 2.3201165199279785 0
1716973549057 2.224083662033081 0
1716973549748 2.178633689880371 0
1716973550527 2.187910556793213 0
1716973551617 2.1496825218200684 0
1716973552486 2.102722406387329 0
1716973553457 2.063225507736206 0
1716973555086 2.005432605743408 0
1716973558451 2.095414400100708 0
1716973591824 1.987271785736084 0
1716973592705 1.9657396078109741 0
1716973593371 1.9210230112075806 0
1716973593967 1.894653558731079 0
1716973594835 1.8704733848571777 0
1716973597937 1.8227614164352417 0
1716973599053 1.7897523641586304 0
1716973599884 1.7700529098510742 0
1716973600768 1.7426037788391113 0
1716973602138 1.7023117542266846 0
1716973631962 1.6920585632324219 0
1716973633052 1.6657520532608032 0
1716973633654 1.6311789751052856 0
1716973634329 1.6112474203109741 0
1716973635338 1.5865647792816162 0
1716973638232 1.5608147382736206 0
1716973639590 1.5373196601867676 0
1716973640527 1.506955862045288 0
1716973641407 1.4764634370803833 0
1716973642688 1.4570866823196411 0
1716973669510 1.6968967914581299 0
1716973670488 1.5963104963302612 0
1716973671454 1.5982261896133423 0
1716973672360 1.6703953742980957 0
1716973673484 1.6499912738800049 0
1716973674891 1.6095373630523682 0
1716973678618 1.5958740711212158 0
1716973679944 1.5880272388458252 0
1716973680841 1.5616828203201294 0
1716973681771 1.533801555633545 0
1716973714616 1.5272175073623657 0
1716973715631 1.5187290906906128 0
1716973716585 1.4953721761703491 0
1716973717402 1.474822759628296 0
1716973719228 1.4592458009719849 0
1716973720178 1.4388692378997803 0
1716973721011 1.4192845821380615 0
1716973721987 1.4053666591644287 0
1716973723519 1.3870128393173218 0
1716973726599 1.3651015758514404 0
1716973751868 1.3475630283355713 0
1716973752719 1.3282289505004883 0
1716973753396 1.3052881956100464 0
1716973754045 1.28438138961792 0
1716973754954 1.2631782293319702 0
1716973755971 1.236494541168213 0
1716973757798 1.2250816822052002 0
1716973760633 1.2144176959991455 0
1716973762493 1.200772762298584 0
1716973763999 1.1645504236221313 0
1716973801046 1.15040123462677 0
1716973802027 1.1430743932724 0
1716973802654 1.1053047180175781 0
1716973803571 1.0964983701705933 0
1716973807155 1.0846046209335327 0
1716973807915 1.0573697090148926 0
1716973808676 1.0391511917114258 0
1716973810733 1.0288408994674683 0
1716973812971 1.006050944328308 0
1716973814671 0.9881054162979126 0
