1716970172203 4.466778993606567 0
1716970174473 2.238821029663086 0
1716970175096 0.5985569953918457 0
1716970184859 9.744991064071655 0
1716970185562 0.6669771671295166 0
1716970186188 0.6027770042419434 0
1716970187031 0.818505048751831 0
1716970188530 1.428037166595459 0
1716970189587 0.979442834854126 0
1716970190723 1.106001853942871 0
1716970205747 2.308176279067993 0
1716970206487 0.7270560264587402 0
1716970207157 0.656696081161499 0
1716970208653 1.469350814819336 0
1716970210440 1.657480001449585 0
1716970211792 1.3116350173950195 0
1716970212803 0.9614148139953613 0
1716970214097 1.2754971981048584 0
1716970216237 2.1213951110839844 0
1716970220093 3.8420801162719727 0
1716970232855 2.238434076309204 0
1716970233423 0.5577008724212646 0
1716970233967 0.5310263633728027 0
1716970234644 0.6492350101470947 0
1716970235715 1.0024230480194092 0
1716970238280 1.817917823791504 0
1716970239754 1.4463465213775635 0
1716970241157 1.3833999633789062 0
1716970242584 1.3822021484375 0
1716970244299 1.6973578929901123 0
1716970256089 2.844435930252075 0
1716970256822 0.7038929462432861 0
1716970257566 0.7240169048309326 0
1716970258339 0.7593340873718262 0
1716970259232 0.8757278919219971 0
1716970260731 1.4700279235839844 0
1716970262816 2.050785779953003 0
1716970265015 2.169355869293213 0
1716970266597 1.553386926651001 0
1716970267991 1.3652598857879639 0
1716970279696 2.259748935699463 0
1716970280449 0.7361710071563721 0
1716970281267 0.7748680114746094 0
1716970282001 0.7144818305969238 0
1716970282984 0.9668569564819336 0
1716970284451 1.4369630813598633 0
1716970286405 1.8999500274658203 0
1716970288552 2.1315650939941406 0
1716970290280 1.698113203048706 0
1716970291933 1.6407721042633057 0
1716970305959 2.2660369873046875 0
1716970306526 0.5549719333648682 0
1716970307137 0.5913898944854736 0
1716970307948 0.7830867767333984 0
1716970308781 0.8002011775970459 0
1716970309645 0.8174600601196289 0
1716970310730 1.0564048290252686 0
1716970313073 2.2505362033843994 0
1716970315631 2.5428719520568848 0
1716970317274 1.6307661533355713 0
1716970329174 2.5698561668395996 0
1716970329836 0.6436769962310791 0
1716970330511 0.6640729904174805 0
1716970331326 0.7950677871704102 0
1716970332356 1.0119619369506836 0
1716970333631 1.2250280380249023 0
1716970335825 2.1730151176452637 0
1716970337959 2.120331048965454 0
1716970339575 1.5998461246490479 0
1716970340990 1.401106834411621 0
1716970351719 2.1111080646514893 0
1716970352436 0.7072842121124268 0
1716970353131 0.6720478534698486 0
1716970353853 0.7020218372344971 0
1716970354698 0.8215439319610596 0
1716970356137 1.346099853515625 0
1716970358368 2.1888089179992676 0
1716970360482 2.093920946121216 0
1716970362087 1.592947006225586 0
1716970363488 1.3903000354766846 0
1716970375263 2.226552963256836 0
1716970375931 0.6584808826446533 0
1716970376588 0.6366298198699951 0
1716970377306 0.6976802349090576 0
1716970378353 1.0226459503173828 0
1716970379719 1.3157310485839844 0
1716970381740 1.9511690139770508 0
1716970383932 2.1681647300720215 0
1716970385659 1.7146668434143066 0
1716970387130 1.452401876449585 0
1716970398959 2.5208041667938232 0
1716970399660 0.6890459060668945 0
1716970401161 1.4880549907684326 0
1716970401857 0.6825690269470215 0
1716970402686 0.8112790584564209 0
1716970403901 1.1823348999023438 0
1716970405617 1.683532953262329 0
1716970408129 2.4959700107574463 0
1716970409952 1.8034329414367676 0
1716970411423 1.4589359760284424 0
1716970422131 2.1775288581848145 0
1716970422813 0.660722017288208 0
1716970423612 0.7792448997497559 0
1716970424344 0.7126002311706543 0
1716970425791 1.4305751323699951 0
1716970427261 1.3923230171203613 0
1716970428849 1.5602002143859863 0
1716970431115 2.2437751293182373 0
1716970434551 3.3964462280273438 0
1716970435567 1.002478837966919 0
1716970448861 2.7587080001831055 0
1716970449598 0.7122197151184082 0
1716970450770 1.125351905822754 0
1716970451955 1.148282766342163 0
1716970452833 0.8483469486236572 0
1716970454848 1.9784259796142578 0
1716970456653 1.7045559883117676 0
1716970459423 2.735870838165283 0
1716970460481 1.0353429317474365 0
1716970461720 1.2179341316223145 0
1716970475811 2.6918160915374756 0
1716970476529 0.7016739845275879 0
1716970477173 0.6231751441955566 0
1716970477958 0.7615821361541748 0
1716970479037 1.0476617813110352 0
1716970480263 1.1834681034088135 0
1716970482929 2.6311416625976562 0
1716970485363 2.4197781085968018 0
1716970486904 1.4822320938110352 0
1716970488139 1.2069861888885498 0
1716970498927 2.415919780731201 0
1716970499676 0.7323729991912842 0
1716970501774 2.0638110637664795 0
1716970502885 1.0827538967132568 0
1716970503937 1.0150437355041504 0
1716970505545 1.55830979347229 0
1716970508220 2.646846055984497 0
1716970510110 1.8752381801605225 0
1716970511839 1.70664381980896 0
1716970513270 1.4061739444732666 0
1716970527974 2.7051687240600586 0
1716970528664 0.6605551242828369 0
1716970529344 0.6490240097045898 0
1716970531186 1.8181471824645996 0
1716970533102 1.7777879238128662 0
1716970534387 1.2637999057769775 0
1716970536982 2.5700061321258545 0
1716970540478 3.2370331287384033 0
1716970542259 1.7441620826721191 0
1716970543820 1.548710823059082 0
1716970557463 2.648439884185791 0
1716970558425 0.920996904373169 0
1716970559225 0.7877449989318848 0
1716970561790 2.5417959690093994 0
1716970563272 1.4398736953735352 0
1716970564437 1.143705129623413 0
1716970566187 1.7350330352783203 0
1716970568313 2.11067795753479 0
1716970570113 1.777383804321289 0
1716970571671 1.536756992340088 0
1716970585159 2.770697832107544 0
1716970586001 0.7963829040527344 0
1716970586842 0.8264057636260986 0
1716970589122 2.249800205230713 0
1716970591922 2.5707929134368896 0
1716970593293 1.3571891784667969 0
1716970596068 2.7439279556274414 0
1716970597550 1.4367661476135254 0
1716970598389 0.8214552402496338 0
1716970599423 1.0127160549163818 0
1716970628020 7.435150146484375 0
1716970629376 1.3185069561004639 0
1716970630046 0.6451048851013184 0
1716970632810 2.700967788696289 0
1716970634074 1.1569998264312744 0
1716970634818 0.7233459949493408 0
1716970636216 1.3682708740234375 0
1716970637984 1.7190430164337158 0
1716970639149 1.1383512020111084 0
1716970640598 1.3983049392700195 0
1716970656624 3.7108817100524902 0
1716970657365 0.7066600322723389 0
1716970657976 0.5987577438354492 0
1716970658730 0.7375917434692383 0
1716970659925 1.1657309532165527 0
1716970660970 1.0153741836547852 0
1716970663320 2.293814182281494 0
1716970664476 1.133439064025879 0
1716970665874 1.3706068992614746 0
1716970667651 1.7529449462890625 0
1716970681060 2.6559579372406006 0
1716970681828 0.7490837574005127 0
1716970682512 0.6669590473175049 0
1716970683220 0.6944749355316162 0
1716970684259 1.02292799949646 0
1716970685683 1.3622348308563232 0
1716970687943 2.2134790420532227 0
1716970689989 2.030593156814575 0
1716970691603 1.5848557949066162 0
1716970692952 1.3346829414367676 0
1716970704569 2.3465988636016846 0
1716970705354 0.7341721057891846 0
1716970706118 0.7529768943786621 0
1716970706957 0.8242261409759521 0
1716970707888 0.895700216293335 0
1716970710085 2.1623239517211914 0
1716970711607 1.501800298690796 0
1716970713340 1.7195470333099365 0
1716970715093 1.7241649627685547 0
1716970716717 1.6115977764129639 0
1716970727831 2.609750986099243 0
1716970728513 0.6699268817901611 0
1716970729261 0.736224889755249 0
1716970730057 0.7821712493896484 0
1716970731040 0.9462370872497559 0
1716970732479 1.3986430168151855 0
1716970734942 2.4413630962371826 0
1716970736984 2.026907205581665 0
1716970738695 1.6991889476776123 0
1716970740050 1.3281128406524658 0
1716970752207 2.6756768226623535 0
1716970752893 0.6635410785675049 0
1716970753599 0.6896388530731201 0
1716970754395 0.7791900634765625 0
1716970755327 0.9102931022644043 0
1716970756698 1.337385892868042 0
1716970759334 2.5899109840393066 0
1716970761460 2.108474016189575 0
1716970763023 1.550318956375122 0
1716970764419 1.3840570449829102 0
1716970776516 2.527066707611084 0
1716970777205 0.6772880554199219 0
1716970777901 0.6862101554870605 0
1716970778809 0.8937218189239502 0
1716970779872 1.0444741249084473 0
1716970781250 1.3449180126190186 0
1716970783612 2.3285131454467773 0
1716970785810 2.1763460636138916 0
1716970787353 1.5322940349578857 0
1716970788729 1.3630890846252441 0
1716970801211 2.8680200576782227 0
1716970801930 0.7060291767120361 0
1716970802679 0.7357978820800781 0
1716970803416 0.7224552631378174 0
1716970804254 0.8120012283325195 0
1716970805564 1.2519221305847168 0
1716970807715 2.1221389770507812 0
1716970810403 2.672393798828125 0
1716970811912 1.4949140548706055 0
1716970813198 1.2696938514709473 0
1716970826085 2.5427420139312744 0
1716970826718 0.6173200607299805 0
1716970827432 0.6955609321594238 0
1716970828211 0.760718822479248 0
1716970829087 0.8561239242553711 0
1716970830684 1.5452101230621338 0
1716970832979 2.261808156967163 0
1716970835203 2.2027251720428467 0
1716970836865 1.6366970539093018 0
1716970838253 1.3578808307647705 0
1716970848835 2.243614912033081 0
1716970849492 0.644280195236206 0
1716970850197 0.6936681270599365 0
1716970850923 0.7042660713195801 0
1716970851840 0.8789577484130859 0
1716970853184 1.311279058456421 0
1716970855693 2.480015754699707 0
1716970858015 2.2079269886016846 0
1716970859669 1.6075348854064941 0
1716970860962 1.2734990119934082 0
1716970871515 2.2647151947021484 0
1716970872177 0.6515100002288818 0
1716970872904 0.7090990543365479 0
1716970873627 0.7086026668548584 0
1716970874502 0.8452279567718506 0
1716970875915 1.3830456733703613 0
1716970878189 2.236846685409546 0
1716970880284 2.0729799270629883 0
1716970881986 1.6718311309814453 0
1716970883419 1.4022209644317627 0
1716970894747 2.2277753353118896 0
1716970895450 0.6915628910064697 0
1716970896130 0.6620471477508545 0
1716970896851 0.7063958644866943 0
1716970897689 0.8226709365844727 0
1716970899181 1.4697868824005127 0
1716970901394 2.162592887878418 0
1716970903481 2.0617752075195312 0
1716970905028 1.53511381149292 0
1716970906357 1.3167989253997803 0
1716970917144 2.3250861167907715 0
1716970917812 0.6552901268005371 0
1716970918503 0.6583530902862549 0
1716970919260 0.7329351902008057 0
1716970920640 1.3436858654022217 0
1716970921796 1.1180360317230225 0
1716970923772 1.9554831981658936 0
1716970925934 2.1444900035858154 0
1716970927579 1.6166250705718994 0
1716970928965 1.3730859756469727 0
1716970940260 2.4315390586853027 0
1716970940934 0.6642599105834961 0
1716970941595 0.6491880416870117 0
1716970942311 0.7033772468566895 0
1716970943221 0.893151044845581 0
1716970944707 1.4510393142700195 0
1716970947128 2.3826231956481934 0
1716970949397 2.249018907546997 0
1716970951064 1.6561479568481445 0
1716970952491 1.3916800022125244 0
1716970965348 2.601881980895996 0
1716970966114 0.7500457763671875 0
1716970967210 1.0800371170043945 0
1716970968867 1.6400227546691895 0
1716970970799 1.840303897857666 0
1716970971737 0.9071640968322754 0
1716970972786 0.9991071224212646 0
1716970973962 1.147857904434204 0
1716970975763 1.7670469284057617 0
1716970978159 2.380632162094116 0
1716970990661 2.9241268634796143 0
1716970991412 0.7310268878936768 0
1716970992117 0.6855320930480957 0
1716970992879 0.7410199642181396 0
1716970993777 0.8747470378875732 0
1716970995247 1.4387969970703125 0
1716970997685 2.4085121154785156 0
1716970999809 2.1080939769744873 0
1716971001406 1.5778751373291016 0
1716971002795 1.3758652210235596 0
1716971020375 4.08266282081604 0
1716971021129 0.6943521499633789 0
1716971021808 0.6670560836791992 0
1716971022524 0.6948337554931641 0
1716971023399 0.8383910655975342 0
1716971024475 1.0461580753326416 0
1716971026387 1.7777011394500732 0
1716971029430 3.014631748199463 0
1716971031168 1.7173089981079102 0
1716971032563 1.3748440742492676 0
1716971045679 2.651111125946045 0
1716971046391 0.6894030570983887 0
1716971047059 0.6567890644073486 0
1716971047767 0.6950640678405762 0
1716971048783 0.9966111183166504 0
1716971050280 1.4527089595794678 0
1716971052630 2.317017078399658 0
1716971054880 2.2298340797424316 0
1716971056415 1.5156049728393555 0
1716971057792 1.358565092086792 0
1716971069628 2.3994688987731934 0
1716971070352 0.6940619945526123 0
1716971071072 0.7074141502380371 0
1716971071814 0.7131028175354004 0
1716971072704 0.8704888820648193 0
1716971074292 1.5588557720184326 0
1716971076564 2.2432610988616943 0
1716971078713 2.134394884109497 0
1716971080366 1.6397628784179688 0
1716971081780 1.3840861320495605 0
1716971092661 2.4154410362243652 0
1716971093550 0.8457341194152832 0
1716971094605 1.0362491607666016 0
1716971096029 1.3677098751068115 0
1716971097921 1.8304381370544434 0
1716971098787 0.8336501121520996 0
1716971100151 1.3460850715637207 0
1716971101835 1.6256110668182373 0
1716971103708 1.8456599712371826 0
1716971105546 1.8251938819885254 0
1716971116563 2.42169189453125 0
1716971117213 0.6397969722747803 0
1716971117948 0.7234451770782471 0
1716971118732 0.7639119625091553 0
1716971119737 0.987030029296875 0
1716971121153 1.355968952178955 0
1716971123235 2.0624778270721436 0
1716971125377 2.1232471466064453 0
1716971126983 1.585937738418579 0
1716971128403 1.3882770538330078 0
1716971139974 2.201500177383423 0
1716971140627 0.6423988342285156 0
1716971141269 0.6322002410888672 0
1716971142055 0.7731640338897705 0
1716971142931 0.8614866733551025 0
1716971144234 1.256739854812622 0
1716971146651 2.3815999031066895 0
1716971148942 2.2769391536712646 0
1716971150507 1.5441222190856934 0
1716971151864 1.3255271911621094 0
1716971163611 2.9961068630218506 0
1716971165500 1.8513100147247314 0
1716971166833 1.2816829681396484 0
1716971167675 0.8281338214874268 0
1716971169224 1.5181677341461182 0
1716971170471 1.179717779159546 0
1716971171779 1.2634820938110352 0
1716971173793 1.9932208061218262 0
1716971176079 2.238853931427002 0
1716971177793 1.6769509315490723 0
1716971193146 2.9815001487731934 0
1716971193820 0.5823979377746582 0
1716971194433 0.5985422134399414 0
1716971195089 0.6384372711181641 0
1716971196065 0.8944220542907715 0
1716971197164 1.0388951301574707 0
1716971198222 1.023771047592163 0
1716971199668 1.3618950843811035 0
1716971202183 2.4854321479797363 0
1716971204223 2.026702880859375 0
1716971216322 2.5336802005767822 0
1716971217027 0.6914312839508057 0
1716971217838 0.7986829280853271 0
1716971218655 0.770953893661499 0
1716971219636 0.9525802135467529 0
1716971221335 1.6626949310302734 0
1716971222929 1.5663223266601562 0
1716971225072 2.1196420192718506 0
1716971226868 1.774472951889038 0
1716971228485 1.6025099754333496 0
1716971253935 7.467321872711182 0
1716971255158 1.1999449729919434 0
1716971255857 0.6829280853271484 0
1716971256563 0.6857647895812988 0
1716971257810 1.2122688293457031 0
1716971259022 1.161714792251587 0
1716971260715 1.662635087966919 0
1716971263053 2.306563138961792 0
1716971264997 1.9318032264709473 0
1716971266663 1.6521430015563965 0
1716971282999 2.7866790294647217 0
1716971283751 0.7112538814544678 0
1716971284428 0.65838623046875 0
1716971285251 0.7941539287567139 0
1716971286413 1.1179442405700684 0
1716971288057 1.5198299884796143 0
1716971290135 2.05757999420166 0
1716971292196 2.0369720458984375 0
1716971293850 1.635610818862915 0
1716971295230 1.3673908710479736 0
1716971312906 4.586939334869385 0
1716971313718 0.7842040061950684 0
1716971314403 0.6745989322662354 0
1716971315231 0.8083178997039795 0
1716971316515 1.2308058738708496 0
1716971317891 1.3448760509490967 0
1716971319876 1.9358558654785156 0
1716971321621 1.724571943283081 0
1716971323478 1.8258998394012451 0
1716971325095 1.6001741886138916 0
1716971340597 4.359709978103638 0
1716971341366 0.7084300518035889 0
1716971342013 0.6316120624542236 0
1716971342793 0.762427806854248 0
1716971343836 1.0150151252746582 0
1716971344981 1.082028865814209 0
1716971346506 1.478518009185791 0
1716971349402 2.859463930130005 0
1716971351271 1.8506650924682617 0
1716971352674 1.3876800537109375 0
1716971365090 2.657576084136963 0
1716971365778 0.666593074798584 0
1716971366446 0.656700849533081 0
1716971367228 0.7692868709564209 0
1716971368478 1.2285199165344238 0
1716971370425 1.8790719509124756 0
1716971372032 1.590066909790039 0
1716971373904 1.8453559875488281 0
1716971375665 1.7205381393432617 0
1716971377397 1.7087979316711426 0
1716971390555 2.751235246658325 0
1716971391476 0.9059441089630127 0
1716971392210 0.7216041088104248 0
1716971393008 0.784337043762207 0
1716971394041 1.0030438899993896 0
1716971395919 1.845041275024414 0
1716971397936 1.978950023651123 0
1716971399478 1.513725996017456 0
1716971401013 1.5056350231170654 0
1716971402591 1.555354118347168 0
1716971415096 2.510568141937256 0
1716971415848 0.7417099475860596 0
1716971416664 0.798159122467041 0
1716971417382 0.7052271366119385 0
1716971418230 0.8217990398406982 0
1716971419564 1.288196086883545 0
1716971421884 2.2910118103027344 0
1716971424420 2.519049882888794 0
1716971426136 1.695833683013916 0
1716971427515 1.3575549125671387 0
1716971441232 2.6995038986206055 0
1716971441991 0.7031979560852051 0
1716971442654 0.6479001045227051 0
1716971443477 0.8085718154907227 0
1716971444560 1.0609912872314453 0
1716971445909 1.317138910293579 0
1716971448383 2.4308788776397705 0
1716971450526 2.119774103164673 0
1716971452099 1.5442790985107422 0
1716971453490 1.3692891597747803 0
1716971466903 2.5744922161102295 0
1716971467575 0.6610839366912842 0
1716971468240 0.6529369354248047 0
1716971469002 0.7462470531463623 0
1716971470118 1.094386100769043 0
1716971471561 1.4087228775024414 0
1716971473671 2.063694953918457 0
1716971475850 2.1665220260620117 0
1716971477535 1.6521620750427246 0
1716971479039 1.4884662628173828 0
1716971493287 2.7309279441833496 0
1716971494049 0.7510867118835449 0
1716971494802 0.7090537548065186 0
1716971495563 0.7480299472808838 0
1716971496452 0.8667309284210205 0
1716971497765 1.2833189964294434 0
1716971500525 2.732722282409668 0
1716971502772 2.2222609519958496 0
1716971504245 1.44281005859375 0
1716971505507 1.2398831844329834 0
1716971518666 3.086740016937256 0
1716971519609 0.9291012287139893 0
1716971520393 0.762019157409668 0
1716971521124 0.7182748317718506 0
1716971522146 0.9640138149261475 0
1716971523647 1.469691276550293 0
1716971526069 2.3850412368774414 0
1716971528325 2.2408671379089355 0
1716971529888 1.5427069664001465 0
1716971531304 1.3836379051208496 0
1716971543386 2.508212089538574 0
1716971544157 0.7598788738250732 0
1716971544816 0.6376886367797852 0
1716971545566 0.7308459281921387 0
1716971546463 0.8748338222503662 0
1716971547869 1.3696839809417725 0
1716971550651 2.7350168228149414 0
1716971552958 2.2696080207824707 0
1716971554515 1.534632921218872 0
1716971555735 1.2010056972503662 0
1716971575453 5.71376371383667 0
1716971576835 1.3465750217437744 0
1716971577624 0.7426080703735352 0
1716971578383 0.7456989288330078 0
1716971579790 1.384230136871338 0
1716971581423 1.5379600524902344 0
1716971582292 0.8486559391021729 0
1716971583433 1.120858907699585 0
1716971585449 1.9796347618103027 0
1716971587670 2.2054078578948975 0
1716971600318 2.394446849822998 0
1716971601029 0.6992909908294678 0
1716971601721 0.6793580055236816 0
1716971602470 0.7357587814331055 0
1716971603409 0.9013752937316895 0
1716971605134 1.6966378688812256 0
1716971607621 2.4646830558776855 0
1716971609525 1.890989065170288 0
1716971611159 1.615900993347168 0
1716971612601 1.4304749965667725 0
1716971625397 2.718156099319458 0
1716971626297 0.8674671649932861 0
1716971627063 0.7496447563171387 0
1716971627797 0.7184779644012451 0
1716971628749 0.9053680896759033 0
1716971630071 1.2847559452056885 0
1716971632551 2.442728042602539 0
1716971634483 1.911194086074829 0
1716971636179 1.6754119396209717 0
1716971637734 1.5423049926757812 0
1716971652985 2.5169260501861572 0
1716971653685 0.6862132549285889 0
1716971654470 0.7611620426177979 0
1716971655246 0.754019021987915 0
1716971656141 0.8735098838806152 0
1716971657568 1.3956289291381836 0
1716971659577 1.978105068206787 0
1716971661847 2.2539310455322266 0
1716971663637 1.7732670307159424 0
1716971665167 1.4471559524536133 0
1716971679460 2.75482177734375 0
1716971680146 0.6732258796691895 0
1716971680849 0.6914238929748535 0
1716971681641 0.7699170112609863 0
1716971682551 0.8859939575195312 0
1716971684042 1.4592442512512207 0
1716971686339 2.2639760971069336 0
1716971688599 2.2274880409240723 0
1716971690240 1.62272310256958 0
1716971691619 1.3503973484039307 0
1716971705893 3.5056581497192383 0
1716971706643 0.7311999797821045 0
1716971707327 0.6710798740386963 0
1716971708210 0.8502640724182129 0
1716971709947 1.7151548862457275 0
1716971711761 1.7929668426513672 0
1716971712754 0.9634721279144287 0
1716971714186 1.4183769226074219 0
1716971715975 1.7522540092468262 0
1716971717887 1.8909709453582764 0
1716971731841 2.707568883895874 0
1716971732667 0.799799919128418 0
1716971733443 0.7569270133972168 0
1716971734258 0.8004481792449951 0
1716971735340 1.0491459369659424 0
1716971736774 1.353395938873291 0
1716971739135 2.3146345615386963 0
1716971741290 2.1227200031280518 0
1716971742976 1.6680541038513184 0
1716971744496 1.4992108345031738 0
1716971756937 2.4801580905914307 0
1716971757694 0.741966962814331 0
1716971758498 0.7921710014343262 0
1716971759570 1.0363848209381104 0
1716971760674 1.0439198017120361 0
1716971762109 1.398937702178955 0
1716971763894 1.7618491649627686 0
1716971765951 2.0391428470611572 0
1716971767835 1.8660759925842285 0
1716971769365 1.5085139274597168 0
1716971782499 2.7563629150390625 0
1716971783231 0.7058680057525635 0
1716971784218 0.97239089012146 0
1716971785154 0.9080479145050049 0
1716971786173 1.0029730796813965 0
1716971787569 1.366206169128418 0
1716971789740 2.1512677669525146 0
1716971791876 2.118584156036377 0
1716971793584 1.695497989654541 0
1716971795045 1.4475760459899902 0
1716971808599 2.553079128265381 0
1716971809302 0.6837072372436523 0
1716971810042 0.7248702049255371 0
1716971810802 0.7477109432220459 0
1716971811826 0.9914650917053223 0
1716971813260 1.390489101409912 0
1716971815896 2.6036601066589355 0
1716971818024 2.114922046661377 0
1716971819662 1.6192476749420166 0
1716971821064 1.3828349113464355 0
1716971834665 3.2909929752349854 0
1716971835537 0.7658162117004395 0
1716971836223 0.6736929416656494 0
1716971837048 0.8084537982940674 0
1716971838097 1.025395154953003 0
1716971839502 1.3692102432250977 0
1716971841965 2.4328689575195312 0
1716971844171 2.193963050842285 0
1716971845744 1.5557808876037598 0
1716971847098 1.3405389785766602 0
1716971860478 2.7380008697509766 0
1716971861567 1.0782771110534668 0
1716971862444 0.8648567199707031 0
1716971863175 0.7131688594818115 0
1716971864032 0.8328659534454346 0
1716971865582 1.5179450511932373 0
1716971867798 2.1613199710845947 0
1716971870093 2.2708311080932617 0
1716971871769 1.6630151271820068 0
1716971873446 1.6649227142333984 0
1716971888960 4.748460054397583 0
1716971889716 0.7068090438842773 0
1716971890366 0.6135759353637695 0
1716971891182 0.8017499446868896 0
1716971892449 1.1856799125671387 0
1716971894965 2.381951093673706 0
1716971895878 0.8957052230834961 0
1716971896936 1.0430636405944824 0
1716971898319 1.3593909740447998 0
1716971900084 1.738840103149414 0
1716971917186 5.004241943359375 0
1716971918067 0.8608682155609131 0
1716971918735 0.6562561988830566 0
1716971919544 0.7929229736328125 0
1716971920410 0.8471689224243164 0
1716971921485 1.0438499450683594 0
1716971923354 1.8420689105987549 0
1716971926163 2.7701408863067627 0
1716971927949 1.7689290046691895 0
1716971929388 1.3883492946624756 0
1716971946121 3.819091796875 0
1716971946898 0.7332689762115479 0
1716971947545 0.6283121109008789 0
1716971948276 0.7168319225311279 0
1716971949367 1.0673580169677734 0
1716971950539 1.141711950302124 0
1716971952353 1.7831439971923828 0
1716971955052 2.6753900051116943 0
1716971956854 1.7845509052276611 0
1716971958216 1.3372540473937988 0
1716971980721 5.618967056274414 0
1716971981518 0.705092191696167 0
1716971982157 0.6112720966339111 0
1716971982848 0.6783428192138672 0
1716971983856 0.9830188751220703 0
1716971986955 3.04412579536438 0
1716971988568 1.5986278057098389 0
1716971989544 0.9621641635894775 0
1716971990778 1.218291997909546 0
1716971992379 1.5724899768829346 0
1716972006863 2.966292142868042 0
1716972007713 0.8133840560913086 0
1716972008370 0.6444270610809326 0
1716972009196 0.7960600852966309 0
1716972010176 0.9447238445281982 0
1716972011396 1.1870191097259521 0
1716972013684 2.259089708328247 0
1716972016129 2.4281699657440186 0
1716972017748 1.6079647541046143 0
1716972019146 1.3833599090576172 0
1716972033481 2.710864782333374 0
1716972034167 0.6646881103515625 0
1716972034872 0.6930191516876221 0
1716972035607 0.7134068012237549 0
1716972036483 0.8563456535339355 0
1716972038114 1.5776302814483643 0
1716972040582 2.4402477741241455 0
1716972042594 1.9864392280578613 0
1716972044102 1.4870989322662354 0
1716972045736 1.6152839660644531 0
1716972067530 8.263537883758545 0
1716972068455 0.894831657409668 0
1716972069044 0.5763339996337891 0
1716972069741 0.679858922958374 0
1716972071550 1.7811532020568848 0
1716972073424 1.813305139541626 0
1716972074268 0.8055009841918945 0
1716972075305 1.016819953918457 0
1716972076954 1.6212809085845947 0
1716972079206 2.2154009342193604 0
1716972117656 18.022543907165527 0
1716972119276 1.514106035232544 0
1716972120675 1.2961018085479736 0
1716972121977 1.260680913925171 0
1716972123606 1.579267978668213 0
1716972125811 2.1284220218658447 0
1716972127230 1.3563122749328613 0
1716972128457 1.1777610778808594 0
1716972130204 1.7082858085632324 0
1716972131852 1.6113591194152832 0
1716972160669 7.497420072555542 0
1716972161310 0.626906156539917 0
1716972162006 0.6720709800720215 0
1716972163957 1.9266769886016846 0
1716972166152 2.060408115386963 0
1716972167064 0.8901650905609131 0
1716972168119 1.0022268295288086 0
1716972169195 1.038710117340088 0
1716972171546 2.307631015777588 0
1716972173523 1.9223668575286865 0
1716972191680 3.334238052368164 0
1716972192431 0.7185709476470947 0
1716972193168 0.7175679206848145 0
1716972194517 1.2519581317901611 0
1716972196510 1.9550230503082275 0
1716972198120 1.517469882965088 0
1716972199171 1.0350661277770996 0
1716972200317 1.1052041053771973 0
1716972202331 1.9757769107818604 0
1716972204913 2.4994559288024902 0
1716972224558 5.410437822341919 0
1716972225783 1.1710021495819092 0
1716972227642 1.7827048301696777 0
1716972229476 1.7708079814910889 0
1716972230535 1.0176880359649658 0
1716972232030 1.4633898735046387 0
1716972233449 1.3722939491271973 0
1716972234455 0.9678630828857422 0
1716972235549 1.0678110122680664 0
1716972237580 1.9952707290649414 0
1716972269161 9.63708209991455 0
1716972270917 1.6862008571624756 0
1716972272204 1.2538201808929443 0
1716972275183 2.8691818714141846 0
1716972280309 5.078641176223755 0
1716972282329 1.9882149696350098 0
1716972284611 2.259070873260498 0
1716972285714 1.0753352642059326 0
1716972286970 1.2029190063476562 0
1716972288425 1.345566987991333 0
1716972309567 5.093796014785767 0
1716972310418 0.8393232822418213 0
1716972311136 0.7046098709106445 0
1716972311962 0.8084678649902344 0
1716972312968 0.9400570392608643 0
1716972314908 1.9076061248779297 0
1716972316868 1.927175760269165 0
1716972318016 1.1253139972686768 0
1716972319632 1.582953929901123 0
1716972321661 1.9991190433502197 0
1716972340865 4.400209188461304 0
1716972341651 0.7403020858764648 0
1716972342310 0.648963212966919 0
1716972343050 0.7254922389984131 0
1716972344028 0.9293713569641113 0
1716972345230 1.1709680557250977 0
1716972347037 1.755589246749878 0
1716972349727 2.6687448024749756 0
1716972351466 1.7219679355621338 0
1716972353011 1.5269551277160645 0
1716972374600 6.846498012542725 0
1716972375540 0.9214341640472412 0
1716972376155 0.600661039352417 0
1716972376818 0.6474769115447998 0
1716972377665 0.8266360759735107 0
1716972378982 1.2810089588165283 0
1716972380637 1.6122519969940186 0
1716972383415 2.725308895111084 0
1716972385668 2.239266872406006 0
1716972386972 1.2887799739837646 0
1716972412465 8.161425352096558 0
1716972413528 1.0403342247009277 0
1716972414403 0.8491990566253662 0
1716972415085 0.6539640426635742 0
1716972415829 0.7217972278594971 0
1716972416761 0.9025018215179443 0
1716972418171 1.378478765487671 0
1716972420628 2.398287773132324 0
1716972422937 2.2830140590667725 0
1716972424574 1.6230878829956055 0
1716972445061 5.017634153366089 0
1716972445784 0.6954159736633301 0
1716972446481 0.6222999095916748 0
1716972447164 0.6602308750152588 0
1716972447954 0.7689268589019775 0
1716972448989 1.0037999153137207 0
1716972451326 2.29343581199646 0
1716972454234 2.861255168914795 0
1716972455944 1.690129041671753 0
1716972457350 1.3871002197265625 0
1716972469996 2.4674999713897705 0
1716972470734 0.7135841846466064 0
1716972471414 0.6684999465942383 0
1716972472257 0.8279819488525391 0
1716972473314 1.0048460960388184 0
1716972474646 1.2897849082946777 0
1716972476941 2.264881134033203 0
1716972479181 2.2179501056671143 0
1716972480786 1.5863959789276123 0
1716972482115 1.3149428367614746 0
1716972496675 3.615200996398926 0
1716972497384 0.6984038352966309 0
1716972498354 0.9438028335571289 0
1716972499017 0.6414737701416016 0
1716972499821 0.754000186920166 0
1716972500800 0.9484410285949707 0
1716972502633 1.8012549877166748 0
1716972505773 3.093371868133545 0
1716972507505 1.6925606727600098 0
1716972508832 1.3061399459838867 0
1716972524488 4.606646776199341 0
1716972525275 0.7598810195922852 0
1716972525977 0.6894321441650391 0
1716972526672 0.6810400485992432 0
1716972527723 1.0013728141784668 0
1716972528898 1.140369176864624 0
1716972531331 2.401431083679199 0
1716972533842 2.476025104522705 0
1716972535467 1.5925157070159912 0
1716972536807 1.3207049369812012 0
1716972555077 4.588865041732788 0
1716972555818 0.6727778911590576 0
1716972556426 0.5972318649291992 0
1716972557146 0.688485860824585 0
1716972558108 0.9292740821838379 0
1716972559458 1.3201289176940918 0
1716972561829 2.3059568405151367 0
1716972564132 2.2846221923828125 0
1716972565806 1.6535160541534424 0
1716972567183 1.3647758960723877 0
1716972601410 9.004332780838013 0
1716972602077 0.6486327648162842 0
1716972602672 0.582683801651001 0
1716972603349 0.6622583866119385 0
1716972604785 1.3879868984222412 0
1716972605779 0.9573719501495361 0
1716972607152 1.2957031726837158 0
1716972609869 2.6836743354797363 0
1716972611956 2.066598892211914 0
1716972613509 1.5343537330627441 0
1716972633912 5.3495049476623535 0
1716972634854 0.9277300834655762 0
1716972635518 0.6409919261932373 0
1716972636313 0.7790887355804443 0
1716972637308 0.9619388580322266 0
1716972638643 1.3051950931549072 0
1716972641165 2.4875693321228027 0
1716972643662 2.4833309650421143 0
1716972645334 1.6587367057800293 0
1716972646760 1.4057111740112305 0
1716972667053 5.117859840393066 0
1716972667828 0.7614383697509766 0
1716972668471 0.6304452419281006 0
1716972669374 0.8876991271972656 0
1716972670696 1.2790517807006836 0
1716972676054 5.325225114822388 0
1716972678054 1.9837629795074463 0
1716972678862 0.7948868274688721 0
1716972679592 0.7136943340301514 0
1716972680457 0.8440413475036621 0
1716972702461 6.183872938156128 0
1716972703478 1.0016632080078125 0
1716972704118 0.6078591346740723 0
1716972704915 0.7400331497192383 0
1716972706354 1.4096269607543945 0
1716972707228 0.8390047550201416 0
1716972708300 1.0291211605072021 0
1716972710215 1.8839643001556396 0
1716972713167 2.908715009689331 0
1716972714834 1.6501479148864746 0
1716972735834 5.144140958786011 0
1716972736676 0.7927050590515137 0
1716972737315 0.615056037902832 0
1716972738010 0.6820008754730225 0
1716972738835 0.8039312362670898 0
1716972740152 1.28438401222229 0
1716972741935 1.7531418800354004 0
1716972744919 2.9500279426574707 0
1716972746649 1.6986620426177979 0
1716972748034 1.3744640350341797 0
1716972763502 4.482591867446899 0
1716972764217 0.7000141143798828 0
1716972764911 0.6819808483123779 0
1716972765719 0.7892889976501465 0
1716972766823 1.0833721160888672 0
1716972768113 1.258882999420166 0
1716972770308 2.1659398078918457 0
1716972772665 2.3438661098480225 0
1716972774520 1.8346576690673828 0
1716972775944 1.405290126800537 0
1716972793287 3.3956310749053955 0
1716972793961 0.6620409488677979 0
1716972794684 0.7121987342834473 0
1716972796021 1.3008878231048584 0
1716972797188 1.1223909854888916 0
1716972798247 1.0179431438446045 0
1716972799959 1.6893129348754883 0
1716972802196 2.2110178470611572 0
1716972804114 1.898879051208496 0
1716972805682 1.554353952407837 0
1716972823937 5.098024129867554 0
1716972824676 0.7231588363647461 0
1716972825856 1.1653227806091309 0
1716972826566 0.6946380138397217 0
1716972827371 0.7907009124755859 0
1716972828375 0.9579892158508301 0
1716972830042 1.6402020454406738 0
1716972832787 2.7149651050567627 0
1716972834778 1.9775137901306152 0
1716972836217 1.4203739166259766 0
1716972855484 5.577843904495239 0
1716972856240 0.7399778366088867 0
1716972856980 0.726320743560791 0
1716972857761 0.758004903793335 0
1716972859000 1.2019808292388916 0
1716972860906 1.8516521453857422 0
1716972862721 1.7711269855499268 0
1716972864331 1.592756986618042 0
1716972865951 1.6053988933563232 0
1716972867479 1.5117061138153076 0
1716972886051 4.33206582069397 0
1716972886902 0.8281431198120117 0
1716972887673 0.7534980773925781 0
1716972888380 0.6919231414794922 0
1716972889445 1.0443949699401855 0
1716972890851 1.3722381591796875 0
1716972892758 1.8572871685028076 0
1716972895336 2.557187080383301 0
1716972897146 1.7870628833770752 0
1716972899069 1.8829119205474854 0
1716972918738 4.40302586555481 0
1716972919518 0.7506136894226074 0
1716972920127 0.5945930480957031 0
1716972920793 0.6517491340637207 0
1716972922015 1.2010271549224854 0
1716972923469 1.385307788848877 0
1716972925628 2.0340521335601807 0
1716972927201 1.548490047454834 0
1716972929051 1.8354511260986328 0
1716972930803 1.7357730865478516 0
1716972946623 3.569553852081299 0
1716972947530 0.8814821243286133 0
1716972948235 0.6946120262145996 0
1716972949006 0.739652156829834 0
1716972950250 1.222424030303955 0
1716972951923 1.6346330642700195 0
1716972954025 2.06504225730896 0
1716972956111 2.072244882583618 0
1716972957819 1.6778099536895752 0
1716972959245 1.4146819114685059 0
1716972977930 4.813576936721802 0
1716972978659 0.6957707405090332 0
1716972979307 0.6358251571655273 0
1716972980030 0.7066690921783447 0
1716972981223 1.1720151901245117 0
1716972982387 1.130100965499878 0
1716972984475 2.046627998352051 0
1716972987238 2.734452962875366 0
1716972988834 1.5747590065002441 0
1716972990161 1.3129148483276367 0
1716973011556 4.795507907867432 0
1716973012321 0.7302660942077637 0
1716973012922 0.5901823043823242 0
1716973013691 0.7551391124725342 0
1716973014936 1.222425937652588 0
1716973016343 1.3697600364685059 0
1716973018173 1.800370216369629 0
1716973020583 2.3630101680755615 0
1716973022432 1.837179183959961 0
1716973023923 1.4718070030212402 0
1716973043484 5.56018590927124 0
1716973044221 0.7246882915496826 0
1716973044954 0.7168378829956055 0
1716973045871 0.891822099685669 0
1716973047664 1.7496509552001953 0
1716973048741 1.013390064239502 0
1716973049746 0.9523730278015137 0
1716973051407 1.612828016281128 0
1716973053799 2.335782051086426 0
1716973055697 1.884626865386963 0
1716973073682 2.9364540576934814 0
1716973074752 1.0593938827514648 0
1716973076359 1.5869770050048828 0
1716973077127 0.7376458644866943 0
1716973078137 0.990363359451294 0
1716973079610 1.414937973022461 0
1716973080890 1.2557740211486816 0
1716973082999 2.0846128463745117 0
1716973085067 2.0278120040893555 0
1716973086750 1.660353183746338 0
1716973107482 5.293389081954956 0
1716973108421 0.9243700504302979 0
1716973109109 0.648369312286377 0
1716973109787 0.6560020446777344 0
1716973110837 1.0259058475494385 0
1716973111921 1.053462028503418 0
1716973113738 1.7814018726348877 0
1716973116670 2.8953800201416016 0
1716973118421 1.740110158920288 0
1716973119843 1.4095690250396729 0
1716973142589 6.97825288772583 0
1716973143339 0.7142038345336914 0
1716973144002 0.6508848667144775 0
1716973144791 0.7504971027374268 0
1716973145913 1.0845918655395508 0
1716973147116 1.170428991317749 0
1716973148702 1.5524342060089111 0
1716973151250 2.5160911083221436 0
1716973153137 1.8730099201202393 0
1716973154644 1.4878408908843994 0
1716973175253 5.088109016418457 0
1716973176010 0.7417418956756592 0
1716973176649 0.6110131740570068 0
1716973177420 0.7570528984069824 0
1716973178370 0.919342041015625 0
1716973179445 1.0442829132080078 0
1716973181481 2.006694793701172 0
1716973184481 2.972459077835083 0
1716973186157 1.652327060699463 0
1716973187495 1.323500633239746 0
1716973205052 3.462430000305176 0
1716973205752 0.6863858699798584 0
1716973206418 0.6539411544799805 0
1716973207207 0.7682690620422363 0
1716973208187 0.955974817276001 0
1716973209421 1.1985909938812256 0
1716973212291 2.841840982437134 0
1716973214468 2.146315097808838 0
1716973216157 1.6672370433807373 0
1716973217576 1.3569457530975342 0
1716973237780 5.877096176147461 0
1716973238528 0.7368249893188477 0
1716973239229 0.6790609359741211 0
1716973240057 0.8127930164337158 0
1716973241894 1.785484790802002 0
1716973242952 1.0151889324188232 0
1716973244306 1.3178150653839111 0
1716973245999 1.6712279319763184 0
1716973248261 2.246027946472168 0
1716973250078 1.804056167602539 0
1716973271980 8.070194005966187 0
1716973272783 0.7788238525390625 0
1716973273433 0.6285018920898438 0
1716973274433 0.9823942184448242 0
1716973275689 1.1879029273986816 0
1716973276933 1.2096199989318848 0
1716973279101 2.0915799140930176 0
1716973280869 1.6945409774780273 0
1716973282805 1.9118289947509766 0
1716973284181 1.3092169761657715 0
1716973339379 13.40898871421814 0
1716973340211 0.81903076171875 0
1716973340833 0.6100289821624756 0
1716973341660 0.808527946472168 0
1716973342555 0.8571231365203857 0
1716973343653 1.0062768459320068 0
1716973344687 0.9854857921600342 0
1716973346392 1.658858060836792 0
1716973349440 3.0014867782592773 0
1716973351152 1.699429988861084 0
1716973372391 5.413395881652832 0
1716973373180 0.7728300094604492 0
1716973373885 0.6811778545379639 0
1716973374636 0.7301790714263916 0
1716973375591 0.918381929397583 0
1716973376880 1.2126970291137695 0
1716973378800 1.885774850845337 0
1716973381344 2.5120389461517334 0
1716973383252 1.8902409076690674 0
1716973384728 1.435539960861206 0
1716973405250 5.136001110076904 0
1716973405887 0.6216671466827393 0
1716973406471 0.5576739311218262 0
1716973407152 0.6636629104614258 0
1716973408145 0.942889928817749 0
1716973409197 1.0205409526824951 0
1716973410531 1.2985599040985107 0
1716973412097 1.5180981159210205 0
1716973414457 2.305591106414795 0
1716973416790 2.304511308670044 0
1716973456642 12.5208261013031 0
1716973459427 2.7593789100646973 0
1716973459988 0.5462489128112793 0
1716973460635 0.6310873031616211 0
1716973461529 0.8297500610351562 0
1716973462517 0.9520540237426758 0
1716973463466 0.9187822341918945 0
1716973464751 1.253016710281372 0
1716973467705 2.9119701385498047 0
1716973469709 1.982517957687378 0
1716973503226 10.784090757369995 0
1716973503929 0.6631817817687988 0
1716973504466 0.5221560001373291 0
1716973505252 0.7681729793548584 0
1716973508304 3.015983819961548 0
1716973509821 1.4380037784576416 0
1716973510599 0.7529399394989014 0
1716973512570 1.9502289295196533 0
1716973514301 1.580549716949463 0
1716973515155 0.8401672840118408 0
1716973545996 11.130192041397095 0
1716973548554 2.534334421157837 0
1716973549142 0.5766100883483887 0
1716973549814 0.6270110607147217 0
1716973550722 0.8715739250183105 0
1716973551689 0.8376939296722412 0
1716973552542 0.8234279155731201 0
1716973553558 0.982990026473999 0
1716973555149 1.559941291809082 0
1716973558496 3.316183090209961 0
1716973591890 12.690139055252075 0
1716973592779 0.8786211013793945 0
1716973593410 0.5951240062713623 0
1716973594053 0.6283552646636963 0
1716973594923 0.8402321338653564 0
1716973598015 3.0274112224578857 0
1716973599124 1.0561342239379883 0
1716973599923 0.7599589824676514 0
1716973600854 0.9074170589447021 0
1716973602182 1.2993652820587158 0
1716973632062 9.843669891357422 0
1716973633103 1.0289852619171143 0
1716973633678 0.5501289367675781 0
1716973634482 0.7902140617370605 0
1716973635409 0.8658747673034668 0
1716973638607 3.0546071529388428 0
1716973639642 0.9830152988433838 0
1716973640574 0.9164936542510986 0
1716973641446 0.8514530658721924 0
1716973642734 1.268876075744629 0
1716973669611 7.0719499588012695 0
1716973670552 0.9239418506622314 0
1716973671568 0.9909677505493164 0
1716973672443 0.8484058380126953 0
1716973673590 1.1034951210021973 0
1716973675110 1.4839239120483398 0
1716973678682 3.4708762168884277 0
1716973680006 1.2688350677490234 0
1716973680880 0.8472681045532227 0
1716973681858 0.9547319412231445 0
1716973714742 11.370805978775024 0
1716973715857 1.0988447666168213 0
1716973716662 0.7849569320678711 0
1716973717547 0.804628849029541 0
1716973719320 1.7135529518127441 0
1716973720256 0.9031507968902588 0
1716973721086 0.798677921295166 0
1716973722044 0.9108281135559082 0
1716973723581 1.5011067390441895 0
1716973726669 3.0567870140075684 0
1716973751930 7.138255834579468 0
1716973752784 0.8229987621307373 0
1716973753423 0.594329833984375 0
1716973754092 0.6516208648681641 0
1716973755017 0.9049079418182373 0
1716973756112 1.0654559135437012 0
1716973758187 2.024617910385132 0
1716973760675 2.3725011348724365 0
1716973762545 1.8565785884857178 0
1716973764030 1.466364860534668 0
1716973801183 15.088737964630127 0
1716973802073 0.8633131980895996 0
1716973802710 0.6049489974975586 0
1716973803670 0.9056570529937744 0
1716973807218 3.5015640258789062 0
1716973807966 0.7138948440551758 0
1716973808760 0.7757041454315186 0
1716973810852 2.0410380363464355 0
1716973813083 2.1723599433898926 0
1716973814786 1.6710069179534912 0
