1712052931675 276.444580078125 0
1712052940085 237.68133544921875 1
1712052944288 180.54879760742188 2
1712052949202 157.71658325195312 3
1712052953205 140.06687927246094 4
1712052956909 157.1089324951172 5
1712052961294 131.02151489257812 6
1712052966412 126.28074645996094 7
1712052969992 114.7177505493164 8
1712052972981 108.75454711914062 9
1712052976036 99.78433227539062 10
1712052984612 88.33035278320312 11
1712052987711 87.28426361083984 12
1712052990387 83.40188598632812 13
1712052992931 78.4490966796875 14
1712052995951 73.6489028930664 15
1712052999954 89.0898666381836 16
