1715612553303 7.44571590423584 0
1715612553840 7.0728983879089355 0
1715612554352 6.7560906410217285 0
1715612554966 6.488503932952881 0
1715612555689 6.345115661621094 0
1715612556330 6.211260795593262 0
1715612556895 6.077359676361084 0
1715612557572 5.942010402679443 0
1715612558738 5.799293518066406 0
1715612559580 5.624174118041992 0
1715612571144 5.4305033683776855 0
1715612571717 5.21151065826416 0
1715612572225 4.949103355407715 0
1715612572742 4.6557536125183105 0
1715612573270 4.332218647003174 0
1715612573835 4.087732315063477 0
1715612574455 3.9034643173217773 0
1715612575154 3.732449531555176 0
1715612576127 3.5517373085021973 0
1715612578219 3.4008753299713135 0
1715612584633 3.286367177963257 0
1715612585162 3.19537353515625 0
1715612585663 3.123800754547119 0
1715612586168 3.066699981689453 0
1715612586694 3.016526222229004 0
1715612587247 2.966111183166504 0
1715612587836 2.9106085300445557 0
1715612588477 2.8539512157440186 0
1715612589240 2.803889036178589 0
1715612590303 2.7599785327911377 0
1715612597749 2.718926429748535 0
1715612598248 2.6808383464813232 0
1715612598754 2.6462948322296143 0
1715612599302 2.6140575408935547 0
1715612599961 2.583331823348999 0
1715612600730 2.5535919666290283 0
1715612601475 2.52314829826355 0
1715612602693 2.4923980236053467 0
1715612603938 2.4624099731445312 0
1715612605533 2.4327433109283447 0
1715612612669 2.404670000076294 0
1715612613164 2.3810012340545654 0
1715612613673 2.350285530090332 0
1715612614200 2.324375629425049 0
1715612614755 2.3002049922943115 0
1715612615352 2.276796340942383 0
1715612615948 2.2535557746887207 0
1715612616577 2.2300941944122314 0
1715612617299 2.2066922187805176 0
1715612618130 2.183443307876587 0
1715612625726 2.161101818084717 0
1715612626279 2.139246940612793 0
1715612626834 2.116682767868042 0
1715612627386 2.0957486629486084 0
1715612627945 2.074897289276123 0
1715612628520 2.0534234046936035 0
1715612629131 2.0317633152008057 0
1715612629784 2.0106279850006104 0
1715612630475 1.9884636402130127 0
1715612631253 1.9661904573440552 0
1715612638176 1.944221019744873 0
1715612638732 1.9214324951171875 0
1715612639283 1.8977973461151123 0
1715612639863 1.8745816946029663 0
1715612640437 1.8519761562347412 0
1715612641012 1.8296492099761963 0
1715612641590 1.808223009109497 0
1715612642205 1.7869923114776611 0
1715612642881 1.7658156156539917 0
1715612643558 1.7442957162857056 0
1715612650589 1.721103310585022 0
1715612651285 1.7024345397949219 0
1715612652183 1.679898977279663 0
1715612652870 1.657619833946228 0
1715612654549 1.6390700340270996 0
1715612655486 1.6200352907180786 0
1715612656279 1.600710391998291 0
1715612657088 1.582497239112854 0
1715612657871 1.564980149269104 0
1715612658673 1.5473147630691528 0
1715612665878 1.5274920463562012 0
1715612666384 1.5098519325256348 0
1715612666873 1.4914871454238892 0
1715612667378 1.4717456102371216 0
1715612667919 1.4529329538345337 0
1715612668473 1.4366215467453003 0
1715612669065 1.4228029251098633 0
1715612669714 1.4223724603652954 0
1715612670506 1.4311491250991821 0
1715612671772 1.4502763748168945 0
1715612678386 1.3780885934829712 0
1715612678876 1.3935785293579102 0
1715612679376 1.3737393617630005 0
1715612679882 1.3557080030441284 0
1715612680409 1.3361531496047974 0
1715612680968 1.3242616653442383 0
1715612681560 1.313099980354309 0
1715612682205 1.2965198755264282 0
1715612682956 1.2802492380142212 0
1715612684278 1.272773265838623 0
1715612692840 1.255428671836853 0
1715612693746 1.2430394887924194 0
1715612694494 1.2343682050704956 0
1715612695080 1.2260156869888306 0
1715612695881 1.2135798931121826 0
1715612697031 1.1988590955734253 0
1715612697822 1.1924512386322021 0
1715612698830 1.1856021881103516 0
1715612699985 1.19722580909729 0
1715612701236 1.1924229860305786 0
1715612709850 1.1805325746536255 0
1715612710354 1.1733578443527222 0
1715612710878 1.163543939590454 0
1715612711439 1.162034511566162 0
1715612712015 1.1733269691467285 0
1715612712594 1.1453914642333984 0
1715612713205 1.148851752281189 0
1715612713884 1.137993335723877 0
1715612714700 1.118774175643921 0
1715612716290 1.1064821481704712 0
1715612725369 1.0985727310180664 0
1715612725884 1.0770230293273926 0
1715612726391 1.073913812637329 0
1715612726943 1.0573724508285522 0
1715612729546 1.0487401485443115 0
1715612731547 1.0454164743423462 0
1715612732151 1.0508288145065308 0
1715612732754 1.0196479558944702 0
1715612733405 1.0236287117004395 0
1715612734212 1.0098130702972412 0
1715612743435 0.9951602816581726 0
1715612744003 0.9898272156715393 0
1715612744519 0.9751565456390381 0
1715612745081 0.9703986644744873 0
1715612745624 0.9559713006019592 0
1715612746204 0.9553359746932983 0
1715612746839 0.9446166157722473 0
1715612747591 0.9340360760688782 0
1715612749081 0.9230261445045471 0
1715612751390 0.9165872931480408 0
1715612757791 0.9112997651100159 0
1715612758412 0.904426097869873 0
1715612759005 0.894615650177002 0
1715612759585 0.8960386514663696 0
1715612760158 1.001330852508545 0
1715612760771 1.0119423866271973 0
1715612761391 0.9690474271774292 0
1715612762065 1.011217713356018 0
1715612762750 0.9442331790924072 0
1715612763579 0.9931816458702087 0
1715612770729 0.9836434125900269 0
1715612771298 0.9605590105056763 0
1715612771851 0.963036835193634 0
1715612772408 1.0827631950378418 0
1715612772977 1.1381019353866577 0
1715612773583 1.1837506294250488 0
1715612774186 1.2779731750488281 0
1715612774804 1.265504240989685 0
1715612775466 1.2995835542678833 0
1715612776170 1.3016821146011353 0
1715612783073 1.2899658679962158 0
1715612783612 1.2961522340774536 0
1715612784156 1.2567905187606812 0
1715612784705 1.242581844329834 0
1715612785296 1.2278162240982056 0
1715612785960 1.1998262405395508 0
1715612786648 1.2113852500915527 0
1715612787654 1.177925944328308 0
1715612789109 1.159940481185913 0
1715612790769 1.1505601406097412 0
