1715612553335 1.123194932937622 0
1715612553846 0.5062441825866699 0
1715612554371 0.5194628238677979 0
1715612555019 0.6435720920562744 0
1715612555712 0.6040270328521729 0
1715612556359 0.5757350921630859 0
1715612556930 0.5653669834136963 0
1715612557782 0.8347268104553223 0
1715612558886 1.003000020980835 0
1715612559605 0.6814520359039307 0
1715612571181 1.680354118347168 0
1715612571735 0.5476858615875244 0
1715612572240 0.5003118515014648 0
1715612572749 0.5028631687164307 0
1715612573281 0.5242009162902832 0
1715612573843 0.5520899295806885 0
1715612574469 0.619642972946167 0
1715612575162 0.6876318454742432 0
1715612576191 1.0185611248016357 0
1715612578236 1.9633259773254395 0
1715612584651 1.119546890258789 0
1715612585189 0.5334739685058594 0
1715612585673 0.477069616317749 0
1715612586183 0.5028071403503418 0
1715612586707 0.5170190334320068 0
1715612587257 0.5445749759674072 0
1715612587844 0.5793819427490234 0
1715612588484 0.6329052448272705 0
1715612589296 0.8051919937133789 0
1715612590328 1.0157718658447266 0
1715612597757 1.144608974456787 0
1715612598255 0.4936869144439697 0
1715612598763 0.5037059783935547 0
1715612599313 0.5450820922851562 0
1715612599983 0.6360399723052979 0
1715612600760 0.7489562034606934 0
1715612601495 0.7122457027435303 0
1715612602807 1.287971019744873 0
1715612603981 1.1226880550384521 0
1715612605556 1.542677879333496 0
1715612612688 1.2554309368133545 0
1715612613176 0.48375582695007324 0
1715612613695 0.5004429817199707 0
1715612614212 0.5077362060546875 0
1715612614776 0.5499289035797119 0
1715612615372 0.5851759910583496 0
1715612615961 0.5808491706848145 0
1715612616612 0.6407520771026611 0
1715612617316 0.6929428577423096 0
1715612618147 0.8199789524078369 0
1715612625732 1.2301709651947021 0
1715612626301 0.5655539035797119 0
1715612626845 0.5358071327209473 0
1715612627402 0.5448880195617676 0
1715612627962 0.5506901741027832 0
1715612628533 0.5612821578979492 0
1715612629164 0.6140291690826416 0
1715612629802 0.628093957901001 0
1715612630495 0.6827881336212158 0
1715612631265 0.760714054107666 0
1715612638189 1.1122441291809082 0
1715612638752 0.5579912662506104 0
1715612639296 0.5348789691925049 0
1715612639879 0.5697908401489258 0
1715612640451 0.5599091053009033 0
1715612641025 0.5628201961517334 0
1715612641608 0.5684301853179932 0
1715612642221 0.5974698066711426 0
1715612642910 0.6782500743865967 0
1715612643572 0.6501808166503906 0
1715612650620 1.372856616973877 0
1715612651430 0.8005139827728271 0
1715612652225 0.7666146755218506 0
1715612652927 0.6842308044433594 0
1715612654606 1.6598358154296875 0
1715612655553 0.9213440418243408 0
1715612656344 0.7755520343780518 0
1715612657134 0.7754652500152588 0
1715612657892 0.7209911346435547 0
1715612658682 0.7790548801422119 0
1715612665899 1.1105690002441406 0
1715612666398 0.494765043258667 0
1715612666879 0.47478818893432617 0
1715612667392 0.506152868270874 0
1715612667926 0.5275030136108398 0
1715612668481 0.5473599433898926 0
1715612669071 0.583549976348877 0
1715612669722 0.6456601619720459 0
1715612670514 0.7852742671966553 0
1715612671784 1.2629461288452148 0
1715612678393 1.0368647575378418 0
1715612678890 0.49385714530944824 0
1715612679385 0.4885528087615967 0
1715612679890 0.496837854385376 0
1715612680422 0.5274980068206787 0
1715612680978 0.5489661693572998 0
1715612681567 0.5827360153198242 0
1715612682210 0.6363060474395752 0
1715612682966 0.7519161701202393 0
1715612684323 1.3492121696472168 0
1715612692895 1.4012317657470703 0
1715612693858 0.9526352882385254 0
1715612694518 0.6166448593139648 0
1715612695092 0.5389821529388428 0
1715612695924 0.7942299842834473 0
1715612697050 1.0810420513153076 0
1715612697848 0.7761352062225342 0
1715612698876 1.0109660625457764 0
1715612700068 1.1738669872283936 0
1715612701315 1.1960010528564453 0
1715612709862 1.4546911716461182 0
1715612710380 0.5142698287963867 0
1715612710896 0.5083069801330566 0
1715612711462 0.5582249164581299 0
1715612712027 0.5557498931884766 0
1715612712609 0.5737042427062988 0
1715612713219 0.606593132019043 0
1715612713909 0.6766281127929688 0
1715612714733 0.8140490055084229 0
1715612716313 1.4969239234924316 0
1715612725380 1.206190824508667 0
1715612725898 0.5109989643096924 0
1715612726398 0.4941072463989258 0
1715612726956 0.5522270202636719 0
1715612729898 2.9328269958496094 0
1715612731577 1.6267340183258057 0
1715612732157 0.5734436511993408 0
1715612732772 0.5998766422271729 0
1715612733435 0.6424908638000488 0
1715612734237 0.7415668964385986 0
1715612743460 1.381199836730957 0
1715612744020 0.5539240837097168 0
1715612744551 0.5215890407562256 0
1715612745093 0.5226709842681885 0
1715612745636 0.5335738658905029 0
1715612746216 0.5660510063171387 0
1715612746856 0.6268911361694336 0
1715612747605 0.7379570007324219 0
1715612749116 1.4895586967468262 0
1715612751408 2.2607879638671875 0
1715612757803 1.1983308792114258 0
1715612758431 0.6237318515777588 0
1715612759022 0.585932731628418 0
1715612759601 0.5729739665985107 0
1715612760175 0.5632839202880859 0
1715612760783 0.601722002029419 0
1715612761423 0.6351916790008545 0
1715612762075 0.6433298587799072 0
1715612762785 0.7047312259674072 0
1715612763604 0.8125290870666504 0
1715612770745 1.071429967880249 0
1715612771309 0.5601441860198975 0
1715612771871 0.5536630153656006 0
1715612772422 0.5452988147735596 0
1715612773012 0.5787656307220459 0
1715612773598 0.576653003692627 0
1715612774201 0.5780701637268066 0
1715612774828 0.6174869537353516 0
1715612775483 0.6459190845489502 0
1715612776184 0.6904430389404297 0
1715612783079 1.2216072082519531 0
1715612783633 0.5506868362426758 0
1715612784173 0.5311529636383057 0
1715612784715 0.5331060886383057 0
1715612785316 0.5909607410430908 0
1715612785981 0.6595249176025391 0
1715612786666 0.6749680042266846 0
1715612787720 1.0114617347717285 0
1715612789205 1.4509871006011963 0
1715612790804 1.52836012840271 0
