1716632887962 1.0 0
1716632889516 2.0 0
1716632890776 3.0 0
1716632891983 4.0 0
1716632893231 5.0 0
1716632894386 6.0 0
1716632895534 7.0 0
1716632896650 8.0 0
1716632897752 9.0 0
1716632898880 10.0 0
1716632908340 11.0 0
1716632909412 12.0 0
1716632910500 13.0 0
1716632911606 14.0 0
1716632912708 15.0 0
1716632913822 16.0 0
1716632914905 17.0 0
1716632915978 18.0 0
1716632917036 19.0 0
1716632918150 20.0 0
1716632925434 21.0 0
1716632926478 22.0 0
1716632927524 23.0 0
1716632928641 24.0 0
1716632929761 25.0 0
1716632930815 26.0 0
1716632931893 27.0 0
1716632932959 28.0 0
1716632933994 29.0 0
1716632935041 30.0 0
1716632940325 31.0 0
1716632941426 32.0 0
1716632942503 33.0 0
1716632943644 34.0 0
1716632944745 35.0 0
1716632945850 36.0 0
1716632946920 37.0 0
1716632947989 38.0 0
1716632949021 39.0 0
1716632950085 40.0 0
1716632956096 41.0 0
1716632957156 42.0 0
1716632958264 43.0 0
1716632959308 44.0 0
1716632960367 45.0 0
1716632961432 46.0 0
1716632962506 47.0 0
1716632963592 48.0 0
1716632964750 49.0 0
1716632965878 50.0 0
1716632979671 51.0 0
1716632980860 52.0 0
1716632981960 53.0 0
1716632983047 54.0 0
1716632984162 55.0 0
1716632985238 56.0 0
1716632986291 57.0 0
1716632987410 58.0 0
1716632988518 59.0 0
1716632989609 60.0 0
1716632996638 61.0 0
1716632997666 62.0 0
1716632998691 63.0 0
1716632999763 64.0 0
1716633000848 65.0 0
1716633001853 66.0 0
1716633002873 67.0 0
1716633003900 68.0 0
1716633004965 69.0 0
1716633005982 70.0 0
1716633011808 71.0 0
1716633012905 72.0 0
1716633013985 73.0 0
1716633015047 74.0 0
1716633016103 75.0 0
1716633017180 76.0 0
1716633018268 77.0 0
1716633019345 78.0 0
1716633020398 79.0 0
1716633021573 80.0 0
1716633027441 81.0 0
1716633028520 82.0 0
1716633029594 83.0 0
1716633030629 84.0 0
1716633031652 85.0 0
1716633032701 86.0 0
1716633033765 87.0 0
1716633034867 88.0 0
1716633035920 89.0 0
1716633036955 90.0 0
1716633042330 91.0 0
1716633043730 92.0 0
1716633044794 93.0 0
1716633045838 94.0 0
1716633046866 95.0 0
1716633047899 96.0 0
1716633048959 97.0 0
1716633050065 98.0 0
1716633051118 99.0 0
1716633052180 100.0 0
1716633060030 101.0 0
1716633061115 102.0 0
1716633062286 103.0 0
1716633063358 104.0 0
1716633064429 105.0 0
1716633065433 106.0 0
1716633066493 107.0 0
1716633067585 108.0 0
1716633068623 109.0 0
1716633069676 110.0 0
1716633075275 111.0 0
1716633076318 112.0 0
1716633077404 113.0 0
1716633078430 114.0 0
1716633079455 115.0 0
1716633080483 116.0 0
1716633081550 117.0 0
1716633082615 118.0 0
1716633083666 119.0 0
1716633084748 120.0 0
1716633090679 121.0 0
1716633091749 122.0 0
1716633092811 123.0 0
1716633093862 124.0 0
1716633094938 125.0 0
1716633096061 126.0 0
1716633097169 127.0 0
1716633098234 128.0 0
1716633099320 129.0 0
1716633100451 130.0 0
1716633107774 131.0 0
1716633108917 132.0 0
1716633110084 133.0 0
1716633111119 134.0 0
1716633112207 135.0 0
1716633113289 136.0 0
1716633114381 137.0 0
1716633115460 138.0 0
1716633116491 139.0 0
1716633117558 140.0 0
1716633124833 141.0 0
1716633125882 142.0 0
1716633126907 143.0 0
1716633127995 144.0 0
1716633129044 145.0 0
1716633130201 146.0 0
1716633131312 147.0 0
1716633132444 148.0 0
1716633133549 149.0 0
1716633134752 150.0 0
1716633148712 151.0 0
1716633149857 152.0 0
1716633151040 153.0 0
1716633152181 154.0 0
1716633153342 155.0 0
1716633154435 156.0 0
1716633155510 157.0 0
1716633156658 158.0 0
1716633157804 159.0 0
1716633158921 160.0 0
1716633165567 161.0 0
1716633166722 162.0 0
1716633167804 163.0 0
1716633168878 164.0 0
1716633169979 165.0 0
1716633171068 166.0 0
1716633172187 167.0 0
1716633173264 168.0 0
1716633174358 169.0 0
1716633175447 170.0 0
1716633180930 171.0 0
1716633182008 172.0 0
1716633183108 173.0 0
1716633184144 174.0 0
1716633185181 175.0 0
1716633186236 176.0 0
1716633187285 177.0 0
1716633188365 178.0 0
1716633189465 179.0 0
1716633190574 180.0 0
1716633196345 181.0 0
1716633197421 182.0 0
1716633198457 183.0 0
1716633199518 184.0 0
1716633200556 185.0 0
1716633201642 186.0 0
1716633202672 187.0 0
1716633203696 188.0 0
1716633204741 189.0 0
1716633205833 190.0 0
1716633213375 191.0 0
1716633214510 192.0 0
1716633215668 193.0 0
1716633216815 194.0 0
1716633218026 195.0 0
1716633219203 196.0 0
1716633220364 197.0 0
1716633221531 198.0 0
1716633222660 199.0 0
1716633223752 200.0 0
1716633231021 201.0 0
1716633232057 202.0 0
1716633233132 203.0 0
1716633234214 204.0 0
1716633235347 205.0 0
1716633236478 206.0 0
1716633237643 207.0 0
1716633238716 208.0 0
1716633239950 209.0 0
1716633241092 210.0 0
1716633246926 211.0 0
1716633248035 212.0 0
1716633249107 213.0 0
1716633250245 214.0 0
1716633251392 215.0 0
1716633252609 216.0 0
1716633253720 217.0 0
1716633254854 218.0 0
1716633256215 219.0 0
1716633259031 220.0 0
1716633267917 221.0 0
1716633269053 222.0 0
1716633270634 223.0 0
1716633271814 224.0 0
1716633272945 225.0 0
1716633274188 226.0 0
1716633275398 227.0 0
1716633276512 228.0 0
1716633277660 229.0 0
1716633278847 230.0 0
1716633289855 231.0 0
1716633291142 232.0 0
1716633292330 233.0 0
1716633293474 234.0 0
1716633294571 235.0 0
1716633295649 236.0 0
1716633296764 237.0 0
1716633298100 238.0 0
1716633299318 239.0 0
1716633300766 240.0 0
1716633308178 241.0 0
1716633309396 242.0 0
1716633310625 243.0 0
1716633312043 244.0 0
1716633313195 245.0 0
1716633314363 246.0 0
1716633315490 247.0 0
1716633316659 248.0 0
1716633317872 249.0 0
1716633319192 250.0 0
1716633337694 251.0 0
1716633338785 252.0 0
1716633339879 253.0 0
1716633340980 254.0 0
1716633342111 255.0 0
1716633343210 256.0 0
1716633344305 257.0 0
1716633345412 258.0 0
1716633346510 259.0 0
1716633347627 260.0 0
1716633353907 261.0 0
1716633354941 262.0 0
1716633355981 263.0 0
1716633357026 264.0 0
1716633358106 265.0 0
1716633359143 266.0 0
1716633360188 267.0 0
1716633361312 268.0 0
1716633362414 269.0 0
1716633363515 270.0 0
1716633369267 271.0 0
1716633370319 272.0 0
1716633371373 273.0 0
1716633372460 274.0 0
1716633373671 275.0 0
1716633374775 276.0 0
1716633375866 277.0 0
1716633377189 278.0 0
1716633378354 279.0 0
1716633379534 280.0 0
1716633386583 281.0 0
1716633387660 282.0 0
1716633388740 283.0 0
1716633389888 284.0 0
1716633390992 285.0 0
1716633392106 286.0 0
1716633393195 287.0 0
1716633394311 288.0 0
1716633395422 289.0 0
1716633396576 290.0 0
1716633402634 291.0 0
1716633403679 292.0 0
1716633404712 293.0 0
1716633405737 294.0 0
1716633406758 295.0 0
1716633407891 296.0 0
1716633408936 297.0 0
1716633410086 298.0 0
1716633411225 299.0 0
1716633412360 300.0 0
1716633420868 301.0 0
1716633422006 302.0 0
1716633423117 303.0 0
1716633424303 304.0 0
1716633425434 305.0 0
1716633426576 306.0 0
1716633427875 307.0 0
1716633429157 308.0 0
1716633432780 309.0 0
1716633433977 310.0 0
1716633441784 311.0 0
1716633442896 312.0 0
1716633444095 313.0 0
1716633445205 314.0 0
1716633446355 315.0 0
1716633447485 316.0 0
1716633448586 317.0 0
1716633449706 318.0 0
1716633450827 319.0 0
1716633451977 320.0 0
1716633459069 321.0 0
1716633460230 322.0 0
1716633461297 323.0 0
1716633462412 324.0 0
1716633463560 325.0 0
1716633464702 326.0 0
1716633465875 327.0 0
1716633466981 328.0 0
1716633468087 329.0 0
1716633469271 330.0 0
1716633481690 331.0 0
1716633482875 332.0 0
1716633484020 333.0 0
1716633485169 334.0 0
1716633486242 335.0 0
1716633487366 336.0 0
1716633488504 337.0 0
1716633489657 338.0 0
1716633490960 339.0 0
1716633492237 340.0 0
1716633500143 341.0 0
1716633501254 342.0 0
1716633502354 343.0 0
1716633503446 344.0 0
1716633504531 345.0 0
1716633505695 346.0 0
1716633506852 347.0 0
1716633508037 348.0 0
1716633509154 349.0 0
1716633510318 350.0 0
1716633516789 351.0 0
1716633517895 352.0 0
1716633519053 353.0 0
1716633520198 354.0 0
1716633521306 355.0 0
1716633522434 356.0 0
1716633523560 357.0 0
1716633524695 358.0 0
1716633525835 359.0 0
1716633526941 360.0 0
1716633532681 361.0 0
1716633533733 362.0 0
1716633534820 363.0 0
1716633535918 364.0 0
1716633537100 365.0 0
1716633538229 366.0 0
1716633539307 367.0 0
1716633540321 368.0 0
1716633541406 369.0 0
1716633542529 370.0 0
1716633548292 371.0 0
1716633549334 372.0 0
1716633550368 373.0 0
1716633551428 374.0 0
1716633552482 375.0 0
1716633553523 376.0 0
1716633554599 377.0 0
1716633555707 378.0 0
1716633556794 379.0 0
1716633557920 380.0 0
1716633563482 381.0 0
1716633564512 382.0 0
1716633565562 383.0 0
1716633566583 384.0 0
1716633567642 385.0 0
1716633568706 386.0 0
1716633569744 387.0 0
1716633570798 388.0 0
1716633571890 389.0 0
1716633573003 390.0 0
1716633579034 391.0 0
1716633580124 392.0 0
1716633581188 393.0 0
1716633582241 394.0 0
1716633583308 395.0 0
1716633584336 396.0 0
1716633585367 397.0 0
1716633586469 398.0 0
1716633587524 399.0 0
1716633588578 400.0 0
1716633594244 401.0 0
1716633595375 402.0 0
1716633596451 403.0 0
1716633597571 404.0 0
1716633598706 405.0 0
1716633599841 406.0 0
1716633601004 407.0 0
1716633602107 408.0 0
1716633603195 409.0 0
1716633604289 410.0 0
1716633610903 411.0 0
1716633612033 412.0 0
1716633613120 413.0 0
1716633614353 414.0 0
1716633615520 415.0 0
1716633616642 416.0 0
1716633617778 417.0 0
1716633618882 418.0 0
1716633619988 419.0 0
1716633621160 420.0 0
1716633636822 421.0 0
1716633637886 422.0 0
1716633638977 423.0 0
1716633640062 424.0 0
1716633641169 425.0 0
1716633642287 426.0 0
1716633643409 427.0 0
1716633644583 428.0 0
1716633645699 429.0 0
1716633646788 430.0 0
1716633652675 431.0 0
1716633654018 432.0 0
1716633655154 433.0 0
1716633656277 434.0 0
1716633657325 435.0 0
1716633658442 436.0 0
1716633659488 437.0 0
1716633660520 438.0 0
1716633661615 439.0 0
1716633662685 440.0 0
1716633668926 441.0 0
1716633670031 442.0 0
1716633671138 443.0 0
1716633672164 444.0 0
1716633673229 445.0 0
1716633674302 446.0 0
1716633675404 447.0 0
1716633676539 448.0 0
1716633677707 449.0 0
1716633678847 450.0 0
1716633685406 451.0 0
1716633686538 452.0 0
1716633687683 453.0 0
1716633688812 454.0 0
1716633689860 455.0 0
1716633690978 456.0 0
1716633692065 457.0 0
1716633693205 458.0 0
1716633694332 459.0 0
1716633695425 460.0 0
1716633701751 461.0 0
1716633702804 462.0 0
1716633703847 463.0 0
1716633704884 464.0 0
1716633706008 465.0 0
1716633707107 466.0 0
1716633708175 467.0 0
1716633709219 468.0 0
1716633710332 469.0 0
1716633711454 470.0 0
1716633717504 471.0 0
1716633718636 472.0 0
1716633719746 473.0 0
1716633720845 474.0 0
1716633721922 475.0 0
1716633722985 476.0 0
1716633724017 477.0 0
1716633725078 478.0 0
1716633726191 479.0 0
1716633727237 480.0 0
1716633733196 481.0 0
1716633734269 482.0 0
1716633735308 483.0 0
1716633736361 484.0 0
1716633737440 485.0 0
1716633738472 486.0 0
1716633739536 487.0 0
1716633740572 488.0 0
1716633741624 489.0 0
1716633742677 490.0 0
1716633748953 491.0 0
1716633750079 492.0 0
1716633751224 493.0 0
1716633752373 494.0 0
1716633753517 495.0 0
1716633754740 496.0 0
1716633755848 497.0 0
1716633756994 498.0 0
1716633758173 499.0 0
1716633759870 500.0 0
1716633767928 501.0 0
1716633769063 502.0 0
1716633770190 503.0 0
1716633771327 504.0 0
1716633772416 505.0 0
1716633773557 506.0 0
1716633774610 507.0 0
1716633775662 508.0 0
1716633776791 509.0 0
1716633777872 510.0 0
1716633784317 511.0 0
1716633785393 512.0 0
1716633786459 513.0 0
1716633787557 514.0 0
1716633788658 515.0 0
1716633789806 516.0 0
1716633790919 517.0 0
1716633792001 518.0 0
1716633793111 519.0 0
1716633794230 520.0 0
1716633805531 521.0 0
1716633806660 522.0 0
1716633807834 523.0 0
1716633808952 524.0 0
1716633810100 525.0 0
1716633811249 526.0 0
1716633812434 527.0 0
1716633813593 528.0 0
1716633814738 529.0 0
1716633815827 530.0 0
1716633822395 531.0 0
1716633823489 532.0 0
1716633824597 533.0 0
1716633825738 534.0 0
1716633826844 535.0 0
1716633827971 536.0 0
1716633829143 537.0 0
1716633830272 538.0 0
1716633831350 539.0 0
1716633832499 540.0 0
1716633847028 541.0 0
1716633848112 542.0 0
1716633849183 543.0 0
1716633850339 544.0 0
1716633851447 545.0 0
1716633852603 546.0 0
1716633853700 547.0 0
1716633854824 548.0 0
1716633855915 549.0 0
1716633857049 550.0 0
1716633863460 551.0 0
1716633864489 552.0 0
1716633865585 553.0 0
1716633866664 554.0 0
1716633867690 555.0 0
1716633868739 556.0 0
1716633869819 557.0 0
1716633870875 558.0 0
1716633871939 559.0 0
1716633872991 560.0 0
1716633881276 561.0 0
1716633882394 562.0 0
1716633883583 563.0 0
1716633885746 564.0 0
1716633886986 565.0 0
1716633888170 566.0 0
1716633889318 567.0 0
1716633890512 568.0 0
1716633891708 569.0 0
1716633892840 570.0 0
1716633903201 571.0 0
1716633904349 572.0 0
1716633905477 573.0 0
1716633906593 574.0 0
1716633907645 575.0 0
1716633908727 576.0 0
1716633909831 577.0 0
1716633910936 578.0 0
1716633912035 579.0 0
1716633913136 580.0 0
1716633919981 581.0 0
1716633921029 582.0 0
1716633922159 583.0 0
1716633923190 584.0 0
1716633924288 585.0 0
1716633925331 586.0 0
1716633926390 587.0 0
1716633927422 588.0 0
1716633928446 589.0 0
1716633929608 590.0 0
1716633936176 591.0 0
1716633937225 592.0 0
1716633938291 593.0 0
1716633939325 594.0 0
1716633940343 595.0 0
1716633941402 596.0 0
1716633942416 597.0 0
1716633943457 598.0 0
1716633944496 599.0 0
1716633945544 600.0 0
1716633951657 601.0 0
1716633952703 602.0 0
1716633953741 603.0 0
1716633954798 604.0 0
1716633955839 605.0 0
1716633956895 606.0 0
1716633957954 607.0 0
1716633958986 608.0 0
1716633960015 609.0 0
1716633961045 610.0 0
1716633967913 611.0 0
1716633968957 612.0 0
1716633970006 613.0 0
1716633971031 614.0 0
1716633972051 615.0 0
1716633973082 616.0 0
1716633974134 617.0 0
1716633975148 618.0 0
1716633976173 619.0 0
1716633977266 620.0 0
1716633982743 621.0 0
1716633983797 622.0 0
1716633984835 623.0 0
1716633985895 624.0 0
1716633986941 625.0 0
1716633987960 626.0 0
1716633989046 627.0 0
1716633990101 628.0 0
1716633991250 629.0 0
1716633992467 630.0 0
1716634002284 631.0 0
1716634003415 632.0 0
1716634004587 633.0 0
1716634005715 634.0 0
1716634006835 635.0 0
1716634007967 636.0 0
1716634009149 637.0 0
1716634010255 638.0 0
1716634011368 639.0 0
1716634012486 640.0 0
1716634018816 641.0 0
1716634019925 642.0 0
1716634021107 643.0 0
1716634022237 644.0 0
1716634023326 645.0 0
1716634024463 646.0 0
1716634025575 647.0 0
1716634026696 648.0 0
1716634027803 649.0 0
1716634028914 650.0 0
1716634034704 651.0 0
1716634035784 652.0 0
1716634036817 653.0 0
1716634037889 654.0 0
1716634038948 655.0 0
1716634039993 656.0 0
1716634041050 657.0 0
1716634042132 658.0 0
1716634043220 659.0 0
1716634044323 660.0 0
1716634050275 661.0 0
1716634051331 662.0 0
1716634052369 663.0 0
1716634053433 664.0 0
1716634054474 665.0 0
1716634055499 666.0 0
1716634056513 667.0 0
1716634057535 668.0 0
1716634058574 669.0 0
1716634059616 670.0 0
1716634065569 671.0 0
1716634066605 672.0 0
1716634067638 673.0 0
1716634068667 674.0 0
1716634069690 675.0 0
1716634070716 676.0 0
1716634071754 677.0 0
1716634072790 678.0 0
1716634073829 679.0 0
1716634074864 680.0 0
1716634080119 681.0 0
1716634081141 682.0 0
1716634082192 683.0 0
1716634083215 684.0 0
1716634084257 685.0 0
1716634085273 686.0 0
1716634086383 687.0 0
1716634087440 688.0 0
1716634088468 689.0 0
1716634089520 690.0 0
1716634107670 691.0 0
1716634108802 692.0 0
1716634109961 693.0 0
1716634111107 694.0 0
1716634112216 695.0 0
1716634113272 696.0 0
1716634114389 697.0 0
1716634115449 698.0 0
1716634116495 699.0 0
1716634117629 700.0 0
1716634132380 701.0 0
1716634133506 702.0 0
1716634134619 703.0 0
1716634135779 704.0 0
1716634136884 705.0 0
1716634137975 706.0 0
1716634139072 707.0 0
1716634140255 708.0 0
1716634141386 709.0 0
1716634142486 710.0 0
1716634149091 711.0 0
1716634150223 712.0 0
1716634151262 713.0 0
1716634152287 714.0 0
1716634153339 715.0 0
1716634154370 716.0 0
1716634155437 717.0 0
1716634156479 718.0 0
1716634157567 719.0 0
1716634158629 720.0 0
1716634164225 721.0 0
1716634165322 722.0 0
1716634166390 723.0 0
1716634167471 724.0 0
1716634168549 725.0 0
1716634169630 726.0 0
1716634170754 727.0 0
1716634171846 728.0 0
1716634172938 729.0 0
1716634174041 730.0 0
1716634179812 731.0 0
1716634180857 732.0 0
1716634181924 733.0 0
1716634183055 734.0 0
1716634184171 735.0 0
1716634185699 736.0 0
1716634186870 737.0 0
1716634188016 738.0 0
1716634189197 739.0 0
1716634191330 740.0 0
1716634197494 741.0 0
1716634198542 742.0 0
1716634199608 743.0 0
1716634200693 744.0 0
1716634201757 745.0 0
1716634202819 746.0 0
1716634203889 747.0 0
1716634204938 748.0 0
1716634205981 749.0 0
1716634207025 750.0 0
1716634212598 751.0 0
1716634213711 752.0 0
1716634214782 753.0 0
1716634215923 754.0 0
1716634217181 755.0 0
1716634218414 756.0 0
1716634219740 757.0 0
1716634221165 758.0 0
1716634222444 759.0 0
1716634223668 760.0 0
1716634230949 761.0 0
1716634232049 762.0 0
1716634233119 763.0 0
1716634234283 764.0 0
1716634235397 765.0 0
1716634236502 766.0 0
1716634237641 767.0 0
1716634238762 768.0 0
1716634239884 769.0 0
1716634241040 770.0 0
1716634250538 771.0 0
1716634251660 772.0 0
1716634252832 773.0 0
1716634254076 774.0 0
1716634255185 775.0 0
1716634256325 776.0 0
1716634257416 777.0 0
1716634258533 778.0 0
1716634259644 779.0 0
1716634260742 780.0 0
1716634267530 781.0 0
1716634268643 782.0 0
1716634269734 783.0 0
1716634270878 784.0 0
1716634272027 785.0 0
1716634273133 786.0 0
1716634274235 787.0 0
1716634275294 788.0 0
1716634276345 789.0 0
1716634277481 790.0 0
1716634283978 791.0 0
1716634285085 792.0 0
1716634286222 793.0 0
1716634287357 794.0 0
1716634288533 795.0 0
1716634289676 796.0 0
1716634290778 797.0 0
1716634291883 798.0 0
1716634293019 799.0 0
1716634294163 800.0 0
1716634300291 801.0 0
1716634301367 802.0 0
1716634302419 803.0 0
1716634303514 804.0 0
1716634304609 805.0 0
1716634305680 806.0 0
1716634306745 807.0 0
1716634307829 808.0 0
1716634308963 809.0 0
1716634310064 810.0 0
1716634316730 811.0 0
1716634317759 812.0 0
1716634318812 813.0 0
1716634319865 814.0 0
1716634320900 815.0 0
1716634322039 816.0 0
1716634323086 817.0 0
1716634324125 818.0 0
1716634325197 819.0 0
1716634326285 820.0 0
1716634332824 821.0 0
1716634333869 822.0 0
1716634334990 823.0 0
1716634336089 824.0 0
1716634337207 825.0 0
1716634338284 826.0 0
1716634339364 827.0 0
1716634340494 828.0 0
1716634341585 829.0 0
1716634342704 830.0 0
1716634349126 831.0 0
1716634350199 832.0 0
1716634351266 833.0 0
1716634352347 834.0 0
1716634353375 835.0 0
1716634354422 836.0 0
1716634355454 837.0 0
1716634356583 838.0 0
1716634357732 839.0 0
1716634358909 840.0 0
1716634367716 841.0 0
1716634368880 842.0 0
1716634369999 843.0 0
1716634371152 844.0 0
1716634372670 845.0 0
1716634374664 846.0 0
1716634376069 847.0 0
1716634377279 848.0 0
1716634378786 849.0 0
1716634380677 850.0 0
1716634391455 851.0 0
1716634392600 852.0 0
1716634393679 853.0 0
1716634394772 854.0 0
1716634395961 855.0 0
1716634397238 856.0 0
1716634398439 857.0 0
1716634399646 858.0 0
1716634400778 859.0 0
1716634401906 860.0 0
1716634409041 861.0 0
1716634410181 862.0 0
1716634411312 863.0 0
1716634412521 864.0 0
1716634413730 865.0 0
1716634414912 866.0 0
1716634416091 867.0 0
1716634417272 868.0 0
1716634418390 869.0 0
1716634419553 870.0 0
1716634439003 871.0 0
1716634440097 872.0 0
1716634441189 873.0 0
1716634442308 874.0 0
1716634443413 875.0 0
1716634444559 876.0 0
1716634445649 877.0 0
1716634446758 878.0 0
1716634447830 879.0 0
1716634448939 880.0 0
1716634455545 881.0 0
1716634456614 882.0 0
1716634457646 883.0 0
1716634458683 884.0 0
1716634459718 885.0 0
1716634460747 886.0 0
1716634461776 887.0 0
1716634462795 888.0 0
1716634463818 889.0 0
1716634464897 890.0 0
1716634471046 891.0 0
1716634472106 892.0 0
1716634473149 893.0 0
1716634474214 894.0 0
1716634475300 895.0 0
1716634476405 896.0 0
1716634477518 897.0 0
1716634478579 898.0 0
1716634479631 899.0 0
1716634480682 900.0 0
1716634487011 901.0 0
1716634488069 902.0 0
1716634489155 903.0 0
1716634490188 904.0 0
1716634491200 905.0 0
1716634492209 906.0 0
1716634493249 907.0 0
1716634494279 908.0 0
1716634495309 909.0 0
1716634496334 910.0 0
1716634502781 911.0 0
1716634503900 912.0 0
1716634505043 913.0 0
1716634506151 914.0 0
1716634507232 915.0 0
1716634508319 916.0 0
1716634509414 917.0 0
1716634510560 918.0 0
1716634511629 919.0 0
1716634512677 920.0 0
1716634519011 921.0 0
1716634520070 922.0 0
1716634521104 923.0 0
1716634522122 924.0 0
1716634523136 925.0 0
1716634524190 926.0 0
1716634525231 927.0 0
1716634526261 928.0 0
1716634527319 929.0 0
1716634528388 930.0 0
1716634534731 931.0 0
1716634535793 932.0 0
1716634536851 933.0 0
1716634537875 934.0 0
1716634538889 935.0 0
1716634539956 936.0 0
1716634541021 937.0 0
1716634542148 938.0 0
1716634543216 939.0 0
1716634544276 940.0 0
1716634549958 941.0 0
1716634551010 942.0 0
1716634552061 943.0 0
1716634553077 944.0 0
1716634554093 945.0 0
1716634555122 946.0 0
1716634556144 947.0 0
1716634557170 948.0 0
1716634558214 949.0 0
1716634559240 950.0 0
1716634564373 951.0 0
1716634565407 952.0 0
1716634566417 953.0 0
1716634567489 954.0 0
1716634568557 955.0 0
1716634569598 956.0 0
1716634570646 957.0 0
1716634571683 958.0 0
1716634572751 959.0 0
1716634573830 960.0 0
1716634579495 961.0 0
1716634580574 962.0 0
1716634581630 963.0 0
1716634582659 964.0 0
1716634583731 965.0 0
1716634584797 966.0 0
1716634585871 967.0 0
1716634586907 968.0 0
1716634587987 969.0 0
1716634589100 970.0 0
1716634595022 971.0 0
1716634596046 972.0 0
1716634597076 973.0 0
1716634598111 974.0 0
1716634599131 975.0 0
1716634600165 976.0 0
1716634601211 977.0 0
1716634602250 978.0 0
1716634603259 979.0 0
1716634604276 980.0 0
1716634609375 981.0 0
1716634610420 982.0 0
1716634611446 983.0 0
1716634612473 984.0 0
1716634613556 985.0 0
1716634614602 986.0 0
1716634615677 987.0 0
1716634616771 988.0 0
1716634617861 989.0 0
1716634618930 990.0 0
1716634625191 991.0 0
1716634626254 992.0 0
1716634627300 993.0 0
1716634628369 994.0 0
1716634629515 995.0 0
1716634630641 996.0 0
1716634631772 997.0 0
1716634632884 998.0 0
1716634633970 999.0 0
1716634635115 1000.0 0
1716634641343 1001.0 0
1716634642364 1002.0 0
1716634643424 1003.0 0
1716634644533 1004.0 0
1716634645680 1005.0 0
1716634646805 1006.0 0
1716634647922 1007.0 0
1716634649062 1008.0 0
1716634650167 1009.0 0
1716634651295 1010.0 0
1716634657530 1011.0 0
1716634658588 1012.0 0
1716634659685 1013.0 0
1716634660740 1014.0 0
1716634661769 1015.0 0
1716634662828 1016.0 0
1716634663871 1017.0 0
1716634665006 1018.0 0
1716634666066 1019.0 0
1716634667119 1020.0 0
1716634673198 1021.0 0
1716634674327 1022.0 0
1716634675368 1023.0 0
1716634676442 1024.0 0
1716634677489 1025.0 0
1716634678530 1026.0 0
1716634679578 1027.0 0
1716634680643 1028.0 0
1716634681672 1029.0 0
1716634682685 1030.0 0
1716634688638 1031.0 0
1716634689705 1032.0 0
1716634690729 1033.0 0
1716634691757 1034.0 0
1716634692818 1035.0 0
1716634693842 1036.0 0
1716634694932 1037.0 0
1716634696121 1038.0 0
1716634698081 1039.0 0
1716634699189 1040.0 0
1716634707341 1041.0 0
1716634708453 1042.0 0
1716634709548 1043.0 0
1716634710722 1044.0 0
1716634711891 1045.0 0
1716634713275 1046.0 0
1716634714399 1047.0 0
1716634715596 1048.0 0
1716634716792 1049.0 0
1716634717900 1050.0 0
1716634725633 1051.0 0
1716634726809 1052.0 0
1716634728127 1053.0 0
1716634729246 1054.0 0
1716634730787 1055.0 0
1716634732122 1056.0 0
1716634733286 1057.0 0
1716634734440 1058.0 0
1716634735683 1059.0 0
1716634737036 1060.0 0
1716634753785 1061.0 0
1716634754914 1062.0 0
1716634756038 1063.0 0
1716634757148 1064.0 0
1716634758247 1065.0 0
1716634759346 1066.0 0
1716634760494 1067.0 0
1716634761626 1068.0 0
1716634762747 1069.0 0
1716634763899 1070.0 0
1716634771927 1071.0 0
1716634773077 1072.0 0
1716634774262 1073.0 0
1716634775382 1074.0 0
1716634776473 1075.0 0
1716634777610 1076.0 0
1716634778716 1077.0 0
1716634779846 1078.0 0
1716634780966 1079.0 0
1716634782075 1080.0 0
1716634789842 1081.0 0
1716634791009 1082.0 0
1716634792151 1083.0 0
1716634793287 1084.0 0
1716634794432 1085.0 0
1716634795577 1086.0 0
1716634796696 1087.0 0
1716634797845 1088.0 0
1716634798962 1089.0 0
1716634800061 1090.0 0
1716634831480 1091.0 0
1716634832689 1092.0 0
1716634833873 1093.0 0
1716634835163 1094.0 0
1716634836398 1095.0 0
1716634837577 1096.0 0
1716634838751 1097.0 0
1716634839910 1098.0 0
1716634841152 1099.0 0
1716634842275 1100.0 0
1716634853606 1101.0 0
1716634854753 1102.0 0
1716634855992 1103.0 0
1716634857552 1104.0 0
1716634858820 1105.0 0
1716634860012 1106.0 0
1716634861290 1107.0 0
1716634862423 1108.0 0
1716634863607 1109.0 0
1716634865283 1110.0 0
1716634878471 1111.0 0
1716634879890 1112.0 0
1716634881328 1113.0 0
1716634883034 1114.0 0
1716634884571 1115.0 0
1716634886383 1116.0 0
1716634888286 1117.0 0
1716634890092 1118.0 0
1716634891685 1119.0 0
1716634893169 1120.0 0
1716634908525 1121.0 0
1716634909651 1122.0 0
1716634910797 1123.0 0
1716634911938 1124.0 0
1716634913063 1125.0 0
1716634914185 1126.0 0
1716634915354 1127.0 0
1716634916619 1128.0 0
1716634917945 1129.0 0
1716634919363 1130.0 0
1716634926782 1131.0 0
1716634927931 1132.0 0
1716634929018 1133.0 0
1716634930147 1134.0 0
1716634931472 1135.0 0
1716634932727 1136.0 0
1716634934061 1137.0 0
1716634935399 1138.0 0
1716634936762 1139.0 0
1716634938101 1140.0 0
1716634944706 1141.0 0
1716634945799 1142.0 0
1716634946873 1143.0 0
1716634947986 1144.0 0
1716634949192 1145.0 0
1716634950457 1146.0 0
1716634951711 1147.0 0
1716634952987 1148.0 0
1716634954288 1149.0 0
1716634955569 1150.0 0
1716634962392 1151.0 0
1716634963457 1152.0 0
1716634964568 1153.0 0
1716634965703 1154.0 0
1716634966873 1155.0 0
1716634968054 1156.0 0
1716634969396 1157.0 0
1716634970798 1158.0 0
1716634972303 1159.0 0
1716634973765 1160.0 0
1716634980326 1161.0 0
1716634981351 1162.0 0
1716634982411 1163.0 0
1716634983507 1164.0 0
1716634984681 1165.0 0
1716634985860 1166.0 0
1716634987086 1167.0 0
1716634988403 1168.0 0
1716634989801 1169.0 0
1716634991215 1170.0 0
1716634998852 1171.0 0
1716634999922 1172.0 0
1716635001056 1173.0 0
1716635002215 1174.0 0
1716635003401 1175.0 0
1716635004658 1176.0 0
1716635005996 1177.0 0
1716635007271 1178.0 0
1716635008572 1179.0 0
1716635009890 1180.0 0
1716635016684 1181.0 0
1716635017806 1182.0 0
1716635018879 1183.0 0
1716635020075 1184.0 0
1716635021278 1185.0 0
1716635022528 1186.0 0
1716635023894 1187.0 0
1716635025206 1188.0 0
1716635026495 1189.0 0
1716635027800 1190.0 0
1716635034539 1191.0 0
1716635035590 1192.0 0
1716635036714 1193.0 0
1716635037797 1194.0 0
1716635039029 1195.0 0
1716635040271 1196.0 0
1716635041580 1197.0 0
1716635042935 1198.0 0
1716635044335 1199.0 0
1716635045685 1200.0 0
1716635054228 1201.0 0
1716635055334 1202.0 0
1716635056431 1203.0 0
1716635057771 1204.0 0
1716635059217 1205.0 0
1716635060939 1206.0 0
1716635062531 1207.0 0
1716635064697 1208.0 0
1716635066065 1209.0 0
1716635067402 1210.0 0
1716635074810 1211.0 0
1716635075903 1212.0 0
1716635077001 1213.0 0
1716635078080 1214.0 0
1716635079208 1215.0 0
1716635080394 1216.0 0
1716635081600 1217.0 0
1716635082850 1218.0 0
1716635084156 1219.0 0
1716635085472 1220.0 0
1716635093593 1221.0 0
1716635094751 1222.0 0
1716635095861 1223.0 0
1716635096958 1224.0 0
1716635098151 1225.0 0
1716635099414 1226.0 0
1716635100668 1227.0 0
1716635101978 1228.0 0
1716635103383 1229.0 0
1716635104795 1230.0 0
1716635112050 1231.0 0
1716635113086 1232.0 0
1716635114125 1233.0 0
1716635115191 1234.0 0
1716635116302 1235.0 0
1716635117461 1236.0 0
1716635118651 1237.0 0
1716635119832 1238.0 0
1716635121030 1239.0 0
1716635122260 1240.0 0
1716635129163 1241.0 0
1716635130211 1242.0 0
1716635131226 1243.0 0
1716635132250 1244.0 0
1716635133341 1245.0 0
1716635134475 1246.0 0
1716635135672 1247.0 0
1716635136927 1248.0 0
1716635138284 1249.0 0
1716635139642 1250.0 0
1716635145281 1251.0 0
1716635146350 1252.0 0
1716635147448 1253.0 0
1716635148594 1254.0 0
1716635149741 1255.0 0
1716635150930 1256.0 0
1716635152165 1257.0 0
1716635153374 1258.0 0
1716635154636 1259.0 0
1716635155829 1260.0 0
1716635162126 1261.0 0
1716635163167 1262.0 0
1716635164218 1263.0 0
1716635165282 1264.0 0
1716635166381 1265.0 0
1716635167547 1266.0 0
1716635168727 1267.0 0
1716635169974 1268.0 0
1716635171219 1269.0 0
1716635172437 1270.0 0
1716635178442 1271.0 0
1716635179470 1272.0 0
1716635180512 1273.0 0
1716635181582 1274.0 0
1716635182722 1275.0 0
1716635183882 1276.0 0
1716635185056 1277.0 0
1716635186271 1278.0 0
1716635187503 1279.0 0
1716635188706 1280.0 0
1716635195007 1281.0 0
1716635196138 1282.0 0
1716635197244 1283.0 0
1716635198458 1284.0 0
1716635199725 1285.0 0
1716635201046 1286.0 0
1716635202535 1287.0 0
1716635204213 1288.0 0
1716635205822 1289.0 0
1716635207322 1290.0 0
1716635220974 1291.0 0
1716635222168 1292.0 0
1716635223430 1293.0 0
1716635224579 1294.0 0
1716635225680 1295.0 0
1716635226777 1296.0 0
1716635227903 1297.0 0
1716635229040 1298.0 0
1716635230148 1299.0 0
1716635231280 1300.0 0
1716635241364 1301.0 0
1716635242466 1302.0 0
1716635243624 1303.0 0
1716635244806 1304.0 0
1716635245965 1305.0 0
1716635247139 1306.0 0
1716635248392 1307.0 0
1716635249687 1308.0 0
1716635251056 1309.0 0
1716635252440 1310.0 0
1716635259717 1311.0 0
1716635260762 1312.0 0
1716635261854 1313.0 0
1716635262942 1314.0 0
1716635264068 1315.0 0
1716635265272 1316.0 0
1716635266532 1317.0 0
1716635267839 1318.0 0
1716635269127 1319.0 0
1716635270380 1320.0 0
1716635276682 1321.0 0
1716635277717 1322.0 0
1716635278777 1323.0 0
1716635279835 1324.0 0
1716635280960 1325.0 0
1716635282139 1326.0 0
1716635283339 1327.0 0
1716635284648 1328.0 0
1716635285929 1329.0 0
1716635287203 1330.0 0
1716635293845 1331.0 0
1716635294885 1332.0 0
1716635295958 1333.0 0
1716635297065 1334.0 0
1716635298279 1335.0 0
1716635299468 1336.0 0
1716635300723 1337.0 0
1716635301993 1338.0 0
1716635303260 1339.0 0
1716635304537 1340.0 0
1716635311320 1341.0 0
1716635312405 1342.0 0
1716635313440 1343.0 0
1716635314601 1344.0 0
1716635315799 1345.0 0
1716635317044 1346.0 0
1716635318356 1347.0 0
1716635319703 1348.0 0
1716635321084 1349.0 0
1716635322595 1350.0 0
1716635332015 1351.0 0
1716635333112 1352.0 0
1716635334159 1353.0 0
1716635335252 1354.0 0
1716635336454 1355.0 0
1716635337646 1356.0 0
1716635338970 1357.0 0
1716635340311 1358.0 0
1716635341656 1359.0 0
1716635342974 1360.0 0
1716635349367 1361.0 0
1716635350467 1362.0 0
1716635351670 1363.0 0
1716635352934 1364.0 0
1716635354305 1365.0 0
1716635355940 1366.0 0
1716635357868 1367.0 0
1716635359538 1368.0 0
1716635361004 1369.0 0
1716635362387 1370.0 0
1716635398572 1371.0 0
1716635399648 1372.0 0
1716635400745 1373.0 0
1716635401880 1374.0 0
1716635403040 1375.0 0
1716635404268 1376.0 0
1716635405523 1377.0 0
1716635406750 1378.0 0
1716635408034 1379.0 0
1716635409470 1380.0 0
1716635419410 1381.0 0
1716635420515 1382.0 0
1716635421648 1383.0 0
1716635422781 1384.0 0
1716635423898 1385.0 0
1716635424996 1386.0 0
1716635426120 1387.0 0
1716635427232 1388.0 0
1716635428350 1389.0 0
1716635429473 1390.0 0
1716635436527 1391.0 0
1716635437562 1392.0 0
1716635438638 1393.0 0
1716635439683 1394.0 0
1716635440739 1395.0 0
1716635441851 1396.0 0
1716635443023 1397.0 0
1716635444172 1398.0 0
1716635445321 1399.0 0
1716635446533 1400.0 0
1716635454057 1401.0 0
1716635455195 1402.0 0
1716635456321 1403.0 0
1716635457425 1404.0 0
1716635458548 1405.0 0
1716635459631 1406.0 0
1716635460712 1407.0 0
1716635461889 1408.0 0
1716635463051 1409.0 0
1716635464235 1410.0 0
1716635471747 1411.0 0
1716635472804 1412.0 0
1716635473873 1413.0 0
1716635474926 1414.0 0
1716635475989 1415.0 0
1716635477090 1416.0 0
1716635478270 1417.0 0
1716635479419 1418.0 0
1716635480595 1419.0 0
1716635481800 1420.0 0
1716635488208 1421.0 0
1716635489250 1422.0 0
1716635490274 1423.0 0
1716635491358 1424.0 0
1716635492461 1425.0 0
1716635493592 1426.0 0
1716635494757 1427.0 0
1716635495953 1428.0 0
1716635497158 1429.0 0
1716635498393 1430.0 0
1716635504983 1431.0 0
1716635506106 1432.0 0
1716635507301 1433.0 0
1716635508470 1434.0 0
1716635509664 1435.0 0
1716635510939 1436.0 0
1716635512267 1437.0 0
1716635513906 1438.0 0
1716635515616 1439.0 0
1716635517379 1440.0 0
1716635531929 1441.0 0
1716635532997 1442.0 0
1716635534123 1443.0 0
1716635535264 1444.0 0
1716635536398 1445.0 0
1716635537569 1446.0 0
1716635538675 1447.0 0
1716635539860 1448.0 0
1716635541164 1449.0 0
1716635542487 1450.0 0
1716635552147 1451.0 0
1716635553286 1452.0 0
1716635554398 1453.0 0
1716635555552 1454.0 0
1716635556775 1455.0 0
1716635558017 1456.0 0
1716635559351 1457.0 0
1716635560823 1458.0 0
1716635562338 1459.0 0
1716635563897 1460.0 0
1716635574232 1461.0 0
1716635575459 1462.0 0
1716635576657 1463.0 0
1716635577938 1464.0 0
1716635579482 1465.0 0
1716635581767 1466.0 0
1716635584493 1467.0 0
1716635586409 1468.0 0
1716635588158 1469.0 0
1716635589750 1470.0 0
1716635602011 1471.0 0
1716635603109 1472.0 0
1716635604284 1473.0 0
1716635605485 1474.0 0
1716635606742 1475.0 0
1716635608170 1476.0 0
1716635609987 1477.0 0
1716635612423 1478.0 0
1716635614200 1479.0 0
1716635615675 1480.0 0
1716635624996 1481.0 0
1716635626137 1482.0 0
1716635627270 1483.0 0
1716635628490 1484.0 0
1716635629699 1485.0 0
1716635631031 1486.0 0
1716635632435 1487.0 0
1716635633937 1488.0 0
1716635635672 1489.0 0
1716635637646 1490.0 0
1716635647589 1491.0 0
1716635648722 1492.0 0
1716635649793 1493.0 0
1716635650973 1494.0 0
1716635652151 1495.0 0
1716635653415 1496.0 0
1716635654799 1497.0 0
1716635656254 1498.0 0
1716635657701 1499.0 0
1716635659126 1500.0 0
1716635667758 1501.0 0
1716635668870 1502.0 0
1716635670009 1503.0 0
1716635671230 1504.0 0
1716635672556 1505.0 0
1716635674022 1506.0 0
1716635675567 1507.0 0
1716635677113 1508.0 0
1716635678632 1509.0 0
1716635680056 1510.0 0
1716635687101 1511.0 0
1716635688163 1512.0 0
1716635689280 1513.0 0
1716635690475 1514.0 0
1716635691762 1515.0 0
1716635693060 1516.0 0
1716635694447 1517.0 0
1716635695857 1518.0 0
1716635697238 1519.0 0
1716635698548 1520.0 0
1716635705826 1521.0 0
1716635706872 1522.0 0
1716635708000 1523.0 0
1716635709156 1524.0 0
1716635710464 1525.0 0
1716635711928 1526.0 0
1716635713570 1527.0 0
1716635715409 1528.0 0
1716635717075 1529.0 0
1716635718567 1530.0 0
1716635726727 1531.0 0
1716635727866 1532.0 0
1716635728970 1533.0 0
1716635730092 1534.0 0
1716635731280 1535.0 0
1716635732515 1536.0 0
1716635733862 1537.0 0
1716635735210 1538.0 0
1716635736602 1539.0 0
1716635737992 1540.0 0
1716635744651 1541.0 0
1716635745666 1542.0 0
1716635746775 1543.0 0
1716635747930 1544.0 0
1716635749161 1545.0 0
1716635750442 1546.0 0
1716635751801 1547.0 0
1716635753163 1548.0 0
1716635754494 1549.0 0
1716635755812 1550.0 0
1716635764587 1551.0 0
1716635765725 1552.0 0
1716635766898 1553.0 0
1716635768072 1554.0 0
1716635769352 1555.0 0
1716635770730 1556.0 0
1716635772140 1557.0 0
1716635773556 1558.0 0
1716635775119 1559.0 0
1716635776852 1560.0 0
1716635785903 1561.0 0
1716635787025 1562.0 0
1716635788102 1563.0 0
1716635789212 1564.0 0
1716635790418 1565.0 0
1716635791655 1566.0 0
1716635793058 1567.0 0
1716635794456 1568.0 0
1716635795857 1569.0 0
1716635797286 1570.0 0
1716635804562 1571.0 0
1716635805667 1572.0 0
1716635806889 1573.0 0
1716635808174 1574.0 0
1716635809677 1575.0 0
1716635811734 1576.0 0
1716635813797 1577.0 0
1716635815386 1578.0 0
1716635816830 1579.0 0
1716635818169 1580.0 0
1716635824700 1581.0 0
1716635825743 1582.0 0
1716635826849 1583.0 0
1716635828091 1584.0 0
1716635829465 1585.0 0
1716635831048 1586.0 0
1716635832802 1587.0 0
1716635834441 1588.0 0
1716635835848 1589.0 0
1716635837192 1590.0 0
1716635843402 1591.0 0
1716635844439 1592.0 0
1716635845527 1593.0 0
1716635846663 1594.0 0
1716635847874 1595.0 0
1716635849170 1596.0 0
1716635850481 1597.0 0
1716635851823 1598.0 0
1716635853158 1599.0 0
1716635854474 1600.0 0
1716635861343 1601.0 0
1716635862503 1602.0 0
1716635863759 1603.0 0
1716635865286 1604.0 0
1716635867624 1605.0 0
1716635869205 1606.0 0
1716635870887 1607.0 0
1716635872487 1608.0 0
1716635874110 1609.0 0
1716635875724 1610.0 0
1716635886310 1611.0 0
1716635887476 1612.0 0
1716635888843 1613.0 0
1716635891138 1614.0 0
1716635892812 1615.0 0
1716635894573 1616.0 0
1716635896236 1617.0 0
1716635897747 1618.0 0
1716635899233 1619.0 0
1716635900733 1620.0 0
1716635914049 1621.0 0
1716635915209 1622.0 0
1716635916342 1623.0 0
1716635917620 1624.0 0
1716635920271 1625.0 0
1716635924533 1626.0 0
1716635925743 1627.0 0
1716635927041 1628.0 0
1716635928579 1629.0 0
1716635930655 1630.0 0
1716635941454 1631.0 0
1716635942634 1632.0 0
1716635943817 1633.0 0
1716635945122 1634.0 0
1716635946640 1635.0 0
1716635948689 1636.0 0
1716635950721 1637.0 0
1716635952468 1638.0 0
1716635954004 1639.0 0
1716635955497 1640.0 0
1716635970132 1641.0 0
1716635971277 1642.0 0
1716635972403 1643.0 0
1716635973550 1644.0 0
1716635974683 1645.0 0
1716635975859 1646.0 0
1716635977091 1647.0 0
1716635978403 1648.0 0
1716635979888 1649.0 0
1716635981497 1650.0 0
1716635992686 1651.0 0
1716635993798 1652.0 0
1716635994840 1653.0 0
1716635996162 1654.0 0
1716635997363 1655.0 0
1716635998571 1656.0 0
1716635999918 1657.0 0
1716636001557 1658.0 0
1716636003347 1659.0 0
1716636005303 1660.0 0
1716636017998 1661.0 0
1716636019733 1662.0 0
1716636021763 1663.0 0
1716636025361 1664.0 0
1716636029804 1665.0 0
1716636031109 1666.0 0
1716636032384 1667.0 0
1716636033892 1668.0 0
1716636035981 1669.0 0
1716636038458 1670.0 0
1716636054825 1671.0 0
1716636056067 1672.0 0
1716636057228 1673.0 0
1716636058370 1674.0 0
1716636059600 1675.0 0
1716636060745 1676.0 0
1716636061969 1677.0 0
1716636063309 1678.0 0
1716636064817 1679.0 0
1716636066558 1680.0 0
1716636079108 1681.0 0
1716636080651 1682.0 0
1716636081872 1683.0 0
1716636082889 1684.0 0
1716636084090 1685.0 0
1716636085349 1686.0 0
1716636086714 1687.0 0
1716636088584 1688.0 0
1716636091016 1689.0 0
1716636092825 1690.0 0
1716636102988 1691.0 0
1716636104068 1692.0 0
1716636105135 1693.0 0
1716636106313 1694.0 0
1716636107591 1695.0 0
1716636109100 1696.0 0
1716636111397 1697.0 0
1716636113240 1698.0 0
1716636115399 1699.0 0
1716636117266 1700.0 0
1716636129737 1701.0 0
1716636130842 1702.0 0
1716636132002 1703.0 0
1716636133226 1704.0 0
1716636134537 1705.0 0
1716636136003 1706.0 0
1716636137858 1707.0 0
1716636139925 1708.0 0
1716636141601 1709.0 0
1716636143104 1710.0 0
1716636177783 1711.0 0
1716636178991 1712.0 0
1716636180106 1713.0 0
1716636181201 1714.0 0
1716636182329 1715.0 0
1716636183475 1716.0 0
1716636184557 1717.0 0
1716636185632 1718.0 0
1716636186721 1719.0 0
1716636187832 1720.0 0
1716636195732 1721.0 0
1716636196806 1722.0 0
1716636197963 1723.0 0
1716636199037 1724.0 0
1716636200131 1725.0 0
1716636201246 1726.0 0
1716636202340 1727.0 0
1716636203485 1728.0 0
1716636204604 1729.0 0
1716636205735 1730.0 0
1716636212799 1731.0 0
1716636214028 1732.0 0
1716636215115 1733.0 0
1716636216277 1734.0 0
1716636217498 1735.0 0
1716636218816 1736.0 0
1716636220348 1737.0 0
1716636221997 1738.0 0
1716636223566 1739.0 0
1716636225083 1740.0 0
1716636231955 1741.0 0
1716636233108 1742.0 0
1716636234338 1743.0 0
1716636235687 1744.0 0
1716636237201 1745.0 0
1716636239197 1746.0 0
1716636241057 1747.0 0
1716636242658 1748.0 0
1716636244215 1749.0 0
1716636245732 1750.0 0
1716636253941 1751.0 0
1716636255108 1752.0 0
1716636256360 1753.0 0
1716636257730 1754.0 0
1716636259305 1755.0 0
1716636261253 1756.0 0
1716636263346 1757.0 0
1716636265137 1758.0 0
1716636266808 1759.0 0
1716636268391 1760.0 0
1716636276692 1761.0 0
1716636277900 1762.0 0
1716636279227 1763.0 0
1716636280693 1764.0 0
1716636282738 1765.0 0
1716636285298 1766.0 0
1716636286979 1767.0 0
1716636288408 1768.0 0
1716636289797 1769.0 0
1716636291092 1770.0 0
1716636298036 1771.0 0
1716636299178 1772.0 0
1716636300421 1773.0 0
1716636301772 1774.0 0
1716636303575 1775.0 0
1716636305818 1776.0 0
1716636307814 1777.0 0
1716636309542 1778.0 0
1716636311204 1779.0 0
1716636312761 1780.0 0
1716636320809 1781.0 0
1716636321985 1782.0 0
1716636323139 1783.0 0
1716636324368 1784.0 0
1716636325738 1785.0 0
1716636327115 1786.0 0
1716636328746 1787.0 0
1716636330564 1788.0 0
1716636332315 1789.0 0
1716636333960 1790.0 0
1716636341265 1791.0 0
1716636342463 1792.0 0
1716636343734 1793.0 0
1716636345020 1794.0 0
1716636346509 1795.0 0
1716636348281 1796.0 0
1716636350214 1797.0 0
1716636351918 1798.0 0
1716636353385 1799.0 0
1716636354765 1800.0 0
1716636362775 1801.0 0
1716636363889 1802.0 0
1716636365097 1803.0 0
1716636366460 1804.0 0
1716636367992 1805.0 0
1716636369986 1806.0 0
1716636371981 1807.0 0
1716636373584 1808.0 0
1716636375037 1809.0 0
1716636376383 1810.0 0
1716636383940 1811.0 0
1716636384986 1812.0 0
1716636386111 1813.0 0
1716636387310 1814.0 0
1716636388572 1815.0 0
1716636389997 1816.0 0
1716636391519 1817.0 0
1716636393121 1818.0 0
1716636394646 1819.0 0
1716636396062 1820.0 0
1716636402941 1821.0 0
1716636403992 1822.0 0
1716636405109 1823.0 0
1716636406273 1824.0 0
1716636407504 1825.0 0
1716636408815 1826.0 0
1716636410181 1827.0 0
1716636411587 1828.0 0
1716636412920 1829.0 0
1716636414230 1830.0 0
1716636420608 1831.0 0
1716636421681 1832.0 0
1716636422801 1833.0 0
1716636423966 1834.0 0
1716636425240 1835.0 0
1716636426656 1836.0 0
1716636428140 1837.0 0
1716636429725 1838.0 0
1716636431238 1839.0 0
1716636432712 1840.0 0
1716636439471 1841.0 0
1716636440521 1842.0 0
1716636441635 1843.0 0
1716636442770 1844.0 0
1716636443985 1845.0 0
1716636445262 1846.0 0
1716636446678 1847.0 0
1716636448024 1848.0 0
1716636449423 1849.0 0
1716636450825 1850.0 0
1716636461375 1851.0 0
1716636462485 1852.0 0
1716636463606 1853.0 0
1716636464803 1854.0 0
1716636466054 1855.0 0
1716636467391 1856.0 0
1716636468835 1857.0 0
1716636470608 1858.0 0
1716636472412 1859.0 0
1716636474050 1860.0 0
1716636481765 1861.0 0
1716636482901 1862.0 0
1716636484098 1863.0 0
1716636485377 1864.0 0
1716636486755 1865.0 0
1716636488364 1866.0 0
1716636490194 1867.0 0
1716636491986 1868.0 0
1716636493580 1869.0 0
1716636495218 1870.0 0
1716636509311 1871.0 0
1716636510382 1872.0 0
1716636511527 1873.0 0
1716636512670 1874.0 0
1716636513846 1875.0 0
1716636515095 1876.0 0
1716636516699 1877.0 0
1716636518534 1878.0 0
1716636521084 1879.0 0
1716636523360 1880.0 0
1716636536492 1881.0 0
1716636537607 1882.0 0
1716636538782 1883.0 0
1716636540021 1884.0 0
1716636541284 1885.0 0
1716636542807 1886.0 0
1716636545284 1887.0 0
1716636547416 1888.0 0
1716636549153 1889.0 0
1716636550700 1890.0 0
1716636561132 1891.0 0
1716636562246 1892.0 0
1716636563396 1893.0 0
1716636565516 1894.0 0
1716636566705 1895.0 0
1716636568073 1896.0 0
1716636569892 1897.0 0
1716636572242 1898.0 0
1716636574134 1899.0 0
1716636575706 1900.0 0
1716636588751 1901.0 0
1716636589885 1902.0 0
1716636591020 1903.0 0
1716636592233 1904.0 0
1716636593518 1905.0 0
1716636600543 1906.0 0
1716636601792 1907.0 0
1716636603085 1908.0 0
1716636605111 1909.0 0
1716636609404 1910.0 0
1716636629698 1911.0 0
1716636630833 1912.0 0
1716636631926 1913.0 0
1716636633000 1914.0 0
1716636634204 1915.0 0
1716636635272 1916.0 0
1716636636332 1917.0 0
1716636637372 1918.0 0
1716636638467 1919.0 0
1716636639605 1920.0 0
1716636648823 1921.0 0
1716636649941 1922.0 0
1716636650990 1923.0 0
1716636652083 1924.0 0
1716636653255 1925.0 0
1716636654596 1926.0 0
1716636655946 1927.0 0
1716636657386 1928.0 0
1716636658801 1929.0 0
1716636660179 1930.0 0
1716636668514 1931.0 0
1716636669608 1932.0 0
1716636670716 1933.0 0
1716636671864 1934.0 0
1716636673035 1935.0 0
1716636674389 1936.0 0
1716636675770 1937.0 0
1716636677166 1938.0 0
1716636678943 1939.0 0
1716636680704 1940.0 0
1716636691144 1941.0 0
1716636692191 1942.0 0
1716636693283 1943.0 0
1716636694484 1944.0 0
1716636695690 1945.0 0
1716636696983 1946.0 0
1716636698448 1947.0 0
1716636700015 1948.0 0
1716636701534 1949.0 0
1716636702923 1950.0 0
1716636710633 1951.0 0
1716636711705 1952.0 0
1716636712763 1953.0 0
1716636714013 1954.0 0
1716636715302 1955.0 0
1716636716678 1956.0 0
1716636718347 1957.0 0
1716636720163 1958.0 0
1716636721799 1959.0 0
1716636723159 1960.0 0
1716636731688 1961.0 0
1716636732772 1962.0 0
1716636734244 1963.0 0
1716636736101 1964.0 0
1716636737482 1965.0 0
1716636738953 1966.0 0
1716636740661 1967.0 0
1716636742375 1968.0 0
1716636743875 1969.0 0
1716636745230 1970.0 0
1716636752561 1971.0 0
1716636753657 1972.0 0
1716636754846 1973.0 0
1716636756081 1974.0 0
1716636757453 1975.0 0
1716636759298 1976.0 0
1716636761499 1977.0 0
1716636763193 1978.0 0
1716636764740 1979.0 0
1716636766071 1980.0 0
1716636773348 1981.0 0
1716636774579 1982.0 0
1716636775785 1983.0 0
1716636777179 1984.0 0
1716636779025 1985.0 0
1716636781257 1986.0 0
1716636782905 1987.0 0
1716636784401 1988.0 0
1716636785777 1989.0 0
1716636787059 1990.0 0
1716636795400 1991.0 0
1716636796509 1992.0 0
1716636797650 1993.0 0
1716636798846 1994.0 0
1716636800115 1995.0 0
1716636801464 1996.0 0
1716636802860 1997.0 0
1716636804243 1998.0 0
1716636805579 1999.0 0
1716636806934 2000.0 0
1716636814093 2001.0 0
1716636815242 2002.0 0
1716636816454 2003.0 0
1716636817743 2004.0 0
1716636819163 2005.0 0
1716636820880 2006.0 0
1716636822643 2007.0 0
1716636824210 2008.0 0
1716636825577 2009.0 0
1716636826974 2010.0 0
1716636835459 2011.0 0
1716636836538 2012.0 0
1716636837610 2013.0 0
1716636838785 2014.0 0
1716636840061 2015.0 0
1716636841368 2016.0 0
1716636842747 2017.0 0
1716636844172 2018.0 0
1716636845496 2019.0 0
1716636846804 2020.0 0
1716636853710 2021.0 0
1716636854784 2022.0 0
1716636855893 2023.0 0
1716636857079 2024.0 0
1716636858335 2025.0 0
1716636859679 2026.0 0
1716636861128 2027.0 0
1716636862605 2028.0 0
1716636864106 2029.0 0
1716636865686 2030.0 0
1716636879924 2031.0 0
1716636881064 2032.0 0
1716636882185 2033.0 0
1716636883458 2034.0 0
1716636886539 2035.0 0
1716636888063 2036.0 0
1716636889745 2037.0 0
1716636891232 2038.0 0
1716636892915 2039.0 0
1716636894727 2040.0 0
1716636914720 2041.0 0
1716636915856 2042.0 0
1716636917374 2043.0 0
1716636918891 2044.0 0
1716636920285 2045.0 0
1716636921402 2046.0 0
1716636922531 2047.0 0
1716636924784 2048.0 0
1716636930451 2049.0 0
1716636932039 2050.0 0
