1716632887912 19.14429473876953 0
1716632889255 17.528779983520508 0
1716632890755 16.300392150878906 0
1716632891905 15.214712142944336 0
1716632893176 14.109197616577148 0
1716632894348 13.346534729003906 0
1716632895509 12.733720779418945 0
1716632896620 12.099031448364258 0
1716632897711 11.619443893432617 0
1716632898838 11.09979248046875 0
1716632908236 10.615569114685059 0
1716632909370 10.096589088439941 0
1716632910430 9.481367111206055 0
1716632911560 8.927536010742188 0
1716632912674 8.36044979095459 0
1716632913769 7.828269958496094 0
1716632914850 7.33524227142334 0
1716632915948 6.897408962249756 0
1716632917014 6.532668113708496 0
1716632918121 6.178728103637695 0
1716632925406 5.873468399047852 0
1716632926434 5.578836441040039 0
1716632927498 5.318602561950684 0
1716632928609 5.123073101043701 0
1716632929727 4.902846336364746 0
1716632930791 4.680132865905762 0
1716632931877 4.504878044128418 0
1716632932944 4.347474098205566 0
1716632933976 4.178679466247559 0
1716632935025 4.032088279724121 0
1716632940288 3.878544807434082 0
1716632941373 3.732316493988037 0
1716632942469 3.5855624675750732 0
1716632943620 3.4470949172973633 0
1716632944728 3.317814350128174 0
1716632945819 3.219170093536377 0
1716632946877 3.1460866928100586 0
1716632947965 3.0337514877319336 0
1716632949003 2.962162971496582 0
1716632950044 2.8572006225585938 0
1716632956066 2.759685754776001 0
1716632957138 2.6565442085266113 0
1716632958245 2.571565628051758 0
1716632959287 2.515990734100342 0
1716632960344 2.4318864345550537 0
1716632961404 2.34633207321167 0
1716632962476 2.2567124366760254 0
1716632963539 2.1771187782287598 0
1716632964714 2.0914463996887207 0
1716632965826 2.019451141357422 0
1716632979450 1.9550528526306152 0
1716632980818 1.8949851989746094 0
1716632981905 1.8214001655578613 0
1716632983019 1.7634623050689697 0
1716632984120 1.7140569686889648 0
1716632985211 1.6513135433197021 0
1716632986277 1.5872766971588135 0
1716632987378 1.5310769081115723 0
1716632988483 1.4773800373077393 0
1716632989576 1.4213964939117432 0
1716632996593 1.3738749027252197 0
1716632997657 1.3250646591186523 0
1716632998664 1.278328776359558 0
1716632999745 1.246924638748169 0
1716633000808 1.1961212158203125 0
1716633001841 1.1602442264556885 0
1716633002855 1.1387810707092285 0
1716633003876 1.1023344993591309 0
1716633004949 1.0725510120391846 0
1716633005963 1.0453039407730103 0
1716633011772 1.0215517282485962 0
1716633012868 0.9857971668243408 0
1716633013950 0.9550813436508179 0
1716633015017 0.9286748170852661 0
1716633016080 0.9048757553100586 0
1716633017146 0.8853113055229187 0
1716633018214 0.8496619462966919 0
1716633019317 0.8345270156860352 0
1716633020383 0.8173880577087402 0
1716633021529 0.7938002347946167 0
1716633027414 0.7698410749435425 0
1716633028465 0.7522675395011902 0
1716633029553 0.7410743236541748 0
1716633030618 0.7108757495880127 0
1716633031635 0.7007609009742737 0
1716633032688 0.682913601398468 0
1716633033739 0.6691197752952576 0
1716633034824 0.6464622020721436 0
1716633035891 0.6360954642295837 0
1716633036938 0.6172640323638916 0
1716633042291 0.6104444265365601 0
1716633043709 0.597952127456665 0
1716633044782 0.5805469751358032 0
1716633045824 0.5696724057197571 0
1716633046849 0.5577923059463501 0
1716633047886 0.5517699718475342 0
1716633048932 0.5408962368965149 0
1716633050035 0.5253180861473083 0
1716633051098 0.5182689428329468 0
1716633052165 0.5028671026229858 0
1716633059961 0.5017580389976501 0
1716633061078 0.4929089844226837 0
1716633062245 0.4803403615951538 0
1716633063334 0.47849100828170776 0
1716633064412 0.47269779443740845 0
1716633065421 0.4612969756126404 0
1716633066458 0.45002955198287964 0
1716633067549 0.4387063980102539 0
1716633068605 0.44338518381118774 0
1716633069648 0.4217350482940674 0
1716633075237 0.42864909768104553 0
1716633076289 0.4149763584136963 0
1716633077381 0.4233343005180359 0
1716633078417 0.4178452491760254 0
1716633079440 0.3945678472518921 0
1716633080454 0.4093742370605469 0
1716633081532 0.39333826303482056 0
1716633082595 0.3833320140838623 0
1716633083637 0.38852083683013916 0
1716633084716 0.37151822447776794 0
1716633090647 0.3736942410469055 0
1716633091727 0.3794279992580414 0
1716633092797 0.3682112693786621 0
1716633093848 0.3621208965778351 0
1716633094895 0.3643760085105896 0
1716633096014 0.3483758866786957 0
1716633097123 0.34546393156051636 0
1716633098208 0.33861100673675537 0
1716633099267 0.3312508761882782 0
1716633100417 0.3334106206893921 0
1716633107748 0.32701563835144043 0
1716633108836 0.3142419159412384 0
1716633110029 0.31647300720214844 0
1716633111095 0.31670814752578735 0
1716633112172 0.30581384897232056 0
1716633113253 0.29540687799453735 0
1716633114349 0.2930443584918976 0
1716633115427 0.2931356132030487 0
1716633116468 0.2894488573074341 0
1716633117536 0.27988213300704956 0
1716633124795 0.2726977467536926 0
1716633125871 0.2698196768760681 0
1716633126894 0.2670007348060608 0
1716633127966 0.26001837849617004 0
1716633129019 0.2602806091308594 0
1716633130171 0.25493574142456055 0
1716633131287 0.33100318908691406 0
1716633132401 0.29830652475357056 0
1716633133519 0.27209770679473877 0
1716633134658 0.30291277170181274 0
1716633148647 0.28087955713272095 0
1716633149801 0.27311813831329346 0
1716633150998 0.2781362533569336 0
1716633152137 0.2587614059448242 0
1716633153305 0.25366830825805664 0
1716633154400 0.2509267330169678 0
1716633155478 0.24693217873573303 0
1716633156625 0.24157896637916565 0
1716633157761 0.2336329221725464 0
1716633158892 0.22962965071201324 0
1716633165532 0.22502483427524567 0
1716633166680 0.22022616863250732 0
1716633167760 0.225357323884964 0
1716633168845 0.21464475989341736 0
1716633169923 0.2116813361644745 0
1716633171025 0.205197274684906 0
1716633172141 0.20370903611183167 0
1716633173238 0.20166262984275818 0
1716633174318 0.1985912173986435 0
1716633175423 0.19684940576553345 0
1716633180905 0.19324563443660736 0
1716633181974 0.19653287529945374 0
1716633183076 0.19052590429782867 0
1716633184130 0.18863049149513245 0
1716633185150 0.191645085811615 0
1716633186200 0.19227656722068787 0
1716633187251 0.20501451194286346 0
1716633188316 0.2012627124786377 0
1716633189438 0.1964869201183319 0
1716633190528 0.18584832549095154 0
1716633196319 0.19211924076080322 0
1716633197397 0.18227289617061615 0
1716633198447 0.18160653114318848 0
1716633199480 0.1741781383752823 0
1716633200541 0.1870567947626114 0
1716633201606 0.18338710069656372 0
1716633202652 0.1860663890838623 0
1716633203683 0.19164174795150757 0
1716633204713 0.17721599340438843 0
1716633205796 0.17844024300575256 0
1716633213351 0.18001599609851837 0
1716633214446 0.17093093693256378 0
1716633215622 0.16394303739070892 0
1716633216781 0.1660389006137848 0
1716633217968 0.16789895296096802 0
1716633219166 0.1680220067501068 0
1716633220319 0.16881924867630005 0
1716633221486 0.16068407893180847 0
1716633222622 0.1618417203426361 0
1716633223722 0.15338170528411865 0
1716633230967 0.1524488776922226 0
1716633232012 0.15083959698677063 0
1716633233088 0.14526322484016418 0
1716633234194 0.14920580387115479 0
1716633235315 0.14358189702033997 0
1716633236427 0.14598022401332855 0
1716633237587 0.15176722407341003 0
1716633238690 0.15899920463562012 0
1716633239919 0.14255988597869873 0
1716633241055 0.15153928101062775 0
1716633246905 0.1523251235485077 0
1716633247987 0.16739660501480103 0
1716633249086 0.15919968485832214 0
1716633250204 0.15132206678390503 0
1716633251355 0.15164558589458466 0
1716633252550 0.14316031336784363 0
1716633253686 0.14392465353012085 0
1716633254810 0.13829199969768524 0
1716633256153 0.13391722738742828 0
1716633257948 0.13422106206417084 0
1716633267880 0.1353476494550705 0
1716633268996 0.1321042776107788 0
1716633270521 0.1339752972126007 0
1716633271704 0.12767747044563293 0
1716633272918 0.12806132435798645 0
1716633274131 0.12336784601211548 0
1716633275367 0.12438037991523743 0
1716633276477 0.11953391134738922 0
1716633277621 0.11903178691864014 0
1716633278808 0.11821851879358292 0
1716633289773 0.11810170114040375 0
1716633291080 0.11848719418048859 0
1716633292301 0.12071823328733444 0
1716633293444 0.12973499298095703 0
1716633294530 0.1181538850069046 0
1716633295623 0.1156858503818512 0
1716633296728 0.11118532717227936 0
1716633298023 0.11178126931190491 0
1716633299279 0.10959465801715851 0
1716633300713 0.11608955264091492 0
1716633308127 0.11072599142789841 0
1716633309370 0.11269976198673248 0
1716633310573 0.11060814559459686 0
1716633311968 0.11101613938808441 0
1716633313156 0.11290775239467621 0
1716633314331 0.1119370311498642 0
1716633315433 0.11118434369564056 0
1716633316607 0.11475839465856552 0
1716633317824 0.1097177267074585 0
1716633319025 0.10545112192630768 0
1716633337629 0.1039736270904541 0
1716633338754 0.10184964537620544 0
1716633339843 0.10002714395523071 0
1716633340920 0.10143913328647614 0
1716633342072 0.09988288581371307 0
1716633343165 0.09971815347671509 0
1716633344259 0.10195834934711456 0
1716633345367 0.09831644594669342 0
1716633346471 0.1016998216509819 0
1716633347600 0.09586424380540848 0
1716633353872 0.09336109459400177 0
1716633354927 0.09034915268421173 0
1716633355969 0.08989690244197845 0
1716633356991 0.08772953599691391 0
1716633358077 0.08598724752664566 0
1716633359129 0.08515787124633789 0
1716633360156 0.08423865586519241 0
1716633361258 0.08448323607444763 0
1716633362356 0.08726853132247925 0
1716633363481 0.09161119163036346 0
1716633369228 0.08771804720163345 0
1716633370294 0.09396559000015259 0
1716633371351 0.09217686951160431 0
1716633372427 0.09817001223564148 0
1716633373623 0.10032019019126892 0
1716633374737 0.08921678364276886 0
1716633375837 0.09287089109420776 0
1716633377132 0.10039395838975906 0
1716633378322 0.0961928516626358 0
1716633379498 0.10598310828208923 0
1716633386530 0.09351931512355804 0
1716633387631 0.09737597405910492 0
1716633388696 0.09309075772762299 0
1716633389826 0.09697942435741425 0
1716633390953 0.12145553529262543 0
1716633392058 0.10235600173473358 0
1716633393161 0.10493387281894684 0
1716633394286 0.09727489948272705 0
1716633395393 0.09541019797325134 0
1716633396521 0.09205105900764465 0
1716633402613 0.08973726630210876 0
1716633403663 0.08432464301586151 0
1716633404695 0.08552005887031555 0
1716633405726 0.08432911336421967 0
1716633406744 0.08352939784526825 0
1716633407859 0.08970136195421219 0
1716633408924 0.08152363449335098 0
1716633410064 0.07958073914051056 0
1716633411188 0.0776185393333435 0
1716633412332 0.0772896409034729 0
1716633420847 0.07534435391426086 0
1716633421972 0.07380744069814682 0
1716633423064 0.07309700548648834 0
1716633424253 0.07146143913269043 0
1716633425397 0.07045619189739227 0
1716633426547 0.06884479522705078 0
1716633427811 0.06805199384689331 0
1716633429104 0.06692177802324295 0
1716633432734 0.06585006415843964 0
1716633433927 0.06508105993270874 0
1716633441754 0.06422772258520126 0
1716633442856 0.06307674944400787 0
1716633444003 0.06209885701537132 0
1716633445163 0.06167740374803543 0
1716633446320 0.06089828163385391 0
1716633447441 0.06004469841718674 0
1716633448563 0.05933684855699539 0
1716633449678 0.05890166014432907 0
1716633450798 0.05808476358652115 0
1716633451948 0.05758630111813545 0
1716633459045 0.05700502544641495 0
1716633460166 0.056541576981544495 0
1716633461280 0.05592767149209976 0
1716633462383 0.05545990541577339 0
1716633463510 0.05502022057771683 0
1716633464664 0.054535187780857086 0
1716633465834 0.054085828363895416 0
1716633466957 0.05356089025735855 0
1716633468051 0.0531705766916275 0
1716633469218 0.052819639444351196 0
1716633481633 0.05242335423827171 0
1716633482808 0.051998212933540344 0
1716633483974 0.05163576081395149 0
1716633485124 0.05130616948008537 0
1716633486200 0.05090156942605972 0
1716633487340 0.050567761063575745 0
1716633488460 0.05023012310266495 0
1716633489592 0.04992368072271347 0
1716633490869 0.04958916828036308 0
1716633492212 0.0492691695690155 0
1716633500108 0.048953644931316376 0
1716633501196 0.04867223650217056 0
1716633502305 0.04839329421520233 0
1716633503412 0.048077404499053955 0
1716633504486 0.04778362438082695 0
1716633505618 0.047509752213954926 0
1716633506821 0.04724232479929924 0
1716633507957 0.04697035998106003 0
1716633509113 0.04669893905520439 0
1716633510280 0.04643043875694275 0
1716633516760 0.046172551810741425 0
1716633517879 0.04591812565922737 0
1716633519017 0.045670077204704285 0
1716633520150 0.04541844502091408 0
1716633521258 0.04517105221748352 0
1716633522384 0.04492607340216637 0
1716633523516 0.04468740522861481 0
1716633524668 0.044450972229242325 0
1716633525788 0.04421725869178772 0
1716633526895 0.04398523271083832 0
1716633532645 0.043754879385232925 0
1716633533693 0.043527744710445404 0
1716633534778 0.043305058032274246 0
1716633535877 0.04308377578854561 0
1716633537028 0.0428645983338356 0
1716633538200 0.042647525668144226 0
1716633539284 0.042431414127349854 0
1716633540307 0.0422181561589241 0
1716633541360 0.042008887976408005 0
1716633542483 0.04180145263671875 0
1716633548260 0.041595615446567535 0
1716633549315 0.04139157384634018 0
1716633550355 0.04118993505835533 0
1716633551407 0.04098962992429733 0
1716633552470 0.040790751576423645 0
1716633553506 0.04059356823563576 0
1716633554570 0.040398094803094864 0
1716633555678 0.04020528495311737 0
1716633556766 0.04001433402299881 0
1716633557867 0.0398249551653862 0
1716633563451 0.03963764011859894 0
1716633564490 0.039451468735933304 0
1716633565547 0.03926630690693855 0
1716633566568 0.03908310458064079 0
1716633567594 0.038900818675756454 0
1716633568689 0.0387197881937027 0
1716633569728 0.03854077309370041 0
1716633570760 0.038362402468919754 0
1716633571857 0.03818577155470848 0
1716633572964 0.03801075369119644 0
1716633579000 0.03783692419528961 0
1716633580075 0.03766427934169769 0
1716633581178 0.03749304264783859 0
1716633582223 0.03732302039861679 0
1716633583291 0.037154294550418854 0
1716633584324 0.036986950784921646 0
1716633585340 0.0368206724524498 0
1716633586437 0.03665546327829361 0
1716633587503 0.03649178892374039 0
1716633588564 0.03632920980453491 0
1716633594213 0.03616780415177345 0
1716633595323 0.03600763902068138 0
1716633596439 0.03584869205951691 0
1716633597537 0.035690974444150925 0
1716633598666 0.03553429991006851 0
1716633599739 0.035379063338041306 0
1716633600954 0.035224903374910355 0
1716633602076 0.03507252037525177 0
1716633603161 0.03492176905274391 0
1716633604242 0.03477441146969795 0
1716633610869 0.03463297709822655 0
1716633611990 0.03450595587491989 0
1716633613088 0.034414246678352356 0
1716633614322 0.03446889668703079 0
1716633615466 0.0354866124689579 0
1716633616596 0.08629482984542847 0
1716633617739 0.05526312440633774 0
1716633618831 0.12388503551483154 0
1716633619967 0.07924065738916397 0
1716633621131 0.09625793248414993 0
1716633636769 0.11560969054698944 0
1716633637861 0.09480075538158417 0
1716633638927 0.11914022266864777 0
1716633640024 0.08840341120958328 0
1716633641113 0.07492639124393463 0
1716633642237 0.07147623598575592 0
1716633643364 0.08362475037574768 0
1716633644528 0.08573330193758011 0
1716633645640 0.10475817322731018 0
1716633646753 0.08558361232280731 0
1716633652632 0.086361825466156 0
1716633653981 0.08935683965682983 0
1716633655128 0.07559125870466232 0
1716633656241 0.07821700721979141 0
1716633657303 0.09516336768865585 0
1716633658395 0.09636115282773972 0
1716633659468 0.09401067346334457 0
1716633660505 0.09160234779119492 0
1716633661600 0.08769319206476212 0
1716633662657 0.07483325153589249 0
1716633668892 0.07073703408241272 0
1716633669987 0.08220700174570084 0
1716633671119 0.07839341461658478 0
1716633672142 0.07068634778261185 0
1716633673181 0.06585650891065598 0
1716633674268 0.0631709098815918 0
1716633675374 0.06396452337503433 0
1716633676488 0.05886363238096237 0
1716633677653 0.054384902119636536 0
1716633678805 0.05565042793750763 0
1716633685375 0.0560140386223793 0
1716633686493 0.055534765124320984 0
1716633687655 0.05495775490999222 0
1716633688759 0.05135255679488182 0
1716633689824 0.0539625808596611 0
1716633690933 0.050900861620903015 0
1716633692039 0.05106973648071289 0
1716633693151 0.04838063195347786 0
1716633694293 0.04736511781811714 0
1716633695378 0.046224430203437805 0
1716633701687 0.04388650134205818 0
1716633702773 0.042469289153814316 0
1716633703833 0.04149080440402031 0
1716633704866 0.040792860090732574 0
1716633705977 0.04043858125805855 0
1716633707075 0.03931369259953499 0
1716633708159 0.038212090730667114 0
1716633709191 0.037605397403240204 0
1716633710313 0.03695210814476013 0
1716633711404 0.03619062155485153 0
1716633717474 0.03526788949966431 0
1716633718598 0.034721385687589645 0
1716633719716 0.03410177677869797 0
1716633720814 0.03383179008960724 0
1716633721897 0.03346146643161774 0
1716633722967 0.03271006792783737 0
1716633723999 0.03232399374246597 0
1716633725063 0.03210151195526123 0
1716633726176 0.03180772811174393 0
1716633727217 0.031415604054927826 0
1716633733165 0.031104467809200287 0
1716633734243 0.030843839049339294 0
1716633735294 0.03059515729546547 0
1716633736338 0.030302252620458603 0
1716633737406 0.029957085847854614 0
1716633738457 0.029795503243803978 0
1716633739521 0.02957543358206749 0
1716633740554 0.029407769441604614 0
1716633741597 0.029187673702836037 0
1716633742655 0.028996236622333527 0
1716633748929 0.028852161020040512 0
1716633750055 0.028667917475104332 0
1716633751194 0.028503812849521637 0
1716633752341 0.028354980051517487 0
1716633753484 0.028190992772579193 0
1716633754676 0.028046827763319016 0
1716633755796 0.027930552139878273 0
1716633756955 0.02778010442852974 0
1716633758131 0.027645327150821686 0
1716633759373 0.027526460587978363 0
1716633767879 0.027395281940698624 0
1716633768985 0.027280345559120178 0
1716633770143 0.027173789218068123 0
1716633771250 0.027058079838752747 0
1716633772369 0.02694988064467907 0
1716633773509 0.026847969740629196 0
1716633774587 0.02673444151878357 0
1716633775645 0.026630423963069916 0
1716633776747 0.026534870266914368 0
1716633777833 0.026429856196045876 0
1716633784285 0.026337165385484695 0
1716633785350 0.02624177187681198 0
1716633786423 0.02614724077284336 0
1716633787517 0.026055987924337387 0
1716633788626 0.02596871741116047 0
1716633789761 0.025878623127937317 0
1716633790874 0.025791697204113007 0
1716633791968 0.025704946368932724 0
1716633793068 0.025618476793169975 0
1716633794202 0.02553590014576912 0
1716633805491 0.025451958179473877 0
1716633806643 0.02536989189684391 0
1716633807797 0.025288648903369904 0
1716633808923 0.025209330022335052 0
1716633810054 0.025129850953817368 0
1716633811205 0.025051839649677277 0
1716633812394 0.02497357316315174 0
1716633813545 0.024897288531064987 0
1716633814701 0.02482072450220585 0
1716633815792 0.024745700880885124 0
1716633822375 0.02467135339975357 0
1716633823455 0.02459740824997425 0
1716633824561 0.024524129927158356 0
1716633825692 0.024451468139886856 0
1716633826801 0.024379607290029526 0
1716633827927 0.02430812455713749 0
1716633829102 0.02423739805817604 0
1716633830210 0.024167243391275406 0
1716633831324 0.024097980931401253 0
1716633832451 0.024028897285461426 0
1716633846968 0.023960338905453682 0
1716633848088 0.02389223501086235 0
1716633849137 0.0238247811794281 0
1716633850297 0.023757802322506905 0
1716633851425 0.02369137853384018 0
1716633852552 0.023625396192073822 0
1716633853669 0.023559827357530594 0
1716633854782 0.0234947819262743 0
1716633855878 0.023429961875081062 0
1716633857014 0.023365745320916176 0
1716633863428 0.02330203726887703 0
1716633864471 0.023238645866513252 0
1716633865552 0.023175591602921486 0
1716633866648 0.02311304584145546 0
1716633867677 0.023050718009471893 0
1716633868716 0.022988898679614067 0
1716633869801 0.022927409037947655 0
1716633870839 0.02286623977124691 0
1716633871919 0.022805433720350266 0
1716633872965 0.022745097056031227 0
1716633881255 0.022685030475258827 0
1716633882357 0.02262529917061329 0
1716633883556 0.022566044703125954 0
1716633885708 0.022507309913635254 0
1716633886933 0.022448893636465073 0
1716633888139 0.022390708327293396 0
1716633889263 0.022333014756441116 0
1716633890477 0.022275619208812714 0
1716633891670 0.02221854031085968 0
1716633892792 0.022161725908517838 0
1716633903164 0.022105488926172256 0
1716633904311 0.022049378603696823 0
1716633905400 0.021993782371282578 0
1716633906549 0.021938297897577286 0
1716633907623 0.021883202716708183 0
1716633908699 0.021828543394804 0
1716633909790 0.021774115040898323 0
1716633910889 0.02171989157795906 0
1716633911988 0.02166617475450039 0
1716633913098 0.021612539887428284 0
1716633919959 0.021559368818998337 0
1716633921009 0.021506380289793015 0
1716633922131 0.021453605964779854 0
1716633923170 0.021401330828666687 0
1716633924274 0.02134925127029419 0
1716633925308 0.021297302097082138 0
1716633926372 0.021245654672384262 0
1716633927405 0.021194517612457275 0
1716633928429 0.02114330604672432 0
1716633929572 0.021092446520924568 0
1716633936134 0.0210418663918972 0
1716633937195 0.020991485565900803 0
1716633938267 0.02094138413667679 0
1716633939308 0.020891301333904266 0
1716633940327 0.020841527730226517 0
1716633941378 0.020791804417967796 0
1716633942405 0.020742375403642654 0
1716633943433 0.02069278433918953 0
1716633944481 0.020643025636672974 0
1716633945527 0.020592570304870605 0
1716633951616 0.0205403920263052 0
1716633952688 0.020490478724241257 0
1716633953725 0.02044105902314186 0
1716633954780 0.020393528044223785 0
1716633955812 0.02034365013241768 0
1716633956880 0.020299190655350685 0
1716633957938 0.020254459232091904 0
1716633958964 0.02020229957997799 0
1716633960001 0.020184136927127838 0
1716633961025 0.02022729068994522 0
1716633967875 0.020244773477315903 0
1716633968931 0.020225590094923973 0
1716633969984 0.020173190161585808 0
1716633971012 0.020124835893511772 0
1716633972033 0.02006901428103447 0
1716633973066 0.020009588450193405 0
1716633974119 0.019945653155446053 0
1716633975136 0.019891593605279922 0
1716633976149 0.01984143629670143 0
1716633977227 0.019792823120951653 0
1716633982707 0.019756004214286804 0
1716633983777 0.019763559103012085 0
1716633984805 0.019867459312081337 0
1716633985876 0.02137697860598564 0
1716633986922 0.127495676279068 0
1716633987943 0.08595937490463257 0
1716633989018 0.13682830333709717 0
1716633990080 0.12599927186965942 0
1716633991201 0.1079568937420845 0
1716633992417 0.17457818984985352 0
1716634002252 0.1962866336107254 0
1716634003368 0.1529090702533722 0
1716634004541 0.12119276821613312 0
1716634005664 0.11033261567354202 0
1716634006801 0.10589653253555298 0
1716634007933 0.09948153793811798 0
1716634009098 0.08899973332881927 0
1716634010223 0.07617434859275818 0
1716634011325 0.08723165094852448 0
1716634012434 0.11661296337842941 0
1716634018780 0.09970086067914963 0
1716634019892 0.08217093348503113 0
1716634021060 0.08097773790359497 0
1716634022199 0.0902043879032135 0
1716634023302 0.08601684123277664 0
1716634024424 0.07354947924613953 0
1716634025536 0.08008261770009995 0
1716634026653 0.07834416627883911 0
1716634027748 0.08010837435722351 0
1716634028870 0.07493934035301208 0
1716634034671 0.06492592394351959 0
1716634035749 0.06848081201314926 0
1716634036795 0.06399159878492355 0
1716634037855 0.06164439395070076 0
1716634038928 0.05759038031101227 0
1716634039981 0.07050007581710815 0
1716634041025 0.09246543049812317 0
1716634042092 0.08609041571617126 0
1716634043200 0.08777610957622528 0
1716634044289 0.08569590747356415 0
1716634050245 0.0816182792186737 0
1716634051304 0.06527820229530334 0
1716634052353 0.060497134923934937 0
1716634053402 0.07168781012296677 0
1716634054461 0.05814675614237785 0
1716634055479 0.06532476842403412 0
1716634056498 0.06381411850452423 0
1716634057520 0.05780628323554993 0
1716634058553 0.05369686707854271 0
1716634059586 0.051369018852710724 0
1716634065524 0.06797438859939575 0
1716634066590 0.061858490109443665 0
1716634067625 0.06265297532081604 0
1716634068648 0.06910884380340576 0
1716634069677 0.06334381550550461 0
1716634070705 0.05440644174814224 0
1716634071740 0.05088113993406296 0
1716634072766 0.0463731549680233 0
1716634073815 0.04997766762971878 0
1716634074835 0.06282120943069458 0
1716634080099 0.0535382404923439 0
1716634081126 0.07010580599308014 0
1716634082169 0.06412282586097717 0
1716634083199 0.07813294231891632 0
1716634084241 0.13260510563850403 0
1716634085258 0.13131564855575562 0
1716634086369 0.11512356996536255 0
1716634087420 0.10694283992052078 0
1716634088446 0.08499126881361008 0
1716634089496 0.07619158923625946 0
1716634107590 0.08419385552406311 0
1716634108780 0.07050913572311401 0
1716634109891 0.06894022226333618 0
1716634111059 0.05999871343374252 0
1716634112175 0.05437749624252319 0
1716634113246 0.054970160126686096 0
1716634114347 0.04865395277738571 0
1716634115430 0.04559115320444107 0
1716634116480 0.044252797961235046 0
1716634117595 0.043556809425354004 0
1716634132333 0.03973730653524399 0
1716634133459 0.03974435478448868 0
1716634134594 0.0373990423977375 0
1716634135732 0.034823670983314514 0
1716634136838 0.03382871672511101 0
1716634137936 0.033087216317653656 0
1716634139022 0.03224147856235504 0
1716634140224 0.030522089451551437 0
1716634141360 0.02968626655638218 0
1716634142444 0.02856193482875824 0
1716634149062 0.028320064768195152 0
1716634150174 0.027216611430048943 0
1716634151235 0.026920877397060394 0
1716634152278 0.025914102792739868 0
1716634153296 0.025420747697353363 0
1716634154352 0.024656642228364944 0
1716634155426 0.024412604048848152 0
1716634156462 0.02375584840774536 0
1716634157524 0.02350013703107834 0
1716634158605 0.02303030528128147 0
1716634164203 0.022763006389141083 0
1716634165290 0.022385112941265106 0
1716634166376 0.022079948335886 0
1716634167443 0.021806810051202774 0
1716634168509 0.021517174318432808 0
1716634169590 0.021329551935195923 0
1716634170705 0.02104943059384823 0
1716634171808 0.02084306627511978 0
1716634172901 0.020621053874492645 0
1716634173992 0.020464541390538216 0
1716634179783 0.020231585949659348 0
1716634180838 0.02009018138051033 0
1716634181888 0.01989741623401642 0
1716634183018 0.01975853741168976 0
1716634184146 0.01962428167462349 0
1716634185562 0.01951010525226593 0
1716634186822 0.01939413882791996 0
1716634187963 0.019276490435004234 0
1716634189137 0.019169388338923454 0
1716634191286 0.01905309408903122 0
1716634197462 0.018941637128591537 0
1716634198518 0.01883821189403534 0
1716634199583 0.01875746063888073 0
1716634200649 0.018669400364160538 0
1716634201733 0.018604014068841934 0
1716634202793 0.018518824130296707 0
1716634203861 0.018445663154125214 0
1716634204919 0.018367093056440353 0
1716634205962 0.018297623842954636 0
1716634207007 0.018227268010377884 0
1716634212557 0.018167756497859955 0
1716634213675 0.01810133457183838 0
1716634214755 0.01804269850254059 0
1716634215884 0.017979461699724197 0
1716634217128 0.017922326922416687 0
1716634218365 0.017865613102912903 0
1716634219683 0.017812788486480713 0
1716634221109 0.01775863766670227 0
1716634222384 0.017708148807287216 0
1716634223640 0.017658038064837456 0
1716634230920 0.01760808192193508 0
1716634231997 0.017558898776769638 0
1716634233086 0.017512815073132515 0
1716634234242 0.017466045916080475 0
1716634235351 0.01741967722773552 0
1716634236457 0.017375566065311432 0
1716634237616 0.01733209751546383 0
1716634238734 0.017289524897933006 0
1716634239858 0.017247647047042847 0
1716634241006 0.017206532880663872 0
1716634250494 0.017165401950478554 0
1716634251623 0.017125502228736877 0
1716634252792 0.017085915431380272 0
1716634254021 0.01704740896821022 0
1716634255150 0.017009148374199867 0
1716634256283 0.01697145774960518 0
1716634257382 0.016934102401137352 0
1716634258495 0.016897641122341156 0
1716634259605 0.016861481592059135 0
1716634260712 0.0168259609490633 0
1716634267500 0.016790535300970078 0
1716634268591 0.016755711287260056 0
1716634269707 0.016721002757549286 0
1716634270847 0.016687065362930298 0
1716634271984 0.016653291881084442 0
1716634273108 0.01661999709904194 0
1716634274194 0.01658685691654682 0
1716634275270 0.016554225236177444 0
1716634276318 0.016521863639354706 0
1716634277431 0.016489852219820023 0
1716634283918 0.01645808480679989 0
1716634285050 0.016426561400294304 0
1716634286185 0.01639549992978573 0
1716634287325 0.016364581882953644 0
1716634288465 0.016333919018507004 0
1716634289642 0.016303543001413345 0
1716634290730 0.01627342402935028 0
1716634291853 0.016243519261479378 0
1716634292994 0.01621389016509056 0
1716634294114 0.016184421256184578 0
1716634300259 0.016155272722244263 0
1716634301334 0.01612628437578678 0
1716634302400 0.016097430139780045 0
1716634303471 0.016068851575255394 0
1716634304581 0.01604035496711731 0
1716634305666 0.016012242063879967 0
1716634306716 0.01598416641354561 0
1716634307805 0.01595631241798401 0
1716634308915 0.015928568318486214 0
1716634310023 0.015901081264019012 0
1716634316701 0.01587364263832569 0
1716634317749 0.01584639772772789 0
1716634318801 0.01581929624080658 0
1716634319853 0.015792252495884895 0
1716634320886 0.01576528698205948 0
1716634322012 0.015738332644104958 0
1716634323076 0.01571110635995865 0
1716634324112 0.015683699399232864 0
1716634325177 0.01565689593553543 0
1716634326249 0.01563161425292492 0
1716634332798 0.015604421496391296 0
1716634333855 0.015578618273139 0
1716634334957 0.01555290911346674 0
1716634336056 0.015526729635894299 0
1716634337157 0.015501324087381363 0
1716634338260 0.015475815162062645 0
1716634339333 0.015450401231646538 0
1716634340465 0.01542547158896923 0
1716634341558 0.015400053933262825 0
1716634342660 0.015375516377389431 0
1716634349098 0.015350526198744774 0
1716634350184 0.01532603707164526 0
1716634351243 0.015301523730158806 0
1716634352317 0.01527702622115612 0
1716634353363 0.01525287888944149 0
1716634354404 0.015228623524308205 0
1716634355442 0.015204636380076408 0
1716634356553 0.01518058031797409 0
1716634357684 0.015156891196966171 0
1716634358860 0.015133092179894447 0
1716634367651 0.015109572559595108 0
1716634368848 0.015085948631167412 0
1716634369960 0.015062538906931877 0
1716634371108 0.015039149671792984 0
1716634372616 0.015015942044556141 0
1716634374047 0.014992763288319111 0
1716634376026 0.01496962271630764 0
1716634377227 0.014946656301617622 0
1716634378738 0.014923809096217155 0
1716634379938 0.014900878071784973 0
1716634391388 0.014878148213028908 0
1716634392546 0.014855440706014633 0
1716634393647 0.0148328747600317 0
1716634394750 0.014810366556048393 0
1716634395833 0.014787913300096989 0
1716634397194 0.014765569940209389 0
1716634398405 0.014743250794708729 0
1716634399595 0.014720961451530457 0
1716634400746 0.01469881646335125 0
1716634401859 0.014676736667752266 0
1716634408991 0.014654694125056267 0
1716634410118 0.014632747508585453 0
1716634411262 0.014610848389565945 0
1716634412473 0.014588996767997742 0
1716634413640 0.014567210339009762 0
1716634414870 0.014545580372214317 0
1716634416027 0.01452392153441906 0
1716634417223 0.014502335339784622 0
1716634418344 0.014480852521955967 0
1716634419522 0.014459440484642982 0
1716634438940 0.014438007026910782 0
1716634440025 0.014416731894016266 0
1716634441144 0.014395458623766899 0
1716634442253 0.014374226331710815 0
1716634443384 0.014353116974234581 0
1716634444495 0.01433202251791954 0
1716634445610 0.014311002567410469 0
1716634446707 0.014290079474449158 0
1716634447800 0.01426912285387516 0
1716634448908 0.014248238876461983 0
1716634455516 0.014227563515305519 0
1716634456588 0.01420673169195652 0
1716634457633 0.014186106622219086 0
1716634458665 0.014165468513965607 0
1716634459702 0.014144950546324253 0
1716634460731 0.01412439625710249 0
1716634461761 0.014103945344686508 0
1716634462780 0.014083534479141235 0
1716634463795 0.014063170179724693 0
1716634464875 0.014042915776371956 0
1716634471014 0.014022670686244965 0
1716634472090 0.014002510346472263 0
1716634473130 0.013982363976538181 0
1716634474186 0.013962237164378166 0
1716634475261 0.013942265883088112 0
1716634476368 0.013922343030571938 0
1716634477464 0.01390235684812069 0
1716634478559 0.013882534578442574 0
1716634479606 0.013862678781151772 0
1716634480667 0.013842890039086342 0
1716634486977 0.013823233544826508 0
1716634488044 0.0138035723939538 0
1716634489110 0.013783905655145645 0
1716634490175 0.013764344155788422 0
1716634491187 0.013744859024882317 0
1716634492194 0.013725359924137592 0
1716634493228 0.013705998659133911 0
1716634494263 0.013686621561646461 0
1716634495291 0.0136673953384161 0
1716634496315 0.01364804059267044 0
1716634502742 0.013628816232085228 0
1716634503864 0.01360970176756382 0
1716634504999 0.01359060499817133 0
1716634506112 0.013571521267294884 0
1716634507180 0.013552520424127579 0
1716634508277 0.013533618301153183 0
1716634509372 0.013514652848243713 0
1716634510507 0.013495860621333122 0
1716634511604 0.013476965948939323 0
1716634512646 0.013458231464028358 0
1716634518967 0.013439545407891273 0
1716634520049 0.013420872390270233 0
1716634521088 0.0134023018181324 0
1716634522106 0.013383746147155762 0
1716634523120 0.013365230523049831 0
1716634524155 0.013346754014492035 0
1716634525214 0.013328386470675468 0
1716634526238 0.013309994712471962 0
1716634527296 0.013291683048009872 0
1716634528375 0.013273412361741066 0
1716634534689 0.013255234807729721 0
1716634535756 0.013237054459750652 0
1716634536815 0.01321894209831953 0
1716634537862 0.013200853019952774 0
1716634538874 0.0131828673183918 0
1716634539927 0.013164948672056198 0
1716634540987 0.01314702257514 0
1716634542099 0.013129124417901039 0
1716634543182 0.013111300766468048 0
1716634544261 0.013093600980937481 0
1716634549934 0.013075830414891243 0
1716634550984 0.013058114796876907 0
1716634552040 0.013040508143603802 0
1716634553061 0.013022921979427338 0
1716634554079 0.013005375862121582 0
1716634555087 0.012987915426492691 0
1716634556129 0.012970445677638054 0
1716634557147 0.012953100726008415 0
1716634558197 0.012935705482959747 0
1716634559216 0.012918413616716862 0
1716634564334 0.012901229783892632 0
1716634565387 0.01288396492600441 0
1716634566407 0.012866796925663948 0
1716634567452 0.012849699705839157 0
1716634568532 0.012832596898078918 0
1716634569571 0.012815580703318119 0
1716634570632 0.012798592448234558 0
1716634571658 0.012781660072505474 0
1716634572715 0.01276480033993721 0
1716634573810 0.012747909873723984 0
1716634579474 0.012731121852993965 0
1716634580547 0.012714359909296036 0
1716634581616 0.012697652913630009 0
1716634582632 0.01268099807202816 0
1716634583703 0.012664328329265118 0
1716634584774 0.012647796422243118 0
1716634585834 0.012631313875317574 0
1716634586892 0.01261475682258606 0
1716634587957 0.012598324567079544 0
1716634589075 0.012581841088831425 0
1716634594997 0.012565454468131065 0
1716634596035 0.012549180537462234 0
1716634597045 0.012532893568277359 0
1716634598094 0.01251664012670517 0
1716634599118 0.012500393204391003 0
1716634600138 0.012484245002269745 0
1716634601187 0.01246814988553524 0
1716634602235 0.01245200540870428 0
1716634603244 0.012435970827937126 0
1716634604260 0.01241995394229889 0
1716634609342 0.012404020875692368 0
1716634610401 0.012388097122311592 0
1716634611435 0.012372177094221115 0
1716634612457 0.012356314808130264 0
1716634613517 0.012340478599071503 0
1716634614585 0.012324737384915352 0
1716634615639 0.012308977544307709 0
1716634616751 0.01229329127818346 0
1716634617835 0.012277611531317234 0
1716634618894 0.012262015603482723 0
1716634625153 0.012246374040842056 0
1716634626223 0.012230852618813515 0
1716634627279 0.012215331196784973 0
1716634628338 0.012199826538562775 0
1716634629466 0.012184414081275463 0
1716634630611 0.012168974615633488 0
1716634631737 0.0121536273509264 0
1716634632830 0.012138273566961288 0
1716634633933 0.012122934684157372 0
1716634635066 0.01210768148303032 0
1716634641318 0.012092435732483864 0
1716634642349 0.012077241204679012 0
1716634643397 0.012062117457389832 0
1716634644499 0.012046998366713524 0
1716634645621 0.012031864374876022 0
1716634646779 0.012016825377941132 0
1716634647881 0.012001791968941689 0
1716634649017 0.011986788362264633 0
1716634650134 0.011971848085522652 0
1716634651245 0.011956911534070969 0
1716634657490 0.011942071840167046 0
1716634658558 0.011927168816328049 0
1716634659640 0.011912334710359573 0
1716634660727 0.01189754344522953 0
1716634661747 0.011882835999131203 0
1716634662793 0.011868039146065712 0
1716634663857 0.011853326112031937 0
1716634664964 0.011838667094707489 0
1716634666033 0.011823995038866997 0
1716634667107 0.011809373274445534 0
1716634673158 0.011794844642281532 0
1716634674296 0.011780264787375927 0
1716634675351 0.011765753850340843 0
1716634676393 0.011751333251595497 0
1716634677463 0.01173689030110836 0
1716634678513 0.011722405441105366 0
1716634679555 0.011708023026585579 0
1716634680614 0.011693654581904411 0
1716634681659 0.011679327115416527 0
1716634682666 0.011665044352412224 0
1716634688602 0.011650778353214264 0
1716634689665 0.011636488139629364 0
1716634690714 0.011622227728366852 0
1716634691741 0.011608052998781204 0
1716634692800 0.011593913659453392 0
1716634693829 0.011579789221286774 0
1716634694903 0.01156568992882967 0
1716634696070 0.011551594361662865 0
1716634698052 0.011537570506334305 0
1716634699157 0.01152348704636097 0
1716634707300 0.011509573087096214 0
1716634708421 0.011495579965412617 0
1716634709529 0.01148158498108387 0
1716634710616 0.0114677045494318 0
1716634711856 0.011453773826360703 0
1716634713220 0.011439928784966469 0
1716634714353 0.011426052078604698 0
1716634715549 0.011412246152758598 0
1716634716745 0.011398429051041603 0
1716634717859 0.011384714394807816 0
1716634725597 0.011370981112122536 0
1716634726746 0.011357197538018227 0
1716634728083 0.011343561112880707 0
1716634729201 0.011329837143421173 0
1716634730736 0.01131618395447731 0
1716634732056 0.011302631348371506 0
1716634733252 0.011288992129266262 0
1716634734374 0.011275452561676502 0
1716634735640 0.011261897161602974 0
1716634737000 0.011248338967561722 0
1716634753728 0.011234819889068604 0
1716634754886 0.011221388354897499 0
1716634755990 0.011207884177565575 0
1716634757111 0.01119447872042656 0
1716634758204 0.01118102204054594 0
1716634759309 0.011167659424245358 0
1716634760445 0.011154266074299812 0
1716634761563 0.01114092580974102 0
1716634762700 0.011127605102956295 0
1716634763859 0.011114360764622688 0
1716634771893 0.011101030744612217 0
1716634773032 0.011087760329246521 0
1716634774180 0.011074522510170937 0
1716634775331 0.011061318218708038 0
1716634776436 0.011048058979213238 0
1716634777567 0.011034924536943436 0
1716634778680 0.011021756567060947 0
1716634779800 0.011008622124791145 0
1716634780925 0.010995442979037762 0
1716634782020 0.010982351377606392 0
1716634789781 0.01096927747130394 0
1716634790963 0.010956237092614174 0
1716634792113 0.01094319298863411 0
1716634793237 0.010930178686976433 0
1716634794405 0.010917109437286854 0
1716634795565 0.01090415008366108 0
1716634796666 0.01089116558432579 0
1716634797802 0.010878202505409718 0
1716634798927 0.010865312069654465 0
1716634800033 0.010852379724383354 0
1716634831404 0.010839478112757206 0
1716634832656 0.010826578363776207 0
1716634833839 0.010813673958182335 0
1716634835118 0.010800877586007118 0
1716634836350 0.01078803464770317 0
1716634837545 0.010775242000818253 0
1716634838712 0.010762415826320648 0
1716634839882 0.01074965763837099 0
1716634841100 0.010736855678260326 0
1716634842233 0.010724101215600967 0
1716634853561 0.010711400769650936 0
1716634854730 0.010698698461055756 0
1716634855940 0.010686015710234642 0
1716634857486 0.010673342272639275 0
1716634858783 0.010660665109753609 0
1716634859945 0.010648008435964584 0
1716634861247 0.010635405778884888 0
1716634862387 0.0106227807700634 0
1716634863561 0.010610206052660942 0
1716634865202 0.010597625747323036 0
1716634878402 0.010585123673081398 0
1716634879775 0.010572539642453194 0
1716634881273 0.010560011491179466 0
1716634882896 0.010547515004873276 0
1716634884511 0.010535024106502533 0
1716634886333 0.010522561147809029 0
1716634888219 0.010510092601180077 0
1716634890030 0.010497665032744408 0
1716634891663 0.010485258884727955 0
1716634893140 0.010472779162228107 0
1716634908461 0.010460409335792065 0
1716634909607 0.010448036715388298 0
1716634910736 0.01043566595762968 0
1716634911871 0.01042329054325819 0
1716634913036 0.010410932824015617 0
1716634914147 0.010398590937256813 0
1716634915319 0.010386250913143158 0
1716634916560 0.010373946279287338 0
1716634917905 0.01036163792014122 0
1716634919324 0.01034935750067234 0
1716634926752 0.010337090119719505 0
1716634927895 0.010324858129024506 0
1716634928992 0.010312660597264767 0
1716634930123 0.01030047982931137 0
1716634931420 0.010288265533745289 0
1716634932697 0.010276095941662788 0
1716634934033 0.010264009237289429 0
1716634935360 0.01025189645588398 0
1716634936725 0.010239806026220322 0
1716634938080 0.010227708145976067 0
1716634944685 0.010215677320957184 0
1716634945764 0.010203655809164047 0
1716634946855 0.010191552340984344 0
1716634947961 0.010179620236158371 0
1716634949150 0.01016760803759098 0
1716634950418 0.010155639611184597 0
1716634951665 0.010143701918423176 0
1716634952958 0.01013175304979086 0
1716634954238 0.01011987216770649 0
1716634955527 0.010107982903718948 0
1716634962360 0.01009613461792469 0
1716634963430 0.010084273293614388 0
1716634964549 0.010072411969304085 0
1716634965662 0.01006061490625143 0
1716634966860 0.010048791766166687 0
1716634968037 0.010037034749984741 0
1716634969355 0.010025275871157646 0
1716634970755 0.010013560764491558 0
1716634972248 0.010001817718148232 0
1716634973726 0.009990135207772255 0
1716634980282 0.009978456422686577 0
1716634981337 0.009966745972633362 0
1716634982383 0.009955115616321564 0
1716634983480 0.009943494573235512 0
1716634984640 0.009931886568665504 0
1716634985849 0.009920269250869751 0
1716634987054 0.009908703155815601 0
1716634988370 0.009897145442664623 0
1716634989762 0.009885618463158607 0
1716634991158 0.009874057024717331 0
1716634998825 0.009862575680017471 0
1716634999885 0.00985105149447918 0
1716635001006 0.00983961671590805 0
1716635002181 0.009828150272369385 0
1716635003360 0.00981673039495945 0
1716635004615 0.009805327281355858 0
1716635005932 0.009793933480978012 0
1716635007251 0.009782563894987106 0
1716635008540 0.009771165437996387 0
1716635009868 0.009759807959198952 0
1716635016645 0.00974852405488491 0
1716635017759 0.009737242013216019 0
1716635018853 0.009725946933031082 0
1716635020026 0.00971470307558775 0
1716635021258 0.0097035001963377 0
1716635022512 0.009692251682281494 0
1716635023837 0.009681103751063347 0
1716635025177 0.00967009924352169 0
1716635026479 0.009659148752689362 0
1716635027746 0.009648621082305908 0
1716635034495 0.009638159535825253 0
1716635035573 0.009629787877202034 0
1716635036680 0.00962034985423088 0
1716635037774 0.009620326571166515 0
1716635038968 0.009641160257160664 0
1716635040246 0.009622441604733467 0
1716635041548 0.01571909710764885 0
1716635042893 0.058295272290706635 0
1716635044302 0.05598655343055725 0
1716635045650 0.12100598961114883 0
1716635054173 0.258273720741272 0
1716635055290 0.16335487365722656 0
1716635056391 0.1959562450647354 0
1716635057680 0.20254072546958923 0
1716635059157 0.23925091326236725 0
1716635060867 0.19735091924667358 0
1716635062476 0.14599286019802094 0
1716635064665 0.12495990097522736 0
1716635066030 0.11397334933280945 0
1716635067358 0.11447220295667648 0
1716635074772 0.16278135776519775 0
1716635075854 0.16498473286628723 0
1716635076984 0.13876602053642273 0
1716635078051 0.1546497344970703 0
1716635079186 0.1082088053226471 0
1716635080369 0.10806341469287872 0
1716635081583 0.12183734029531479 0
1716635082826 0.10974220931529999 0
1716635084137 0.11965395510196686 0
1716635085438 0.11660388112068176 0
1716635093549 0.10723235458135605 0
1716635094707 0.11584340035915375 0
1716635095838 0.10267198085784912 0
1716635096931 0.0876227393746376 0
1716635098104 0.08757966756820679 0
1716635099345 0.09003305435180664 0
1716635100641 0.10314583778381348 0
1716635101941 0.09258812665939331 0
1716635103350 0.08733156323432922 0
1716635104756 0.10092443227767944 0
1716635112007 0.07720568031072617 0
1716635113064 0.07964102178812027 0
1716635114109 0.0906108170747757 0
1716635115174 0.07718735188245773 0
1716635116286 0.062032151967287064 0
1716635117440 0.06273609399795532 0
1716635118635 0.06736355274915695 0
1716635119818 0.08385634422302246 0
1716635121017 0.05664118379354477 0
1716635122234 0.05717343091964722 0
1716635129135 0.06336528062820435 0
1716635130199 0.07952280342578888 0
1716635131212 0.10651151835918427 0
1716635132238 0.08137696981430054 0
1716635133326 0.08944492042064667 0
1716635134444 0.11873050034046173 0
1716635135652 0.10495962202548981 0
1716635136908 0.1053025871515274 0
1716635138268 0.15099768340587616 0
1716635139618 0.2890496551990509 0
1716635145242 0.22306998074054718 0
1716635146319 0.20076557993888855 0
1716635147416 0.20588421821594238 0
1716635148567 0.16377688944339752 0
1716635149725 0.19615942239761353 0
1716635150910 0.19151268899440765 0
1716635152144 0.19371776282787323 0
1716635153348 0.1422058641910553 0
1716635154597 0.13863766193389893 0
1716635155803 0.1458771824836731 0
1716635162095 0.15812373161315918 0
1716635163139 0.13528825342655182 0
1716635164199 0.14966242015361786 0
1716635165266 0.13142476975917816 0
1716635166362 0.10709218680858612 0
1716635167533 0.10746070742607117 0
1716635168711 0.09819528460502625 0
1716635169954 0.08142941445112228 0
1716635171185 0.08209209889173508 0
1716635172417 0.07543089985847473 0
1716635178421 0.06300094723701477 0
1716635179452 0.059730008244514465 0
1716635180497 0.056066833436489105 0
1716635181568 0.05097801983356476 0
1716635182695 0.0470726415514946 0
1716635183869 0.04671166092157364 0
1716635185027 0.04380856081843376 0
1716635186251 0.04029344022274017 0
1716635187487 0.03696835786104202 0
1716635188688 0.03602033853530884 0
1716635194985 0.04139728099107742 0
1716635196095 0.09141905605792999 0
1716635197212 0.09366709738969803 0
1716635198423 0.06969084590673447 0
1716635199679 0.04903767257928848 0
1716635201007 0.044458553194999695 0
1716635202505 0.04413515329360962 0
1716635204187 0.06179102137684822 0
1716635205776 0.08493296802043915 0
1716635207275 0.13236190378665924 0
1716635220760 0.09552834182977676 0
1716635222147 0.07206953316926956 0
1716635223398 0.05485936254262924 0
1716635224526 0.04420909285545349 0
1716635225641 0.04578785598278046 0
1716635226748 0.037990469485521317 0
1716635227878 0.04044780507683754 0
1716635228994 0.03717446327209473 0
1716635230120 0.03639526665210724 0
1716635231252 0.03386254236102104 0
1716635241298 0.03211425617337227 0
1716635242433 0.030259957537055016 0
1716635243559 0.02828288823366165 0
1716635244777 0.027182364836335182 0
1716635245936 0.02658192068338394 0
1716635247094 0.025302067399024963 0
1716635248339 0.024194173514842987 0
1716635249646 0.02305397018790245 0
1716635251024 0.02197285369038582 0
1716635252415 0.021042976528406143 0
1716635259683 0.02033805660903454 0
1716635260747 0.019863735884428024 0
1716635261811 0.019509775564074516 0
1716635262903 0.01902022957801819 0
1716635264056 0.01842670887708664 0
1716635265256 0.0178303774446249 0
1716635266506 0.017321528866887093 0
1716635267820 0.016921037808060646 0
1716635269102 0.016557352617383003 0
1716635270363 0.016213882714509964 0
1716635276660 0.015879083424806595 0
1716635277702 0.015568026341497898 0
1716635278764 0.015300892293453217 0
1716635279817 0.015058226883411407 0
1716635280941 0.014820383861660957 0
1716635282120 0.014607242308557034 0
1716635283325 0.014407746493816376 0
1716635284621 0.014216892421245575 0
1716635285915 0.014030516147613525 0
1716635287177 0.013861850835382938 0
1716635293810 0.013715777546167374 0
1716635294865 0.01356547325849533 0
1716635295937 0.013409266248345375 0
1716635297049 0.013267484493553638 0
1716635298246 0.013145419768989086 0
1716635299455 0.01303093321621418 0
1716635300687 0.01291600987315178 0
1716635301966 0.012801926583051682 0
1716635303243 0.01269453763961792 0
1716635304498 0.012595975771546364 0
1716635311291 0.012499859556555748 0
1716635312377 0.012404953129589558 0
1716635313428 0.012319264933466911 0
1716635314555 0.012243987992405891 0
1716635315775 0.012172247283160686 0
1716635317020 0.012102157808840275 0
1716635318320 0.012034457176923752 0
1716635319676 0.01196838915348053 0
1716635321055 0.011903749778866768 0
1716635322539 0.011840373277664185 0
1716635331988 0.011779187247157097 0
1716635333065 0.01172217633575201 0
1716635334146 0.011668430641293526 0
1716635335227 0.011616213247179985 0
1716635336413 0.01156559493392706 0
1716635337627 0.011515781283378601 0
1716635338944 0.011466585099697113 0
1716635340272 0.011419037356972694 0
1716635341639 0.011373460292816162 0
1716635342951 0.011329248547554016 0
1716635349329 0.01128593273460865 0
1716635350423 0.011243345215916634 0
1716635351636 0.011201885528862476 0
1716635352900 0.011161803267896175 0
1716635354279 0.011123299598693848 0
1716635355912 0.011085852049291134 0
1716635357829 0.011048965156078339 0
1716635359505 0.011012749746441841 0
1716635360967 0.01097739115357399 0
1716635362344 0.010942704975605011 0
1716635398520 0.010908499360084534 0
1716635399603 0.010874948464334011 0
1716635400686 0.010842150077223778 0
1716635401805 0.010810261592268944 0
1716635402993 0.010778925381600857 0
1716635404236 0.010747944936156273 0
1716635405477 0.010717538185417652 0
1716635406728 0.010687765665352345 0
1716635408004 0.010658668354153633 0
1716635409430 0.010629922151565552 0
1716635419375 0.01060157734900713 0
1716635420486 0.010573593899607658 0
1716635421599 0.010546194389462471 0
1716635422739 0.010519193485379219 0
1716635423843 0.010492628440260887 0
1716635424948 0.010466453619301319 0
1716635426069 0.01044069416821003 0
1716635427202 0.010415194556117058 0
1716635428313 0.010390092618763447 0
1716635429434 0.01036541722714901 0
1716635436494 0.010341049171984196 0
1716635437547 0.010317005217075348 0
1716635438576 0.010293271392583847 0
1716635439652 0.01026980858296156 0
1716635440717 0.01024668850004673 0
1716635441800 0.010223837569355965 0
1716635442966 0.010201268829405308 0
1716635444140 0.010179013013839722 0
1716635445284 0.010157020762562752 0
1716635446480 0.010135293006896973 0
1716635453993 0.010113791562616825 0
1716635455113 0.010092586278915405 0
1716635456245 0.010071586817502975 0
1716635457389 0.010050897486507893 0
1716635458515 0.010030371136963367 0
1716635459607 0.010010085068643093 0
1716635460692 0.009990066289901733 0
1716635461854 0.009970184415578842 0
1716635463027 0.009950620122253895 0
1716635464215 0.009931208565831184 0
1716635471706 0.00991198793053627 0
1716635472791 0.009893031790852547 0
1716635473848 0.009874188341200352 0
1716635474911 0.009855600073933601 0
1716635475974 0.009837200865149498 0
1716635477075 0.009818955324590206 0
1716635478253 0.009800957515835762 0
1716635479405 0.00978303886950016 0
1716635480578 0.009765371680259705 0
1716635481787 0.009747857227921486 0
1716635488186 0.009730461053550243 0
1716635489232 0.00971328467130661 0
1716635490260 0.00969624426215887 0
1716635491341 0.009679345414042473 0
1716635492446 0.009662671014666557 0
1716635493575 0.009646096266806126 0
1716635494743 0.009629652835428715 0
1716635495931 0.009613444097340107 0
1716635497140 0.009597293101251125 0
1716635498370 0.009581318125128746 0
1716635504941 0.009565476328134537 0
1716635506067 0.009549716487526894 0
1716635507263 0.009534189477562904 0
1716635508447 0.009518778882920742 0
1716635509631 0.009503436274826527 0
1716635510879 0.009488251060247421 0
1716635512242 0.009473195299506187 0
1716635513843 0.009458251297473907 0
1716635515575 0.009443440474569798 0
1716635517329 0.009428763762116432 0
1716635531846 0.009414125233888626 0
1716635532974 0.009399703703820705 0
1716635534062 0.009385328739881516 0
1716635535229 0.009371107444167137 0
1716635536357 0.009356964379549026 0
1716635537534 0.009342938661575317 0
1716635538648 0.009329017251729965 0
1716635539816 0.009315171279013157 0
1716635541090 0.009301478043198586 0
1716635542442 0.009287836030125618 0
1716635552079 0.009274309501051903 0
1716635553212 0.009260911494493484 0
1716635554361 0.009247582405805588 0
1716635555490 0.009234369732439518 0
1716635556727 0.009221218526363373 0
1716635557977 0.009208183735609055 0
1716635559314 0.009195235557854176 0
1716635560762 0.009182330220937729 0
1716635562303 0.009169555269181728 0
1716635563861 0.009156858548521996 0
1716635574183 0.009144231677055359 0
1716635575411 0.009131761267781258 0
1716635576626 0.009119238704442978 0
1716635577853 0.00910688191652298 0
1716635579433 0.00909458938986063 0
1716635581602 0.009082370437681675 0
1716635584355 0.009070208296179771 0
1716635586268 0.009058119729161263 0
1716635588109 0.009046108461916447 0
1716635589716 0.009034206159412861 0
1716635601869 0.00902234110981226 0
1716635603074 0.009010536596179008 0
1716635604254 0.008998764678835869 0
1716635605470 0.008987095206975937 0
1716635606682 0.008975469507277012 0
1716635608121 0.008963923901319504 0
1716635609942 0.008952336385846138 0
1716635612380 0.00894087553024292 0
1716635614161 0.00892938394099474 0
1716635615633 0.00891793891787529 0
1716635624922 0.008906484581530094 0
1716635626074 0.00889513734728098 0
1716635627231 0.008883796632289886 0
1716635628439 0.00887240655720234 0
1716635629678 0.008861105889081955 0
1716635630994 0.008849931880831718 0
1716635632409 0.008838778361678123 0
1716635633899 0.00882766768336296 0
1716635635612 0.008816618472337723 0
1716635637582 0.008805589750409126 0
1716635647551 0.008794505149126053 0
1716635648655 0.008783288300037384 0
1716635649768 0.008771955035626888 0
1716635650943 0.008761072531342506 0
1716635652123 0.008750837296247482 0
1716635653393 0.008739853277802467 0
1716635654745 0.0087288748472929 0
1716635656202 0.008718605153262615 0
1716635657652 0.008708098903298378 0
1716635659096 0.008697439916431904 0
1716635667672 0.008687153458595276 0
1716635668820 0.008676912635564804 0
1716635669969 0.0086665078997612 0
1716635671197 0.008656520396471024 0
1716635672515 0.00864635780453682 0
1716635673954 0.008636271581053734 0
1716635675536 0.008626511320471764 0
1716635677091 0.008616411127150059 0
1716635678594 0.008606674149632454 0
1716635680025 0.008596941828727722 0
1716635687062 0.008587194606661797 0
1716635688141 0.008577622473239899 0
1716635689239 0.008567926473915577 0
1716635690458 0.008558508940041065 0
1716635691740 0.008548984304070473 0
1716635693046 0.008539605885744095 0
1716635694399 0.008530210703611374 0
1716635695812 0.008520889095962048 0
1716635697209 0.008511663414537907 0
1716635698528 0.008502434939146042 0
1716635705796 0.008493337780237198 0
1716635706848 0.008484216406941414 0
1716635707987 0.008475160226225853 0
1716635709142 0.008466136641800404 0
1716635710438 0.008457200601696968 0
1716635711881 0.008448255248367786 0
1716635713533 0.008439394645392895 0
1716635715366 0.008430561050772667 0
1716635717045 0.008421812206506729 0
1716635718543 0.008413041010499 0
1716635726693 0.008404387161135674 0
1716635727803 0.008395696990191936 0
1716635728917 0.008387112058699131 0
1716635730076 0.008378510363399982 0
1716635731263 0.008369974792003632 0
1716635732496 0.008361438289284706 0
1716635733841 0.008353003300726414 0
1716635735197 0.008344592526555061 0
1716635736556 0.008336176164448261 0
1716635737962 0.008327821269631386 0
1716635744607 0.008319520391523838 0
1716635745645 0.008311271667480469 0
1716635746746 0.008303024806082249 0
1716635747913 0.008294829167425632 0
1716635749136 0.008286671712994576 0
1716635750419 0.00827852264046669 0
1716635751765 0.008270373567938805 0
1716635753143 0.00826236605644226 0
1716635754453 0.0082542784512043 0
1716635755781 0.008246323093771935 0
1716635764548 0.008238374255597591 0
1716635765630 0.008230414241552353 0
1716635766857 0.008222508244216442 0
1716635768032 0.008214659988880157 0
1716635769331 0.008206796832382679 0
1716635770695 0.008198992349207401 0
1716635772108 0.008191240951418877 0
1716635773525 0.008183453232049942 0
1716635775004 0.008175715804100037 0
1716635776790 0.008168051019310951 0
1716635785840 0.008160359226167202 0
1716635786985 0.008152762427926064 0
1716635788088 0.008145151659846306 0
1716635789184 0.008137540891766548 0
1716635790401 0.008130013011395931 0
1716635791634 0.008122503757476807 0
1716635793006 0.008115050382912159 0
1716635794433 0.008107542060315609 0
1716635795832 0.008100073784589767 0
1716635797254 0.008092682808637619 0
1716635804525 0.008085330948233604 0
1716635805633 0.008077955804765224 0
1716635806846 0.008070630952715874 0
1716635808139 0.008063286542892456 0
1716635809646 0.008055998012423515 0
1716635811710 0.00804878305643797 0
1716635813753 0.008041534572839737 0
1716635815347 0.00803433358669281 0
1716635816782 0.008027161471545696 0
1716635818129 0.00801995862275362 0
1716635824666 0.00801283773034811 0
1716635825724 0.008005775511264801 0
1716635826815 0.007998657412827015 0
1716635828068 0.007991569116711617 0
1716635829439 0.007984548807144165 0
1716635830992 0.00797751359641552 0
1716635832784 0.007970534265041351 0
1716635834421 0.007963545620441437 0
1716635835819 0.00795658864080906 0
1716635837162 0.00794968567788601 0
1716635843372 0.00794275663793087 0
1716635844414 0.007935885339975357 0
1716635845509 0.007929039187729359 0
1716635846645 0.007922190241515636 0
1716635847856 0.007915369234979153 0
1716635849142 0.007908559404313564 0
1716635850460 0.00790177658200264 0
1716635851807 0.00789501704275608 0
1716635853121 0.00788828358054161 0
1716635854460 0.007881585508584976 0
1716635861279 0.007874896749854088 0
1716635862413 0.00786816980689764 0
1716635863736 0.007861525751650333 0
1716635865243 0.0078548863530159 0
1716635867527 0.007848266512155533 0
1716635869161 0.007841675542294979 0
1716635870846 0.007835090160369873 0
1716635872416 0.007828525267541409 0
1716635874053 0.007821999490261078 0
1716635875682 0.007815482094883919 0
1716635886253 0.007808958180248737 0
1716635887445 0.007802512496709824 0
1716635888790 0.007796061225235462 0
1716635890815 0.007789596449583769 0
1716635892795 0.007783161010593176 0
1716635894544 0.007776722311973572 0
1716635896205 0.007770344614982605 0
1716635897704 0.007763930130749941 0
1716635899196 0.007757611572742462 0
1716635900686 0.0077512627467513084 0
1716635914005 0.007744958624243736 0
1716635915167 0.0077386582270264626 0
1716635916310 0.0077323452569544315 0
1716635917516 0.007726090960204601 0
1716635920162 0.007719825021922588 0
1716635924488 0.007713564671576023 0
1716635925704 0.007707351353019476 0
1716635927019 0.007701152004301548 0
1716635928541 0.007694982923567295 0
1716635930560 0.007688798010349274 0
1716635941357 0.007682647090405226 0
1716635942609 0.007676519453525543 0
1716635943779 0.007670388091355562 0
1716635945092 0.007664273492991924 0
1716635946609 0.007658176124095917 0
1716635948674 0.00765212019905448 0
1716635950679 0.007646051235496998 0
1716635952435 0.007639984600245953 0
1716635953965 0.007633959874510765 0
1716635955468 0.007627959828823805 0
1716635970096 0.007621963508427143 0
1716635971233 0.0076159825548529625 0
1716635972356 0.007610006257891655 0
1716635973513 0.007604043465107679 0
1716635974636 0.007598088122904301 0
1716635975812 0.007592170499265194 0
1716635977034 0.007586251944303513 0
1716635978351 0.007580356672406197 0
1716635979837 0.00757448747754097 0
1716635981469 0.007568601053208113 0
1716635992651 0.007562738377600908 0
1716635993743 0.007556880824267864 0
1716635994821 0.007551065646111965 0
1716635996127 0.007545263506472111 0
1716635997317 0.0075394222512841225 0
1716635998546 0.007533658295869827 0
1716635999870 0.007527895271778107 0
1716636001431 0.007522128522396088 0
1716636003313 0.0075163766741752625 0
1716636005240 0.007510674186050892 0
1716636017845 0.007504909299314022 0
1716636019506 0.007499225903302431 0
1716636021671 0.0074935355223715305 0
1716636025195 0.007487830705940723 0
1716636029695 0.007482195273041725 0
1716636031062 0.00747651606798172 0
1716636032336 0.0074708834290504456 0
1716636033837 0.00746523030102253 0
1716636035920 0.007459632121026516 0
1716636038357 0.007454019971191883 0
1716636054736 0.007448418997228146 0
1716636056020 0.007442823611199856 0
1716636057178 0.007437278516590595 0
1716636058352 0.0074317073449492455 0
1716636059546 0.0074261510744690895 0
1716636060710 0.007420607842504978 0
1716636061938 0.007415063679218292 0
1716636063271 0.007409580983221531 0
1716636064776 0.007404071278870106 0
1716636066532 0.007398589514195919 0
1716636078879 0.007393119856715202 0
1716636080553 0.00738760270178318 0
1716636081671 0.007382154930382967 0
1716636082873 0.0073767369613051414 0
1716636084030 0.007371268235146999 0
1716636085318 0.007365850731730461 0
1716636086701 0.007360451854765415 0
1716636088525 0.007355046924203634 0
1716636090934 0.007349663879722357 0
1716636092795 0.007344289217144251 0
1716636102962 0.0073389015160501 0
1716636104034 0.007333538495004177 0
1716636105116 0.007328206207603216 0
1716636106263 0.007322893477976322 0
1716636107537 0.007317548152059317 0
1716636109032 0.0073123411275446415 0
1716636111170 0.007307276129722595 0
1716636113125 0.007302314043045044 0
1716636115228 0.0072989328764379025 0
1716636117170 0.007296690251678228 0
1716636129698 0.00733706122264266 0
1716636130807 0.0072874752804636955 0
1716636131965 0.013775801286101341 0
1716636133193 0.02354675717651844 0
1716636134491 0.078471839427948 0
1716636135959 0.09639215469360352 0
1716636137818 0.06828391551971436 0
1716636139897 0.08889712393283844 0
1716636141568 0.11928428709506989 0
1716636143057 0.13473691046237946 0
1716636177701 0.14890259504318237 0
1716636178894 0.12307505309581757 0
1716636180078 0.10408119857311249 0
1716636181163 0.13278557360172272 0
1716636182278 0.12684839963912964 0
1716636183384 0.1110493391752243 0
1716636184526 0.1315847933292389 0
1716636185595 0.12294385582208633 0
1716636186696 0.10702037811279297 0
1716636187792 0.10816674679517746 0
1716636195706 0.14800657331943512 0
1716636196776 0.11252769827842712 0
1716636197885 0.1143823191523552 0
1716636199005 0.11049612611532211 0
1716636200104 0.1373681128025055 0
1716636201205 0.1306929588317871 0
1716636202302 0.12753966450691223 0
1716636203449 0.08282922208309174 0
1716636204552 0.10641821473836899 0
1716636205690 0.11377760022878647 0
1716636212766 0.09227157384157181 0
1716636213953 0.0902693122625351 0
1716636215090 0.06839808821678162 0
1716636216244 0.05629948526620865 0
1716636217467 0.05858210474252701 0
1716636218785 0.062049057334661484 0
1716636220297 0.05235643684864044 0
1716636221973 0.04295238479971886 0
1716636223533 0.03741791471838951 0
1716636225048 0.03970495983958244 0
1716636231921 0.03672776371240616 0
1716636233078 0.035910364240407944 0
1716636234300 0.03946514055132866 0
1716636235642 0.07070548832416534 0
1716636237167 0.08819159865379333 0
1716636239149 0.07926886528730392 0
1716636241028 0.06667012721300125 0
1716636242625 0.05758985877037048 0
1716636244182 0.06417098641395569 0
1716636245698 0.07365694642066956 0
1716636253903 0.05738572031259537 0
1716636255086 0.05564487725496292 0
1716636256323 0.0505114421248436 0
1716636257680 0.047129083424806595 0
1716636259239 0.04893741011619568 0
1716636261220 0.04424009472131729 0
1716636263290 0.046881407499313354 0
1716636265101 0.09399309754371643 0
1716636266773 0.06669668853282928 0
1716636268348 0.06465315818786621 0
1716636276631 0.07067769765853882 0
1716636277860 0.07494767010211945 0
1716636279191 0.052856482565402985 0
1716636280656 0.04169616103172302 0
1716636282706 0.039681725203990936 0
1716636285260 0.03738994523882866 0
1716636286956 0.0338989682495594 0
1716636288386 0.03197246417403221 0
1716636289762 0.02881016582250595 0
1716636291070 0.02793814241886139 0
1716636298009 0.026762858033180237 0
1716636299145 0.02654549479484558 0
1716636300365 0.025079526007175446 0
1716636301727 0.02342171221971512 0
1716636303524 0.022116810083389282 0
1716636305750 0.021042978391051292 0
1716636307766 0.020126789808273315 0
1716636309495 0.01894073188304901 0
1716636311156 0.01792721264064312 0
1716636312740 0.01735980249941349 0
1716636320770 0.016813095659017563 0
1716636321918 0.01625847816467285 0
1716636323125 0.01574401557445526 0
1716636324334 0.015206662937998772 0
1716636325699 0.014667825773358345 0
1716636327090 0.01418069377541542 0
1716636328704 0.013818497769534588 0
1716636330529 0.013516005128622055 0
1716636332275 0.01318640448153019 0
1716636333908 0.012868765741586685 0
1716636341241 0.01256638951599598 0
1716636342424 0.012287292629480362 0
1716636343694 0.012054799124598503 0
1716636344978 0.01181078515946865 0
1716636346469 0.011580067686736584 0
1716636348232 0.011407958343625069 0
1716636350178 0.011259447783231735 0
1716636351875 0.01108543761074543 0
1716636353353 0.010925184935331345 0
1716636354717 0.010792671702802181 0
1716636362718 0.01065678708255291 0
1716636363847 0.010516602545976639 0
1716636365039 0.010402706451714039 0
1716636366409 0.010308874770998955 0
1716636367943 0.01020442321896553 0
1716636369950 0.010105807334184647 0
1716636371961 0.010023748502135277 0
1716636373552 0.00993618369102478 0
1716636374994 0.009843521751463413 0
1716636376361 0.009763180278241634 0
1716636383903 0.00969109870493412 0
1716636384966 0.009620914235711098 0
1716636386076 0.009559734724462032 0
1716636387284 0.009505444206297398 0
1716636388555 0.009449915029108524 0
1716636389958 0.009394407272338867 0
1716636391485 0.009341607801616192 0
1716636393100 0.009287858381867409 0
1716636394598 0.009234867990016937 0
1716636396036 0.009188016876578331 0
1716636402903 0.009145071730017662 0
1716636403975 0.009102758951485157 0
1716636405084 0.0090617211535573 0
1716636406257 0.00902145728468895 0
1716636407487 0.008981408551335335 0
1716636408801 0.008943092077970505 0
1716636410167 0.008906468749046326 0
1716636411559 0.008870523422956467 0
1716636412906 0.008836381137371063 0
1716636414216 0.008804592303931713 0
1716636420575 0.008773120120167732 0
1716636421655 0.00874148216098547 0
1716636422763 0.008711288683116436 0
1716636423952 0.008682371117174625 0
1716636425214 0.00865393877029419 0
1716636426606 0.008625955320894718 0
1716636428107 0.008598715998232365 0
1716636429680 0.008572302758693695 0
1716636431210 0.008546682074666023 0
1716636432655 0.008521722629666328 0
1716636439441 0.008497064933180809 0
1716636440497 0.008472681045532227 0
1716636441620 0.008448844775557518 0
1716636442751 0.008425693958997726 0
1716636443961 0.008402971550822258 0
1716636445241 0.008380554616451263 0
1716636446633 0.008358626626431942 0
1716636448007 0.008337322622537613 0
1716636449388 0.00831647403538227 0
1716636450782 0.008295878767967224 0
1716636461320 0.008275606669485569 0
1716636462442 0.00825576763600111 0
1716636463577 0.008236275985836983 0
1716636464759 0.008217046037316322 0
1716636466002 0.008198236115276814 0
1716636467354 0.008179700002074242 0
1716636468797 0.008161420002579689 0
1716636470512 0.008143417537212372 0
1716636472382 0.008125707507133484 0
1716636474017 0.008108255453407764 0
1716636481720 0.00809099618345499 0
1716636482867 0.008074000477790833 0
1716636484065 0.008057300001382828 0
1716636485337 0.008040822111070156 0
1716636486709 0.008024612441658974 0
1716636488310 0.008008582517504692 0
1716636490154 0.007992790080606937 0
1716636491962 0.007977164350450039 0
1716636493545 0.007961777970194817 0
1716636495158 0.007946616038680077 0
1716636509261 0.007931595668196678 0
1716636510355 0.007916770875453949 0
1716636511492 0.00790213793516159 0
1716636512617 0.007887675426900387 0
1716636513816 0.00787337962538004 0
1716636515059 0.00785929337143898 0
1716636516629 0.007845338433980942 0
1716636518490 0.007831546477973461 0
1716636521002 0.00781792402267456 0
1716636523313 0.007804469205439091 0
1716636536444 0.007791123818606138 0
1716636537576 0.0077779097482562065 0
1716636538738 0.007764886599034071 0
1716636539966 0.007752010598778725 0
1716636541248 0.007739253342151642 0
1716636542750 0.00772660318762064 0
1716636544741 0.007714120205491781 0
1716636547360 0.007701758295297623 0
1716636549104 0.007689477875828743 0
1716636550666 0.0076773930341005325 0
1716636561089 0.00766537943854928 0
1716636562217 0.007653535343706608 0
1716636563347 0.0076417503878474236 0
1716636565462 0.007630061358213425 0
1716636566679 0.007618540432304144 0
1716636568027 0.007607121951878071 0
1716636569853 0.007595784030854702 0
1716636572203 0.007584556005895138 0
1716636574061 0.00757342716678977 0
1716636575674 0.007562408223748207 0
1716636588717 0.007551498711109161 0
1716636589801 0.0075406720861792564 0
1716636590971 0.007529943250119686 0
1716636592128 0.007519317325204611 0
1716636593477 0.007508748210966587 0
1716636600437 0.007498290855437517 0
1716636601734 0.007487916387617588 0
1716636603017 0.007477638777345419 0
1716636604863 0.007467448245733976 0
1716636609333 0.007457324303686619 0
1716636629660 0.007447267882525921 0
1716636630802 0.007437300868332386 0
1716636631876 0.007427440024912357 0
1716636632969 0.007417654152959585 0
1716636634115 0.00740793626755476 0
1716636635244 0.0073982952162623405 0
1716636636310 0.0073887379840016365 0
1716636637358 0.007379226386547089 0
1716636638454 0.007369806058704853 0
1716636639591 0.0073604644276201725 0
1716636648779 0.00735111627727747 0
1716636649900 0.007341944612562656 0
1716636650968 0.0073328083381056786 0
1716636652068 0.007323726080358028 0
1716636653243 0.007314672693610191 0
1716636654550 0.0073057436384260654 0
1716636655926 0.007296836003661156 0
1716636657370 0.007288004737347364 0
1716636658787 0.007279231213033199 0
1716636660165 0.007270509377121925 0
1716636668447 0.007261884398758411 0
1716636669577 0.007253284566104412 0
1716636670695 0.007244708947837353 0
1716636671835 0.007236246485263109 0
1716636673019 0.007227794732898474 0
1716636674347 0.007219435181468725 0
1716636675731 0.007211125921458006 0
1716636677150 0.007202852983027697 0
1716636678860 0.007194650825113058 0
1716636680653 0.007186541333794594 0
1716636691091 0.0071784029714763165 0
1716636692172 0.007170337252318859 0
1716636693240 0.00716234277933836 0
1716636694442 0.007154360413551331 0
1716636695647 0.007146474905312061 0
1716636696970 0.0071385707706213 0
1716636698421 0.007130778394639492 0
1716636699976 0.0071230195462703705 0
1716636701499 0.0071152872405946255 0
1716636702896 0.00710761733353138 0
1716636710603 0.007099958136677742 0
1716636711655 0.0070923687890172005 0
1716636712746 0.007084802724421024 0
1716636713964 0.007077312562614679 0
1716636715246 0.007069824263453484 0
1716636716651 0.00706237368285656 0
1716636718303 0.007055016700178385 0
1716636720151 0.007047664374113083 0
1716636721762 0.007040368393063545 0
1716636723148 0.007033080328255892 0
1716636731638 0.007025870960205793 0
1716636732732 0.0070186881348490715 0
1716636734026 0.007011541165411472 0
1716636735527 0.007004415616393089 0
1716636737448 0.006997352000325918 0
1716636738911 0.006990297231823206 0
1716636740634 0.0069832648150622845 0
1716636742327 0.0069763148203492165 0
1716636743831 0.0069693573750555515 0
1716636745192 0.006962485611438751 0
1716636752521 0.006955635733902454 0
1716636753636 0.006948765367269516 0
1716636754811 0.006941964849829674 0
1716636756045 0.006935216952115297 0
1716636757427 0.006928472779691219 0
1716636759262 0.006921772845089436 0
1716636761460 0.0069151027128100395 0
1716636763163 0.006908458191901445 0
1716636764703 0.006901836954057217 0
1716636766058 0.006895268801599741 0
1716636773310 0.00688870158046484 0
1716636774537 0.006882164627313614 0
1716636775733 0.006875674240291119 0
1716636777105 0.006869222968816757 0
1716636778907 0.0068627698346972466 0
1716636781218 0.0068563674576580524 0
1716636782885 0.006849989295005798 0
1716636784364 0.00684367585927248 0
1716636785742 0.006837332621216774 0
1716636787046 0.006831021048128605 0
1716636795365 0.006824727635830641 0
1716636796461 0.006818503141403198 0
1716636797625 0.0068122874945402145 0
1716636798822 0.006806104443967342 0
1716636800092 0.006799917668104172 0
1716636801437 0.006793753709644079 0
1716636802822 0.006787644233554602 0
1716636804209 0.0067815398797392845 0
1716636805544 0.0067754704505205154 0
1716636806908 0.006769419647753239 0
1716636814029 0.006763388402760029 0
1716636815202 0.0067573669366538525 0
1716636816426 0.006751394830644131 0
1716636817713 0.006745439022779465 0
1716636819142 0.006739506963640451 0
1716636820861 0.00673360750079155 0
1716636822604 0.006727700121700764 0
1716636824171 0.006721841171383858 0
1716636825557 0.006715964060276747 0
1716636826945 0.00671014841645956 0
1716636835423 0.006704352796077728 0
1716636836486 0.006698588840663433 0
1716636837595 0.006692806258797646 0
1716636838771 0.006687073968350887 0
1716636840024 0.006681322585791349 0
1716636841355 0.006675626151263714 0
1716636842725 0.006669928785413504 0
1716636844119 0.006664267275482416 0
1716636845462 0.006658627651631832 0
1716636846779 0.0066529992036521435 0
1716636853678 0.006647390313446522 0
1716636854745 0.006641775835305452 0
1716636855866 0.006636208388954401 0
1716636857049 0.006630664691329002 0
1716636858315 0.006625164300203323 0
1716636859649 0.006619604770094156 0
1716636861077 0.006614111363887787 0
1716636862553 0.0066086361184716225 0
1716636864015 0.006603154353797436 0
1716636865646 0.006597696803510189 0
1716636879870 0.006592277903109789 0
1716636881026 0.006586831994354725 0
1716636882148 0.006581422872841358 0
1716636883355 0.006576020270586014 0
1716636886461 0.0065706633031368256 0
1716636888024 0.006565309129655361 0
1716636889674 0.00655995961278677 0
1716636891207 0.006554628722369671 0
1716636892865 0.006549354642629623 0
1716636894698 0.006544043309986591 0
1716636914640 0.006538764573633671 0
1716636915793 0.0065334998071193695 0
1716636917337 0.006528225261718035 0
1716636918767 0.006523020565509796 0
1716636920243 0.006517811678349972 0
1716636921370 0.006512591615319252 0
1716636922484 0.006507405079901218 0
1716636924436 0.006502246484160423 0
1716636930025 0.006497092545032501 0
1716636931959 0.00649191252887249 0
