1716632887965 5.423749923706055 0
1716632889555 1.5654561519622803 0
1716632890788 1.2271859645843506 0
1716632891987 1.1947839260101318 0
1716632893236 1.2435462474822998 0
1716632894401 1.1398680210113525 0
1716632895543 1.1354422569274902 0
1716632896666 1.1020641326904297 0
1716632897761 1.0870521068572998 0
1716632898888 1.0791959762573242 0
1716632908343 3.012641191482544 0
1716632909419 1.071376085281372 0
1716632910510 1.0834450721740723 0
1716632911613 1.0963609218597412 0
1716632912726 1.1041581630706787 0
1716632913830 1.0938670635223389 0
1716632914920 1.0763311386108398 0
1716632915990 1.0598540306091309 0
1716632917056 1.050321102142334 0
1716632918186 1.1226541996002197 0
1716632925443 2.045142889022827 0
1716632926490 1.0377469062805176 0
1716632927536 1.0330770015716553 0
1716632928661 1.113196849822998 0
1716632929768 1.0967140197753906 0
1716632930838 1.0510680675506592 0
1716632931925 1.0590949058532715 0
1716632932972 1.0324320793151855 0
1716632934014 1.0300779342651367 0
1716632935052 1.022942304611206 0
1716632940343 2.010732650756836 0
1716632941436 1.0823731422424316 0
1716632942536 1.0905699729919434 0
1716632943660 1.1038990020751953 0
1716632944752 1.0798118114471436 0
1716632945856 1.0982472896575928 0
1716632946931 1.0697870254516602 0
1716632948002 1.0601658821105957 0
1716632949032 1.0182201862335205 0
1716632950096 1.050558090209961 0
1716632956106 1.9981269836425781 0
1716632957214 1.0906038284301758 0
1716632958287 1.063269853591919 0
1716632959322 1.0232980251312256 0
1716632960382 1.04544997215271 0
1716632961463 1.0662448406219482 0
1716632962517 1.041835069656372 0
1716632963602 1.0722770690917969 0
1716632964760 1.1427183151245117 0
1716632965888 1.0998001098632812 0
1716632979728 6.929069757461548 0
1716632980876 1.140043020248413 0
1716632981967 1.0835611820220947 0
1716632983057 1.0814321041107178 0
1716632984176 1.0937151908874512 0
1716632985253 1.069286823272705 0
1716632986300 1.0361278057098389 0
1716632987427 1.1169161796569824 0
1716632988526 1.0900540351867676 0
1716632989624 1.0908699035644531 0
1716632996657 1.9791150093078613 0
1716632997675 1.0055601596832275 0
1716632998705 1.0187709331512451 0
1716632999784 1.060811996459961 0
1716633000852 1.052485704421997 0
1716633001864 0.9993929862976074 0
1716633002884 1.0091731548309326 0
1716633003912 1.0165119171142578 0
1716633004975 1.028883934020996 0
1716633006005 1.019160270690918 0
1716633011817 2.0378711223602295 0
1716633012922 1.0817770957946777 0
1716633013990 1.0526890754699707 0
1716633015056 1.061359167098999 0
1716633016117 1.0503621101379395 0
1716633017186 1.0507841110229492 0
1716633018280 1.0882618427276611 0
1716633019355 1.0643069744110107 0
1716633020419 1.0535762310028076 0
1716633021590 1.1224501132965088 0
1716633027449 2.0488028526306152 0
1716633028539 1.080444097518921 0
1716633029605 1.0506970882415771 0
1716633030637 1.0146639347076416 0
1716633031665 1.0174479484558105 0
1716633032714 1.0368931293487549 0
1716633033780 1.0540177822113037 0
1716633034881 1.092008113861084 0
1716633035930 1.037998914718628 0
1716633036971 1.03090500831604 0
1716633042347 2.0242691040039062 0
1716633043744 1.0566749572753906 0
1716633044805 1.0389251708984375 0
1716633045846 1.030357837677002 0
1716633046881 1.0207538604736328 0
1716633047912 1.0156428813934326 0
1716633048995 1.0720839500427246 0
1716633050091 1.0842077732086182 0
1716633051130 1.0296690464019775 0
1716633052186 1.0449411869049072 0
1716633060035 2.2053840160369873 0
1716633061176 1.134261131286621 0
1716633062293 1.1024949550628662 0
1716633063369 1.0691850185394287 0
1716633064442 1.053514003753662 0
1716633065442 0.9882509708404541 0
1716633066501 1.0514700412750244 0
1716633067613 1.0894980430603027 0
1716633068639 1.0117120742797852 0
1716633069689 1.037951946258545 0
1716633075289 2.065757989883423 0
1716633076338 1.0360987186431885 0
1716633077416 1.0634818077087402 0
1716633078445 1.0154459476470947 0
1716633079467 1.0059499740600586 0
1716633080512 1.0325210094451904 0
1716633081561 1.0345520973205566 0
1716633082626 1.0444111824035645 0
1716633083679 1.0406391620635986 0
1716633084769 1.078456163406372 0
1716633090701 2.1307578086853027 0
1716633091785 1.0676600933074951 0
1716633092828 1.0234360694885254 0
1716633093873 1.0324060916900635 0
1716633094951 1.0643329620361328 0
1716633096070 1.100632667541504 0
1716633097176 1.0982811450958252 0
1716633098240 1.0473361015319824 0
1716633099330 1.081495761871338 0
1716633100471 1.1277329921722412 0
1716633107780 2.114475965499878 0
1716633108951 1.1645491123199463 0
1716633110089 1.1285183429718018 0
1716633111137 1.0415599346160889 0
1716633112218 1.0696420669555664 0
1716633113306 1.0725030899047852 0
1716633114393 1.075782060623169 0
1716633115469 1.066138744354248 0
1716633116515 1.0354957580566406 0
1716633117568 1.0421228408813477 0
1716633124855 2.0248310565948486 0
1716633125890 1.0226690769195557 0
1716633126926 1.026291847229004 0
1716633128006 1.0613760948181152 0
1716633129069 1.049504041671753 0
1716633130211 1.1308369636535645 0
1716633131327 1.106281042098999 0
1716633132461 1.1030340194702148 0
1716633133578 1.1075170040130615 0
1716633134759 1.1725578308105469 0
1716633148719 6.444565057754517 0
1716633149862 1.137544870376587 0
1716633151046 1.1754639148712158 0
1716633152195 1.1405200958251953 0
1716633153350 1.1098833084106445 0
1716633154445 1.0788638591766357 0
1716633155517 1.065857172012329 0
1716633156676 1.1388092041015625 0
1716633157812 1.1164207458496094 0
1716633158945 1.1246907711029053 0
1716633165573 2.3918910026550293 0
1716633166726 1.1484599113464355 0
1716633167812 1.0818490982055664 0
1716633168883 1.064148187637329 0
1716633169985 1.09499192237854 0
1716633171081 1.0902938842773438 0
1716633172195 1.1072511672973633 0
1716633173285 1.0843939781188965 0
1716633174366 1.0711300373077393 0
1716633175461 1.0861468315124512 0
1716633180937 2.0461812019348145 0
1716633182020 1.076099157333374 0
1716633183118 1.0927059650421143 0
1716633184153 1.0266737937927246 0
1716633185189 1.025960922241211 0
1716633186240 1.043346881866455 0
1716633187288 1.0436067581176758 0
1716633188374 1.0829377174377441 0
1716633189495 1.1040282249450684 0
1716633190583 1.0797181129455566 0
1716633196363 2.0330920219421387 0
1716633197439 1.0675289630889893 0
1716633198467 1.0206451416015625 0
1716633199525 1.048041820526123 0
1716633200590 1.0554161071777344 0
1716633201653 1.0527679920196533 0
1716633202680 1.0166220664978027 0
1716633203707 1.0152201652526855 0
1716633204756 1.0380349159240723 0
1716633205846 1.0793416500091553 0
1716633213382 2.1844570636749268 0
1716633214513 1.1252171993255615 0
1716633215673 1.156754970550537 0
1716633216826 1.1483378410339355 0
1716633218034 1.2029271125793457 0
1716633219210 1.168760061264038 0
1716633220378 1.153428077697754 0
1716633221539 1.155864953994751 0
1716633222668 1.120615005493164 0
1716633223761 1.087162733078003 0
1716633231026 2.7353179454803467 0
1716633232065 1.0323810577392578 0
1716633233152 1.0761911869049072 0
1716633234238 1.073894739151001 0
1716633235356 1.1083159446716309 0
1716633236500 1.128767967224121 0
1716633237649 1.1389069557189941 0
1716633238736 1.0783250331878662 0
1716633239965 1.2151989936828613 0
1716633241101 1.1283199787139893 0
1716633246933 2.0259339809417725 0
1716633248051 1.1104488372802734 0
1716633249129 1.0575878620147705 0
1716633250269 1.1244139671325684 0
1716633251398 1.1226170063018799 0
1716633252614 1.2071938514709473 0
1716633253725 1.1059269905090332 0
1716633254860 1.1264889240264893 0
1716633256237 1.3655221462249756 0
1716633259046 2.803049087524414 0
1716633267921 3.678158760070801 0
1716633269074 1.148155927658081 0
1716633270638 1.5330290794372559 0
1716633271837 1.1943118572235107 0
1716633272970 1.1266028881072998 0
1716633274197 1.221522331237793 0
1716633275408 1.1985478401184082 0
1716633276520 1.1075429916381836 0
1716633277665 1.1313071250915527 0
1716633278854 1.1826319694519043 0
1716633289863 4.135491132736206 0
1716633291147 1.275670051574707 0
1716633292341 1.18955397605896 0
1716633293483 1.1338088512420654 0
1716633294582 1.0918519496917725 0
1716633295658 1.0703561305999756 0
1716633296782 1.1097660064697266 0
1716633298113 1.3261139392852783 0
1716633299338 1.2097458839416504 0
1716633300782 1.440215826034546 0
1716633308235 2.781412124633789 0
1716633309417 1.1676862239837646 0
1716633310639 1.2151386737823486 0
1716633312049 1.3990330696105957 0
1716633313209 1.1549561023712158 0
1716633314369 1.1492769718170166 0
1716633315502 1.1261858940124512 0
1716633316663 1.1534028053283691 0
1716633317876 1.2085340023040771 0
1716633319196 1.3107357025146484 0
1716633337699 10.03911304473877 0
1716633338821 1.11726713180542 0
1716633339891 1.0596559047698975 0
1716633340991 1.0911040306091309 0
1716633342125 1.1149890422821045 0
1716633343230 1.0987491607666016 0
1716633344321 1.0834338665008545 0
1716633345424 1.0950381755828857 0
1716633346520 1.0856270790100098 0
1716633347633 1.1032090187072754 0
1716633353918 1.9952797889709473 0
1716633354961 1.0298588275909424 0
1716633355990 1.0178537368774414 0
1716633357040 1.0402941703796387 0
1716633358120 1.0666611194610596 0
1716633359163 1.0260059833526611 0
1716633360197 1.0199499130249023 0
1716633361316 1.1107840538024902 0
1716633362428 1.1075682640075684 0
1716633363535 1.0993309020996094 0
1716633369274 2.033144950866699 0
1716633370333 1.0510063171386719 0
1716633371383 1.036825180053711 0
1716633372484 1.0914390087127686 0
1716633373675 1.1781361103057861 0
1716633374782 1.0988647937774658 0
1716633375873 1.080054759979248 0
1716633377198 1.3171329498291016 0
1716633378368 1.1577317714691162 0
1716633379538 1.1626880168914795 0
1716633386587 2.449183940887451 0
1716633387665 1.0742640495300293 0
1716633388748 1.077620267868042 0
1716633389892 1.1384098529815674 0
1716633391000 1.1022560596466064 0
1716633392112 1.0913379192352295 0
1716633393201 1.0832688808441162 0
1716633394329 1.12044095993042 0
1716633395439 1.0901720523834229 0
1716633396583 1.1363070011138916 0
1716633402658 1.9826838970184326 0
1716633403685 1.0188570022583008 0
1716633404722 1.0286290645599365 0
1716633405745 1.01338791847229 0
1716633406789 1.0337212085723877 0
1716633407904 1.1021668910980225 0
1716633408942 1.0330860614776611 0
1716633410115 1.1675300598144531 0
1716633411235 1.1131200790405273 0
1716633412365 1.1229839324951172 0
1716633420877 3.2138960361480713 0
1716633422015 1.130439281463623 0
1716633423128 1.0953340530395508 0
1716633424310 1.164128065109253 0
1716633425441 1.117096185684204 0
1716633426586 1.1165668964385986 0
1716633427888 1.2918550968170166 0
1716633429161 1.2572197914123535 0
1716633432784 3.6184840202331543 0
1716633433981 1.1915700435638428 0
1716633441790 2.485295295715332 0
1716633442903 1.1077277660369873 0
1716633444112 1.2029340267181396 0
1716633445209 1.0926520824432373 0
1716633446363 1.1491827964782715 0
1716633447508 1.125540018081665 0
1716633448603 1.0881500244140625 0
1716633449713 1.0938830375671387 0
1716633450846 1.1228668689727783 0
1716633451987 1.117607831954956 0
1716633459078 2.5352070331573486 0
1716633460246 1.1459999084472656 0
1716633461342 1.0858328342437744 0
1716633462425 1.073042869567871 0
1716633463568 1.1302661895751953 0
1716633464718 1.1418397426605225 0
1716633465881 1.1281728744506836 0
1716633466997 1.1089107990264893 0
1716633468097 1.0935397148132324 0
1716633469310 1.2010180950164795 0
1716633481696 4.478576898574829 0
1716633482880 1.1772449016571045 0
1716633484025 1.1404578685760498 0
1716633485172 1.1421480178833008 0
1716633486246 1.070986032485962 0
1716633487385 1.1336231231689453 0
1716633488521 1.1270911693572998 0
1716633489668 1.1395628452301025 0
1716633490965 1.2875730991363525 0
1716633492243 1.2614779472351074 0
1716633500152 2.365551710128784 0
1716633501265 1.1077539920806885 0
1716633502363 1.0908617973327637 0
1716633503452 1.0767149925231934 0
1716633504535 1.0784399509429932 0
1716633505701 1.1611089706420898 0
1716633506861 1.1499598026275635 0
1716633508050 1.180832862854004 0
1716633509162 1.09810209274292 0
1716633510335 1.1648330688476562 0
1716633516809 1.9608418941497803 0
1716633517920 1.0964539051055908 0
1716633519061 1.1269252300262451 0
1716633520214 1.1448938846588135 0
1716633521335 1.1087350845336914 0
1716633522443 1.0995261669158936 0
1716633523578 1.125246286392212 0
1716633524729 1.1387338638305664 0
1716633525843 1.091583013534546 0
1716633526949 1.0970828533172607 0
1716633532689 2.0472819805145264 0
1716633533740 1.0324461460113525 0
1716633534831 1.0822770595550537 0
1716633535932 1.090336561203003 0
1716633537142 1.1947760581970215 0
1716633538257 1.0934381484985352 0
1716633539316 1.0504119396209717 0
1716633540332 1.0059750080108643 0
1716633541418 1.0753519535064697 0
1716633542559 1.1173810958862305 0
1716633548301 2.06455135345459 0
1716633549348 1.0277621746063232 0
1716633550391 1.0279972553253174 0
1716633551441 1.0367908477783203 0
1716633552494 1.0234110355377197 0
1716633553534 1.0207200050354004 0
1716633554624 1.0699820518493652 0
1716633555720 1.0856781005859375 0
1716633556803 1.0655150413513184 0
1716633557932 1.1003248691558838 0
1716633563491 1.9989590644836426 0
1716633564539 1.0404763221740723 0
1716633565576 1.025273084640503 0
1716633566594 1.0020899772644043 0
1716633567653 1.0463039875030518 0
1716633568716 1.0490219593048096 0
1716633569755 1.021860122680664 0
1716633570810 1.035202980041504 0
1716633571920 1.1003789901733398 0
1716633573018 1.083604097366333 0
1716633579052 2.033007860183716 0
1716633580156 1.0947787761688232 0
1716633581199 1.021225929260254 0
1716633582273 1.0606110095977783 0
1716633583323 1.0298099517822266 0
1716633584347 1.0114638805389404 0
1716633585386 1.0280849933624268 0
1716633586480 1.0640687942504883 0
1716633587536 1.0428781509399414 0
1716633588590 1.0262079238891602 0
1716633594261 2.0417420864105225 0
1716633595396 1.1221659183502197 0
1716633596467 1.0320026874542236 0
1716633597602 1.1221249103546143 0
1716633598713 1.0948691368103027 0
1716633599914 1.1925041675567627 0
1716633601015 1.0829179286956787 0
1716633602116 1.0910139083862305 0
1716633603205 1.079219102859497 0
1716633604298 1.0732030868530273 0
1716633610912 2.008941888809204 0
1716633612039 1.1172349452972412 0
1716633613126 1.081484079360962 0
1716633614361 1.2225799560546875 0
1716633615527 1.158397912979126 0
1716633616654 1.1204688549041748 0
1716633617786 1.1209850311279297 0
1716633618895 1.0974438190460205 0
1716633620007 1.0992109775543213 0
1716633621196 1.180873155593872 0
1716633636831 6.615832090377808 0
1716633637902 1.064539909362793 0
1716633638988 1.0713658332824707 0
1716633640072 1.0750758647918701 0
1716633641194 1.1080470085144043 0
1716633642296 1.088900089263916 0
1716633643454 1.1384520530700684 0
1716633644590 1.1131939888000488 0
1716633645709 1.1108250617980957 0
1716633646798 1.0769991874694824 0
1716633652712 1.991363286972046 0
1716633654031 1.3115289211273193 0
1716633655174 1.1375412940979004 0
1716633656287 1.102262020111084 0
1716633657344 1.0464470386505127 0
1716633658462 1.0951240062713623 0
1716633659501 1.027282953262329 0
1716633660540 1.0264160633087158 0
1716633661631 1.0539641380310059 0
1716633662696 1.0528388023376465 0
1716633668936 2.0072457790374756 0
1716633670042 1.0939991474151611 0
1716633671147 1.079935073852539 0
1716633672178 1.0205366611480713 0
1716633673242 1.0510330200195312 0
1716633674327 1.0743470191955566 0
1716633675435 1.0950188636779785 0
1716633676575 1.1304550170898438 0
1716633677716 1.1278011798858643 0
1716633678859 1.132401943206787 0
1716633685414 2.1905112266540527 0
1716633686549 1.1249940395355225 0
1716633687712 1.1422810554504395 0
1716633688820 1.0958778858184814 0
1716633689892 1.0636558532714844 0
1716633690988 1.0830578804016113 0
1716633692102 1.0887160301208496 0
1716633693213 1.099276065826416 0
1716633694335 1.1121957302093506 0
1716633695431 1.0836181640625 0
1716633701759 2.0566420555114746 0
1716633702819 1.052459955215454 0
1716633703858 1.022050142288208 0
1716633704906 1.0364439487457275 0
1716633706016 1.0950050354003906 0
1716633707124 1.0959973335266113 0
1716633708186 1.0459411144256592 0
1716633709231 1.0303711891174316 0
1716633710345 1.1002709865570068 0
1716633711465 1.1094970703125 0
1716633717511 2.018026113510132 0
1716633718665 1.1460659503936768 0
1716633719775 1.1028048992156982 0
1716633720863 1.0736110210418701 0
1716633721935 1.060572862625122 0
1716633722994 1.0459988117218018 0
1716633724028 1.0234289169311523 0
1716633725157 1.1045098304748535 0
1716633726202 1.0288209915161133 0
1716633727260 1.0475919246673584 0
1716633733207 1.9847099781036377 0
1716633734282 1.0611891746520996 0
1716633735314 1.0186820030212402 0
1716633736371 1.0488519668579102 0
1716633737451 1.071932077407837 0
1716633738491 1.0260159969329834 0
1716633739548 1.0465474128723145 0
1716633740584 1.0236921310424805 0
1716633741634 1.0366458892822266 0
1716633742687 1.0429050922393799 0
1716633748965 2.056988000869751 0
1716633750089 1.1122779846191406 0
1716633751241 1.139768123626709 0
1716633752400 1.1473441123962402 0
1716633753547 1.1381680965423584 0
1716633754746 1.190119981765747 0
1716633755857 1.1051902770996094 0
1716633757005 1.1399879455566406 0
1716633758181 1.1691718101501465 0
1716633759883 1.697087049484253 0
1716633767932 3.293654203414917 0
1716633769083 1.143631935119629 0
1716633770203 1.110135793685913 0
1716633771337 1.1227679252624512 0
1716633772441 1.095242977142334 0
1716633773568 1.115751028060913 0
1716633774635 1.0569961071014404 0
1716633775694 1.045018196105957 0
1716633776800 1.0928051471710205 0
1716633777881 1.0648579597473145 0
1716633784323 2.104053020477295 0
1716633785404 1.0747029781341553 0
1716633786469 1.0486230850219727 0
1716633787575 1.0999879837036133 0
1716633788684 1.0987861156463623 0
1716633789816 1.1221051216125488 0
1716633790930 1.100787878036499 0
1716633792010 1.0680670738220215 0
1716633793123 1.0965790748596191 0
1716633794243 1.109848976135254 0
1716633805535 5.490556955337524 0
1716633806666 1.127568244934082 0
1716633807845 1.1708788871765137 0
1716633808971 1.1204679012298584 0
1716633810106 1.1156988143920898 0
1716633811273 1.1602880954742432 0
1716633812440 1.161802053451538 0
1716633813604 1.1586358547210693 0
1716633814747 1.123898983001709 0
1716633815840 1.084791898727417 0
1716633822404 2.0411481857299805 0
1716633823502 1.0879242420196533 0
1716633824603 1.0956809520721436 0
1716633825743 1.1306250095367432 0
1716633826861 1.1113650798797607 0
1716633827980 1.110349178314209 0
1716633829150 1.14192795753479 0
1716633830279 1.1217851638793945 0
1716633831383 1.0963900089263916 0
1716633832522 1.1259362697601318 0
1716633847032 7.0129008293151855 0
1716633848125 1.0567080974578857 0
1716633849196 1.0572621822357178 0
1716633850346 1.0862817764282227 0
1716633851465 1.1086647510528564 0
1716633852613 1.1234581470489502 0
1716633853710 1.0798919200897217 0
1716633854835 1.1138451099395752 0
1716633855930 1.085127830505371 0
1716633857067 1.1145048141479492 0
1716633863470 2.0219550132751465 0
1716633864522 1.041987657546997 0
1716633865600 1.063688039779663 0
1716633866675 1.0588412284851074 0
1716633867703 1.0180997848510742 0
1716633868776 1.0599048137664795 0
1716633869831 1.0422000885009766 0
1716633870895 1.051198959350586 0
1716633871945 1.0398180484771729 0
1716633873021 1.0672492980957031 0
1716633881286 2.8979909420013428 0
1716633882430 1.138862133026123 0
1716633883590 1.1470327377319336 0
1716633885753 2.15677809715271 0
1716633886990 1.2257418632507324 0
1716633888176 1.1817741394042969 0
1716633889334 1.1518089771270752 0
1716633890520 1.1732358932495117 0
1716633891712 1.1774871349334717 0
1716633892852 1.135077953338623 0
1716633903208 3.507220983505249 0
1716633904358 1.099687099456787 0
1716633905489 1.1217820644378662 0
1716633906601 1.102895975112915 0
1716633907654 1.0462138652801514 0
1716633908747 1.0795328617095947 0
1716633909840 1.078970193862915 0
1716633910946 1.0894007682800293 0
1716633912045 1.0892951488494873 0
1716633913153 1.0907177925109863 0
1716633919986 2.156172037124634 0
1716633921044 1.0527958869934082 0
1716633922168 1.105531930923462 0
1716633923204 1.0253679752349854 0
1716633924301 1.041456937789917 0
1716633925345 1.0315959453582764 0
1716633926401 1.0204908847808838 0
1716633927434 1.0197679996490479 0
1716633928457 1.0101799964904785 0
1716633929646 1.1785202026367188 0
1716633936184 2.0430521965026855 0
1716633937253 1.0604350566864014 0
1716633938304 1.0368399620056152 0
1716633939332 1.015185832977295 0
1716633940356 1.0170717239379883 0
1716633941413 1.038590908050537 0
1716633942428 1.0021190643310547 0
1716633943474 1.034235954284668 0
1716633944511 1.0231168270111084 0
1716633945555 1.0243268013000488 0
1716633951676 2.0359559059143066 0
1716633952715 1.0286810398101807 0
1716633953764 1.0300779342651367 0
1716633954811 1.0308878421783447 0
1716633955863 1.0405900478363037 0
1716633956932 1.0548651218414307 0
1716633957967 1.0131652355194092 0
1716633959000 1.0180490016937256 0
1716633960025 1.0117788314819336 0
1716633961063 1.0277748107910156 0
1716633967920 2.2078771591186523 0
1716633968967 1.0294189453125 0
1716633970019 1.0382559299468994 0
1716633971043 1.0085539817810059 0
1716633972062 1.007282018661499 0
1716633973114 1.0383789539337158 0
1716633974147 1.0194900035858154 0
1716633975159 0.9984169006347656 0
1716633976187 1.0171420574188232 0
1716633977278 1.0798840522766113 0
1716633982760 2.0002739429473877 0
1716633983807 1.0380830764770508 0
1716633984846 1.0285229682922363 0
1716633985910 1.0443928241729736 0
1716633986952 1.0299620628356934 0
1716633987969 1.0064480304718018 0
1716633989057 1.0724339485168457 0
1716633990109 1.0409049987792969 0
1716633991261 1.1431889533996582 0
1716633992480 1.2023820877075195 0
1716634002291 4.137134075164795 0
1716634003425 1.1236240863800049 0
1716634004595 1.1080529689788818 0
1716634005735 1.131012201309204 0
1716634006845 1.0936048030853271 0
1716634007977 1.0929241180419922 0
1716634009156 1.1663010120391846 0
1716634010269 1.1009931564331055 0
1716634011378 1.1037309169769287 0
1716634012512 1.12335205078125 0
1716634018829 2.1262400150299072 0
1716634019943 1.107799768447876 0
1716634021117 1.166551113128662 0
1716634022248 1.1193089485168457 0
1716634023335 1.0656609535217285 0
1716634024473 1.1111629009246826 0
1716634025586 1.0966012477874756 0
1716634026705 1.0949161052703857 0
1716634027814 1.0984930992126465 0
1716634028923 1.0958051681518555 0
1716634034726 2.04774808883667 0
1716634035791 1.0559239387512207 0
1716634036830 1.0316102504730225 0
1716634037899 1.058906078338623 0
1716634038968 1.0587823390960693 0
1716634040005 1.014618158340454 0
1716634041061 1.0443129539489746 0
1716634042142 1.0592927932739258 0
1716634043232 1.0779824256896973 0
1716634044352 1.1080100536346436 0
1716634050287 1.9864261150360107 0
1716634051341 1.0431790351867676 0
1716634052396 1.0426030158996582 0
1716634053446 1.0370187759399414 0
1716634054486 1.0217950344085693 0
1716634055512 1.0130259990692139 0
1716634056527 1.0032720565795898 0
1716634057548 1.0095369815826416 0
1716634058587 1.0259099006652832 0
1716634059626 1.023927927017212 0
1716634065580 2.0176730155944824 0
1716634066619 1.0310688018798828 0
1716634067651 1.0105719566345215 0
1716634068680 1.0165228843688965 0
1716634069701 1.0088698863983154 0
1716634070743 1.0229010581970215 0
1716634071765 1.00960373878479 0
1716634072802 1.0235912799835205 0
1716634073843 1.0271852016448975 0
1716634074878 1.0200510025024414 0
1716634080131 1.9674079418182373 0
1716634081154 1.0161430835723877 0
1716634082205 1.0369930267333984 0
1716634083240 1.0208461284637451 0
1716634084271 1.0139241218566895 0
1716634085303 1.0194480419158936 0
1716634086394 1.0245890617370605 0
1716634087452 1.0414879322052002 0
1716634088480 1.01584792137146 0
1716634089529 1.0301623344421387 0
1716634107677 10.371402978897095 0
1716634108825 1.1269810199737549 0
1716634109979 1.1419329643249512 0
1716634111117 1.1270372867584229 0
1716634112228 1.1026039123535156 0
1716634113292 1.0541651248931885 0
1716634114407 1.1096808910369873 0
1716634115461 1.044433832168579 0
1716634116512 1.0304341316223145 0
1716634117639 1.1111040115356445 0
1716634132388 6.682701110839844 0
1716634133528 1.1329329013824463 0
1716634134671 1.1341381072998047 0
1716634135784 1.106316089630127 0
1716634136889 1.0992472171783447 0
1716634137981 1.0821666717529297 0
1716634139117 1.1323108673095703 0
1716634140261 1.1387171745300293 0
1716634141398 1.1246459484100342 0
1716634142509 1.103931188583374 0
1716634149120 2.057413101196289 0
1716634150231 1.1027781963348389 0
1716634151273 1.0340337753295898 0
1716634152297 1.0148448944091797 0
1716634153347 1.0416250228881836 0
1716634154380 1.0253880023956299 0
1716634155455 1.0443410873413086 0
1716634156498 1.0321311950683594 0
1716634157577 1.0685949325561523 0
1716634158646 1.059169054031372 0
1716634164238 1.9859800338745117 0
1716634165340 1.0921430587768555 0
1716634166417 1.0678598880767822 0
1716634167477 1.0484709739685059 0
1716634168566 1.0820372104644775 0
1716634169650 1.0769729614257812 0
1716634170760 1.0997393131256104 0
1716634171863 1.0961480140686035 0
1716634172949 1.0786139965057373 0
1716634174049 1.095017910003662 0
1716634179818 1.9900951385498047 0
1716634180865 1.040544033050537 0
1716634181941 1.0658140182495117 0
1716634183067 1.0933701992034912 0
1716634184204 1.122725248336792 0
1716634185703 1.4747867584228516 0
1716634186874 1.1617860794067383 0
1716634188032 1.1543211936950684 0
1716634189202 1.1664402484893799 0
1716634191335 2.128413200378418 0
1716634197509 2.0181429386138916 0
1716634198552 1.0370850563049316 0
1716634199613 1.0516321659088135 0
1716634200714 1.094611406326294 0
1716634201768 1.0455348491668701 0
1716634202830 1.050891637802124 0
1716634203905 1.0644519329071045 0
1716634204951 1.0392861366271973 0
1716634205987 1.0233900547027588 0
1716634207035 1.0406348705291748 0
1716634212604 1.9936580657958984 0
1716634213719 1.1086039543151855 0
1716634214789 1.0601887702941895 0
1716634215931 1.1342427730560303 0
1716634217191 1.2524020671844482 0
1716634218434 1.2286438941955566 0
1716634219746 1.3047139644622803 0
1716634221170 1.4176290035247803 0
1716634222452 1.2705268859863281 0
1716634223684 1.2194828987121582 0
1716634230957 2.2560620307922363 0
1716634232053 1.0840229988098145 0
1716634233127 1.066025972366333 0
1716634234297 1.160595178604126 0
1716634235404 1.1001670360565186 0
1716634236510 1.0997600555419922 0
1716634237670 1.1141130924224854 0
1716634238768 1.0915510654449463 0
1716634239903 1.126262903213501 0
1716634241049 1.1253759860992432 0
1716634250542 3.962841033935547 0
1716634251712 1.1654460430145264 0
1716634252855 1.1362528800964355 0
1716634254082 1.2175140380859375 0
1716634255190 1.0934569835662842 0
1716634256331 1.1341259479522705 0
1716634257425 1.0883619785308838 0
1716634258543 1.1012001037597656 0
1716634259650 1.0957770347595215 0
1716634260760 1.0968968868255615 0
1716634267546 2.1056160926818848 0
1716634268651 1.095454216003418 0
1716634269774 1.115530014038086 0
1716634270890 1.1033010482788086 0
1716634272042 1.1442968845367432 0
1716634273140 1.0911600589752197 0
1716634274242 1.0925240516662598 0
1716634275304 1.0520241260528564 0
1716634276383 1.0694022178649902 0
1716634277490 1.0985801219940186 0
1716634283986 2.188795804977417 0
1716634285105 1.1131749153137207 0
1716634286229 1.1167349815368652 0
1716634287365 1.1273908615112305 0
1716634288569 1.1936931610107422 0
1716634289681 1.1001529693603516 0
1716634290792 1.105964183807373 0
1716634291914 1.1138312816619873 0
1716634293048 1.1247291564941406 0
1716634294182 1.1119790077209473 0
1716634300301 2.0323545932769775 0
1716634301385 1.0743298530578613 0
1716634302429 1.0366249084472656 0
1716634303530 1.0900897979736328 0
1716634304641 1.1046538352966309 0
1716634305690 1.038041114807129 0
1716634306755 1.0563488006591797 0
1716634307856 1.0923960208892822 0
1716634308969 1.096648931503296 0
1716634310078 1.0965478420257568 0
1716634316736 1.9723989963531494 0
1716634317798 1.0516417026519775 0
1716634318841 1.0261869430541992 0
1716634319873 1.0269110202789307 0
1716634320906 1.0242598056793213 0
1716634322059 1.1459450721740723 0
1716634323102 1.0361199378967285 0
1716634324135 1.0244920253753662 0
1716634325205 1.0625431537628174 0
1716634326301 1.0772991180419922 0
1716634332831 2.063926935195923 0
1716634333894 1.0523231029510498 0
1716634334998 1.0996098518371582 0
1716634336111 1.0864839553833008 0
1716634337216 1.096647024154663 0
1716634338292 1.066011905670166 0
1716634339394 1.0937440395355225 0
1716634340511 1.1087701320648193 0
1716634341600 1.0815799236297607 0
1716634342713 1.0942919254302979 0
1716634349155 2.0575978755950928 0
1716634350208 1.0455899238586426 0
1716634351276 1.0478830337524414 0
1716634352358 1.0666751861572266 0
1716634353395 1.0292317867279053 0
1716634354433 1.027909755706787 0
1716634355487 1.0425081253051758 0
1716634356590 1.0898640155792236 0
1716634357735 1.1322588920593262 0
1716634358920 1.1804089546203613 0
1716634367722 3.1275200843811035 0
1716634368890 1.163755178451538 0
1716634370006 1.1056451797485352 0
1716634371163 1.150622844696045 0
1716634372685 1.4741380214691162 0
1716634374683 1.991527795791626 0
1716634376073 1.376863956451416 0
1716634377284 1.1956522464752197 0
1716634378794 1.502838134765625 0
1716634380689 1.8881630897521973 0
1716634391460 5.087403059005737 0
1716634392606 1.1390390396118164 0
1716634393690 1.075321912765503 0
1716634394778 1.0762372016906738 0
1716634395974 1.1797668933868408 0
1716634397248 1.2533910274505615 0
1716634398445 1.1888079643249512 0
1716634399652 1.2017872333526611 0
1716634400786 1.126688003540039 0
1716634401913 1.1123640537261963 0
1716634409046 2.265094757080078 0
1716634410204 1.151076078414917 0
1716634411326 1.1077280044555664 0
1716634412525 1.1870317459106445 0
1716634413740 1.2098307609558105 0
1716634414918 1.1717498302459717 0
1716634416101 1.1740360260009766 0
1716634417282 1.1672608852386475 0
1716634418402 1.1088860034942627 0
1716634419559 1.1454010009765625 0
1716634439009 9.08273696899414 0
1716634440108 1.0934839248657227 0
1716634441211 1.0933833122253418 0
1716634442319 1.0956709384918213 0
1716634443446 1.1097230911254883 0
1716634444568 1.1100687980651855 0
1716634445662 1.0815329551696777 0
1716634446765 1.0935990810394287 0
1716634447846 1.064094066619873 0
1716634448949 1.0895071029663086 0
1716634455554 1.954524040222168 0
1716634456635 1.0500447750091553 0
1716634457657 1.0072777271270752 0
1716634458701 1.0308640003204346 0
1716634459730 1.0094780921936035 0
1716634460760 1.0070509910583496 0
1716634461787 1.0149669647216797 0
1716634462808 1.0073370933532715 0
1716634463841 1.0198390483856201 0
1716634464911 1.0444982051849365 0
1716634471055 1.9738619327545166 0
1716634472118 1.051192283630371 0
1716634473160 1.0296671390533447 0
1716634474226 1.0452890396118164 0
1716634475316 1.0740809440612793 0
1716634476414 1.0798118114471436 0
1716634477528 1.1063380241394043 0
1716634478589 1.0415661334991455 0
1716634479660 1.0567128658294678 0
1716634480692 1.020453929901123 0
1716634487024 2.0239598751068115 0
1716634488086 1.0408577919006348 0
1716634489171 1.0701789855957031 0
1716634490202 1.0122332572937012 0
1716634491212 0.9959819316864014 0
1716634492222 0.9979598522186279 0
1716634493263 1.0269181728363037 0
1716634494292 1.0153169631958008 0
1716634495321 1.0101759433746338 0
1716634496347 1.0141191482543945 0
1716634502790 2.3155100345611572 0
1716634503943 1.1481218338012695 0
1716634505053 1.1032249927520752 0
1716634506154 1.092067003250122 0
1716634507242 1.0840740203857422 0
1716634508329 1.074756145477295 0
1716634509467 1.125317096710205 0
1716634510567 1.0889630317687988 0
1716634511642 1.0670819282531738 0
1716634512690 1.0338919162750244 0
1716634519029 2.024671792984009 0
1716634520089 1.0479521751403809 0
1716634521118 1.0148260593414307 0
1716634522133 1.0028929710388184 0
1716634523146 0.998953104019165 0
1716634524205 1.0454659461975098 0
1716634525243 1.0192210674285889 0
1716634526274 1.017996072769165 0
1716634527334 1.0468170642852783 0
1716634528399 1.0387969017028809 0
1716634534743 2.0291812419891357 0
1716634535802 1.0453269481658936 0
1716634536863 1.0483150482177734 0
1716634537885 1.0102057456970215 0
1716634538900 1.0043656826019287 0
1716634539965 1.0525949001312256 0
1716634541035 1.0598680973052979 0
1716634542157 1.101794958114624 0
1716634543228 1.0584349632263184 0
1716634544292 1.034674882888794 0
1716634549970 1.9868838787078857 0
1716634551043 1.0593531131744385 0
1716634552073 1.0179362297058105 0
1716634553091 1.005903959274292 0
1716634554105 0.9998021125793457 0
1716634555135 1.0177462100982666 0
1716634556159 1.0097572803497314 0
1716634557183 1.0111398696899414 0
1716634558225 1.0277159214019775 0
1716634559252 1.0128848552703857 0
1716634564383 2.0216848850250244 0
1716634565418 1.026735782623291 0
1716634566427 0.9995748996734619 0
1716634567506 1.0624029636383057 0
1716634568569 1.0516111850738525 0
1716634569614 1.029994010925293 0
1716634570657 1.027961015701294 0
1716634571697 1.0284278392791748 0
1716634572764 1.0526299476623535 0
1716634573844 1.0602169036865234 0
1716634579501 2.0553977489471436 0
1716634580600 1.0916121006011963 0
1716634581642 1.0337920188903809 0
1716634582670 1.014735221862793 0
1716634583741 1.0540008544921875 0
1716634584807 1.05513596534729 0
1716634585883 1.0648131370544434 0
1716634586929 1.0353329181671143 0
1716634587996 1.0556237697601318 0
1716634589141 1.110898733139038 0
1716634595048 1.9586658477783203 0
1716634596057 0.9962112903594971 0
1716634597091 1.0240199565887451 0
1716634598127 1.0200567245483398 0
1716634599141 0.9996531009674072 0
1716634600183 1.0300610065460205 0
1716634601223 1.026275873184204 0
1716634602263 1.026907205581665 0
1716634603272 0.9970152378082275 0
1716634604288 1.0042529106140137 0
1716634609385 1.801196813583374 0
1716634610433 1.036566972732544 0
1716634611461 1.0135107040405273 0
1716634612485 1.0129661560058594 0
1716634613567 1.0583431720733643 0
1716634614616 1.029798984527588 0
1716634615691 1.0620741844177246 0
1716634616777 1.0743708610534668 0
1716634617871 1.0865769386291504 0
1716634618935 1.0577893257141113 0
1716634625217 2.0345611572265625 0
1716634626265 1.0419929027557373 0
1716634627317 1.0317869186401367 0
1716634628380 1.048325777053833 0
1716634629529 1.135124921798706 0
1716634630654 1.1145122051239014 0
1716634631788 1.122804880142212 0
1716634632888 1.088702917098999 0
1716634633980 1.0871961116790771 0
1716634635124 1.119354248046875 0
1716634641349 1.9774930477142334 0
1716634642380 1.0231480598449707 0
1716634643440 1.0373802185058594 0
1716634644550 1.0957448482513428 0
1716634645698 1.1359918117523193 0
1716634646833 1.1123650074005127 0
1716634647935 1.0937011241912842 0
1716634649071 1.122750997543335 0
1716634650176 1.0857019424438477 0
1716634651304 1.1003856658935547 0
1716634657541 2.014411687850952 0
1716634658610 1.0587379932403564 0
1716634659703 1.0779850482940674 0
1716634660752 1.0356829166412354 0
1716634661780 1.0150179862976074 0
1716634662838 1.0442230701446533 0
1716634663905 1.0572562217712402 0
1716634665016 1.0959100723266602 0
1716634666082 1.0564110279083252 0
1716634667130 1.0342352390289307 0
1716634673213 2.0467629432678223 0
1716634674342 1.1193442344665527 0
1716634675380 1.0249907970428467 0
1716634676455 1.0639328956604004 0
1716634677503 1.0348460674285889 0
1716634678541 1.0242910385131836 0
1716634679590 1.0364651679992676 0
1716634680666 1.0578701496124268 0
1716634681684 1.006516933441162 0
1716634682691 0.9965980052947998 0
1716634688655 2.011564016342163 0
1716634689714 1.0522868633270264 0
1716634690741 1.0179619789123535 0
1716634691778 1.0232470035552979 0
1716634692831 1.0392239093780518 0
1716634693853 1.0084710121154785 0
1716634694939 1.0765719413757324 0
1716634696131 1.1831879615783691 0
1716634698092 1.9529578685760498 0
1716634699198 1.0936849117279053 0
1716634707345 2.803873062133789 0
1716634708465 1.1139371395111084 0
1716634709559 1.079045057296753 0
1716634710738 1.1662390232086182 0
1716634711900 1.1498522758483887 0
1716634713284 1.348351001739502 0
1716634714407 1.1141078472137451 0
1716634715611 1.1980128288269043 0
1716634716800 1.182121992111206 0
1716634717916 1.1075739860534668 0
1716634725655 2.1199140548706055 0
1716634726876 1.1952178478240967 0
1716634728137 1.2057099342346191 0
1716634729263 1.1059651374816895 0
1716634730793 1.5185680389404297 0
1716634732136 1.3386797904968262 0
1716634733295 1.1466121673583984 0
1716634734483 1.1810731887817383 0
1716634735687 1.1918952465057373 0
1716634737054 1.3632781505584717 0
1716634753791 8.113641023635864 0
1716634754941 1.146702766418457 0
1716634756051 1.105468988418579 0
1716634757153 1.0900230407714844 0
1716634758253 1.0923919677734375 0
1716634759372 1.113656997680664 0
1716634760506 1.116631031036377 0
1716634761640 1.1217072010040283 0
1716634762758 1.101227045059204 0
1716634763929 1.143435001373291 0
1716634771932 2.3027992248535156 0
1716634773129 1.1868441104888916 0
1716634774270 1.1343109607696533 0
1716634775391 1.1126008033752441 0
1716634776491 1.0855998992919922 0
1716634777618 1.1157739162445068 0
1716634778728 1.0999128818511963 0
1716634779866 1.1275079250335693 0
1716634780982 1.0949842929840088 0
1716634782087 1.0957629680633545 0
1716634789848 2.343092918395996 0
1716634791017 1.1621577739715576 0
1716634792163 1.1254541873931885 0
1716634793307 1.1345841884613037 0
1716634794442 1.1267709732055664 0
1716634795583 1.130253791809082 0
1716634796705 1.1159019470214844 0
1716634797857 1.1205737590789795 0
1716634798972 1.0937931537628174 0
1716634800069 1.0877318382263184 0
1716634831488 16.821238040924072 0
1716634832712 1.2178161144256592 0
1716634833881 1.1633400917053223 0
1716634835166 1.2336599826812744 0
1716634836404 1.233896017074585 0
1716634837606 1.1737289428710938 0
1716634838767 1.155627965927124 0
1716634839918 1.1329669952392578 0
1716634841160 1.1529991626739502 0
1716634842296 1.130263090133667 0
1716634853638 3.798712730407715 0
1716634854770 1.1269738674163818 0
1716634856024 1.2471718788146973 0
1716634857580 1.5305140018463135 0
1716634858828 1.2208900451660156 0
1716634860042 1.205531120300293 0
1716634861297 1.2377939224243164 0
1716634862441 1.1374967098236084 0
1716634863613 1.1671249866485596 0
1716634865351 1.7254178524017334 0
1716634878476 5.682076930999756 0
1716634879918 1.4359171390533447 0
1716634881338 1.398258924484253 0
1716634883077 1.7074058055877686 0
1716634884600 1.5055890083312988 0
1716634886403 1.7794020175933838 0
1716634888312 1.8903241157531738 0
1716634890100 1.7772512435913086 0
1716634891698 1.5547668933868408 0
1716634893176 1.468421220779419 0
1716634908533 6.7204649448394775 0
1716634909659 1.1201598644256592 0
1716634910806 1.1267199516296387 0
1716634911958 1.1219069957733154 0
1716634913069 1.0708370208740234 0
1716634914193 1.10390305519104 0
1716634915379 1.1751837730407715 0
1716634916629 1.2396469116210938 0
1716634917956 1.3155481815338135 0
1716634919372 1.4056270122528076 0
1716634926798 2.0160319805145264 0
1716634927940 1.0895817279815674 0
1716634929029 1.078618049621582 0
1716634930162 1.1199522018432617 0
1716634931481 1.3048179149627686 0
1716634932751 1.2604777812957764 0
1716634934082 1.3202691078186035 0
1716634935404 1.3097071647644043 0
1716634936775 1.362678050994873 0
1716634938112 1.327125072479248 0
1716634944720 2.0071678161621094 0
1716634945818 1.0679819583892822 0
1716634946884 1.056901216506958 0
1716634947999 1.1041338443756104 0
1716634949224 1.2126319408416748 0
1716634950468 1.2174959182739258 0
1716634951731 1.2427268028259277 0
1716634952996 1.2454960346221924 0
1716634954299 1.2844641208648682 0
1716634955581 1.2624807357788086 0
1716634962399 2.025053024291992 0
1716634963490 1.083669900894165 0
1716634964582 1.0724220275878906 0
1716634965722 1.1238338947296143 0
1716634966881 1.1473209857940674 0
1716634968074 1.1853690147399902 0
1716634969407 1.3252437114715576 0
1716634970819 1.3996541500091553 0
1716634972313 1.4645678997039795 0
1716634973773 1.4486870765686035 0
1716634980343 2.0401620864868164 0
1716634981363 1.012342929840088 0
1716634982424 1.0480492115020752 0
1716634983520 1.0830447673797607 0
1716634984691 1.1607060432434082 0
1716634985867 1.1564767360687256 0
1716634987097 1.2148480415344238 0
1716634988428 1.3212857246398926 0
1716634989811 1.351560115814209 0
1716634991227 1.4010050296783447 0
1716634998870 2.0213351249694824 0
1716634999939 1.06392502784729 0
1716635001068 1.1146831512451172 0
1716635002232 1.139866828918457 0
1716635003412 1.1687102317810059 0
1716635004685 1.2536370754241943 0
1716635006004 1.3062410354614258 0
1716635007283 1.270017147064209 0
1716635008594 1.2911672592163086 0
1716635009921 1.3145999908447266 0
1716635016695 1.9988038539886475 0
1716635017825 1.109450101852417 0
1716635018892 1.0548579692840576 0
1716635020087 1.180922031402588 0
1716635021290 1.1908059120178223 0
1716635022539 1.2176389694213867 0
1716635023916 1.357578992843628 0
1716635025219 1.2954859733581543 0
1716635026516 1.2728068828582764 0
1716635027811 1.2829477787017822 0
1716635034544 2.1954290866851807 0
1716635035602 1.043412208557129 0
1716635036724 1.080871820449829 0
1716635037808 1.0708510875701904 0
1716635039054 1.231445074081421 0
1716635040292 1.2261817455291748 0
1716635041592 1.290924072265625 0
1716635042945 1.3461558818817139 0
1716635044345 1.389436960220337 0
1716635045696 1.340803861618042 0
1716635054234 2.2629191875457764 0
1716635055343 1.1013870239257812 0
1716635056457 1.1069750785827637 0
1716635057846 1.3740060329437256 0
1716635059238 1.3680329322814941 0
1716635060960 1.698918104171753 0
1716635062537 1.5286569595336914 0
1716635064708 2.1619389057159424 0
1716635066083 1.35630202293396 0
1716635067416 1.3229398727416992 0
1716635074816 2.091104030609131 0
1716635075929 1.1033220291137695 0
1716635077012 1.0666167736053467 0
1716635078110 1.0809299945831299 0
1716635079226 1.1040809154510498 0
1716635080404 1.1644299030303955 0
1716635081611 1.198669672012329 0
1716635082868 1.24196195602417 0
1716635084178 1.2905099391937256 0
1716635085508 1.3174400329589844 0
1716635093600 2.3383378982543945 0
1716635094764 1.1238782405853271 0
1716635095868 1.0829670429229736 0
1716635096986 1.1112451553344727 0
1716635098159 1.163762092590332 0
1716635099423 1.2469141483306885 0
1716635100680 1.2453620433807373 0
1716635102000 1.3115360736846924 0
1716635103402 1.3810219764709473 0
1716635104805 1.3966317176818848 0
1716635112064 2.006354331970215 0
1716635113099 1.0254080295562744 0
1716635114141 1.0271742343902588 0
1716635115212 1.0564448833465576 0
1716635116312 1.0850379467010498 0
1716635117485 1.1584651470184326 0
1716635118663 1.1610829830169678 0
1716635119846 1.1700716018676758 0
1716635121044 1.1825180053710938 0
1716635122270 1.212392807006836 0
1716635129189 1.9910480976104736 0
1716635130224 1.0210089683532715 0
1716635131241 1.0040757656097412 0
1716635132259 1.0035479068756104 0
1716635133353 1.0756280422210693 0
1716635134488 1.1240088939666748 0
1716635135685 1.18587327003479 0
1716635136940 1.2431020736694336 0
1716635138301 1.3445491790771484 0
1716635139653 1.3389596939086914 0
1716635145292 2.0576717853546143 0
1716635146364 1.0611732006072998 0
1716635147460 1.0839757919311523 0
1716635148606 1.132162094116211 0
1716635149757 1.1387741565704346 0
1716635150964 1.1875898838043213 0
1716635152177 1.1888461112976074 0
1716635153412 1.2199602127075195 0
1716635154647 1.2250208854675293 0
1716635155841 1.1833679676055908 0
1716635162138 1.9683101177215576 0
1716635163179 1.0278041362762451 0
1716635164242 1.0438737869262695 0
1716635165294 1.0405619144439697 0
1716635166397 1.089958906173706 0
1716635167562 1.1372230052947998 0
1716635168740 1.1651740074157715 0
1716635169986 1.2226271629333496 0
1716635171232 1.2339239120483398 0
1716635172448 1.20436692237854 0
1716635178455 1.996830940246582 0
1716635179478 1.0114250183105469 0
1716635180523 1.0293009281158447 0
1716635181602 1.065086841583252 0
1716635182737 1.118135929107666 0
1716635183894 1.1413748264312744 0
1716635185075 1.1687920093536377 0
1716635186284 1.1866590976715088 0
1716635187516 1.2093579769134521 0
1716635188718 1.1874940395355225 0
1716635195023 2.005518674850464 0
1716635196149 1.1124260425567627 0
1716635197259 1.099409818649292 0
1716635198463 1.182260274887085 0
1716635199748 1.2793350219726562 0
1716635201055 1.2922677993774414 0
1716635202547 1.479985237121582 0
1716635204228 1.652660846710205 0
1716635205827 1.5892531871795654 0
1716635207326 1.4910798072814941 0
1716635220984 5.532943964004517 0
1716635222335 1.331313133239746 0
1716635223484 1.1253247261047363 0
1716635224587 1.0903160572052002 0
1716635225689 1.0942797660827637 0
1716635226800 1.0989658832550049 0
1716635227909 1.0893478393554688 0
1716635229046 1.1278457641601562 0
1716635230156 1.1024158000946045 0
1716635231288 1.124664068222046 0
1716635241373 3.659044027328491 0
1716635242490 1.1098670959472656 0
1716635243634 1.132049798965454 0
1716635244816 1.1324751377105713 0
1716635245988 1.162776231765747 0
1716635247165 1.1650419235229492 0
1716635248399 1.2180070877075195 0
1716635249701 1.2938742637634277 0
1716635251069 1.3589918613433838 0
1716635252455 1.3685519695281982 0
1716635259737 1.9433269500732422 0
1716635260774 1.0248997211456299 0
1716635261864 1.0585589408874512 0
1716635262953 1.0731110572814941 0
1716635264095 1.1293509006500244 0
1716635265285 1.1746916770935059 0
1716635266546 1.2475247383117676 0
1716635267852 1.2729578018188477 0
1716635269141 1.2701082229614258 0
1716635270399 1.242600917816162 0
1716635276700 1.9336230754852295 0
1716635277737 1.0241920948028564 0
1716635278789 1.0399620532989502 0
1716635279845 1.044421911239624 0
1716635280981 1.1176519393920898 0
1716635282150 1.1527392864227295 0
1716635283371 1.2102837562561035 0
1716635284661 1.2753689289093018 0
1716635285939 1.264375925064087 0
1716635287216 1.263927936553955 0
1716635293857 1.9827508926391602 0
1716635294897 1.0244159698486328 0
1716635295968 1.0572948455810547 0
1716635297085 1.097517967224121 0
1716635298293 1.1764140129089355 0
1716635299479 1.1713428497314453 0
1716635300733 1.2409310340881348 0
1716635302011 1.2642078399658203 0
1716635303273 1.2478232383728027 0
1716635304550 1.2657301425933838 0
1716635311343 2.0266668796539307 0
1716635312418 1.0645289421081543 0
1716635313451 1.0216052532196045 0
1716635314626 1.1608870029449463 0
1716635315824 1.1811940670013428 0
1716635317061 1.2232801914215088 0
1716635318366 1.2858281135559082 0
1716635319712 1.315777063369751 0
1716635321093 1.356069803237915 0
1716635322613 1.5095970630645752 0
1716635332022 2.511927843093872 0
1716635333122 1.083184003829956 0
1716635334169 1.0234029293060303 0
1716635335283 1.10282301902771 0
1716635336465 1.170741081237793 0
1716635337665 1.186222791671753 0
1716635338982 1.290680170059204 0
1716635340322 1.3299241065979004 0
1716635341668 1.3283841609954834 0
1716635342987 1.3046059608459473 0
1716635349373 1.9893760681152344 0
1716635350475 1.0973608493804932 0
1716635351690 1.1948790550231934 0
1716635352956 1.2569208145141602 0
1716635354313 1.3484489917755127 0
1716635355950 1.6275229454040527 0
1716635357901 1.9250118732452393 0
1716635359549 1.6389999389648438 0
1716635361016 1.4508333206176758 0
1716635362415 1.3835499286651611 0
1716635398576 16.91520380973816 0
1716635399660 1.077204942703247 0
1716635400759 1.071162223815918 0
1716635401891 1.1166300773620605 0
1716635403048 1.1444370746612549 0
1716635404295 1.2246859073638916 0
1716635405535 1.2297239303588867 0
1716635406759 1.2124910354614258 0
1716635408049 1.2828748226165771 0
1716635409490 1.4062578678131104 0
1716635419416 2.689039707183838 0
1716635420540 1.1176598072052002 0
1716635421656 1.1056630611419678 0
1716635422795 1.1331791877746582 0
1716635423912 1.103618860244751 0
1716635425006 1.0807371139526367 0
1716635426148 1.1312949657440186 0
1716635427246 1.089217185974121 0
1716635428372 1.1080031394958496 0
1716635429481 1.0989689826965332 0
1716635436537 1.987130880355835 0
1716635437574 1.01944899559021 0
1716635438647 1.058396816253662 0
1716635439699 1.0394797325134277 0
1716635440758 1.0445308685302734 0
1716635441859 1.0706760883331299 0
1716635443052 1.1842429637908936 0
1716635444186 1.1241381168365479 0
1716635445331 1.1338160037994385 0
1716635446553 1.2020812034606934 0
1716635454070 2.2514989376068115 0
1716635455210 1.133579969406128 0
1716635456330 1.1093807220458984 0
1716635457460 1.1193950176239014 0
1716635458559 1.0819308757781982 0
1716635459649 1.0470330715179443 0
1716635460725 1.0607149600982666 0
1716635461898 1.1497957706451416 0
1716635463065 1.1469318866729736 0
1716635464254 1.1762950420379639 0
1716635471781 2.0456531047821045 0
1716635472848 1.0537900924682617 0
1716635473889 1.0338287353515625 0
1716635474944 1.0323989391326904 0
1716635476000 1.0432109832763672 0
1716635477102 1.0878641605377197 0
1716635478288 1.1571688652038574 0
1716635479430 1.1307470798492432 0
1716635480608 1.1682589054107666 0
1716635481814 1.1938278675079346 0
1716635488232 1.9503488540649414 0
1716635489263 1.0198287963867188 0
1716635490285 1.0083799362182617 0
1716635491369 1.0554649829864502 0
1716635492473 1.087951898574829 0
1716635493607 1.1213269233703613 0
1716635494770 1.1496031284332275 0
1716635495965 1.1821069717407227 0
1716635497174 1.1971697807312012 0
1716635498407 1.2146492004394531 0
1716635505029 2.1881117820739746 0
1716635506124 1.0883708000183105 0
1716635507320 1.128244400024414 0
1716635508492 1.1528818607330322 0
1716635509674 1.1731882095336914 0
1716635510948 1.2606630325317383 0
1716635512275 1.318579912185669 0
1716635513926 1.645841121673584 0
1716635515631 1.6929826736450195 0
1716635517385 1.7399890422821045 0
1716635531935 6.315545082092285 0
1716635533015 1.0679028034210205 0
1716635534132 1.1048808097839355 0
1716635535292 1.144657850265503 0
1716635536410 1.1081557273864746 0
1716635537582 1.1373910903930664 0
1716635538699 1.1097111701965332 0
1716635539892 1.1839449405670166 0
1716635541179 1.276062250137329 0
1716635542498 1.3077569007873535 0
1716635552154 2.5076072216033936 0
1716635553306 1.142521858215332 0
1716635554408 1.0938339233398438 0
1716635555563 1.1448910236358643 0
1716635556784 1.198554277420044 0
1716635558037 1.2413549423217773 0
1716635559373 1.308501958847046 0
1716635560835 1.4543392658233643 0
1716635562367 1.5240859985351562 0
1716635563916 1.5368599891662598 0
1716635574235 3.2094311714172363 0
1716635575467 1.2243609428405762 0
1716635576662 1.1797971725463867 0
1716635577952 1.2843823432922363 0
1716635579517 1.5536670684814453 0
1716635581785 2.2532198429107666 0
1716635584517 2.7166121006011963 0
1716635586436 1.8771886825561523 0
1716635588167 1.723323106765747 0
1716635589758 1.5739057064056396 0
1716635602018 4.525432109832764 0
1716635603119 1.0966331958770752 0
1716635604331 1.1961250305175781 0
1716635605497 1.159348964691162 0
1716635606770 1.2592029571533203 0
1716635608180 1.3757953643798828 0
1716635609998 1.7958588600158691 0
1716635612442 2.4244658946990967 0
1716635614210 1.762915849685669 0
1716635615680 1.454625129699707 0
1716635625007 3.1380982398986816 0
1716635626155 1.1410250663757324 0
1716635627297 1.1324141025543213 0
1716635628500 1.1898949146270752 0
1716635629720 1.198683261871338 0
1716635631049 1.3171589374542236 0
1716635632448 1.3834047317504883 0
1716635633941 1.4822306632995605 0
1716635635700 1.7519919872283936 0
1716635637654 1.9146788120269775 0
1716635647594 3.0417919158935547 0
1716635648729 1.130483865737915 0
1716635649804 1.0647649765014648 0
1716635650981 1.1275970935821533 0
1716635652181 1.1909129619598389 0
1716635653430 1.237135887145996 0
1716635654810 1.3671419620513916 0
1716635656265 1.4320459365844727 0
1716635657715 1.4410450458526611 0
1716635659152 1.4224960803985596 0
1716635667777 3.0232391357421875 0
1716635668882 1.0992372035980225 0
1716635670018 1.122344970703125 0
1716635671250 1.2236320972442627 0
1716635672564 1.3061721324920654 0
1716635674030 1.4455180168151855 0
1716635675577 1.536864995956421 0
1716635677126 1.5379178524017334 0
1716635678648 1.4938490390777588 0
1716635680066 1.403486967086792 0
1716635687112 2.0551111698150635 0
1716635688177 1.0533738136291504 0
1716635689300 1.112238883972168 0
1716635690503 1.1931612491607666 0
1716635691787 1.2686052322387695 0
1716635693075 1.2725520133972168 0
1716635694465 1.3755991458892822 0
1716635695888 1.412904977798462 0
1716635697254 1.3577687740325928 0
1716635698566 1.300673007965088 0
1716635705829 2.0283050537109375 0
1716635706924 1.090264081954956 0
1716635708009 1.0750300884246826 0
1716635709168 1.150724172592163 0
1716635710470 1.251720905303955 0
1716635711940 1.4641878604888916 0
1716635713590 1.6391940116882324 0
1716635715413 1.8119182586669922 0
1716635717087 1.6696970462799072 0
1716635718574 1.463602066040039 0
1716635726740 2.609264850616455 0
1716635727876 1.1302647590637207 0
1716635728992 1.106477975845337 0
1716635730115 1.1079297065734863 0
1716635731291 1.161146879196167 0
1716635732527 1.217379093170166 0
1716635733900 1.345282793045044 0
1716635735224 1.3138608932495117 0
1716635736612 1.3708140850067139 0
1716635738004 1.3722600936889648 0
1716635744655 2.0513648986816406 0
1716635745678 1.0171411037445068 0
1716635746795 1.1033649444580078 0
1716635747941 1.1345362663269043 0
1716635749181 1.2293932437896729 0
1716635750454 1.2514660358428955 0
1716635751822 1.3547930717468262 0
1716635753177 1.347222089767456 0
1716635754504 1.313298225402832 0
1716635755823 1.3040220737457275 0
1716635764591 2.85249400138855 0
1716635765750 1.1533172130584717 0
1716635766906 1.1312201023101807 0
1716635768109 1.1912939548492432 0
1716635769378 1.2562623023986816 0
1716635770739 1.3461449146270752 0
1716635772155 1.3942539691925049 0
1716635773570 1.4063348770141602 0
1716635775135 1.5555698871612549 0
1716635776870 1.7073428630828857 0
1716635785909 2.6423208713531494 0
1716635787035 1.11293625831604 0
1716635788113 1.058396816253662 0
1716635789241 1.114522933959961 0
1716635790428 1.1763708591461182 0
1716635791670 1.2321228981018066 0
1716635793069 1.3847641944885254 0
1716635794467 1.3856070041656494 0
1716635795870 1.3903582096099854 0
1716635797296 1.4118220806121826 0
1716635804569 2.1907267570495605 0
1716635805680 1.103856086730957 0
1716635806900 1.1946508884429932 0
1716635808205 1.3008320331573486 0
1716635809703 1.4772508144378662 0
1716635811760 2.0468170642852783 0
1716635813809 2.0285489559173584 0
1716635815400 1.5806419849395752 0
1716635816841 1.4341471195220947 0
1716635818189 1.3335351943969727 0
1716635824710 1.9608829021453857 0
1716635825751 1.0331590175628662 0
1716635826859 1.098891019821167 0
1716635828105 1.232848882675171 0
1716635829471 1.353761911392212 0
1716635831057 1.5785517692565918 0
1716635832832 1.7654337882995605 0
1716635834450 1.598865270614624 0
1716635835864 1.4021110534667969 0
1716635837213 1.334317684173584 0
1716635843416 1.9394729137420654 0
1716635844454 1.0254547595977783 0
1716635845538 1.0689258575439453 0
1716635846674 1.1236889362335205 0
1716635847886 1.197986125946045 0
1716635849185 1.2831130027770996 0
1716635850497 1.296475887298584 0
1716635851840 1.3264288902282715 0
1716635853189 1.3372831344604492 0
1716635854508 1.305793046951294 0
1716635861348 2.249650001525879 0
1716635862521 1.167008876800537 0
1716635863795 1.2595300674438477 0
1716635865324 1.5159380435943604 0
1716635867635 2.296600103378296 0
1716635869215 1.5697031021118164 0
1716635870895 1.6484122276306152 0
1716635872493 1.5864009857177734 0
1716635874118 1.618143081665039 0
1716635875731 1.6034517288208008 0
1716635886318 4.21281886100769 0
1716635887529 1.2049839496612549 0
1716635888860 1.3169028759002686 0
1716635891160 2.29036021232605 0
1716635892823 1.6309397220611572 0
1716635894585 1.7389390468597412 0
1716635896252 1.6436800956726074 0
1716635897755 1.4915430545806885 0
1716635899239 1.4751653671264648 0
1716635900740 1.4918599128723145 0
1716635914054 6.568570137023926 0
1716635915216 1.1379599571228027 0
1716635916365 1.14198899269104 0
1716635917669 1.2925431728363037 0
1716635920373 2.6658291816711426 0
1716635924538 4.104344129562378 0
1716635925763 1.2177679538726807 0
1716635927068 1.2791812419891357 0
1716635928605 1.5238070487976074 0
1716635930673 2.0538837909698486 0
1716635941484 4.551607131958008 0
1716635942639 1.1471211910247803 0
1716635943827 1.1824138164520264 0
1716635945137 1.298043966293335 0
1716635946700 1.5568339824676514 0
1716635948697 1.982762098312378 0
1716635950728 2.0234010219573975 0
1716635952499 1.7101430892944336 0
1716635954026 1.5125350952148438 0
1716635955523 1.4770681858062744 0
1716635970137 7.15515398979187 0
1716635971286 1.1450259685516357 0
1716635972408 1.1150720119476318 0
1716635973567 1.1434361934661865 0
1716635974696 1.120448112487793 0
1716635975868 1.1574759483337402 0
1716635977102 1.2232081890106201 0
1716635978414 1.299192190170288 0
1716635979895 1.4732773303985596 0
1716635981514 1.6062932014465332 0
1716635992693 5.208089828491211 0
1716635993808 1.1105101108551025 0
1716635994859 1.0392401218414307 0
1716635996196 1.0784568786621094 0
1716635997381 1.1677052974700928 0
1716635998576 1.1855909824371338 0
1716635999939 1.3581769466400146 0
1716636001572 1.6245341300964355 0
1716636003371 1.7837231159210205 0
1716636005309 1.9280929565429688 0
1716636018008 6.404874324798584 0
1716636019813 1.7758300304412842 0
1716636021775 1.8818368911743164 0
1716636025420 3.6343889236450195 0
1716636029858 4.406800746917725 0
1716636031118 1.248272180557251 0
1716636032395 1.270324945449829 0
1716636033902 1.4849998950958252 0
1716636036008 2.0935428142547607 0
1716636038476 2.4571621417999268 0
1716636054833 8.66734528541565 0
1716636056073 1.232058048248291 0
1716636057255 1.1731898784637451 0
1716636058381 1.061194896697998 0
1716636059608 1.2101609706878662 0
1716636060785 1.1693792343139648 0
1716636061983 1.1835451126098633 0
1716636063326 1.313251256942749 0
1716636064826 1.4874727725982666 0
1716636066586 1.7419378757476807 0
1716636079118 5.646501779556274 0
1716636080661 1.5307810306549072 0
1716636081875 1.2058188915252686 0
1716636082901 1.0217411518096924 0
1716636084108 1.188838005065918 0
1716636085359 1.2389581203460693 0
1716636086724 1.3549318313598633 0
1716636088622 1.8874800205230713 0
1716636091046 2.3940911293029785 0
1716636092847 1.7879726886749268 0
1716636102995 4.230822801589966 0
1716636104077 1.066659927368164 0
1716636105153 1.0670428276062012 0
1716636106333 1.1684110164642334 0
1716636107601 1.2564311027526855 0
1716636109133 1.5246448516845703 0
1716636111429 2.2464101314544678 0
1716636113271 1.8014068603515625 0
1716636115422 2.1400179862976074 0
1716636117291 1.8488309383392334 0
1716636129743 4.257893800735474 0
1716636130853 1.0965039730072021 0
1716636132021 1.119055986404419 0
1716636133247 1.1931841373443604 0
1716636134544 1.2868309020996094 0
1716636136013 1.4613311290740967 0
1716636137869 1.8452949523925781 0
1716636139931 2.0579190254211426 0
1716636141611 1.6705021858215332 0
1716636143122 1.5017950534820557 0
1716636177794 14.327224016189575 0
1716636179000 1.1996569633483887 0
1716636180116 1.1089410781860352 0
1716636181220 1.095808982849121 0
1716636182340 1.1083102226257324 0
1716636183487 1.1281471252441406 0
1716636184565 1.0662269592285156 0
1716636185639 1.065779209136963 0
1716636186729 1.082829236984253 0
1716636187841 1.1020078659057617 0
1716636195739 2.3451449871063232 0
1716636196820 1.0721526145935059 0
1716636197978 1.1490669250488281 0
1716636199059 1.0719630718231201 0
1716636200168 1.0946869850158691 0
1716636201255 1.0713222026824951 0
1716636202353 1.0766971111297607 0
1716636203492 1.1291818618774414 0
1716636204612 1.1130201816558838 0
1716636205754 1.1311707496643066 0
1716636212871 2.0758650302886963 0
1716636214034 1.1469810009002686 0
1716636215127 1.0844621658325195 0
1716636216285 1.1474709510803223 0
1716636217508 1.2134158611297607 0
1716636218829 1.3089921474456787 0
1716636220363 1.5201339721679688 0
1716636222007 1.6341500282287598 0
1716636223575 1.5579338073730469 0
1716636225113 1.5242161750793457 0
1716636231974 2.196012020111084 0
1716636233145 1.146968126296997 0
1716636234348 1.198085069656372 0
1716636235697 1.340198040008545 0
1716636237211 1.4983270168304443 0
1716636239214 1.984818935394287 0
1716636241065 1.842717170715332 0
1716636242664 1.5923058986663818 0
1716636244225 1.5540928840637207 0
1716636245748 1.5052471160888672 0
1716636253947 2.2998571395874023 0
1716636255115 1.1605639457702637 0
1716636256367 1.2426362037658691 0
1716636257737 1.3616838455200195 0
1716636259316 1.5674128532409668 0
1716636261279 1.9504127502441406 0
1716636263350 2.060746908187866 0
1716636265163 1.8079571723937988 0
1716636266815 1.636383056640625 0
1716636268397 1.5737049579620361 0
1716636276698 2.3898239135742188 0
1716636277906 1.2026472091674805 0
1716636279243 1.2863187789916992 0
1716636280701 1.447289228439331 0
1716636282759 2.0486819744110107 0
1716636285308 2.539003849029541 0
1716636286995 1.6710851192474365 0
1716636288424 1.4162681102752686 0
1716636289815 1.3786087036132812 0
1716636291103 1.2767119407653809 0
1716636298055 2.0240750312805176 0
1716636299198 1.1331310272216797 0
1716636300440 1.2296497821807861 0
1716636301802 1.344223976135254 0
1716636303589 1.765066146850586 0
1716636305843 2.238813877105713 0
1716636307821 1.9648048877716064 0
1716636309563 1.7342100143432617 0
1716636311209 1.6363649368286133 0
1716636312768 1.5530123710632324 0
1716636320830 2.142721176147461 0
1716636321996 1.1575658321380615 0
1716636323150 1.1348507404327393 0
1716636324378 1.2080819606781006 0
1716636325743 1.3405938148498535 0
1716636327129 1.3812310695648193 0
1716636328754 1.6189281940460205 0
1716636330576 1.8121960163116455 0
1716636332333 1.746485948562622 0
1716636333968 1.623955249786377 0
1716636341273 2.0968472957611084 0
1716636342511 1.2287249565124512 0
1716636343740 1.218200922012329 0
1716636345037 1.2889368534088135 0
1716636346521 1.463474988937378 0
1716636348304 1.764782190322876 0
1716636350233 1.9091699123382568 0
1716636351930 1.6816728115081787 0
1716636353399 1.4576709270477295 0
1716636354783 1.3757429122924805 0
1716636362781 2.797644853591919 0
1716636363897 1.1089861392974854 0
1716636365107 1.2019808292388916 0
1716636366471 1.313126802444458 0
1716636368004 1.5188658237457275 0
1716636369998 1.9837651252746582 0
1716636372006 1.9963750839233398 0
1716636373593 1.5666429996490479 0
1716636375044 1.4413540363311768 0
1716636376403 1.351628065109253 0
1716636383958 1.9926691055297852 0
1716636384999 1.0301697254180908 0
1716636386128 1.117229700088501 0
1716636387329 1.1868870258331299 0
1716636388584 1.2382850646972656 0
1716636390009 1.4063687324523926 0
1716636391529 1.5086228847503662 0
1716636393137 1.5970139503479004 0
1716636394657 1.5054800510406494 0
1716636396104 1.435187816619873 0
1716636402953 2.032802104949951 0
1716636404007 1.0416162014007568 0
1716636405122 1.0883090496063232 0
1716636406287 1.142540693283081 0
1716636407524 1.2244510650634766 0
1716636408829 1.2929792404174805 0
1716636410196 1.3523671627044678 0
1716636411602 1.393862009048462 0
1716636412933 1.3129148483276367 0
1716636414249 1.2806639671325684 0
1716636420626 2.0127081871032715 0
1716636421701 1.0626239776611328 0
1716636422813 1.0992929935455322 0
1716636423980 1.1482570171356201 0
1716636425253 1.2548320293426514 0
1716636426665 1.3982350826263428 0
1716636428163 1.4914262294769287 0
1716636429738 1.5541651248931885 0
1716636431249 1.5033929347991943 0
1716636432724 1.4548652172088623 0
1716636439479 2.027350902557373 0
1716636440538 1.0477790832519531 0
1716636441654 1.0827579498291016 0
1716636442782 1.1146011352539062 0
1716636443995 1.1964287757873535 0
1716636445281 1.2749218940734863 0
1716636446689 1.3913938999176025 0
1716636448037 1.3362061977386475 0
1716636449452 1.3874881267547607 0
1716636450855 1.3938002586364746 0
1716636461386 3.1607649326324463 0
1716636462494 1.1036202907562256 0
1716636463628 1.127058982849121 0
1716636464813 1.1737349033355713 0
1716636466066 1.2426109313964844 0
1716636467401 1.3231439590454102 0
1716636468845 1.4296472072601318 0
1716636470620 1.7678656578063965 0
1716636472422 1.7899279594421387 0
1716636474061 1.6278250217437744 0
1716636481789 2.4693808555603027 0
1716636482921 1.125514030456543 0
1716636484135 1.2080881595611572 0
1716636485388 1.2432281970977783 0
1716636486769 1.3728690147399902 0
1716636488375 1.5956201553344727 0
1716636490203 1.810765027999878 0
1716636491995 1.78377103805542 0
1716636493589 1.5851471424102783 0
1716636495230 1.631894826889038 0
1716636509322 5.8837738037109375 0
1716636510390 1.0636920928955078 0
1716636511540 1.1419651508331299 0
1716636512681 1.136038064956665 0
1716636513858 1.1643610000610352 0
1716636515117 1.2550327777862549 0
1716636516729 1.6026718616485596 0
1716636518561 1.8096261024475098 0
1716636521135 2.558878183364868 0
1716636523378 2.06400990486145 0
1716636536497 5.793061017990112 0
1716636537624 1.1210908889770508 0
1716636538792 1.1607999801635742 0
1716636540030 1.227658987045288 0
1716636541293 1.2548458576202393 0
1716636542825 1.513474941253662 0
1716636545312 2.473417043685913 0
1716636547423 2.0964841842651367 0
1716636549164 1.7329559326171875 0
1716636550719 1.523818016052246 0
1716636561141 3.799086809158325 0
1716636562255 1.0798490047454834 0
1716636563410 1.1450450420379639 0
1716636565527 2.1021549701690674 0
1716636566722 1.1904981136322021 0
1716636568092 1.357762098312378 0
1716636569911 1.8085381984710693 0
1716636572253 2.329280138015747 0
1716636574146 1.8826429843902588 0
1716636575714 1.5623769760131836 0
1716636588757 6.669520854949951 0
1716636589894 1.1284799575805664 0
1716636591030 1.1291282176971436 0
1716636592247 1.2065129280090332 0
1716636593524 1.2668910026550293 0
1716636600550 7.018510818481445 0
1716636601804 1.249446153640747 0
1716636603092 1.283073902130127 0
1716636605261 2.1638197898864746 0
1716636609421 4.12851881980896 0
1716636629728 11.70917296409607 0
1716636630851 1.097959041595459 0
1716636631934 1.0791800022125244 0
1716636633010 1.0673599243164062 0
1716636634212 1.1930580139160156 0
1716636635296 1.0754642486572266 0
1716636636344 1.036262035369873 0
1716636637383 1.0243992805480957 0
1716636638481 1.0822319984436035 0
1716636639614 1.121000051498413 0
1716636648852 3.4449808597564697 0
1716636649952 1.0944180488586426 0
1716636651002 1.0388541221618652 0
1716636652108 1.0931200981140137 0
1716636653270 1.1493949890136719 0
1716636654606 1.3196110725402832 0
1716636655960 1.342660903930664 0
1716636657398 1.412848949432373 0
1716636658811 1.398967981338501 0
1716636660189 1.3675510883331299 0
1716636668522 3.0497288703918457 0
1716636669626 1.0977771282196045 0
1716636670728 1.064805269241333 0
1716636671877 1.1358819007873535 0
1716636673046 1.1580488681793213 0
1716636674400 1.3416409492492676 0
1716636675780 1.3683338165283203 0
1716636677177 1.3875558376312256 0
1716636678967 1.7749640941619873 0
1716636680735 1.7523398399353027 0
1716636691151 3.966791868209839 0
1716636692216 1.060129165649414 0
1716636693293 1.0615758895874023 0
1716636694492 1.1912260055541992 0
1716636695714 1.215695858001709 0
1716636696995 1.2666771411895752 0
1716636698466 1.4596140384674072 0
1716636700026 1.5479018688201904 0
1716636701544 1.5037741661071777 0
1716636702934 1.3780186176300049 0
1716636710641 2.174705982208252 0
1716636711718 1.0696110725402832 0
1716636712777 1.0442290306091309 0
1716636714021 1.2330801486968994 0
1716636715316 1.2878451347351074 0
1716636716688 1.353410243988037 0
1716636718357 1.6226897239685059 0
1716636720172 1.806779146194458 0
1716636721818 1.6340646743774414 0
1716636723167 1.3397572040557861 0
1716636731692 2.5869150161743164 0
1716636732781 1.0836350917816162 0
1716636734256 1.468919038772583 0
1716636736115 1.8503732681274414 0
1716636737491 1.3174259662628174 0
1716636738958 1.4599668979644775 0
1716636740680 1.7140789031982422 0
1716636742389 1.6979413032531738 0
1716636743882 1.4805471897125244 0
1716636745256 1.3567306995391846 0
1716636752570 2.0569660663604736 0
1716636753666 1.0867807865142822 0
1716636754853 1.1796810626983643 0
1716636756102 1.24137282371521 0
1716636757474 1.3623180389404297 0
1716636759377 1.8834598064422607 0
1716636761504 2.091541051864624 0
1716636763202 1.6905629634857178 0
1716636764749 1.5348188877105713 0
1716636766080 1.3223826885223389 0
1716636773366 2.1612417697906494 0
1716636774583 1.207369327545166 0
1716636775792 1.204793930053711 0
1716636777234 1.432811975479126 0
1716636779071 1.8059160709381104 0
1716636781264 2.102142095565796 0
1716636782915 1.6458511352539062 0
1716636784411 1.4724481105804443 0
1716636785807 1.3838789463043213 0
1716636787072 1.2521429061889648 0
1716636795425 2.9350061416625977 0
1716636796523 1.0917608737945557 0
1716636797663 1.1253697872161865 0
1716636798861 1.1846342086791992 0
1716636800143 1.2696890830993652 0
1716636801486 1.332716703414917 0
1716636802870 1.3696069717407227 0
1716636804248 1.3566830158233643 0
1716636805590 1.336609125137329 0
1716636806946 1.3371238708496094 0
1716636814099 2.2562448978424072 0
1716636815288 1.1808819770812988 0
1716636816492 1.1927292346954346 0
1716636817752 1.2460319995880127 0
1716636819184 1.4232168197631836 0
1716636820906 1.7106168270111084 0
1716636822667 1.749405860900879 0
1716636824218 1.542328119277954 0
1716636825584 1.3582398891448975 0
1716636826991 1.3995287418365479 0
1716636835468 2.9276700019836426 0
1716636836544 1.068634033203125 0
1716636837621 1.0699291229248047 0
1716636838821 1.1739273071289062 0
1716636840074 1.236633062362671 0
1716636841404 1.3190131187438965 0
1716636842760 1.3426508903503418 0
1716636844182 1.408972978591919 0
1716636845513 1.3200666904449463 0
1716636846820 1.2943620681762695 0
1716636853716 2.079272985458374 0
1716636854795 1.072007179260254 0
1716636855906 1.1006207466125488 0
1716636857094 1.1754639148712158 0
1716636858348 1.2373809814453125 0
1716636859692 1.3330841064453125 0
1716636861140 1.4348390102386475 0
1716636862608 1.4586138725280762 0
1716636864118 1.5061030387878418 0
1716636865709 1.5617549419403076 0
1716636879935 7.1599280834198 0
1716636881073 1.1256022453308105 0
1716636882193 1.1124517917633057 0
1716636883524 1.3218109607696533 0
1716636886570 2.9988720417022705 0
1716636888089 1.5061280727386475 0
1716636889775 1.6583988666534424 0
1716636891250 1.4560492038726807 0
1716636892930 1.6707630157470703 0
1716636894735 1.7981140613555908 0
1716636914729 10.586278915405273 0
1716636915873 1.1387529373168945 0
1716636917390 1.454498052597046 0
1716636918896 1.4989781379699707 0
1716636920299 1.3975672721862793 0
1716636921406 1.097701072692871 0
1716636922538 1.1265158653259277 0
1716636925041 2.4850659370422363 0
1716636930492 5.287833213806152 0
1716636932054 1.490171194076538 0
