1716359561852 1.0 0
1716359562626 2.0 0
1716359563292 3.0 0
1716359563804 4.0 0
1716359564298 5.0 0
1716359564817 6.0 0
1716359565332 7.0 0
1716359565881 8.0 0
1716359566443 9.0 0
1716359566993 10.0 0
1716359573829 11.0 0
1716359574512 12.0 0
1716359575149 13.0 0
1716359575830 14.0 0
1716359576337 15.0 0
1716359576853 16.0 0
1716359577379 17.0 0
1716359577934 18.0 0
1716359578448 19.0 0
1716359579002 20.0 0
1716359584120 21.0 0
1716359584697 22.0 0
1716359585279 23.0 0
1716359585837 24.0 0
1716359586366 25.0 0
1716359586885 26.0 0
1716359587411 27.0 0
1716359587924 28.0 0
1716359588458 29.0 0
1716359589006 30.0 0
1716359593943 31.0 0
1716359594463 32.0 0
1716359594976 33.0 0
1716359595545 34.0 0
1716359596088 35.0 0
1716359596610 36.0 0
1716359597125 37.0 0
1716359597641 38.0 0
1716359598154 39.0 0
1716359598656 40.0 0
1716359603376 41.0 0
1716359603878 42.0 0
1716359604399 43.0 0
1716359604899 44.0 0
1716359605405 45.0 0
1716359605915 46.0 0
1716359606408 47.0 0
1716359606917 48.0 0
1716359607416 49.0 0
1716359607930 50.0 0
1716359611077 51.0 0
1716359611578 52.0 0
1716359612103 53.0 0
1716359612606 54.0 0
1716359613114 55.0 0
1716359613636 56.0 0
1716359614153 57.0 0
1716359614663 58.0 0
1716359615179 59.0 0
1716359615684 60.0 0
1716359620033 61.0 0
1716359620540 62.0 0
1716359621067 63.0 0
1716359621603 64.0 0
1716359622122 65.0 0
1716359622655 66.0 0
1716359623186 67.0 0
1716359623702 68.0 0
1716359624220 69.0 0
1716359624739 70.0 0
1716359629745 71.0 0
1716359630276 72.0 0
1716359630835 73.0 0
1716359631344 74.0 0
1716359631862 75.0 0
1716359632392 76.0 0
1716359632900 77.0 0
1716359633424 78.0 0
1716359633948 79.0 0
1716359634466 80.0 0
1716359640088 81.0 0
1716359640599 82.0 0
1716359641124 83.0 0
1716359641650 84.0 0
1716359642163 85.0 0
1716359642685 86.0 0
1716359643204 87.0 0
1716359643744 88.0 0
1716359644283 89.0 0
1716359644820 90.0 0
1716359649817 91.0 0
1716359650360 92.0 0
1716359650927 93.0 0
1716359651487 94.0 0
1716359652080 95.0 0
1716359652661 96.0 0
1716359653219 97.0 0
1716359653735 98.0 0
1716359654279 99.0 0
1716359654796 100.0 0
1716359661073 101.0 0
1716359661655 102.0 0
1716359662187 103.0 0
1716359662750 104.0 0
1716359663272 105.0 0
1716359663823 106.0 0
1716359664400 107.0 0
1716359664930 108.0 0
1716359665472 109.0 0
1716359665995 110.0 0
1716359670895 111.0 0
1716359671424 112.0 0
1716359671936 113.0 0
1716359672493 114.0 0
1716359673048 115.0 0
1716359673569 116.0 0
1716359674109 117.0 0
1716359674639 118.0 0
1716359675156 119.0 0
1716359675705 120.0 0
1716359680341 121.0 0
1716359680875 122.0 0
1716359681395 123.0 0
1716359681905 124.0 0
1716359682416 125.0 0
1716359682964 126.0 0
1716359683492 127.0 0
1716359684022 128.0 0
1716359684548 129.0 0
1716359685059 130.0 0
1716359689820 131.0 0
1716359690347 132.0 0
1716359690956 133.0 0
1716359691565 134.0 0
1716359692103 135.0 0
1716359692669 136.0 0
1716359693192 137.0 0
1716359693713 138.0 0
1716359694234 139.0 0
1716359694752 140.0 0
1716359699420 141.0 0
1716359699930 142.0 0
1716359700451 143.0 0
1716359700974 144.0 0
1716359701494 145.0 0
1716359701994 146.0 0
1716359702505 147.0 0
1716359703096 148.0 0
1716359703642 149.0 0
1716359704189 150.0 0
1716359709354 151.0 0
1716359709968 152.0 0
1716359710519 153.0 0
1716359711063 154.0 0
1716359711600 155.0 0
1716359712136 156.0 0
1716359712653 157.0 0
1716359713181 158.0 0
1716359713698 159.0 0
1716359714248 160.0 0
1716359718555 161.0 0
1716359719072 162.0 0
1716359719597 163.0 0
1716359720127 164.0 0
1716359720645 165.0 0
1716359721144 166.0 0
1716359721651 167.0 0
1716359722162 168.0 0
1716359722665 169.0 0
1716359723170 170.0 0
1716359726363 171.0 0
1716359726860 172.0 0
1716359727363 173.0 0
1716359727878 174.0 0
1716359728394 175.0 0
1716359728895 176.0 0
1716359729399 177.0 0
1716359729900 178.0 0
1716359730409 179.0 0
1716359730908 180.0 0
1716359734111 181.0 0
1716359734594 182.0 0
1716359735109 183.0 0
1716359735628 184.0 0
1716359736134 185.0 0
1716359736632 186.0 0
1716359737142 187.0 0
1716359737642 188.0 0
1716359738153 189.0 0
1716359738660 190.0 0
1716359742348 191.0 0
1716359742840 192.0 0
1716359743340 193.0 0
1716359743847 194.0 0
1716359744358 195.0 0
1716359744860 196.0 0
1716359745366 197.0 0
1716359745868 198.0 0
1716359746373 199.0 0
1716359746876 200.0 0
1716359750323 201.0 0
1716359750837 202.0 0
1716359751348 203.0 0
1716359751885 204.0 0
1716359752422 205.0 0
1716359752936 206.0 0
1716359753441 207.0 0
1716359753954 208.0 0
1716359754468 209.0 0
1716359754981 210.0 0
1716359758196 211.0 0
1716359758692 212.0 0
1716359759215 213.0 0
1716359759733 214.0 0
1716359760232 215.0 0
1716359760740 216.0 0
1716359761242 217.0 0
1716359761820 218.0 0
1716359762346 219.0 0
1716359762864 220.0 0
1716359766847 221.0 0
1716359767354 222.0 0
1716359767865 223.0 0
1716359768371 224.0 0
1716359768882 225.0 0
1716359769389 226.0 0
1716359769896 227.0 0
1716359770399 228.0 0
1716359770912 229.0 0
1716359771411 230.0 0
1716359774279 231.0 0
1716359774791 232.0 0
1716359775309 233.0 0
1716359775805 234.0 0
1716359776299 235.0 0
1716359776796 236.0 0
1716359777298 237.0 0
1716359777794 238.0 0
1716359778292 239.0 0
1716359778793 240.0 0
1716359781802 241.0 0
1716359782310 242.0 0
1716359782805 243.0 0
1716359783330 244.0 0
1716359783843 245.0 0
1716359784374 246.0 0
1716359784893 247.0 0
1716359785394 248.0 0
1716359785911 249.0 0
1716359786438 250.0 0
1716359789849 251.0 0
1716359790342 252.0 0
1716359790859 253.0 0
1716359791381 254.0 0
1716359791895 255.0 0
1716359792447 256.0 0
1716359792961 257.0 0
1716359793468 258.0 0
1716359793973 259.0 0
1716359794541 260.0 0
1716359798047 261.0 0
1716359798582 262.0 0
1716359799090 263.0 0
1716359799611 264.0 0
1716359800121 265.0 0
1716359800640 266.0 0
1716359801167 267.0 0
1716359801673 268.0 0
1716359802181 269.0 0
1716359802689 270.0 0
1716359807324 271.0 0
1716359807826 272.0 0
1716359808339 273.0 0
1716359808852 274.0 0
1716359809350 275.0 0
1716359809875 276.0 0
1716359810388 277.0 0
1716359810887 278.0 0
1716359811393 279.0 0
1716359811890 280.0 0
1716359815214 281.0 0
1716359815709 282.0 0
1716359816229 283.0 0
1716359816739 284.0 0
1716359817240 285.0 0
1716359817747 286.0 0
1716359818247 287.0 0
1716359818764 288.0 0
1716359819274 289.0 0
1716359819785 290.0 0
1716359822795 291.0 0
1716359823306 292.0 0
1716359823822 293.0 0
1716359824322 294.0 0
1716359824840 295.0 0
1716359825362 296.0 0
1716359825866 297.0 0
1716359826365 298.0 0
1716359826863 299.0 0
1716359827373 300.0 0
1716359830942 301.0 0
1716359831449 302.0 0
1716359831977 303.0 0
1716359832563 304.0 0
1716359833123 305.0 0
1716359833672 306.0 0
1716359834183 307.0 0
1716359834724 308.0 0
1716359835273 309.0 0
1716359835832 310.0 0
1716359840165 311.0 0
1716359840741 312.0 0
1716359841291 313.0 0
1716359841859 314.0 0
1716359842430 315.0 0
1716359842990 316.0 0
1716359843544 317.0 0
1716359844096 318.0 0
1716359844671 319.0 0
1716359845180 320.0 0
1716359849382 321.0 0
1716359849920 322.0 0
1716359850428 323.0 0
1716359850983 324.0 0
1716359851513 325.0 0
1716359852028 326.0 0
1716359852543 327.0 0
1716359853055 328.0 0
1716359853573 329.0 0
1716359854093 330.0 0
1716359858677 331.0 0
1716359859196 332.0 0
1716359859713 333.0 0
1716359860240 334.0 0
1716359860766 335.0 0
1716359861328 336.0 0
1716359861872 337.0 0
1716359862386 338.0 0
1716359862926 339.0 0
1716359863442 340.0 0
1716359867837 341.0 0
1716359868357 342.0 0
1716359868878 343.0 0
1716359869422 344.0 0
1716359869937 345.0 0
1716359870451 346.0 0
1716359871019 347.0 0
1716359871513 348.0 0
1716359872032 349.0 0
1716359872548 350.0 0
1716359878357 351.0 0
1716359878860 352.0 0
1716359879370 353.0 0
1716359879891 354.0 0
1716359880416 355.0 0
1716359880921 356.0 0
1716359881433 357.0 0
1716359881946 358.0 0
1716359882455 359.0 0
1716359882962 360.0 0
1716359886145 361.0 0
1716359886665 362.0 0
1716359887178 363.0 0
1716359887692 364.0 0
1716359888207 365.0 0
1716359888715 366.0 0
1716359889220 367.0 0
1716359889733 368.0 0
1716359890249 369.0 0
1716359890764 370.0 0
1716359895031 371.0 0
1716359895616 372.0 0
1716359896140 373.0 0
1716359896661 374.0 0
1716359897183 375.0 0
1716359897703 376.0 0
1716359898226 377.0 0
1716359898737 378.0 0
1716359899284 379.0 0
1716359899813 380.0 0
1716359904066 381.0 0
1716359904577 382.0 0
1716359905100 383.0 0
1716359905626 384.0 0
1716359906142 385.0 0
1716359906662 386.0 0
1716359907167 387.0 0
1716359907690 388.0 0
1716359908219 389.0 0
1716359908731 390.0 0
1716359913364 391.0 0
1716359913870 392.0 0
1716359914386 393.0 0
1716359914896 394.0 0
1716359915412 395.0 0
1716359915915 396.0 0
1716359916429 397.0 0
1716359916933 398.0 0
1716359917451 399.0 0
1716359917958 400.0 0
1716359921232 401.0 0
1716359921741 402.0 0
1716359922265 403.0 0
1716359922777 404.0 0
1716359923288 405.0 0
1716359923856 406.0 0
1716359924391 407.0 0
1716359924890 408.0 0
1716359925422 409.0 0
1716359925951 410.0 0
1716359929773 411.0 0
1716359930287 412.0 0
1716359930777 413.0 0
1716359931320 414.0 0
1716359931839 415.0 0
1716359932348 416.0 0
1716359932890 417.0 0
1716359933413 418.0 0
1716359933931 419.0 0
1716359934447 420.0 0
1716359939228 421.0 0
1716359939739 422.0 0
1716359940275 423.0 0
1716359940784 424.0 0
1716359941298 425.0 0
1716359941816 426.0 0
1716359942321 427.0 0
1716359942808 428.0 0
1716359943322 429.0 0
1716359943839 430.0 0
1716359948028 431.0 0
1716359948586 432.0 0
1716359949098 433.0 0
1716359949606 434.0 0
1716359950116 435.0 0
1716359950643 436.0 0
1716359951158 437.0 0
1716359951664 438.0 0
1716359952249 439.0 0
1716359952779 440.0 0
1716359956872 441.0 0
1716359957358 442.0 0
1716359957867 443.0 0
1716359958405 444.0 0
1716359958904 445.0 0
1716359959420 446.0 0
1716359959929 447.0 0
1716359960435 448.0 0
1716359960942 449.0 0
1716359961460 450.0 0
1716359965163 451.0 0
1716359965658 452.0 0
1716359966181 453.0 0
1716359966682 454.0 0
1716359967193 455.0 0
1716359967691 456.0 0
1716359968203 457.0 0
1716359968706 458.0 0
1716359969223 459.0 0
1716359969743 460.0 0
1716359972707 461.0 0
1716359973318 462.0 0
1716359973954 463.0 0
1716359974491 464.0 0
1716359975058 465.0 0
1716359975583 466.0 0
1716359976107 467.0 0
1716359976632 468.0 0
1716359977136 469.0 0
1716359977683 470.0 0
1716359982543 471.0 0
1716359983088 472.0 0
1716359983601 473.0 0
1716359984160 474.0 0
1716359984699 475.0 0
1716359985296 476.0 0
1716359985843 477.0 0
1716359986426 478.0 0
1716359987000 479.0 0
1716359987544 480.0 0
1716359992265 481.0 0
1716359992782 482.0 0
1716359993339 483.0 0
1716359993879 484.0 0
1716359994462 485.0 0
1716359995006 486.0 0
1716359995549 487.0 0
1716359996053 488.0 0
1716359996568 489.0 0
1716359997074 490.0 0
1716360000827 491.0 0
1716360001334 492.0 0
1716360001836 493.0 0
1716360002345 494.0 0
1716360002849 495.0 0
1716360003353 496.0 0
1716360003873 497.0 0
1716360004453 498.0 0
1716360004976 499.0 0
1716360005511 500.0 0
1716360009501 501.0 0
1716360010011 502.0 0
1716360010564 503.0 0
1716360011086 504.0 0
1716360011608 505.0 0
1716360012123 506.0 0
1716360012628 507.0 0
1716360013138 508.0 0
1716360013652 509.0 0
1716360014199 510.0 0
1716360018510 511.0 0
1716360019009 512.0 0
1716360019536 513.0 0
1716360020051 514.0 0
1716360020556 515.0 0
1716360021069 516.0 0
1716360021571 517.0 0
1716360022073 518.0 0
1716360022577 519.0 0
1716360023077 520.0 0
1716360026289 521.0 0
1716360026784 522.0 0
1716360027423 523.0 0
1716360028013 524.0 0
1716360028549 525.0 0
1716360029143 526.0 0
1716360029705 527.0 0
1716360030372 528.0 0
1716360030893 529.0 0
1716360031458 530.0 0
1716360035855 531.0 0
1716360036363 532.0 0
1716360036904 533.0 0
1716360037441 534.0 0
1716360037949 535.0 0
1716360038448 536.0 0
1716360038968 537.0 0
1716360039479 538.0 0
1716360039983 539.0 0
1716360040495 540.0 0
1716360046115 541.0 0
1716360046704 542.0 0
1716360047261 543.0 0
1716360047827 544.0 0
1716360048408 545.0 0
1716360048956 546.0 0
1716360049557 547.0 0
1716360050128 548.0 0
1716360050643 549.0 0
1716360051156 550.0 0
1716360055264 551.0 0
1716360055770 552.0 0
1716360056292 553.0 0
1716360056811 554.0 0
1716360057317 555.0 0
1716360057819 556.0 0
1716360058335 557.0 0
1716360058846 558.0 0
1716360059346 559.0 0
1716360059852 560.0 0
1716360063290 561.0 0
1716360063798 562.0 0
1716360064299 563.0 0
1716360064805 564.0 0
1716360065310 565.0 0
1716360065818 566.0 0
1716360066324 567.0 0
1716360066827 568.0 0
1716360067333 569.0 0
1716360067836 570.0 0
1716360071032 571.0 0
1716360071535 572.0 0
1716360072052 573.0 0
1716360072565 574.0 0
1716360073081 575.0 0
1716360073593 576.0 0
1716360074159 577.0 0
1716360074681 578.0 0
1716360075194 579.0 0
1716360075717 580.0 0
1716360078707 581.0 0
1716360079196 582.0 0
1716360079703 583.0 0
1716360080242 584.0 0
1716360080765 585.0 0
1716360081273 586.0 0
1716360081782 587.0 0
1716360082291 588.0 0
1716360082792 589.0 0
1716360083291 590.0 0
1716360086525 591.0 0
1716360087015 592.0 0
1716360087547 593.0 0
1716360088046 594.0 0
1716360088556 595.0 0
1716360089067 596.0 0
1716360089582 597.0 0
1716360090087 598.0 0
1716360090597 599.0 0
1716360091101 600.0 0
1716360094345 601.0 0
1716360094873 602.0 0
1716360095380 603.0 0
1716360095901 604.0 0
1716360096414 605.0 0
1716360096923 606.0 0
1716360097430 607.0 0
1716360097937 608.0 0
1716360098435 609.0 0
1716360098941 610.0 0
1716360102181 611.0 0
1716360102690 612.0 0
1716360103203 613.0 0
1716360103715 614.0 0
1716360104223 615.0 0
1716360104734 616.0 0
1716360105252 617.0 0
1716360105764 618.0 0
1716360106346 619.0 0
1716360106919 620.0 0
1716360112417 621.0 0
1716360113056 622.0 0
1716360113669 623.0 0
1716360114266 624.0 0
1716360114829 625.0 0
1716360115360 626.0 0
1716360115929 627.0 0
1716360116469 628.0 0
1716360116996 629.0 0
1716360117567 630.0 0
1716360122496 631.0 0
1716360123003 632.0 0
1716360123515 633.0 0
1716360124011 634.0 0
1716360124514 635.0 0
1716360125025 636.0 0
1716360125548 637.0 0
1716360126048 638.0 0
1716360126559 639.0 0
1716360127060 640.0 0
1716360130551 641.0 0
1716360131057 642.0 0
1716360131596 643.0 0
1716360132105 644.0 0
1716360132606 645.0 0
1716360133111 646.0 0
1716360133619 647.0 0
1716360134147 648.0 0
1716360134663 649.0 0
1716360135173 650.0 0
1716360138635 651.0 0
1716360139123 652.0 0
1716360139616 653.0 0
1716360140110 654.0 0
1716360140605 655.0 0
1716360141103 656.0 0
1716360141606 657.0 0
1716360142111 658.0 0
1716360142610 659.0 0
1716360143108 660.0 0
1716360146355 661.0 0
1716360146846 662.0 0
1716360147359 663.0 0
1716360147875 664.0 0
1716360148414 665.0 0
1716360148964 666.0 0
1716360149491 667.0 0
1716360149999 668.0 0
1716360150527 669.0 0
1716360151040 670.0 0
1716360154251 671.0 0
1716360154772 672.0 0
1716360155314 673.0 0
1716360155923 674.0 0
1716360156441 675.0 0
1716360156949 676.0 0
1716360157451 677.0 0
1716360157944 678.0 0
1716360158435 679.0 0
1716360158978 680.0 0
1716360163405 681.0 0
1716360163906 682.0 0
1716360164410 683.0 0
1716360164959 684.0 0
1716360165530 685.0 0
1716360166077 686.0 0
1716360166600 687.0 0
1716360167119 688.0 0
1716360167645 689.0 0
1716360168244 690.0 0
1716360173857 691.0 0
1716360174378 692.0 0
1716360174905 693.0 0
1716360175430 694.0 0
1716360175948 695.0 0
1716360176468 696.0 0
1716360176975 697.0 0
1716360177495 698.0 0
1716360178022 699.0 0
1716360178546 700.0 0
1716360182496 701.0 0
1716360182981 702.0 0
1716360183498 703.0 0
1716360184011 704.0 0
1716360184531 705.0 0
1716360185043 706.0 0
1716360185555 707.0 0
1716360186092 708.0 0
1716360186597 709.0 0
1716360187099 710.0 0
1716360190514 711.0 0
1716360191020 712.0 0
1716360191561 713.0 0
1716360192082 714.0 0
1716360192593 715.0 0
1716360193116 716.0 0
1716360193625 717.0 0
1716360194180 718.0 0
1716360194708 719.0 0
1716360195212 720.0 0
1716360199853 721.0 0
1716360200383 722.0 0
1716360200890 723.0 0
1716360201436 724.0 0
1716360201978 725.0 0
1716360202504 726.0 0
1716360203023 727.0 0
1716360203824 728.0 0
1716360204358 729.0 0
1716360204888 730.0 0
1716360209117 731.0 0
1716360209634 732.0 0
1716360210185 733.0 0
1716360210685 734.0 0
1716360211227 735.0 0
1716360211756 736.0 0
1716360212288 737.0 0
1716360212807 738.0 0
1716360213339 739.0 0
1716360213861 740.0 0
1716360218352 741.0 0
1716360218871 742.0 0
1716360219396 743.0 0
1716360219922 744.0 0
1716360220435 745.0 0
1716360220946 746.0 0
1716360221470 747.0 0
1716360221989 748.0 0
1716360222525 749.0 0
1716360223056 750.0 0
1716360227815 751.0 0
1716360228338 752.0 0
1716360228873 753.0 0
1716360229460 754.0 0
1716360230037 755.0 0
1716360230576 756.0 0
1716360231124 757.0 0
1716360231672 758.0 0
1716360232242 759.0 0
1716360232806 760.0 0
1716360237744 761.0 0
1716360238285 762.0 0
1716360238834 763.0 0
1716360239340 764.0 0
1716360239837 765.0 0
1716360240351 766.0 0
1716360240868 767.0 0
1716360241388 768.0 0
1716360241925 769.0 0
1716360242454 770.0 0
1716360247287 771.0 0
1716360247806 772.0 0
1716360248347 773.0 0
1716360248879 774.0 0
1716360249425 775.0 0
1716360249949 776.0 0
1716360250471 777.0 0
1716360250997 778.0 0
1716360251548 779.0 0
1716360252062 780.0 0
1716360256832 781.0 0
1716360257354 782.0 0
1716360257876 783.0 0
1716360258400 784.0 0
1716360258936 785.0 0
1716360259467 786.0 0
1716360259984 787.0 0
1716360260499 788.0 0
1716360261017 789.0 0
1716360261530 790.0 0
1716360265679 791.0 0
1716360266182 792.0 0
1716360266684 793.0 0
1716360267192 794.0 0
1716360267738 795.0 0
1716360268258 796.0 0
1716360268776 797.0 0
1716360269283 798.0 0
1716360269806 799.0 0
1716360270321 800.0 0
1716360275366 801.0 0
1716360275900 802.0 0
1716360276431 803.0 0
1716360276967 804.0 0
1716360277507 805.0 0
1716360278035 806.0 0
1716360278567 807.0 0
1716360279109 808.0 0
1716360279738 809.0 0
1716360280307 810.0 0
1716360285307 811.0 0
1716360285808 812.0 0
1716360286316 813.0 0
1716360286819 814.0 0
1716360287331 815.0 0
1716360287835 816.0 0
1716360288334 817.0 0
1716360288850 818.0 0
1716360289361 819.0 0
1716360289861 820.0 0
1716360293481 821.0 0
1716360293975 822.0 0
1716360294499 823.0 0
1716360295003 824.0 0
1716360295515 825.0 0
1716360296029 826.0 0
1716360296542 827.0 0
1716360297081 828.0 0
1716360297596 829.0 0
1716360298100 830.0 0
1716360301807 831.0 0
1716360302310 832.0 0
1716360302815 833.0 0
1716360303328 834.0 0
1716360303849 835.0 0
1716360304393 836.0 0
1716360304942 837.0 0
1716360305476 838.0 0
1716360306026 839.0 0
1716360306630 840.0 0
1716360311368 841.0 0
1716360311916 842.0 0
1716360312433 843.0 0
1716360312964 844.0 0
1716360313474 845.0 0
1716360313990 846.0 0
1716360314509 847.0 0
1716360315012 848.0 0
1716360315520 849.0 0
1716360316051 850.0 0
1716360320496 851.0 0
1716360321014 852.0 0
1716360321538 853.0 0
1716360322048 854.0 0
1716360322585 855.0 0
1716360323096 856.0 0
1716360323606 857.0 0
1716360324127 858.0 0
1716360324695 859.0 0
1716360325223 860.0 0
1716360330552 861.0 0
1716360331095 862.0 0
1716360331616 863.0 0
1716360332153 864.0 0
1716360332672 865.0 0
1716360333210 866.0 0
1716360333741 867.0 0
1716360334255 868.0 0
1716360334770 869.0 0
1716360335301 870.0 0
1716360342055 871.0 0
1716360342595 872.0 0
1716360343122 873.0 0
1716360343680 874.0 0
1716360344254 875.0 0
1716360344774 876.0 0
1716360345316 877.0 0
1716360345854 878.0 0
1716360346383 879.0 0
1716360346909 880.0 0
1716360350667 881.0 0
1716360351165 882.0 0
1716360351680 883.0 0
1716360352215 884.0 0
1716360352718 885.0 0
1716360353236 886.0 0
1716360353762 887.0 0
1716360354287 888.0 0
1716360354800 889.0 0
1716360355306 890.0 0
1716360359584 891.0 0
1716360360083 892.0 0
1716360360591 893.0 0
1716360361094 894.0 0
1716360361599 895.0 0
1716360362102 896.0 0
1716360362606 897.0 0
1716360363113 898.0 0
1716360363603 899.0 0
1716360364102 900.0 0
1716360367155 901.0 0
1716360367654 902.0 0
1716360368174 903.0 0
1716360368696 904.0 0
1716360369226 905.0 0
1716360369742 906.0 0
1716360370253 907.0 0
1716360370757 908.0 0
1716360371264 909.0 0
1716360371771 910.0 0
1716360374928 911.0 0
1716360375441 912.0 0
1716360375961 913.0 0
1716360376489 914.0 0
1716360377020 915.0 0
1716360377540 916.0 0
1716360378056 917.0 0
1716360378564 918.0 0
1716360379073 919.0 0
1716360379581 920.0 0
1716360383004 921.0 0
1716360383496 922.0 0
1716360384010 923.0 0
1716360384519 924.0 0
1716360385032 925.0 0
1716360385556 926.0 0
1716360386059 927.0 0
1716360386563 928.0 0
1716360387072 929.0 0
1716360387571 930.0 0
1716360390991 931.0 0
1716360391521 932.0 0
1716360392025 933.0 0
1716360392540 934.0 0
1716360393041 935.0 0
1716360393555 936.0 0
1716360394059 937.0 0
1716360394587 938.0 0
1716360395094 939.0 0
1716360395601 940.0 0
1716360398718 941.0 0
1716360399210 942.0 0
1716360399718 943.0 0
1716360400236 944.0 0
1716360400753 945.0 0
1716360401259 946.0 0
1716360401755 947.0 0
1716360402258 948.0 0
1716360402752 949.0 0
1716360403258 950.0 0
1716360406958 951.0 0
1716360407470 952.0 0
1716360407978 953.0 0
1716360408502 954.0 0
1716360409001 955.0 0
1716360409511 956.0 0
1716360410021 957.0 0
1716360410530 958.0 0
1716360411029 959.0 0
1716360411535 960.0 0
1716360415315 961.0 0
1716360415830 962.0 0
1716360416332 963.0 0
1716360416841 964.0 0
1716360417353 965.0 0
1716360417861 966.0 0
1716360418364 967.0 0
1716360418866 968.0 0
1716360419364 969.0 0
1716360419880 970.0 0
1716360423183 971.0 0
1716360423676 972.0 0
1716360424183 973.0 0
1716360424691 974.0 0
1716360425201 975.0 0
1716360425719 976.0 0
1716360426234 977.0 0
1716360426750 978.0 0
1716360427265 979.0 0
1716360427763 980.0 0
1716360431232 981.0 0
1716360431741 982.0 0
1716360432248 983.0 0
1716360432782 984.0 0
1716360433305 985.0 0
1716360433852 986.0 0
1716360434378 987.0 0
1716360434904 988.0 0
1716360435467 989.0 0
1716360435995 990.0 0
1716360440609 991.0 0
1716360441120 992.0 0
1716360441658 993.0 0
1716360442171 994.0 0
1716360442669 995.0 0
1716360443170 996.0 0
1716360443673 997.0 0
1716360444173 998.0 0
1716360444679 999.0 0
1716360445182 1000.0 0
1716360448951 1001.0 0
1716360449463 1002.0 0
1716360450003 1003.0 0
1716360450544 1004.0 0
1716360451053 1005.0 0
1716360451558 1006.0 0
1716360452072 1007.0 0
1716360452592 1008.0 0
1716360453104 1009.0 0
1716360453629 1010.0 0
1716360457924 1011.0 0
1716360458418 1012.0 0
1716360458925 1013.0 0
1716360459441 1014.0 0
1716360460039 1015.0 0
1716360460585 1016.0 0
1716360461133 1017.0 0
1716360461658 1018.0 0
1716360462224 1019.0 0
1716360462728 1020.0 0
1716360467521 1021.0 0
1716360468015 1022.0 0
1716360468529 1023.0 0
1716360469049 1024.0 0
1716360469579 1025.0 0
1716360470096 1026.0 0
1716360470603 1027.0 0
1716360471117 1028.0 0
1716360471631 1029.0 0
1716360472138 1030.0 0
1716360476537 1031.0 0
1716360477039 1032.0 0
1716360477558 1033.0 0
1716360478075 1034.0 0
1716360478586 1035.0 0
1716360479099 1036.0 0
1716360479657 1037.0 0
1716360480173 1038.0 0
1716360480681 1039.0 0
1716360481197 1040.0 0
1716360485310 1041.0 0
1716360485819 1042.0 0
1716360486330 1043.0 0
1716360486837 1044.0 0
1716360487342 1045.0 0
1716360487854 1046.0 0
1716360488361 1047.0 0
1716360488874 1048.0 0
1716360489384 1049.0 0
1716360489892 1050.0 0
1716360493848 1051.0 0
1716360494369 1052.0 0
1716360494893 1053.0 0
1716360495407 1054.0 0
1716360495936 1055.0 0
1716360496475 1056.0 0
1716360497002 1057.0 0
1716360497517 1058.0 0
1716360498025 1059.0 0
1716360498537 1060.0 0
1716360502164 1061.0 0
1716360502660 1062.0 0
1716360503171 1063.0 0
1716360503681 1064.0 0
1716360504185 1065.0 0
1716360504703 1066.0 0
1716360505207 1067.0 0
1716360505720 1068.0 0
1716360506231 1069.0 0
1716360506736 1070.0 0
1716360510767 1071.0 0
1716360511279 1072.0 0
1716360511787 1073.0 0
1716360512300 1074.0 0
1716360512812 1075.0 0
1716360513321 1076.0 0
1716360513835 1077.0 0
1716360514345 1078.0 0
1716360514854 1079.0 0
1716360515361 1080.0 0
1716360518537 1081.0 0
1716360519058 1082.0 0
1716360519564 1083.0 0
1716360520094 1084.0 0
1716360520602 1085.0 0
1716360521106 1086.0 0
1716360521614 1087.0 0
1716360522116 1088.0 0
1716360522630 1089.0 0
1716360523141 1090.0 0
1716360526569 1091.0 0
1716360527075 1092.0 0
1716360527603 1093.0 0
1716360528111 1094.0 0
1716360528626 1095.0 0
1716360529141 1096.0 0
1716360529658 1097.0 0
1716360530179 1098.0 0
1716360530684 1099.0 0
1716360531225 1100.0 0
1716360538913 1101.0 0
1716360539439 1102.0 0
1716360539961 1103.0 0
1716360540480 1104.0 0
1716360541002 1105.0 0
1716360541534 1106.0 0
1716360542044 1107.0 0
1716360542552 1108.0 0
1716360543055 1109.0 0
1716360543585 1110.0 0
1716360548146 1111.0 0
1716360548657 1112.0 0
1716360549162 1113.0 0
1716360549690 1114.0 0
1716360550327 1115.0 0
1716360550872 1116.0 0
1716360551383 1117.0 0
1716360551914 1118.0 0
1716360552464 1119.0 0
1716360552980 1120.0 0
1716360557357 1121.0 0
1716360557869 1122.0 0
1716360558418 1123.0 0
1716360558932 1124.0 0
1716360559456 1125.0 0
1716360559975 1126.0 0
1716360560489 1127.0 0
1716360561004 1128.0 0
1716360561515 1129.0 0
1716360562031 1130.0 0
1716360566650 1131.0 0
1716360567154 1132.0 0
1716360567665 1133.0 0
1716360568195 1134.0 0
1716360568710 1135.0 0
1716360569215 1136.0 0
1716360569731 1137.0 0
1716360570242 1138.0 0
1716360570749 1139.0 0
1716360571270 1140.0 0
1716360575797 1141.0 0
1716360576303 1142.0 0
1716360576830 1143.0 0
1716360577351 1144.0 0
1716360577860 1145.0 0
1716360578369 1146.0 0
1716360578898 1147.0 0
1716360579428 1148.0 0
1716360579940 1149.0 0
1716360580443 1150.0 0
1716360584631 1151.0 0
1716360585147 1152.0 0
1716360585663 1153.0 0
1716360586303 1154.0 0
1716360586841 1155.0 0
1716360587366 1156.0 0
1716360587887 1157.0 0
1716360588391 1158.0 0
1716360588903 1159.0 0
1716360589416 1160.0 0
1716360593822 1161.0 0
1716360594340 1162.0 0
1716360594863 1163.0 0
1716360595379 1164.0 0
1716360595908 1165.0 0
1716360596422 1166.0 0
1716360596921 1167.0 0
1716360597441 1168.0 0
1716360597956 1169.0 0
1716360598485 1170.0 0
1716360603520 1171.0 0
1716360604034 1172.0 0
1716360604565 1173.0 0
1716360605106 1174.0 0
1716360605640 1175.0 0
1716360606151 1176.0 0
1716360606665 1177.0 0
1716360607180 1178.0 0
1716360607718 1179.0 0
1716360608243 1180.0 0
1716360611704 1181.0 0
1716360612196 1182.0 0
1716360612732 1183.0 0
1716360613247 1184.0 0
1716360613765 1185.0 0
1716360614297 1186.0 0
1716360614816 1187.0 0
1716360615330 1188.0 0
1716360615834 1189.0 0
1716360616344 1190.0 0
1716360619949 1191.0 0
1716360620447 1192.0 0
1716360620963 1193.0 0
1716360621473 1194.0 0
1716360621983 1195.0 0
1716360622502 1196.0 0
1716360623008 1197.0 0
1716360623514 1198.0 0
1716360624026 1199.0 0
1716360624543 1200.0 0
1716360628538 1201.0 0
1716360629042 1202.0 0
1716360629551 1203.0 0
1716360630059 1204.0 0
1716360630577 1205.0 0
1716360631077 1206.0 0
1716360631587 1207.0 0
1716360632101 1208.0 0
1716360632616 1209.0 0
1716360633127 1210.0 0
1716360636404 1211.0 0
1716360636898 1212.0 0
1716360637426 1213.0 0
1716360637942 1214.0 0
1716360638447 1215.0 0
1716360638954 1216.0 0
1716360639464 1217.0 0
1716360639983 1218.0 0
1716360640486 1219.0 0
1716360640990 1220.0 0
1716360644289 1221.0 0
1716360644789 1222.0 0
1716360645309 1223.0 0
1716360645815 1224.0 0
1716360646330 1225.0 0
1716360646836 1226.0 0
1716360647331 1227.0 0
1716360647833 1228.0 0
1716360648334 1229.0 0
1716360648849 1230.0 0
1716360652717 1231.0 0
1716360653214 1232.0 0
1716360653756 1233.0 0
1716360654278 1234.0 0
1716360654787 1235.0 0
1716360655313 1236.0 0
1716360655829 1237.0 0
1716360656338 1238.0 0
1716360656852 1239.0 0
1716360657357 1240.0 0
1716360660740 1241.0 0
1716360661237 1242.0 0
1716360661769 1243.0 0
1716360662282 1244.0 0
1716360662816 1245.0 0
1716360663311 1246.0 0
1716360663819 1247.0 0
1716360664328 1248.0 0
1716360664842 1249.0 0
1716360665344 1250.0 0
1716360669231 1251.0 0
1716360669773 1252.0 0
1716360670278 1253.0 0
1716360670790 1254.0 0
1716360671297 1255.0 0
1716360671804 1256.0 0
1716360672305 1257.0 0
1716360672812 1258.0 0
1716360673327 1259.0 0
1716360673841 1260.0 0
1716360676801 1261.0 0
1716360677331 1262.0 0
1716360677844 1263.0 0
1716360678361 1264.0 0
1716360678875 1265.0 0
1716360679392 1266.0 0
1716360679903 1267.0 0
1716360680403 1268.0 0
1716360680914 1269.0 0
1716360681417 1270.0 0
1716360684427 1271.0 0
1716360684935 1272.0 0
1716360685438 1273.0 0
1716360685937 1274.0 0
1716360686450 1275.0 0
1716360686962 1276.0 0
1716360687466 1277.0 0
1716360687974 1278.0 0
1716360688484 1279.0 0
1716360688993 1280.0 0
1716360692714 1281.0 0
1716360693247 1282.0 0
1716360693820 1283.0 0
1716360694359 1284.0 0
1716360694889 1285.0 0
1716360695387 1286.0 0
1716360695906 1287.0 0
1716360696460 1288.0 0
1716360697001 1289.0 0
1716360697526 1290.0 0
1716360702504 1291.0 0
1716360703034 1292.0 0
1716360703567 1293.0 0
1716360704101 1294.0 0
1716360704612 1295.0 0
1716360705136 1296.0 0
1716360705682 1297.0 0
1716360706203 1298.0 0
1716360706734 1299.0 0
1716360707265 1300.0 0
1716360712189 1301.0 0
1716360712703 1302.0 0
1716360713225 1303.0 0
1716360713755 1304.0 0
1716360714272 1305.0 0
1716360714775 1306.0 0
1716360715297 1307.0 0
1716360715816 1308.0 0
1716360716365 1309.0 0
1716360716901 1310.0 0
1716360721755 1311.0 0
1716360722262 1312.0 0
1716360722792 1313.0 0
1716360723317 1314.0 0
1716360723828 1315.0 0
1716360724338 1316.0 0
1716360724862 1317.0 0
1716360725374 1318.0 0
1716360725905 1319.0 0
1716360726426 1320.0 0
1716360730962 1321.0 0
1716360731475 1322.0 0
1716360732004 1323.0 0
1716360732527 1324.0 0
1716360733033 1325.0 0
1716360733531 1326.0 0
1716360734054 1327.0 0
1716360734597 1328.0 0
1716360735096 1329.0 0
1716360735606 1330.0 0
1716360739667 1331.0 0
1716360740165 1332.0 0
1716360740687 1333.0 0
1716360741207 1334.0 0
1716360741717 1335.0 0
1716360742226 1336.0 0
1716360742746 1337.0 0
1716360743248 1338.0 0
1716360743757 1339.0 0
1716360744265 1340.0 0
1716360748061 1341.0 0
1716360748573 1342.0 0
1716360749088 1343.0 0
1716360749605 1344.0 0
1716360750119 1345.0 0
1716360750641 1346.0 0
1716360751155 1347.0 0
1716360751657 1348.0 0
1716360752162 1349.0 0
1716360752664 1350.0 0
1716360755974 1351.0 0
1716360756487 1352.0 0
1716360757024 1353.0 0
1716360757529 1354.0 0
1716360758038 1355.0 0
1716360758547 1356.0 0
1716360759044 1357.0 0
1716360759544 1358.0 0
1716360760039 1359.0 0
1716360760541 1360.0 0
1716360764023 1361.0 0
1716360764522 1362.0 0
1716360765039 1363.0 0
1716360765552 1364.0 0
1716360766061 1365.0 0
1716360766559 1366.0 0
1716360767061 1367.0 0
1716360767572 1368.0 0
1716360768070 1369.0 0
1716360768597 1370.0 0
1716360772528 1371.0 0
1716360773044 1372.0 0
1716360773564 1373.0 0
1716360774067 1374.0 0
1716360774577 1375.0 0
1716360775086 1376.0 0
1716360775590 1377.0 0
1716360776103 1378.0 0
1716360776614 1379.0 0
1716360777118 1380.0 0
1716360786861 1381.0 0
1716360787413 1382.0 0
1716360787923 1383.0 0
1716360788446 1384.0 0
1716360788967 1385.0 0
1716360789481 1386.0 0
1716360789984 1387.0 0
1716360790493 1388.0 0
1716360791005 1389.0 0
1716360791515 1390.0 0
1716360795628 1391.0 0
1716360796130 1392.0 0
1716360796654 1393.0 0
1716360797168 1394.0 0
1716360797742 1395.0 0
1716360798324 1396.0 0
1716360798839 1397.0 0
1716360799375 1398.0 0
1716360799901 1399.0 0
1716360800419 1400.0 0
1716360805145 1401.0 0
1716360805678 1402.0 0
1716360806226 1403.0 0
1716360806738 1404.0 0
1716360807248 1405.0 0
1716360807771 1406.0 0
1716360808279 1407.0 0
1716360808794 1408.0 0
1716360809301 1409.0 0
1716360809818 1410.0 0
1716360814452 1411.0 0
1716360814960 1412.0 0
1716360815483 1413.0 0
1716360815998 1414.0 0
1716360816541 1415.0 0
1716360817050 1416.0 0
1716360817557 1417.0 0
1716360818068 1418.0 0
1716360818581 1419.0 0
1716360819091 1420.0 0
1716360822435 1421.0 0
1716360822949 1422.0 0
1716360823467 1423.0 0
1716360823989 1424.0 0
1716360824505 1425.0 0
1716360825023 1426.0 0
1716360825535 1427.0 0
1716360826048 1428.0 0
1716360826544 1429.0 0
1716360827047 1430.0 0
1716360830721 1431.0 0
1716360831221 1432.0 0
1716360831732 1433.0 0
1716360832267 1434.0 0
1716360832789 1435.0 0
1716360833302 1436.0 0
1716360833802 1437.0 0
1716360834317 1438.0 0
1716360834818 1439.0 0
1716360835330 1440.0 0
1716360839524 1441.0 0
1716360840033 1442.0 0
1716360840568 1443.0 0
1716360841096 1444.0 0
1716360841601 1445.0 0
1716360842124 1446.0 0
1716360842686 1447.0 0
1716360843214 1448.0 0
1716360843762 1449.0 0
1716360844295 1450.0 0
1716360849316 1451.0 0
1716360849821 1452.0 0
1716360850350 1453.0 0
1716360850857 1454.0 0
1716360851357 1455.0 0
1716360851868 1456.0 0
1716360852382 1457.0 0
1716360852883 1458.0 0
1716360853388 1459.0 0
1716360853897 1460.0 0
1716360857933 1461.0 0
1716360858443 1462.0 0
1716360858971 1463.0 0
1716360859471 1464.0 0
1716360859979 1465.0 0
1716360860481 1466.0 0
1716360860989 1467.0 0
1716360861501 1468.0 0
1716360862013 1469.0 0
1716360862537 1470.0 0
1716360865623 1471.0 0
1716360866148 1472.0 0
1716360866661 1473.0 0
1716360867178 1474.0 0
1716360867697 1475.0 0
1716360868198 1476.0 0
1716360868702 1477.0 0
1716360869212 1478.0 0
1716360869722 1479.0 0
1716360870232 1480.0 0
1716360873620 1481.0 0
1716360874168 1482.0 0
1716360874684 1483.0 0
1716360875231 1484.0 0
1716360875763 1485.0 0
1716360876276 1486.0 0
1716360876813 1487.0 0
1716360877427 1488.0 0
1716360877962 1489.0 0
1716360878498 1490.0 0
1716360884029 1491.0 0
1716360884526 1492.0 0
1716360885032 1493.0 0
1716360885558 1494.0 0
1716360886091 1495.0 0
1716360886650 1496.0 0
1716360887232 1497.0 0
1716360887755 1498.0 0
1716360888269 1499.0 0
1716360888784 1500.0 0
1716360893512 1501.0 0
1716360894005 1502.0 0
1716360894510 1503.0 0
1716360895031 1504.0 0
1716360895554 1505.0 0
1716360896071 1506.0 0
1716360896577 1507.0 0
1716360897093 1508.0 0
1716360897606 1509.0 0
1716360898119 1510.0 0
1716360902325 1511.0 0
1716360902860 1512.0 0
1716360903375 1513.0 0
1716360903912 1514.0 0
1716360904440 1515.0 0
1716360904962 1516.0 0
1716360905482 1517.0 0
1716360905998 1518.0 0
1716360906504 1519.0 0
1716360907015 1520.0 0
1716360911555 1521.0 0
1716360912085 1522.0 0
1716360912610 1523.0 0
1716360913124 1524.0 0
1716360913636 1525.0 0
1716360914151 1526.0 0
1716360914685 1527.0 0
1716360915191 1528.0 0
1716360915699 1529.0 0
1716360916206 1530.0 0
1716360920738 1531.0 0
1716360921237 1532.0 0
1716360921761 1533.0 0
1716360922284 1534.0 0
1716360922796 1535.0 0
1716360923321 1536.0 0
1716360923836 1537.0 0
1716360924338 1538.0 0
1716360924836 1539.0 0
1716360925338 1540.0 0
1716360928547 1541.0 0
1716360929032 1542.0 0
1716360929542 1543.0 0
1716360930062 1544.0 0
1716360930573 1545.0 0
1716360931075 1546.0 0
1716360931579 1547.0 0
1716360932079 1548.0 0
1716360932587 1549.0 0
1716360933095 1550.0 0
1716360936650 1551.0 0
1716360937140 1552.0 0
1716360937654 1553.0 0
1716360938165 1554.0 0
1716360938670 1555.0 0
1716360939183 1556.0 0
1716360939714 1557.0 0
1716360940233 1558.0 0
1716360940737 1559.0 0
1716360941265 1560.0 0
1716360944301 1561.0 0
1716360944788 1562.0 0
1716360945296 1563.0 0
1716360945801 1564.0 0
1716360946312 1565.0 0
1716360946815 1566.0 0
1716360947321 1567.0 0
1716360947825 1568.0 0
1716360948332 1569.0 0
1716360948849 1570.0 0
1716360952121 1571.0 0
1716360952635 1572.0 0
1716360953142 1573.0 0
1716360953650 1574.0 0
1716360954169 1575.0 0
1716360954677 1576.0 0
1716360955179 1577.0 0
1716360955698 1578.0 0
1716360956208 1579.0 0
1716360956716 1580.0 0
1716360960563 1581.0 0
1716360961063 1582.0 0
1716360961591 1583.0 0
1716360962110 1584.0 0
1716360962605 1585.0 0
1716360963119 1586.0 0
1716360963648 1587.0 0
1716360964168 1588.0 0
1716360964679 1589.0 0
1716360965188 1590.0 0
1716360968855 1591.0 0
1716360969364 1592.0 0
1716360969867 1593.0 0
1716360970377 1594.0 0
1716360970913 1595.0 0
1716360971499 1596.0 0
1716360972009 1597.0 0
1716360972519 1598.0 0
1716360973018 1599.0 0
1716360973526 1600.0 0
1716360977914 1601.0 0
1716360978412 1602.0 0
1716360978926 1603.0 0
1716360979436 1604.0 0
1716360979956 1605.0 0
1716360980464 1606.0 0
1716360980960 1607.0 0
1716360981462 1608.0 0
1716360981963 1609.0 0
1716360982473 1610.0 0
1716360986384 1611.0 0
1716360986887 1612.0 0
1716360987408 1613.0 0
1716360987914 1614.0 0
1716360988426 1615.0 0
1716360988934 1616.0 0
1716360989441 1617.0 0
1716360989951 1618.0 0
1716360990459 1619.0 0
1716360990961 1620.0 0
1716360994830 1621.0 0
1716360995353 1622.0 0
1716360995878 1623.0 0
1716360996410 1624.0 0
1716360996950 1625.0 0
1716360997463 1626.0 0
1716360997998 1627.0 0
1716360998502 1628.0 0
1716360999021 1629.0 0
1716360999556 1630.0 0
1716361003850 1631.0 0
1716361004385 1632.0 0
1716361004928 1633.0 0
1716361005458 1634.0 0
1716361005991 1635.0 0
1716361006593 1636.0 0
1716361007125 1637.0 0
1716361007669 1638.0 0
1716361008192 1639.0 0
1716361008719 1640.0 0
1716361013511 1641.0 0
1716361014033 1642.0 0
1716361014547 1643.0 0
1716361015056 1644.0 0
1716361015572 1645.0 0
1716361016076 1646.0 0
1716361016587 1647.0 0
1716361017113 1648.0 0
1716361017734 1649.0 0
1716361018261 1650.0 0
1716361023217 1651.0 0
1716361023725 1652.0 0
1716361024230 1653.0 0
1716361024748 1654.0 0
1716361025281 1655.0 0
1716361025800 1656.0 0
1716361026314 1657.0 0
1716361026833 1658.0 0
1716361027366 1659.0 0
1716361027899 1660.0 0
1716361032477 1661.0 0
1716361033073 1662.0 0
1716361033611 1663.0 0
1716361034201 1664.0 0
1716361034737 1665.0 0
1716361035279 1666.0 0
1716361035859 1667.0 0
1716361036402 1668.0 0
1716361036944 1669.0 0
1716361037474 1670.0 0
1716361041900 1671.0 0
1716361042408 1672.0 0
1716361042944 1673.0 0
1716361043471 1674.0 0
1716361043986 1675.0 0
1716361044504 1676.0 0
1716361045009 1677.0 0
1716361045530 1678.0 0
1716361046047 1679.0 0
1716361046558 1680.0 0
1716361050618 1681.0 0
1716361051155 1682.0 0
1716361051696 1683.0 0
1716361052279 1684.0 0
1716361052805 1685.0 0
1716361053334 1686.0 0
1716361053871 1687.0 0
1716361054404 1688.0 0
1716361054928 1689.0 0
1716361055453 1690.0 0
1716361060031 1691.0 0
1716361060598 1692.0 0
1716361061254 1693.0 0
1716361061810 1694.0 0
1716361062378 1695.0 0
1716361062918 1696.0 0
1716361063423 1697.0 0
1716361063920 1698.0 0
1716361064508 1699.0 0
1716361065183 1700.0 0
1716361070284 1701.0 0
1716361070950 1702.0 0
1716361071483 1703.0 0
1716361072032 1704.0 0
1716361072547 1705.0 0
1716361073052 1706.0 0
1716361073578 1707.0 0
1716361074078 1708.0 0
1716361074590 1709.0 0
1716361075211 1710.0 0
1716361081465 1711.0 0
1716361081976 1712.0 0
1716361082555 1713.0 0
1716361083117 1714.0 0
1716361083665 1715.0 0
1716361084252 1716.0 0
1716361084774 1717.0 0
1716361085346 1718.0 0
1716361085901 1719.0 0
1716361086410 1720.0 0
1716361103205 1721.0 0
1716361103814 1722.0 0
1716361104334 1723.0 0
1716361104862 1724.0 0
1716361105372 1725.0 0
1716361105891 1726.0 0
1716361106414 1727.0 0
1716361106940 1728.0 0
1716361107493 1729.0 0
1716361108012 1730.0 0
1716361113191 1731.0 0
1716361113713 1732.0 0
1716361114227 1733.0 0
1716361114742 1734.0 0
1716361115253 1735.0 0
1716361115780 1736.0 0
1716361116303 1737.0 0
1716361116810 1738.0 0
1716361117326 1739.0 0
1716361117841 1740.0 0
1716361122874 1741.0 0
1716361123381 1742.0 0
1716361123897 1743.0 0
1716361124409 1744.0 0
1716361124932 1745.0 0
1716361125438 1746.0 0
1716361125942 1747.0 0
1716361126447 1748.0 0
1716361126952 1749.0 0
1716361127462 1750.0 0
1716361131673 1751.0 0
1716361132172 1752.0 0
1716361132702 1753.0 0
1716361133291 1754.0 0
1716361133821 1755.0 0
1716361134334 1756.0 0
1716361134840 1757.0 0
1716361135352 1758.0 0
1716361135862 1759.0 0
1716361136381 1760.0 0
1716361140754 1761.0 0
1716361141258 1762.0 0
1716361141767 1763.0 0
1716361142282 1764.0 0
1716361142797 1765.0 0
1716361143310 1766.0 0
1716361143802 1767.0 0
1716361144294 1768.0 0
1716361144801 1769.0 0
1716361145305 1770.0 0
1716361149445 1771.0 0
1716361149957 1772.0 0
1716361150480 1773.0 0
1716361151020 1774.0 0
1716361151535 1775.0 0
1716361152052 1776.0 0
1716361152559 1777.0 0
1716361153065 1778.0 0
1716361153571 1779.0 0
1716361154097 1780.0 0
1716361157574 1781.0 0
1716361158092 1782.0 0
1716361158597 1783.0 0
1716361159110 1784.0 0
1716361159616 1785.0 0
1716361160134 1786.0 0
1716361160643 1787.0 0
1716361161149 1788.0 0
1716361161652 1789.0 0
1716361162164 1790.0 0
1716361166357 1791.0 0
1716361166858 1792.0 0
1716361167376 1793.0 0
1716361167895 1794.0 0
1716361168461 1795.0 0
1716361168970 1796.0 0
1716361169475 1797.0 0
1716361169997 1798.0 0
1716361170513 1799.0 0
1716361171022 1800.0 0
1716361174807 1801.0 0
1716361175307 1802.0 0
1716361175826 1803.0 0
1716361176341 1804.0 0
1716361176842 1805.0 0
1716361177355 1806.0 0
1716361177862 1807.0 0
1716361178366 1808.0 0
1716361178865 1809.0 0
1716361179373 1810.0 0
1716361183053 1811.0 0
1716361183567 1812.0 0
1716361184120 1813.0 0
1716361184629 1814.0 0
1716361185143 1815.0 0
1716361185673 1816.0 0
1716361186227 1817.0 0
1716361186744 1818.0 0
1716361187256 1819.0 0
1716361187768 1820.0 0
1716361192318 1821.0 0
1716361192808 1822.0 0
1716361193320 1823.0 0
1716361193821 1824.0 0
1716361194339 1825.0 0
1716361194854 1826.0 0
1716361195359 1827.0 0
1716361195883 1828.0 0
1716361196390 1829.0 0
1716361196901 1830.0 0
1716361201305 1831.0 0
1716361201829 1832.0 0
1716361202339 1833.0 0
1716361202876 1834.0 0
1716361203385 1835.0 0
1716361203897 1836.0 0
1716361204408 1837.0 0
1716361204927 1838.0 0
1716361205446 1839.0 0
1716361205975 1840.0 0
1716361209953 1841.0 0
1716361210458 1842.0 0
1716361210969 1843.0 0
1716361211502 1844.0 0
1716361212002 1845.0 0
1716361212515 1846.0 0
1716361213027 1847.0 0
1716361213531 1848.0 0
1716361214041 1849.0 0
1716361214558 1850.0 0
1716361217992 1851.0 0
1716361218502 1852.0 0
1716361219010 1853.0 0
1716361219521 1854.0 0
1716361220042 1855.0 0
1716361220566 1856.0 0
1716361221079 1857.0 0
1716361221582 1858.0 0
1716361222089 1859.0 0
1716361222602 1860.0 0
1716361225738 1861.0 0
1716361226243 1862.0 0
1716361226762 1863.0 0
1716361227263 1864.0 0
1716361227761 1865.0 0
1716361228282 1866.0 0
1716361228793 1867.0 0
1716361229298 1868.0 0
1716361229797 1869.0 0
1716361230315 1870.0 0
1716361233561 1871.0 0
1716361234056 1872.0 0
1716361234587 1873.0 0
1716361235089 1874.0 0
1716361235597 1875.0 0
1716361236098 1876.0 0
1716361236596 1877.0 0
1716361237103 1878.0 0
1716361237609 1879.0 0
1716361238109 1880.0 0
1716361241362 1881.0 0
1716361241864 1882.0 0
1716361242360 1883.0 0
1716361242859 1884.0 0
1716361243363 1885.0 0
1716361243872 1886.0 0
1716361244379 1887.0 0
1716361244905 1888.0 0
1716361245415 1889.0 0
1716361245927 1890.0 0
1716361249428 1891.0 0
1716361249926 1892.0 0
1716361250467 1893.0 0
1716361250974 1894.0 0
1716361251480 1895.0 0
1716361251991 1896.0 0
1716361252495 1897.0 0
1716361253007 1898.0 0
1716361253521 1899.0 0
1716361254036 1900.0 0
1716361257487 1901.0 0
1716361258005 1902.0 0
1716361258537 1903.0 0
1716361259058 1904.0 0
1716361259562 1905.0 0
1716361260074 1906.0 0
1716361260581 1907.0 0
1716361261090 1908.0 0
1716361261606 1909.0 0
1716361262117 1910.0 0
1716361266361 1911.0 0
1716361266866 1912.0 0
1716361267375 1913.0 0
1716361267885 1914.0 0
1716361268384 1915.0 0
1716361268887 1916.0 0
1716361269409 1917.0 0
1716361269927 1918.0 0
1716361270427 1919.0 0
1716361270937 1920.0 0
1716361274140 1921.0 0
1716361274643 1922.0 0
1716361275164 1923.0 0
1716361275676 1924.0 0
1716361276179 1925.0 0
1716361276689 1926.0 0
1716361277206 1927.0 0
1716361277711 1928.0 0
1716361278219 1929.0 0
1716361278719 1930.0 0
1716361281955 1931.0 0
1716361282449 1932.0 0
1716361282989 1933.0 0
1716361283537 1934.0 0
1716361284112 1935.0 0
1716361284635 1936.0 0
1716361285174 1937.0 0
1716361285705 1938.0 0
1716361286351 1939.0 0
1716361286877 1940.0 0
1716361291701 1941.0 0
1716361292238 1942.0 0
1716361292782 1943.0 0
1716361293298 1944.0 0
1716361293813 1945.0 0
1716361294331 1946.0 0
1716361294848 1947.0 0
1716361295379 1948.0 0
1716361295898 1949.0 0
1716361296423 1950.0 0
1716361301262 1951.0 0
1716361301778 1952.0 0
1716361302311 1953.0 0
1716361302825 1954.0 0
1716361303343 1955.0 0
1716361303848 1956.0 0
1716361304370 1957.0 0
1716361304891 1958.0 0
1716361305395 1959.0 0
1716361305903 1960.0 0
1716361309960 1961.0 0
1716361310453 1962.0 0
1716361310977 1963.0 0
1716361311489 1964.0 0
1716361312002 1965.0 0
1716361312511 1966.0 0
1716361313019 1967.0 0
1716361313529 1968.0 0
1716361314042 1969.0 0
1716361314554 1970.0 0
1716361318825 1971.0 0
1716361319334 1972.0 0
1716361319857 1973.0 0
1716361320365 1974.0 0
1716361320864 1975.0 0
1716361321366 1976.0 0
1716361321873 1977.0 0
1716361322390 1978.0 0
1716361322906 1979.0 0
1716361323416 1980.0 0
1716361327153 1981.0 0
1716361327669 1982.0 0
1716361328262 1983.0 0
1716361328802 1984.0 0
1716361329312 1985.0 0
1716361329827 1986.0 0
1716361330360 1987.0 0
1716361330891 1988.0 0
1716361331419 1989.0 0
1716361331929 1990.0 0
1716361335934 1991.0 0
1716361336441 1992.0 0
1716361336961 1993.0 0
1716361337482 1994.0 0
1716361338009 1995.0 0
1716361338518 1996.0 0
1716361339025 1997.0 0
1716361339540 1998.0 0
1716361340046 1999.0 0
1716361340553 2000.0 0
1716361344288 2001.0 0
1716361344799 2002.0 0
1716361345335 2003.0 0
1716361345851 2004.0 0
1716361346364 2005.0 0
1716361346886 2006.0 0
1716361347392 2007.0 0
1716361347908 2008.0 0
1716361348419 2009.0 0
1716361348950 2010.0 0
1716361352852 2011.0 0
1716361353361 2012.0 0
1716361353878 2013.0 0
1716361354385 2014.0 0
1716361354892 2015.0 0
1716361355399 2016.0 0
1716361355904 2017.0 0
1716361356414 2018.0 0
1716361356922 2019.0 0
1716361357430 2020.0 0
1716361361488 2021.0 0
1716361362006 2022.0 0
1716361362506 2023.0 0
1716361363033 2024.0 0
1716361363542 2025.0 0
1716361364065 2026.0 0
1716361364572 2027.0 0
1716361365085 2028.0 0
1716361365588 2029.0 0
1716361366157 2030.0 0
1716361370402 2031.0 0
1716361370917 2032.0 0
1716361371430 2033.0 0
1716361371947 2034.0 0
1716361372463 2035.0 0
1716361373002 2036.0 0
1716361373520 2037.0 0
1716361374048 2038.0 0
1716361374553 2039.0 0
1716361375065 2040.0 0
1716361379520 2041.0 0
1716361380029 2042.0 0
1716361380534 2043.0 0
1716361381050 2044.0 0
1716361381562 2045.0 0
1716361382067 2046.0 0
1716361382571 2047.0 0
1716361383077 2048.0 0
1716361383602 2049.0 0
1716361384121 2050.0 0
1716361387383 2051.0 0
1716361387868 2052.0 0
1716361388393 2053.0 0
1716361388922 2054.0 0
1716361389426 2055.0 0
1716361389932 2056.0 0
1716361390431 2057.0 0
1716361390937 2058.0 0
1716361391439 2059.0 0
1716361391935 2060.0 0
1716361395475 2061.0 0
1716361395993 2062.0 0
1716361396505 2063.0 0
1716361397011 2064.0 0
1716361397532 2065.0 0
1716361398043 2066.0 0
1716361398551 2067.0 0
1716361399064 2068.0 0
1716361399565 2069.0 0
1716361400066 2070.0 0
1716361403199 2071.0 0
1716361403701 2072.0 0
1716361404211 2073.0 0
1716361404722 2074.0 0
1716361405259 2075.0 0
1716361405760 2076.0 0
1716361406288 2077.0 0
1716361406808 2078.0 0
1716361407327 2079.0 0
1716361407863 2080.0 0
1716361411416 2081.0 0
1716361411936 2082.0 0
1716361412511 2083.0 0
1716361413056 2084.0 0
1716361413584 2085.0 0
1716361414125 2086.0 0
1716361414669 2087.0 0
1716361415210 2088.0 0
1716361415776 2089.0 0
1716361416326 2090.0 0
1716361421775 2091.0 0
1716361422279 2092.0 0
1716361422787 2093.0 0
1716361423320 2094.0 0
1716361423832 2095.0 0
1716361424339 2096.0 0
1716361424889 2097.0 0
1716361425419 2098.0 0
1716361425925 2099.0 0
1716361426443 2100.0 0
1716361431485 2101.0 0
1716361432001 2102.0 0
1716361432509 2103.0 0
1716361433025 2104.0 0
1716361433572 2105.0 0
1716361434122 2106.0 0
1716361434729 2107.0 0
1716361435309 2108.0 0
1716361435876 2109.0 0
1716361436517 2110.0 0
1716361442266 2111.0 0
1716361442788 2112.0 0
1716361443349 2113.0 0
1716361443911 2114.0 0
1716361444481 2115.0 0
1716361445009 2116.0 0
1716361445570 2117.0 0
1716361446136 2118.0 0
1716361446708 2119.0 0
1716361447232 2120.0 0
1716361452831 2121.0 0
1716361453375 2122.0 0
1716361453913 2123.0 0
1716361454488 2124.0 0
1716361455034 2125.0 0
1716361455575 2126.0 0
1716361456106 2127.0 0
1716361456645 2128.0 0
1716361457185 2129.0 0
1716361457724 2130.0 0
1716361463261 2131.0 0
1716361463785 2132.0 0
1716361464311 2133.0 0
1716361464851 2134.0 0
1716361465409 2135.0 0
1716361465946 2136.0 0
1716361466527 2137.0 0
1716361467054 2138.0 0
1716361467573 2139.0 0
1716361468150 2140.0 0
1716361472977 2141.0 0
1716361473489 2142.0 0
1716361474011 2143.0 0
1716361474538 2144.0 0
1716361475050 2145.0 0
1716361475555 2146.0 0
1716361476113 2147.0 0
1716361476652 2148.0 0
1716361477169 2149.0 0
1716361477719 2150.0 0
1716361502634 2151.0 0
1716361503225 2152.0 0
1716361503779 2153.0 0
1716361504311 2154.0 0
1716361504889 2155.0 0
1716361505419 2156.0 0
1716361505943 2157.0 0
1716361506457 2158.0 0
1716361506972 2159.0 0
1716361507478 2160.0 0
1716361512517 2161.0 0
1716361513031 2162.0 0
1716361513552 2163.0 0
1716361514093 2164.0 0
1716361514607 2165.0 0
1716361515121 2166.0 0
1716361515635 2167.0 0
1716361516141 2168.0 0
1716361516650 2169.0 0
1716361517171 2170.0 0
1716361521116 2171.0 0
1716361521617 2172.0 0
1716361522133 2173.0 0
1716361522640 2174.0 0
1716361523172 2175.0 0
1716361523691 2176.0 0
1716361524204 2177.0 0
1716361524705 2178.0 0
1716361525220 2179.0 0
1716361525732 2180.0 0
1716361529552 2181.0 0
1716361530051 2182.0 0
1716361530573 2183.0 0
1716361531075 2184.0 0
1716361531579 2185.0 0
1716361532085 2186.0 0
1716361532605 2187.0 0
1716361533111 2188.0 0
1716361533635 2189.0 0
1716361534160 2190.0 0
1716361540434 2191.0 0
1716361540935 2192.0 0
1716361541446 2193.0 0
1716361541955 2194.0 0
1716361542470 2195.0 0
1716361542995 2196.0 0
1716361543521 2197.0 0
1716361544035 2198.0 0
1716361544546 2199.0 0
1716361545075 2200.0 0
1716361549601 2201.0 0
1716361550181 2202.0 0
1716361550757 2203.0 0
1716361551264 2204.0 0
1716361551806 2205.0 0
1716361552370 2206.0 0
1716361552891 2207.0 0
1716361553447 2208.0 0
1716361553983 2209.0 0
1716361554511 2210.0 0
1716361559890 2211.0 0
1716361560469 2212.0 0
1716361561003 2213.0 0
1716361561559 2214.0 0
1716361562125 2215.0 0
1716361562683 2216.0 0
1716361563225 2217.0 0
1716361563749 2218.0 0
1716361564287 2219.0 0
1716361564819 2220.0 0
1716361569958 2221.0 0
1716361570458 2222.0 0
1716361570951 2223.0 0
1716361571454 2224.0 0
1716361571977 2225.0 0
1716361572485 2226.0 0
1716361573017 2227.0 0
1716361573535 2228.0 0
1716361574056 2229.0 0
1716361574570 2230.0 0
1716361579077 2231.0 0
1716361579586 2232.0 0
1716361580123 2233.0 0
1716361580642 2234.0 0
1716361581159 2235.0 0
1716361581664 2236.0 0
1716361582180 2237.0 0
1716361582695 2238.0 0
1716361583224 2239.0 0
1716361583732 2240.0 0
1716361587908 2241.0 0
1716361588413 2242.0 0
1716361588938 2243.0 0
1716361589446 2244.0 0
1716361589965 2245.0 0
1716361590483 2246.0 0
1716361590996 2247.0 0
1716361591507 2248.0 0
1716361592017 2249.0 0
1716361592520 2250.0 0
1716361596744 2251.0 0
1716361597277 2252.0 0
1716361597823 2253.0 0
1716361598349 2254.0 0
1716361598876 2255.0 0
1716361599385 2256.0 0
1716361599928 2257.0 0
1716361600456 2258.0 0
1716361600971 2259.0 0
1716361601505 2260.0 0
1716361606425 2261.0 0
1716361606956 2262.0 0
1716361607502 2263.0 0
1716361608016 2264.0 0
1716361608576 2265.0 0
1716361609126 2266.0 0
1716361609654 2267.0 0
1716361610210 2268.0 0
1716361610785 2269.0 0
1716361611373 2270.0 0
1716361616176 2271.0 0
1716361616695 2272.0 0
1716361617230 2273.0 0
1716361617744 2274.0 0
1716361618274 2275.0 0
1716361618874 2276.0 0
1716361619505 2277.0 0
1716361620060 2278.0 0
1716361620681 2279.0 0
1716361621292 2280.0 0
1716361627118 2281.0 0
1716361627665 2282.0 0
1716361628212 2283.0 0
1716361690968 2284.0 0
1716361692330 2285.0 0
1716361692842 2286.0 0
1716361693348 2287.0 0
1716361693871 2288.0 0
1716361694384 2289.0 0
1716361694911 2290.0 0
1716361699792 2291.0 0
1716361700296 2292.0 0
1716361700850 2293.0 0
1716361701390 2294.0 0
1716361701901 2295.0 0
1716361702427 2296.0 0
1716361702944 2297.0 0
1716361703448 2298.0 0
1716361703996 2299.0 0
1716361704530 2300.0 0
1716361709439 2301.0 0
1716361709960 2302.0 0
1716361710511 2303.0 0
1716361711041 2304.0 0
1716361711554 2305.0 0
1716361712063 2306.0 0
1716361712584 2307.0 0
1716361713103 2308.0 0
1716361713619 2309.0 0
1716361714164 2310.0 0
1716361719062 2311.0 0
1716361719625 2312.0 0
1716361720135 2313.0 0
1716361720699 2314.0 0
1716361721262 2315.0 0
1716361721795 2316.0 0
1716361722328 2317.0 0
1716361722876 2318.0 0
1716361723407 2319.0 0
1716361723916 2320.0 0
1716361727854 2321.0 0
1716361728348 2322.0 0
1716361728861 2323.0 0
1716361729396 2324.0 0
1716361729913 2325.0 0
1716361730444 2326.0 0
1716361730959 2327.0 0
1716361731490 2328.0 0
1716361732058 2329.0 0
1716361732581 2330.0 0
1716361737157 2331.0 0
1716361737658 2332.0 0
1716361738173 2333.0 0
1716361738703 2334.0 0
1716361739232 2335.0 0
1716361739747 2336.0 0
1716361740256 2337.0 0
1716361740763 2338.0 0
1716361741272 2339.0 0
1716361741771 2340.0 0
1716361746447 2341.0 0
1716361746973 2342.0 0
1716361747518 2343.0 0
1716361748064 2344.0 0
1716361748581 2345.0 0
1716361749079 2346.0 0
1716361749583 2347.0 0
1716361750093 2348.0 0
1716361750621 2349.0 0
1716361751131 2350.0 0
1716361754745 2351.0 0
1716361755262 2352.0 0
1716361755785 2353.0 0
1716361756315 2354.0 0
1716361756817 2355.0 0
1716361757315 2356.0 0
1716361757813 2357.0 0
1716361758316 2358.0 0
1716361758817 2359.0 0
1716361759326 2360.0 0
1716361763020 2361.0 0
1716361763527 2362.0 0
1716361764041 2363.0 0
1716361764545 2364.0 0
1716361765044 2365.0 0
1716361765545 2366.0 0
1716361766062 2367.0 0
1716361766673 2368.0 0
1716361767196 2369.0 0
1716361767706 2370.0 0
1716361771608 2371.0 0
1716361772160 2372.0 0
1716361772691 2373.0 0
1716361773273 2374.0 0
1716361773799 2375.0 0
1716361774338 2376.0 0
1716361774859 2377.0 0
1716361775393 2378.0 0
1716361775922 2379.0 0
1716361776462 2380.0 0
1716361781056 2381.0 0
1716361781571 2382.0 0
1716361782121 2383.0 0
1716361782677 2384.0 0
1716361783191 2385.0 0
1716361783717 2386.0 0
1716361784242 2387.0 0
1716361784755 2388.0 0
1716361785293 2389.0 0
1716361785828 2390.0 0
1716361790680 2391.0 0
1716361791193 2392.0 0
1716361791710 2393.0 0
1716361792237 2394.0 0
1716361792775 2395.0 0
1716361793306 2396.0 0
1716361793845 2397.0 0
1716361794369 2398.0 0
1716361794893 2399.0 0
1716361795435 2400.0 0
1716361800578 2401.0 0
1716361801109 2402.0 0
1716361801635 2403.0 0
1716361802150 2404.0 0
1716361802679 2405.0 0
1716361803225 2406.0 0
1716361803790 2407.0 0
1716361804367 2408.0 0
1716361804915 2409.0 0
1716361805467 2410.0 0
1716361810803 2411.0 0
1716361811400 2412.0 0
1716361811909 2413.0 0
1716361812454 2414.0 0
1716361812972 2415.0 0
1716361813487 2416.0 0
1716361814045 2417.0 0
1716361814612 2418.0 0
1716361815270 2419.0 0
1716361815794 2420.0 0
1716361820937 2421.0 0
1716361821472 2422.0 0
1716361822002 2423.0 0
1716361822529 2424.0 0
1716361823043 2425.0 0
1716361823550 2426.0 0
1716361824067 2427.0 0
1716361824601 2428.0 0
1716361825116 2429.0 0
1716361825641 2430.0 0
1716361829898 2431.0 0
1716361830493 2432.0 0
1716361831065 2433.0 0
1716361831652 2434.0 0
1716361832192 2435.0 0
1716361832721 2436.0 0
1716361833269 2437.0 0
1716361833807 2438.0 0
1716361834319 2439.0 0
1716361834838 2440.0 0
1716361839129 2441.0 0
1716361839636 2442.0 0
1716361840179 2443.0 0
1716361840694 2444.0 0
1716361841224 2445.0 0
1716361841736 2446.0 0
1716361842265 2447.0 0
1716361842793 2448.0 0
1716361843305 2449.0 0
1716361843849 2450.0 0
1716361848751 2451.0 0
1716361849297 2452.0 0
1716361849820 2453.0 0
1716361850357 2454.0 0
1716361850877 2455.0 0
1716361851395 2456.0 0
1716361851905 2457.0 0
1716361852409 2458.0 0
1716361852926 2459.0 0
1716361853451 2460.0 0
1716361857863 2461.0 0
1716361858401 2462.0 0
1716361858920 2463.0 0
1716361859486 2464.0 0
1716361860078 2465.0 0
1716361860610 2466.0 0
1716361861159 2467.0 0
1716361861695 2468.0 0
1716361862240 2469.0 0
1716361862759 2470.0 0
1716361867946 2471.0 0
1716361868505 2472.0 0
1716361869030 2473.0 0
1716361869547 2474.0 0
1716361870076 2475.0 0
1716361870587 2476.0 0
1716361871093 2477.0 0
1716361871595 2478.0 0
1716361872096 2479.0 0
1716361872605 2480.0 0
1716361877077 2481.0 0
1716361877591 2482.0 0
1716361878108 2483.0 0
1716361878621 2484.0 0
1716361879138 2485.0 0
1716361879645 2486.0 0
1716361880150 2487.0 0
1716361880654 2488.0 0
1716361881164 2489.0 0
1716361881677 2490.0 0
1716361886297 2491.0 0
1716361886831 2492.0 0
1716361887370 2493.0 0
1716361887873 2494.0 0
1716361888386 2495.0 0
1716361888893 2496.0 0
1716361889403 2497.0 0
1716361889923 2498.0 0
1716361890431 2499.0 0
1716361890953 2500.0 0
1716361895469 2501.0 0
1716361895979 2502.0 0
1716361896519 2503.0 0
1716361897046 2504.0 0
1716361897579 2505.0 0
1716361898095 2506.0 0
1716361898652 2507.0 0
1716361899215 2508.0 0
1716361899749 2509.0 0
1716361900261 2510.0 0
1716361905915 2511.0 0
1716361906432 2512.0 0
1716361906968 2513.0 0
1716361907491 2514.0 0
1716361908015 2515.0 0
1716361908573 2516.0 0
1716361909085 2517.0 0
1716361909609 2518.0 0
1716361910156 2519.0 0
1716361910716 2520.0 0
1716361916283 2521.0 0
1716361916825 2522.0 0
1716361917325 2523.0 0
1716361917826 2524.0 0
1716361918344 2525.0 0
1716361918845 2526.0 0
1716361919366 2527.0 0
1716361919878 2528.0 0
1716361920392 2529.0 0
1716361920910 2530.0 0
1716361924649 2531.0 0
1716361925175 2532.0 0
1716361925711 2533.0 0
1716361926214 2534.0 0
1716361926733 2535.0 0
1716361927240 2536.0 0
1716361927745 2537.0 0
1716361928242 2538.0 0
1716361928753 2539.0 0
1716361929263 2540.0 0
1716361932493 2541.0 0
1716361932987 2542.0 0
1716361933504 2543.0 0
1716361934012 2544.0 0
1716361934531 2545.0 0
1716361935066 2546.0 0
1716361935581 2547.0 0
1716361936094 2548.0 0
1716361936608 2549.0 0
1716361937147 2550.0 0
1716361941186 2551.0 0
1716361941705 2552.0 0
1716361942230 2553.0 0
1716361942740 2554.0 0
1716361943257 2555.0 0
1716361943778 2556.0 0
1716361944286 2557.0 0
1716361944815 2558.0 0
1716361945330 2559.0 0
1716361945831 2560.0 0
1716361949371 2561.0 0
1716361949884 2562.0 0
1716361950403 2563.0 0
1716361950957 2564.0 0
1716361951535 2565.0 0
1716361952075 2566.0 0
1716361952666 2567.0 0
1716361953187 2568.0 0
1716361953724 2569.0 0
1716361954302 2570.0 0
1716361959827 2571.0 0
1716361960354 2572.0 0
1716361960876 2573.0 0
1716361961397 2574.0 0
1716361961946 2575.0 0
1716361962466 2576.0 0
1716361962969 2577.0 0
1716361963520 2578.0 0
1716361964052 2579.0 0
1716361964566 2580.0 0
1716361969845 2581.0 0
1716361970470 2582.0 0
1716361970992 2583.0 0
1716361971598 2584.0 0
1716361972185 2585.0 0
1716361972725 2586.0 0
1716361973274 2587.0 0
1716361973813 2588.0 0
1716361974329 2589.0 0
1716361974856 2590.0 0
1716361979798 2591.0 0
1716361980331 2592.0 0
1716361980887 2593.0 0
1716361981411 2594.0 0
1716361981915 2595.0 0
1716361982439 2596.0 0
1716361982930 2597.0 0
1716361983491 2598.0 0
1716361984001 2599.0 0
1716361984499 2600.0 0
1716361989816 2601.0 0
1716361990332 2602.0 0
1716361990860 2603.0 0
1716361991360 2604.0 0
1716361991859 2605.0 0
1716361992384 2606.0 0
1716361992907 2607.0 0
1716361993417 2608.0 0
1716361993950 2609.0 0
1716361994458 2610.0 0
1716361999336 2611.0 0
1716361999958 2612.0 0
1716362000584 2613.0 0
1716362001120 2614.0 0
1716362001638 2615.0 0
1716362002142 2616.0 0
1716362002682 2617.0 0
1716362003199 2618.0 0
1716362003873 2619.0 0
1716362004392 2620.0 0
1716362010342 2621.0 0
1716362010897 2622.0 0
1716362011459 2623.0 0
1716362012006 2624.0 0
1716362012541 2625.0 0
1716362013050 2626.0 0
1716362013627 2627.0 0
1716362014187 2628.0 0
1716362014699 2629.0 0
1716362015298 2630.0 0
1716362021436 2631.0 0
1716362021950 2632.0 0
1716362022468 2633.0 0
1716362023000 2634.0 0
1716362023532 2635.0 0
1716362024053 2636.0 0
1716362024548 2637.0 0
1716362025044 2638.0 0
1716362025566 2639.0 0
1716362026094 2640.0 0
1716362031141 2641.0 0
1716362031689 2642.0 0
1716362032219 2643.0 0
1716362032742 2644.0 0
1716362033244 2645.0 0
1716362033774 2646.0 0
1716362034281 2647.0 0
1716362034788 2648.0 0
1716362035286 2649.0 0
1716362035786 2650.0 0
1716362040644 2651.0 0
1716362041173 2652.0 0
1716362041718 2653.0 0
1716362042235 2654.0 0
1716362042753 2655.0 0
1716362043303 2656.0 0
1716362043825 2657.0 0
1716362044362 2658.0 0
1716362044920 2659.0 0
1716362045453 2660.0 0
1716362050935 2661.0 0
1716362051446 2662.0 0
1716362052003 2663.0 0
1716362052539 2664.0 0
1716362053087 2665.0 0
1716362053618 2666.0 0
1716362054216 2667.0 0
1716362054796 2668.0 0
1716362055369 2669.0 0
1716362055911 2670.0 0
1716362071862 2671.0 0
1716362072419 2672.0 0
1716362072948 2673.0 0
1716362073458 2674.0 0
1716362073995 2675.0 0
1716362074530 2676.0 0
1716362077635 2677.0 0
1716362092666 2678.0 0
1716362093196 2679.0 0
1716362093722 2680.0 0
1716362122993 2681.0 0
1716362123690 2682.0 0
1716362124215 2683.0 0
1716362124807 2684.0 0
1716362125302 2685.0 0
1716362125825 2686.0 0
1716362126368 2687.0 0
1716362126921 2688.0 0
1716362127445 2689.0 0
1716362127958 2690.0 0
1716362135216 2691.0 0
1716362135728 2692.0 0
1716362136255 2693.0 0
1716362136792 2694.0 0
1716362137321 2695.0 0
1716362137867 2696.0 0
1716362138383 2697.0 0
1716362138917 2698.0 0
1716362139457 2699.0 0
1716362140010 2700.0 0
1716362144917 2701.0 0
1716362145496 2702.0 0
1716362146024 2703.0 0
1716362146516 2704.0 0
1716362147011 2705.0 0
1716362147506 2706.0 0
1716362148074 2707.0 0
1716362148572 2708.0 0
1716362149077 2709.0 0
1716362149582 2710.0 0
1716362157070 2711.0 0
1716362157579 2712.0 0
1716362158100 2713.0 0
1716362158610 2714.0 0
1716362159129 2715.0 0
1716362159665 2716.0 0
1716362160237 2717.0 0
1716362160755 2718.0 0
1716362161263 2719.0 0
1716362161780 2720.0 0
1716362167153 2721.0 0
1716362167685 2722.0 0
1716362168192 2723.0 0
1716362168706 2724.0 0
1716362169209 2725.0 0
1716362169706 2726.0 0
1716362170190 2727.0 0
1716362170679 2728.0 0
1716362171249 2729.0 0
1716362171771 2730.0 0
1716362177103 2731.0 0
1716362177626 2732.0 0
1716362178163 2733.0 0
1716362178713 2734.0 0
1716362179294 2735.0 0
1716362179849 2736.0 0
1716362180453 2737.0 0
1716362181144 2738.0 0
1716362181693 2739.0 0
1716362182230 2740.0 0
1716362187611 2741.0 0
1716362188231 2742.0 0
1716362188843 2743.0 0
1716362189454 2744.0 0
1716362190117 2745.0 0
1716362190762 2746.0 0
1716362191368 2747.0 0
1716362192006 2748.0 0
1716362192642 2749.0 0
1716362193246 2750.0 0
1716362198937 2751.0 0
1716362199494 2752.0 0
1716362200047 2753.0 0
1716362200577 2754.0 0
1716362201117 2755.0 0
1716362202164 2756.0 0
1716362202736 2757.0 0
1716362203701 2758.0 0
1716362204279 2759.0 0
1716362204816 2760.0 0
1716362209915 2761.0 0
1716362210470 2762.0 0
1716362211006 2763.0 0
1716362211520 2764.0 0
1716362212032 2765.0 0
1716362212559 2766.0 0
1716362213104 2767.0 0
1716362213623 2768.0 0
1716362214396 2769.0 0
1716362214903 2770.0 0
1716362219905 2771.0 0
1716362220434 2772.0 0
1716362221047 2773.0 0
1716362221661 2774.0 0
1716362222167 2775.0 0
1716362222687 2776.0 0
1716362223197 2777.0 0
1716362223715 2778.0 0
1716362224235 2779.0 0
1716362224774 2780.0 0
1716362230553 2781.0 0
1716362231111 2782.0 0
1716362231667 2783.0 0
1716362232201 2784.0 0
1716362232714 2785.0 0
1716362233251 2786.0 0
1716362233776 2787.0 0
1716362234327 2788.0 0
1716362235068 2789.0 0
1716362235597 2790.0 0
1716362240924 2791.0 0
1716362241467 2792.0 0
1716362241995 2793.0 0
1716362242532 2794.0 0
1716362243092 2795.0 0
1716362243647 2796.0 0
1716362244188 2797.0 0
1716362244740 2798.0 0
1716362245292 2799.0 0
1716362245884 2800.0 0
1716362253080 2801.0 0
1716362253614 2802.0 0
1716362254162 2803.0 0
1716362254752 2804.0 0
1716362255379 2805.0 0
1716362256038 2806.0 0
1716362256550 2807.0 0
1716362257110 2808.0 0
1716362257674 2809.0 0
1716362258196 2810.0 0
1716362264010 2811.0 0
1716362264610 2812.0 0
1716362265153 2813.0 0
1716362265781 2814.0 0
1716362266347 2815.0 0
1716362266905 2816.0 0
1716362267438 2817.0 0
1716362267965 2818.0 0
1716362268507 2819.0 0
1716362269034 2820.0 0
1716362274382 2821.0 0
1716362274960 2822.0 0
1716362275504 2823.0 0
1716362276020 2824.0 0
1716362276530 2825.0 0
1716362277041 2826.0 0
1716362277564 2827.0 0
1716362278079 2828.0 0
1716362278577 2829.0 0
1716362279095 2830.0 0
1716362283890 2831.0 0
1716362284415 2832.0 0
1716362284941 2833.0 0
1716362285455 2834.0 0
1716362286001 2835.0 0
1716362286563 2836.0 0
1716362287090 2837.0 0
1716362287596 2838.0 0
1716362288148 2839.0 0
1716362288674 2840.0 0
1716362294202 2841.0 0
1716362294725 2842.0 0
1716362295261 2843.0 0
1716362295784 2844.0 0
1716362296300 2845.0 0
1716362296806 2846.0 0
1716362297390 2847.0 0
1716362297923 2848.0 0
1716362298404 2849.0 0
1716362298929 2850.0 0
1716362304585 2851.0 0
1716362305115 2852.0 0
1716362305642 2853.0 0
1716362306169 2854.0 0
1716362306680 2855.0 0
1716362307190 2856.0 0
1716362307710 2857.0 0
1716362308245 2858.0 0
1716362308755 2859.0 0
1716362309250 2860.0 0
1716362315010 2861.0 0
1716362315527 2862.0 0
1716362316019 2863.0 0
1716362316528 2864.0 0
1716362317045 2865.0 0
1716362317552 2866.0 0
1716362318053 2867.0 0
1716362318597 2868.0 0
1716362319120 2869.0 0
1716362319624 2870.0 0
1716362324934 2871.0 0
1716362325435 2872.0 0
1716362325939 2873.0 0
1716362326469 2874.0 0
1716362326973 2875.0 0
1716362327462 2876.0 0
1716362327942 2877.0 0
1716362328520 2878.0 0
1716362329026 2879.0 0
1716362329521 2880.0 0
1716362334272 2881.0 0
1716362334819 2882.0 0
1716362335311 2883.0 0
1716362335811 2884.0 0
1716362336320 2885.0 0
1716362336862 2886.0 0
1716362337371 2887.0 0
1716362337874 2888.0 0
1716362338387 2889.0 0
1716362338926 2890.0 0
1716362346055 2891.0 0
1716362346595 2892.0 0
1716362347094 2893.0 0
1716362347591 2894.0 0
1716362348093 2895.0 0
1716362348621 2896.0 0
1716362349118 2897.0 0
1716362349614 2898.0 0
1716362350105 2899.0 0
1716362350608 2900.0 0
1716362355827 2901.0 0
1716362356323 2902.0 0
1716362356795 2903.0 0
1716362357286 2904.0 0
1716362357779 2905.0 0
1716362358267 2906.0 0
1716362358761 2907.0 0
1716362359273 2908.0 0
1716362359742 2909.0 0
1716362360234 2910.0 0
1716362365209 2911.0 0
1716362365712 2912.0 0
1716362366227 2913.0 0
1716362366738 2914.0 0
1716362367253 2915.0 0
1716362367769 2916.0 0
1716362368283 2917.0 0
1716362368820 2918.0 0
1716362369352 2919.0 0
1716362369847 2920.0 0
1716362375408 2921.0 0
1716362375916 2922.0 0
1716362376430 2923.0 0
1716362376950 2924.0 0
1716362377460 2925.0 0
1716362377972 2926.0 0
1716362378545 2927.0 0
1716362379208 2928.0 0
1716362379785 2929.0 0
1716362380326 2930.0 0
1716362385949 2931.0 0
1716362386468 2932.0 0
1716362386987 2933.0 0
1716362387490 2934.0 0
1716362387994 2935.0 0
1716362388514 2936.0 0
1716362389017 2937.0 0
1716362389503 2938.0 0
1716362390023 2939.0 0
1716362390538 2940.0 0
1716362395734 2941.0 0
1716362396244 2942.0 0
1716362396822 2943.0 0
1716362397341 2944.0 0
1716362397841 2945.0 0
1716362398336 2946.0 0
1716362398846 2947.0 0
1716362399331 2948.0 0
1716362399829 2949.0 0
1716362400330 2950.0 0
1716362404921 2951.0 0
1716362405429 2952.0 0
1716362405927 2953.0 0
1716362406452 2954.0 0
1716362406962 2955.0 0
1716362407451 2956.0 0
1716362407971 2957.0 0
1716362408471 2958.0 0
1716362408961 2959.0 0
1716362409461 2960.0 0
1716362414383 2961.0 0
1716362414910 2962.0 0
1716362415432 2963.0 0
1716362415949 2964.0 0
1716362416466 2965.0 0
1716362417000 2966.0 0
1716362417509 2967.0 0
1716362418016 2968.0 0
1716362418554 2969.0 0
1716362419151 2970.0 0
1716362424612 2971.0 0
1716362425137 2972.0 0
1716362425632 2973.0 0
1716362426139 2974.0 0
1716362426644 2975.0 0
1716362427158 2976.0 0
1716362427664 2977.0 0
1716362428173 2978.0 0
1716362428686 2979.0 0
1716362429194 2980.0 0
1716362433237 2981.0 0
1716362433734 2982.0 0
1716362434234 2983.0 0
1716362434739 2984.0 0
1716362435228 2985.0 0
1716362435722 2986.0 0
1716362436238 2987.0 0
1716362436743 2988.0 0
1716362437243 2989.0 0
1716362437771 2990.0 0
1716362441768 2991.0 0
1716362442264 2992.0 0
1716362442784 2993.0 0
1716362443306 2994.0 0
1716362443821 2995.0 0
1716362444332 2996.0 0
1716362444877 2997.0 0
1716362445382 2998.0 0
1716362445898 2999.0 0
1716362446391 3000.0 0
1716362451874 3001.0 0
1716362452385 3002.0 0
1716362452882 3003.0 0
1716362453404 3004.0 0
1716362453899 3005.0 0
1716362454415 3006.0 0
1716362454908 3007.0 0
1716362455407 3008.0 0
1716362455906 3009.0 0
1716362456436 3010.0 0
1716362461497 3011.0 0
1716362462012 3012.0 0
1716362462537 3013.0 0
1716362463038 3014.0 0
1716362463534 3015.0 0
1716362464038 3016.0 0
1716362464528 3017.0 0
1716362465030 3018.0 0
1716362465534 3019.0 0
1716362466039 3020.0 0
1716362471432 3021.0 0
1716362471950 3022.0 0
1716362472458 3023.0 0
1716362472965 3024.0 0
1716362473470 3025.0 0
1716362473983 3026.0 0
1716362474474 3027.0 0
1716362474985 3028.0 0
1716362475521 3029.0 0
1716362476060 3030.0 0
1716362481238 3031.0 0
1716362481757 3032.0 0
1716362482277 3033.0 0
1716362482796 3034.0 0
1716362483303 3035.0 0
1716362483814 3036.0 0
1716362484327 3037.0 0
1716362484823 3038.0 0
1716362485323 3039.0 0
1716362485814 3040.0 0
1716362489965 3041.0 0
1716362490478 3042.0 0
1716362490993 3043.0 0
1716362491497 3044.0 0
1716362491996 3045.0 0
1716362492503 3046.0 0
1716362493018 3047.0 0
1716362493501 3048.0 0
1716362494000 3049.0 0
1716362494500 3050.0 0
1716362499325 3051.0 0
1716362499825 3052.0 0
1716362500343 3053.0 0
1716362500863 3054.0 0
1716362501376 3055.0 0
1716362501904 3056.0 0
1716362502406 3057.0 0
1716362502916 3058.0 0
1716362503420 3059.0 0
1716362503934 3060.0 0
1716362509457 3061.0 0
1716362510000 3062.0 0
1716362510523 3063.0 0
1716362511067 3064.0 0
1716362511571 3065.0 0
1716362512081 3066.0 0
1716362512602 3067.0 0
1716362513124 3068.0 0
1716362513645 3069.0 0
1716362514154 3070.0 0
1716362518495 3071.0 0
1716362518988 3072.0 0
1716362519489 3073.0 0
1716362519992 3074.0 0
1716362520491 3075.0 0
1716362520987 3076.0 0
1716362521480 3077.0 0
1716362521977 3078.0 0
1716362522472 3079.0 0
1716362522965 3080.0 0
1716362527717 3081.0 0
1716362528207 3082.0 0
1716362528701 3083.0 0
1716362529195 3084.0 0
1716362529681 3085.0 0
1716362530182 3086.0 0
1716362530678 3087.0 0
1716362531174 3088.0 0
1716362531677 3089.0 0
1716362532198 3090.0 0
1716362536924 3091.0 0
1716362537456 3092.0 0
1716362537976 3093.0 0
1716362538467 3094.0 0
1716362538952 3095.0 0
1716362539493 3096.0 0
1716362540051 3097.0 0
1716362540541 3098.0 0
1716362541035 3099.0 0
1716362541544 3100.0 0
1716362546409 3101.0 0
1716362546913 3102.0 0
1716362547405 3103.0 0
1716362547896 3104.0 0
1716362548394 3105.0 0
1716362548886 3106.0 0
1716362549388 3107.0 0
1716362549881 3108.0 0
1716362550373 3109.0 0
1716362550868 3110.0 0
1716362555124 3111.0 0
1716362555634 3112.0 0
1716362556129 3113.0 0
1716362556625 3114.0 0
1716362557155 3115.0 0
1716362557633 3116.0 0
1716362558132 3117.0 0
1716362558641 3118.0 0
1716362559142 3119.0 0
1716362559637 3120.0 0
1716362564135 3121.0 0
1716362564623 3122.0 0
1716362565115 3123.0 0
1716362565618 3124.0 0
1716362566107 3125.0 0
1716362566598 3126.0 0
1716362567084 3127.0 0
1716362567577 3128.0 0
1716362568070 3129.0 0
1716362568557 3130.0 0
1716362573190 3131.0 0
1716362573721 3132.0 0
1716362574221 3133.0 0
1716362574738 3134.0 0
1716362575272 3135.0 0
1716362575801 3136.0 0
1716362576316 3137.0 0
1716362576853 3138.0 0
1716362577370 3139.0 0
1716362577867 3140.0 0
1716362582998 3141.0 0
1716362583511 3142.0 0
1716362584031 3143.0 0
1716362584553 3144.0 0
1716362585058 3145.0 0
1716362585565 3146.0 0
1716362586061 3147.0 0
1716362586564 3148.0 0
1716362587107 3149.0 0
1716362587626 3150.0 0
1716362593186 3151.0 0
1716362593675 3152.0 0
1716362594215 3153.0 0
1716362594736 3154.0 0
1716362595223 3155.0 0
1716362595742 3156.0 0
1716362596271 3157.0 0
1716362596801 3158.0 0
1716362597304 3159.0 0
1716362597798 3160.0 0
1716362602990 3161.0 0
1716362603505 3162.0 0
1716362604007 3163.0 0
1716362604513 3164.0 0
1716362605012 3165.0 0
1716362605499 3166.0 0
1716362605993 3167.0 0
1716362606488 3168.0 0
1716362606982 3169.0 0
1716362607475 3170.0 0
1716362611447 3171.0 0
1716362611973 3172.0 0
1716362612466 3173.0 0
1716362612996 3174.0 0
1716362613498 3175.0 0
1716362613998 3176.0 0
1716362614484 3177.0 0
1716362615002 3178.0 0
1716362615519 3179.0 0
1716362616029 3180.0 0
1716362620091 3181.0 0
1716362620599 3182.0 0
1716362621139 3183.0 0
1716362621655 3184.0 0
1716362622153 3185.0 0
1716362622643 3186.0 0
1716362623146 3187.0 0
1716362623663 3188.0 0
1716362624147 3189.0 0
1716362624649 3190.0 0
1716362628234 3191.0 0
1716362628726 3192.0 0
1716362629239 3193.0 0
1716362629732 3194.0 0
1716362630230 3195.0 0
1716362630729 3196.0 0
1716362631217 3197.0 0
1716362631717 3198.0 0
1716362632220 3199.0 0
1716362632717 3200.0 0
1716362637076 3201.0 0
1716362637569 3202.0 0
1716362638098 3203.0 0
1716362638606 3204.0 0
1716362639106 3205.0 0
1716362639605 3206.0 0
1716362640114 3207.0 0
1716362640615 3208.0 0
1716362641121 3209.0 0
1716362641629 3210.0 0
1716362645376 3211.0 0
1716362645900 3212.0 0
1716362646445 3213.0 0
1716362646967 3214.0 0
1716362647466 3215.0 0
1716362647961 3216.0 0
1716362648467 3217.0 0
1716362648977 3218.0 0
1716362649495 3219.0 0
1716362650018 3220.0 0
1716362655330 3221.0 0
1716362655834 3222.0 0
1716362656340 3223.0 0
1716362656877 3224.0 0
1716362657388 3225.0 0
1716362657897 3226.0 0
1716362658388 3227.0 0
1716362658869 3228.0 0
1716362659361 3229.0 0
1716362659868 3230.0 0
1716362665244 3231.0 0
1716362665791 3232.0 0
1716362666315 3233.0 0
1716362666833 3234.0 0
1716362667335 3235.0 0
1716362667844 3236.0 0
1716362668353 3237.0 0
1716362668851 3238.0 0
1716362669358 3239.0 0
1716362669991 3240.0 0
1716362674754 3241.0 0
1716362675267 3242.0 0
1716362675785 3243.0 0
1716362676279 3244.0 0
1716362676766 3245.0 0
1716362677233 3246.0 0
1716362677714 3247.0 0
1716362678208 3248.0 0
1716362678697 3249.0 0
1716362679186 3250.0 0
1716362682991 3251.0 0
1716362683521 3252.0 0
1716362684066 3253.0 0
1716362684571 3254.0 0
1716362685106 3255.0 0
1716362685661 3256.0 0
1716362686189 3257.0 0
1716362686806 3258.0 0
1716362687310 3259.0 0
1716362687847 3260.0 0
1716362693368 3261.0 0
1716362693875 3262.0 0
1716362694402 3263.0 0
1716362695006 3264.0 0
1716362695517 3265.0 0
1716362696036 3266.0 0
1716362696527 3267.0 0
1716362697066 3268.0 0
1716362697566 3269.0 0
1716362698059 3270.0 0
1716362702968 3271.0 0
1716362703485 3272.0 0
1716362703983 3273.0 0
1716362704492 3274.0 0
1716362704989 3275.0 0
1716362705476 3276.0 0
1716362705961 3277.0 0
1716362706473 3278.0 0
1716362706979 3279.0 0
1716362707495 3280.0 0
1716362712059 3281.0 0
1716362712555 3282.0 0
1716362713057 3283.0 0
1716362713560 3284.0 0
1716362714058 3285.0 0
1716362714558 3286.0 0
1716362715055 3287.0 0
1716362715559 3288.0 0
1716362716071 3289.0 0
1716362716621 3290.0 0
1716362721362 3291.0 0
1716362721895 3292.0 0
1716362722399 3293.0 0
1716362722902 3294.0 0
1716362723395 3295.0 0
1716362723904 3296.0 0
1716362724404 3297.0 0
1716362724918 3298.0 0
1716362725429 3299.0 0
1716362725951 3300.0 0
1716362730691 3301.0 0
1716362731265 3302.0 0
1716362731785 3303.0 0
1716362732375 3304.0 0
1716362732903 3305.0 0
1716362733417 3306.0 0
1716362733949 3307.0 0
1716362734444 3308.0 0
1716362734932 3309.0 0
1716362735435 3310.0 0
1716362740849 3311.0 0
1716362741372 3312.0 0
1716362741891 3313.0 0
1716362742388 3314.0 0
1716362742890 3315.0 0
1716362743398 3316.0 0
1716362743900 3317.0 0
1716362744404 3318.0 0
1716362744922 3319.0 0
1716362745416 3320.0 0
1716362749491 3321.0 0
1716362750000 3322.0 0
1716362750513 3323.0 0
1716362751009 3324.0 0
1716362751528 3325.0 0
1716362752063 3326.0 0
1716362752605 3327.0 0
1716362753122 3328.0 0
1716362753644 3329.0 0
1716362754151 3330.0 0
1716362759096 3331.0 0
1716362759626 3332.0 0
1716362760138 3333.0 0
1716362760646 3334.0 0
1716362761208 3335.0 0
1716362761742 3336.0 0
1716362762235 3337.0 0
1716362762742 3338.0 0
1716362763244 3339.0 0
1716362763781 3340.0 0
1716362796055 3341.0 0
1716362796571 3342.0 0
1716362797081 3343.0 0
1716362797583 3344.0 0
1716362798098 3345.0 0
1716362798616 3346.0 0
1716362799154 3347.0 0
1716362799696 3348.0 0
1716362800214 3349.0 0
1716362800797 3350.0 0
1716362810109 3351.0 0
1716362810616 3352.0 0
1716362811115 3353.0 0
1716362811611 3354.0 0
1716362812093 3355.0 0
1716362812599 3356.0 0
1716362813144 3357.0 0
1716362813628 3358.0 0
1716362814116 3359.0 0
1716362814808 3360.0 0
1716362820484 3361.0 0
1716362820992 3362.0 0
1716362821541 3363.0 0
1716362822063 3364.0 0
1716362822585 3365.0 0
1716362823103 3366.0 0
1716362823617 3367.0 0
1716362824132 3368.0 0
1716362824641 3369.0 0
1716362825193 3370.0 0
1716362830231 3371.0 0
1716362830728 3372.0 0
1716362831288 3373.0 0
1716362831807 3374.0 0
1716362832331 3375.0 0
1716362832856 3376.0 0
1716362833357 3377.0 0
1716362833861 3378.0 0
1716362834362 3379.0 0
1716362834880 3380.0 0
1716362840383 3381.0 0
1716362840927 3382.0 0
1716362841443 3383.0 0
1716362842043 3384.0 0
1716362842570 3385.0 0
1716362843096 3386.0 0
1716362843600 3387.0 0
1716362844109 3388.0 0
1716362844616 3389.0 0
1716362845152 3390.0 0
1716362850584 3391.0 0
1716362851124 3392.0 0
1716362851624 3393.0 0
1716362852169 3394.0 0
1716362852695 3395.0 0
1716362853253 3396.0 0
1716362853767 3397.0 0
1716362854274 3398.0 0
1716362854782 3399.0 0
1716362855291 3400.0 0
1716362860440 3401.0 0
1716362861001 3402.0 0
1716362861528 3403.0 0
1716362862068 3404.0 0
1716362862589 3405.0 0
1716362863162 3406.0 0
1716362863666 3407.0 0
1716362864162 3408.0 0
1716362864797 3409.0 0
1716362865370 3410.0 0
1716362870980 3411.0 0
1716362871503 3412.0 0
1716362872299 3413.0 0
1716362872908 3414.0 0
1716362873456 3415.0 0
1716362874040 3416.0 0
1716362874646 3417.0 0
1716362875182 3418.0 0
1716362875740 3419.0 0
1716362876301 3420.0 0
1716362882144 3421.0 0
1716362882669 3422.0 0
1716362883192 3423.0 0
1716362883712 3424.0 0
1716362884231 3425.0 0
1716362884754 3426.0 0
1716362885256 3427.0 0
1716362885985 3428.0 0
1716362886537 3429.0 0
1716362887077 3430.0 0
1716362893124 3431.0 0
1716362893703 3432.0 0
1716362894229 3433.0 0
1716362894739 3434.0 0
1716362895294 3435.0 0
1716362895877 3436.0 0
1716362896379 3437.0 0
1716362896921 3438.0 0
1716362897449 3439.0 0
1716362897931 3440.0 0
1716362903888 3441.0 0
1716362904492 3442.0 0
1716362905046 3443.0 0
1716362905563 3444.0 0
1716362906101 3445.0 0
1716362906604 3446.0 0
1716362907122 3447.0 0
1716362907645 3448.0 0
1716362908146 3449.0 0
1716362908647 3450.0 0
1716362913941 3451.0 0
1716362914455 3452.0 0
1716362914976 3453.0 0
1716362915477 3454.0 0
1716362915988 3455.0 0
1716362916522 3456.0 0
1716362917041 3457.0 0
1716362917548 3458.0 0
1716362918084 3459.0 0
1716362918605 3460.0 0
1716362922657 3461.0 0
1716362923311 3462.0 0
1716362923811 3463.0 0
1716362924465 3464.0 0
1716362925258 3465.0 0
1716362925856 3466.0 0
1716362926452 3467.0 0
1716362927069 3468.0 0
1716362927729 3469.0 0
1716362928297 3470.0 0
1716362934317 3471.0 0
1716362934844 3472.0 0
1716362935352 3473.0 0
1716362935861 3474.0 0
1716362936391 3475.0 0
1716362936901 3476.0 0
1716362937418 3477.0 0
1716362937922 3478.0 0
1716362938426 3479.0 0
1716362938916 3480.0 0
1716362944131 3481.0 0
1716362944642 3482.0 0
1716362945145 3483.0 0
1716362945654 3484.0 0
1716362946179 3485.0 0
1716362946699 3486.0 0
1716362947223 3487.0 0
1716362947746 3488.0 0
1716362948268 3489.0 0
1716362948793 3490.0 0
1716362954187 3491.0 0
1716362954732 3492.0 0
1716362955266 3493.0 0
1716362955766 3494.0 0
1716362956288 3495.0 0
1716362956806 3496.0 0
1716362957353 3497.0 0
1716362957887 3498.0 0
1716362958384 3499.0 0
1716362958925 3500.0 0
1716362964052 3501.0 0
1716362964544 3502.0 0
1716362965037 3503.0 0
1716362965504 3504.0 0
1716362965989 3505.0 0
1716362966479 3506.0 0
1716362966978 3507.0 0
1716362967460 3508.0 0
1716362967939 3509.0 0
1716362968454 3510.0 0
1716362973752 3511.0 0
1716362974341 3512.0 0
1716362974933 3513.0 0
1716362975467 3514.0 0
1716362976011 3515.0 0
1716362976566 3516.0 0
1716362977072 3517.0 0
1716362977588 3518.0 0
1716362978090 3519.0 0
1716362978651 3520.0 0
1716362984055 3521.0 0
1716362984576 3522.0 0
1716362985085 3523.0 0
1716362985580 3524.0 0
1716362986081 3525.0 0
1716362986576 3526.0 0
1716362987110 3527.0 0
1716362987602 3528.0 0
1716362988110 3529.0 0
1716362988616 3530.0 0
1716362992575 3531.0 0
1716362993062 3532.0 0
1716362993566 3533.0 0
1716362994079 3534.0 0
1716362994586 3535.0 0
1716362995118 3536.0 0
1716362995636 3537.0 0
1716362996147 3538.0 0
1716362996647 3539.0 0
1716362997156 3540.0 0
1716363003401 3541.0 0
1716363003943 3542.0 0
1716363004469 3543.0 0
1716363005012 3544.0 0
1716363005546 3545.0 0
1716363006066 3546.0 0
1716363006642 3547.0 0
1716363007163 3548.0 0
1716363007680 3549.0 0
1716363008189 3550.0 0
1716363012700 3551.0 0
1716363013258 3552.0 0
1716363013798 3553.0 0
1716363014338 3554.0 0
1716363014915 3555.0 0
1716363015528 3556.0 0
1716363016145 3557.0 0
1716363016746 3558.0 0
1716363017258 3559.0 0
1716363017768 3560.0 0
1716363023336 3561.0 0
1716363023864 3562.0 0
1716363024421 3563.0 0
1716363025020 3564.0 0
1716363025604 3565.0 0
1716363026138 3566.0 0
1716363026660 3567.0 0
1716363027216 3568.0 0
1716363027744 3569.0 0
1716363028281 3570.0 0
1716363033741 3571.0 0
1716363034259 3572.0 0
1716363034785 3573.0 0
1716363035312 3574.0 0
1716363035811 3575.0 0
1716363036343 3576.0 0
1716363036856 3577.0 0
1716363037373 3578.0 0
1716363037872 3579.0 0
1716363038380 3580.0 0
1716363043024 3581.0 0
1716363043542 3582.0 0
1716363044061 3583.0 0
1716363044585 3584.0 0
1716363045119 3585.0 0
1716363045659 3586.0 0
1716363046167 3587.0 0
1716363046728 3588.0 0
1716363047238 3589.0 0
1716363047780 3590.0 0
1716363053102 3591.0 0
1716363053629 3592.0 0
1716363054137 3593.0 0
1716363054638 3594.0 0
1716363055134 3595.0 0
1716363055679 3596.0 0
1716363056223 3597.0 0
1716363056761 3598.0 0
1716363057302 3599.0 0
1716363057830 3600.0 0
1716363063341 3601.0 0
1716363063861 3602.0 0
1716363064431 3603.0 0
1716363065023 3604.0 0
1716363065547 3605.0 0
1716363066136 3606.0 0
1716363066749 3607.0 0
1716363067294 3608.0 0
1716363067853 3609.0 0
1716363068404 3610.0 0
1716363073975 3611.0 0
1716363074498 3612.0 0
1716363075005 3613.0 0
1716363075519 3614.0 0
1716363076021 3615.0 0
1716363076525 3616.0 0
1716363077025 3617.0 0
1716363077532 3618.0 0
1716363078112 3619.0 0
1716363078628 3620.0 0
1716363084132 3621.0 0
1716363084767 3622.0 0
1716363085345 3623.0 0
1716363085851 3624.0 0
1716363086378 3625.0 0
1716363086921 3626.0 0
1716363087522 3627.0 0
1716363088019 3628.0 0
1716363088558 3629.0 0
1716363089067 3630.0 0
1716363094268 3631.0 0
1716363094768 3632.0 0
1716363095263 3633.0 0
1716363095754 3634.0 0
1716363096267 3635.0 0
1716363096757 3636.0 0
1716363097240 3637.0 0
1716363097743 3638.0 0
1716363098235 3639.0 0
1716363098754 3640.0 0
1716363103287 3641.0 0
1716363103826 3642.0 0
1716363104339 3643.0 0
1716363104877 3644.0 0
1716363105402 3645.0 0
1716363105944 3646.0 0
1716363106515 3647.0 0
1716363107045 3648.0 0
1716363107609 3649.0 0
1716363108120 3650.0 0
1716363113391 3651.0 0
1716363113940 3652.0 0
1716363114442 3653.0 0
1716363114942 3654.0 0
1716363115495 3655.0 0
1716363116012 3656.0 0
1716363116574 3657.0 0
1716363117179 3658.0 0
1716363117780 3659.0 0
1716363118396 3660.0 0
1716363124251 3661.0 0
1716363124766 3662.0 0
1716363125294 3663.0 0
1716363125827 3664.0 0
1716363126359 3665.0 0
1716363126871 3666.0 0
1716363127374 3667.0 0
1716363127889 3668.0 0
1716363128398 3669.0 0
1716363128912 3670.0 0
1716363134696 3671.0 0
1716363135288 3672.0 0
1716363135889 3673.0 0
1716363136537 3674.0 0
1716363137202 3675.0 0
1716363137907 3676.0 0
1716363138481 3677.0 0
1716363139042 3678.0 0
1716363139695 3679.0 0
1716363140244 3680.0 0
1716363145950 3681.0 0
1716363146452 3682.0 0
1716363146948 3683.0 0
1716363147455 3684.0 0
1716363147935 3685.0 0
1716363148461 3686.0 0
1716363148991 3687.0 0
1716363149515 3688.0 0
1716363150043 3689.0 0
1716363150579 3690.0 0
1716363155933 3691.0 0
1716363156442 3692.0 0
1716363156939 3693.0 0
1716363157447 3694.0 0
1716363157958 3695.0 0
1716363158442 3696.0 0
1716363158924 3697.0 0
1716363159433 3698.0 0
1716363159924 3699.0 0
1716363160423 3700.0 0
1716363164637 3701.0 0
1716363165157 3702.0 0
1716363165668 3703.0 0
1716363166178 3704.0 0
1716363166738 3705.0 0
1716363167261 3706.0 0
1716363167788 3707.0 0
1716363168319 3708.0 0
1716363168854 3709.0 0
1716363169362 3710.0 0
1716363175202 3711.0 0
1716363175723 3712.0 0
1716363176261 3713.0 0
1716363176754 3714.0 0
1716363177254 3715.0 0
1716363177760 3716.0 0
1716363178267 3717.0 0
1716363178766 3718.0 0
1716363179289 3719.0 0
1716363179802 3720.0 0
1716363184902 3721.0 0
1716363185402 3722.0 0
1716363185888 3723.0 0
1716363186394 3724.0 0
1716363186886 3725.0 0
1716363187386 3726.0 0
1716363187891 3727.0 0
1716363188400 3728.0 0
1716363188886 3729.0 0
1716363189376 3730.0 0
1716363192812 3731.0 0
1716363193295 3732.0 0
1716363193786 3733.0 0
1716363194285 3734.0 0
1716363194784 3735.0 0
1716363195277 3736.0 0
1716363195783 3737.0 0
1716363196286 3738.0 0
1716363196779 3739.0 0
1716363197271 3740.0 0
1716363201265 3741.0 0
1716363201774 3742.0 0
1716363202290 3743.0 0
1716363202790 3744.0 0
1716363203290 3745.0 0
1716363203813 3746.0 0
1716363204380 3747.0 0
1716363204907 3748.0 0
1716363205403 3749.0 0
1716363205890 3750.0 0
1716363210251 3751.0 0
1716363210780 3752.0 0
1716363211317 3753.0 0
1716363211829 3754.0 0
1716363212327 3755.0 0
1716363212844 3756.0 0
1716363213339 3757.0 0
1716363213832 3758.0 0
1716363214332 3759.0 0
1716363214836 3760.0 0
1716363219976 3761.0 0
1716363220524 3762.0 0
1716363221055 3763.0 0
1716363221552 3764.0 0
1716363222084 3765.0 0
1716363222575 3766.0 0
1716363223076 3767.0 0
1716363223579 3768.0 0
1716363224088 3769.0 0
1716363224586 3770.0 0
1716363229502 3771.0 0
1716363230023 3772.0 0
1716363230541 3773.0 0
1716363231078 3774.0 0
1716363231624 3775.0 0
1716363232213 3776.0 0
1716363232749 3777.0 0
1716363233275 3778.0 0
1716363233833 3779.0 0
1716363234454 3780.0 0
1716363239832 3781.0 0
1716363240367 3782.0 0
1716363240881 3783.0 0
1716363241397 3784.0 0
1716363241902 3785.0 0
1716363242412 3786.0 0
1716363242948 3787.0 0
1716363243450 3788.0 0
1716363243973 3789.0 0
1716363244499 3790.0 0
1716363249922 3791.0 0
1716363250462 3792.0 0
1716363250997 3793.0 0
1716363251517 3794.0 0
1716363252015 3795.0 0
1716363252515 3796.0 0
1716363253113 3797.0 0
1716363253645 3798.0 0
1716363254162 3799.0 0
1716363254682 3800.0 0
1716363259806 3801.0 0
1716363260320 3802.0 0
1716363260825 3803.0 0
1716363261334 3804.0 0
1716363261840 3805.0 0
1716363262346 3806.0 0
1716363262847 3807.0 0
1716363263343 3808.0 0
1716363263834 3809.0 0
1716363264331 3810.0 0
1716363269331 3811.0 0
1716363269923 3812.0 0
1716363270449 3813.0 0
1716363270975 3814.0 0
1716363271474 3815.0 0
1716363271974 3816.0 0
1716363272506 3817.0 0
1716363273006 3818.0 0
1716363273513 3819.0 0
1716363274024 3820.0 0
1716363278538 3821.0 0
1716363279058 3822.0 0
1716363279566 3823.0 0
1716363280068 3824.0 0
1716363280576 3825.0 0
1716363281091 3826.0 0
1716363281627 3827.0 0
1716363282135 3828.0 0
1716363282670 3829.0 0
1716363283173 3830.0 0
1716363288798 3831.0 0
1716363289309 3832.0 0
1716363289812 3833.0 0
1716363290319 3834.0 0
1716363290807 3835.0 0
1716363291289 3836.0 0
1716363291768 3837.0 0
1716363292246 3838.0 0
1716363292776 3839.0 0
1716363293299 3840.0 0
1716363298323 3841.0 0
1716363298848 3842.0 0
1716363299359 3843.0 0
1716363299854 3844.0 0
1716363300378 3845.0 0
1716363300895 3846.0 0
1716363301414 3847.0 0
1716363301923 3848.0 0
1716363302436 3849.0 0
1716363302934 3850.0 0
1716363308480 3851.0 0
1716363308999 3852.0 0
1716363309531 3853.0 0
1716363310062 3854.0 0
1716363310614 3855.0 0
1716363311100 3856.0 0
1716363311674 3857.0 0
1716363312201 3858.0 0
1716363312703 3859.0 0
1716363313238 3860.0 0
1716363318879 3861.0 0
1716363319419 3862.0 0
1716363319917 3863.0 0
1716363320422 3864.0 0
1716363320947 3865.0 0
1716363321463 3866.0 0
1716363321957 3867.0 0
1716363322472 3868.0 0
1716363322994 3869.0 0
1716363323499 3870.0 0
1716363328845 3871.0 0
1716363329360 3872.0 0
1716363329841 3873.0 0
1716363330429 3874.0 0
1716363330966 3875.0 0
1716363331472 3876.0 0
1716363331983 3877.0 0
1716363332497 3878.0 0
1716363333005 3879.0 0
1716363333501 3880.0 0
1716363337670 3881.0 0
1716363338164 3882.0 0
1716363338667 3883.0 0
1716363339167 3884.0 0
1716363339682 3885.0 0
1716363340187 3886.0 0
1716363340704 3887.0 0
1716363341198 3888.0 0
1716363341707 3889.0 0
1716363342229 3890.0 0
1716363346483 3891.0 0
1716363347081 3892.0 0
1716363347737 3893.0 0
1716363348312 3894.0 0
1716363348958 3895.0 0
1716363349637 3896.0 0
1716363350232 3897.0 0
1716363350995 3898.0 0
1716363352173 3899.0 0
1716363352915 3900.0 0
1716363359844 3901.0 0
1716363360531 3902.0 0
1716363361085 3903.0 0
1716363361639 3904.0 0
1716363362166 3905.0 0
1716363362668 3906.0 0
1716363363175 3907.0 0
1716363363701 3908.0 0
1716363364256 3909.0 0
1716363364774 3910.0 0
1716363370898 3911.0 0
1716363371513 3912.0 0
1716363372031 3913.0 0
1716363372544 3914.0 0
1716363373082 3915.0 0
1716363373634 3916.0 0
1716363374175 3917.0 0
1716363374726 3918.0 0
1716363375308 3919.0 0
1716363375820 3920.0 0
1716363381550 3921.0 0
1716363382082 3922.0 0
1716363382605 3923.0 0
1716363383132 3924.0 0
1716363383685 3925.0 0
1716363384195 3926.0 0
1716363384718 3927.0 0
1716363385222 3928.0 0
1716363385745 3929.0 0
1716363386253 3930.0 0
1716363393114 3931.0 0
1716363393760 3932.0 0
1716363394330 3933.0 0
1716363394891 3934.0 0
1716363395493 3935.0 0
1716363396078 3936.0 0
1716363396683 3937.0 0
1716363397213 3938.0 0
1716363397845 3939.0 0
1716363398471 3940.0 0
1716363404372 3941.0 0
1716363404940 3942.0 0
1716363405470 3943.0 0
1716363405988 3944.0 0
1716363406511 3945.0 0
1716363407024 3946.0 0
1716363407516 3947.0 0
1716363408006 3948.0 0
1716363408499 3949.0 0
1716363409027 3950.0 0
1716363413832 3951.0 0
1716363414378 3952.0 0
1716363414886 3953.0 0
1716363415392 3954.0 0
1716363415882 3955.0 0
1716363416373 3956.0 0
1716363416874 3957.0 0
1716363417367 3958.0 0
1716363417888 3959.0 0
1716363418386 3960.0 0
1716363423531 3961.0 0
1716363424066 3962.0 0
1716363424564 3963.0 0
1716363425081 3964.0 0
1716363425722 3965.0 0
1716363426299 3966.0 0
1716363426944 3967.0 0
1716363427632 3968.0 0
1716363428210 3969.0 0
1716363428812 3970.0 0
1716363435672 3971.0 0
1716363436243 3972.0 0
1716363436820 3973.0 0
1716363437443 3974.0 0
1716363438074 3975.0 0
1716363438588 3976.0 0
1716363439112 3977.0 0
1716363439623 3978.0 0
1716363440118 3979.0 0
1716363440615 3980.0 0
1716363446120 3981.0 0
1716363446662 3982.0 0
1716363447187 3983.0 0
1716363447710 3984.0 0
1716363448227 3985.0 0
1716363448759 3986.0 0
1716363449265 3987.0 0
1716363449798 3988.0 0
1716363450336 3989.0 0
1716363450885 3990.0 0
1716363455412 3991.0 0
1716363455926 3992.0 0
1716363456433 3993.0 0
1716363456968 3994.0 0
1716363457484 3995.0 0
1716363458000 3996.0 0
1716363458498 3997.0 0
1716363458994 3998.0 0
1716363459496 3999.0 0
1716363460022 4000.0 0
1716363463793 4001.0 0
1716363464288 4002.0 0
1716363464775 4003.0 0
1716363465280 4004.0 0
1716363465782 4005.0 0
1716363466275 4006.0 0
1716363466769 4007.0 0
1716363467268 4008.0 0
1716363467762 4009.0 0
1716363468257 4010.0 0
1716363472567 4011.0 0
1716363473097 4012.0 0
1716363473648 4013.0 0
1716363474152 4014.0 0
1716363474702 4015.0 0
1716363475225 4016.0 0
1716363475738 4017.0 0
1716363476262 4018.0 0
1716363476769 4019.0 0
1716363477278 4020.0 0
1716363482334 4021.0 0
1716363482877 4022.0 0
1716363483427 4023.0 0
1716363483972 4024.0 0
1716363484489 4025.0 0
1716363484999 4026.0 0
1716363485526 4027.0 0
1716363486028 4028.0 0
1716363486643 4029.0 0
1716363487195 4030.0 0
1716363492672 4031.0 0
1716363493232 4032.0 0
1716363493798 4033.0 0
1716363494411 4034.0 0
1716363494950 4035.0 0
1716363495451 4036.0 0
1716363495996 4037.0 0
1716363496519 4038.0 0
1716363497071 4039.0 0
1716363497600 4040.0 0
1716363503702 4041.0 0
1716363504210 4042.0 0
1716363504748 4043.0 0
1716363505258 4044.0 0
1716363505760 4045.0 0
1716363506265 4046.0 0
1716363506765 4047.0 0
1716363507276 4048.0 0
1716363507792 4049.0 0
1716363508301 4050.0 0
1716363513038 4051.0 0
1716363513552 4052.0 0
1716363514054 4053.0 0
1716363514593 4054.0 0
1716363515098 4055.0 0
1716363515617 4056.0 0
1716363516127 4057.0 0
1716363516643 4058.0 0
1716363517184 4059.0 0
1716363517693 4060.0 0
1716363522606 4061.0 0
1716363523141 4062.0 0
1716363523665 4063.0 0
1716363524171 4064.0 0
1716363524658 4065.0 0
1716363525154 4066.0 0
1716363525644 4067.0 0
1716363526266 4068.0 0
1716363526846 4069.0 0
1716363527465 4070.0 0
1716363533416 4071.0 0
1716363533939 4072.0 0
1716363534486 4073.0 0
1716363535035 4074.0 0
1716363535539 4075.0 0
1716363536067 4076.0 0
1716363536632 4077.0 0
1716363537240 4078.0 0
1716363537770 4079.0 0
