1716643213992 1.0 0
1716643216046 2.0 0
1716643217152 3.0 0
1716643218121 4.0 0
1716643219097 5.0 0
1716643220110 6.0 0
1716643221094 7.0 0
1716643222043 8.0 0
1716643222994 9.0 0
1716643223916 10.0 0
1716643232058 11.0 0
1716643233246 12.0 0
1716643234186 13.0 0
1716643235108 14.0 0
1716643236144 15.0 0
1716643237069 16.0 0
1716643238005 17.0 0
1716643238889 18.0 0
1716643239806 19.0 0
1716643240801 20.0 0
1716643247091 21.0 0
1716643247942 22.0 0
1716643248832 23.0 0
1716643249757 24.0 0
1716643250671 25.0 0
1716643251617 26.0 0
1716643252581 27.0 0
1716643253435 28.0 0
1716643254296 29.0 0
1716643255144 30.0 0
1716643259931 31.0 0
1716643260843 32.0 0
1716643261726 33.0 0
1716643262589 34.0 0
1716643263448 35.0 0
1716643264341 36.0 0
1716643265192 37.0 0
1716643266071 38.0 0
1716643266935 39.0 0
1716643267793 40.0 0
1716643273278 41.0 0
1716643274188 42.0 0
1716643275043 43.0 0
1716643275911 44.0 0
1716643276772 45.0 0
1716643277642 46.0 0
1716643278531 47.0 0
1716643279393 48.0 0
1716643280248 49.0 0
1716643281123 50.0 0
1716643286143 51.0 0
1716643286997 52.0 0
1716643287835 53.0 0
1716643288727 54.0 0
1716643289596 55.0 0
1716643290449 56.0 0
1716643291307 57.0 0
1716643292206 58.0 0
1716643293044 59.0 0
1716643293923 60.0 0
1716643298778 61.0 0
1716643299654 62.0 0
1716643300542 63.0 0
1716643301411 64.0 0
1716643302277 65.0 0
1716643303138 66.0 0
1716643304016 67.0 0
1716643304907 68.0 0
1716643305781 69.0 0
1716643306666 70.0 0
1716643312223 71.0 0
1716643313158 72.0 0
1716643314104 73.0 0
1716643315014 74.0 0
1716643315967 75.0 0
1716643316901 76.0 0
1716643317784 77.0 0
1716643318643 78.0 0
1716643319518 79.0 0
1716643320445 80.0 0
1716643325485 81.0 0
1716643326422 82.0 0
1716643327303 83.0 0
1716643328274 84.0 0
1716643329165 85.0 0
1716643330018 86.0 0
1716643330889 87.0 0
1716643331761 88.0 0
1716643332627 89.0 0
1716643333507 90.0 0
1716643338808 91.0 0
1716643339741 92.0 0
1716643340712 93.0 0
1716643341664 94.0 0
1716643342611 95.0 0
1716643343580 96.0 0
1716643344487 97.0 0
1716643345420 98.0 0
1716643346324 99.0 0
1716643347202 100.0 0
1716643352507 101.0 0
1716643353363 102.0 0
1716643354270 103.0 0
1716643355132 104.0 0
1716643356633 105.0 0
1716643357592 106.0 0
1716643358545 107.0 0
1716643359414 108.0 0
1716643360313 109.0 0
1716643361255 110.0 0
1716643366485 111.0 0
1716643367396 112.0 0
1716643368267 113.0 0
1716643369151 114.0 0
1716643370033 115.0 0
1716643370908 116.0 0
1716643371750 117.0 0
1716643372648 118.0 0
1716643373520 119.0 0
1716643374476 120.0 0
1716643379496 121.0 0
1716643380379 122.0 0
1716643381271 123.0 0
1716643382123 124.0 0
1716643383004 125.0 0
1716643383856 126.0 0
1716643384719 127.0 0
1716643385636 128.0 0
1716643386517 129.0 0
1716643387369 130.0 0
1716643391980 131.0 0
1716643392847 132.0 0
1716643393692 133.0 0
1716643394546 134.0 0
1716643395441 135.0 0
1716643396306 136.0 0
1716643397242 137.0 0
1716643398142 138.0 0
1716643399053 139.0 0
1716643400033 140.0 0
1716643405750 141.0 0
1716643406674 142.0 0
1716643407572 143.0 0
1716643408465 144.0 0
1716643409367 145.0 0
1716643410245 146.0 0
1716643411125 147.0 0
1716643411985 148.0 0
1716643412858 149.0 0
1716643413712 150.0 0
1716643419605 151.0 0
1716643420478 152.0 0
1716643421356 153.0 0
1716643422241 154.0 0
1716643423117 155.0 0
1716643424009 156.0 0
1716643424883 157.0 0
1716643425744 158.0 0
1716643426613 159.0 0
1716643427485 160.0 0
1716643432777 161.0 0
1716643433641 162.0 0
1716643434491 163.0 0
1716643435370 164.0 0
1716643436228 165.0 0
1716643437079 166.0 0
1716643437955 167.0 0
1716643438830 168.0 0
1716643439671 169.0 0
1716643440614 170.0 0
1716643445791 171.0 0
1716643446720 172.0 0
1716643447684 173.0 0
1716643448602 174.0 0
1716643449538 175.0 0
1716643450500 176.0 0
1716643451431 177.0 0
1716643452332 178.0 0
1716643453237 179.0 0
1716643454086 180.0 0
1716643458747 181.0 0
1716643459611 182.0 0
1716643460580 183.0 0
1716643461471 184.0 0
1716643462325 185.0 0
1716643463178 186.0 0
1716643464067 187.0 0
1716643464937 188.0 0
1716643465817 189.0 0
1716643466662 190.0 0
1716643471805 191.0 0
1716643472679 192.0 0
1716643473556 193.0 0
1716643474435 194.0 0
1716643475297 195.0 0
1716643476175 196.0 0
1716643477056 197.0 0
1716643477938 198.0 0
1716643478823 199.0 0
1716643479687 200.0 0
1716643485560 201.0 0
1716643486473 202.0 0
1716643487444 203.0 0
1716643488605 204.0 0
1716643489529 205.0 0
1716643490461 206.0 0
1716643491482 207.0 0
1716643492394 208.0 0
1716643493321 209.0 0
1716643494247 210.0 0
1716643499386 211.0 0
1716643500278 212.0 0
1716643501189 213.0 0
1716643502112 214.0 0
1716643503008 215.0 0
1716643503890 216.0 0
1716643504848 217.0 0
1716643505735 218.0 0
1716643506613 219.0 0
1716643507497 220.0 0
1716643512842 221.0 0
1716643513733 222.0 0
1716643514601 223.0 0
1716643515458 224.0 0
1716643516395 225.0 0
1716643517316 226.0 0
1716643518256 227.0 0
1716643519172 228.0 0
1716643520104 229.0 0
1716643521045 230.0 0
1716643526891 231.0 0
1716643527852 232.0 0
1716643528794 233.0 0
1716643529779 234.0 0
1716643530747 235.0 0
1716643531683 236.0 0
1716643532566 237.0 0
1716643533478 238.0 0
1716643534426 239.0 0
1716643535377 240.0 0
1716643541158 241.0 0
1716643542020 242.0 0
1716643542892 243.0 0
1716643543737 244.0 0
1716643544616 245.0 0
1716643545550 246.0 0
1716643546467 247.0 0
1716643547437 248.0 0
1716643548350 249.0 0
1716643549311 250.0 0
1716643557104 251.0 0
1716643558133 252.0 0
1716643559173 253.0 0
1716643560089 254.0 0
1716643560989 255.0 0
1716643561942 256.0 0
1716643562983 257.0 0
1716643564042 258.0 0
1716643564973 259.0 0
1716643565900 260.0 0
1716643571817 261.0 0
1716643572787 262.0 0
1716643573734 263.0 0
1716643574629 264.0 0
1716643575515 265.0 0
1716643576374 266.0 0
1716643577282 267.0 0
1716643578219 268.0 0
1716643579177 269.0 0
1716643580089 270.0 0
1716643587957 271.0 0
1716643588901 272.0 0
1716643589867 273.0 0
1716643590857 274.0 0
1716643591833 275.0 0
1716643592725 276.0 0
1716643593676 277.0 0
1716643594600 278.0 0
1716643595511 279.0 0
1716643596395 280.0 0
1716643601854 281.0 0
1716643602744 282.0 0
1716643603619 283.0 0
1716643604490 284.0 0
1716643605368 285.0 0
1716643606251 286.0 0
1716643607135 287.0 0
1716643608024 288.0 0
1716643608906 289.0 0
1716643609807 290.0 0
1716643614875 291.0 0
1716643615748 292.0 0
1716643616605 293.0 0
1716643617509 294.0 0
1716643618374 295.0 0
1716643619250 296.0 0
1716643620109 297.0 0
1716643621020 298.0 0
1716643621887 299.0 0
1716643622778 300.0 0
1716643628211 301.0 0
1716643629097 302.0 0
1716643629982 303.0 0
1716643630865 304.0 0
1716643631765 305.0 0
1716643632620 306.0 0
1716643633527 307.0 0
1716643634408 308.0 0
1716643635285 309.0 0
1716643636154 310.0 0
1716643641223 311.0 0
1716643642094 312.0 0
1716643642955 313.0 0
1716643643827 314.0 0
1716643644691 315.0 0
1716643645564 316.0 0
1716643646502 317.0 0
1716643647371 318.0 0
1716643648288 319.0 0
1716643649176 320.0 0
1716643654883 321.0 0
1716643655765 322.0 0
1716643656704 323.0 0
1716643657559 324.0 0
1716643658432 325.0 0
1716643659304 326.0 0
1716643660187 327.0 0
1716643661064 328.0 0
1716643661936 329.0 0
1716643662816 330.0 0
1716643668116 331.0 0
1716643668985 332.0 0
1716643669911 333.0 0
1716643670794 334.0 0
1716643671716 335.0 0
1716643672595 336.0 0
1716643673468 337.0 0
1716643674349 338.0 0
1716643675246 339.0 0
1716643676135 340.0 0
1716643681471 341.0 0
1716643682348 342.0 0
1716643683195 343.0 0
1716643684080 344.0 0
1716643684955 345.0 0
1716643685859 346.0 0
1716643686756 347.0 0
1716643687637 348.0 0
1716643688553 349.0 0
1716643689442 350.0 0
1716643694822 351.0 0
1716643695718 352.0 0
1716643696623 353.0 0
1716643697585 354.0 0
1716643698458 355.0 0
1716643699343 356.0 0
1716643700230 357.0 0
1716643701083 358.0 0
1716643701968 359.0 0
1716643702843 360.0 0
1716643709961 361.0 0
1716643710859 362.0 0
1716643711744 363.0 0
1716643712715 364.0 0
1716643713708 365.0 0
1716643714668 366.0 0
1716643715577 367.0 0
1716643716523 368.0 0
1716643717513 369.0 0
1716643718478 370.0 0
1716643724385 371.0 0
1716643725254 372.0 0
1716643726116 373.0 0
1716643727010 374.0 0
1716643727928 375.0 0
1716643728809 376.0 0
1716643729676 377.0 0
1716643730582 378.0 0
1716643731469 379.0 0
1716643732353 380.0 0
1716643737641 381.0 0
1716643738521 382.0 0
1716643739398 383.0 0
1716643740275 384.0 0
1716643741179 385.0 0
1716643742077 386.0 0
1716643742956 387.0 0
1716643743865 388.0 0
1716643744755 389.0 0
1716643745671 390.0 0
1716643751150 391.0 0
1716643752019 392.0 0
1716643752901 393.0 0
1716643753768 394.0 0
1716643754742 395.0 0
1716643755622 396.0 0
1716643756478 397.0 0
1716643757353 398.0 0
1716643758228 399.0 0
1716643759124 400.0 0
1716643764421 401.0 0
1716643765311 402.0 0
1716643766196 403.0 0
1716643767089 404.0 0
1716643767977 405.0 0
1716643768875 406.0 0
1716643769750 407.0 0
1716643770683 408.0 0
1716643771575 409.0 0
1716643772448 410.0 0
1716643777793 411.0 0
1716643778652 412.0 0
1716643779546 413.0 0
1716643780421 414.0 0
1716643781271 415.0 0
1716643782179 416.0 0
1716643783067 417.0 0
1716643783963 418.0 0
1716643784871 419.0 0
1716643785839 420.0 0
1716643792004 421.0 0
1716643792898 422.0 0
1716643793765 423.0 0
1716643794635 424.0 0
1716643795517 425.0 0
1716643796386 426.0 0
1716643797299 427.0 0
1716643798205 428.0 0
1716643799069 429.0 0
1716643799926 430.0 0
1716643805442 431.0 0
1716643806325 432.0 0
1716643807208 433.0 0
1716643808084 434.0 0
1716643808947 435.0 0
1716643809801 436.0 0
1716643810664 437.0 0
1716643811529 438.0 0
1716643812396 439.0 0
1716643813293 440.0 0
1716643818418 441.0 0
1716643819289 442.0 0
1716643820142 443.0 0
1716643821015 444.0 0
1716643821874 445.0 0
1716643822747 446.0 0
1716643823657 447.0 0
1716643824548 448.0 0
1716643825423 449.0 0
1716643826305 450.0 0
1716643831686 451.0 0
1716643832542 452.0 0
1716643833416 453.0 0
1716643834286 454.0 0
1716643835150 455.0 0
1716643836020 456.0 0
1716643836880 457.0 0
1716643837773 458.0 0
1716643838628 459.0 0
1716643839503 460.0 0
1716643846348 461.0 0
1716643847229 462.0 0
1716643848113 463.0 0
1716643849005 464.0 0
1716643849959 465.0 0
1716643850884 466.0 0
1716643851748 467.0 0
1716643852610 468.0 0
1716643853496 469.0 0
1716643854388 470.0 0
1716643859331 471.0 0
1716643860221 472.0 0
1716643861147 473.0 0
1716643862159 474.0 0
1716643863141 475.0 0
1716643864033 476.0 0
1716643864900 477.0 0
1716643865786 478.0 0
1716643866674 479.0 0
1716643867565 480.0 0
1716643873098 481.0 0
1716643873958 482.0 0
1716643874824 483.0 0
1716643875676 484.0 0
1716643876535 485.0 0
1716643877402 486.0 0
1716643878246 487.0 0
1716643879092 488.0 0
1716643879955 489.0 0
1716643880820 490.0 0
1716643885477 491.0 0
1716643886322 492.0 0
1716643887194 493.0 0
1716643888071 494.0 0
1716643888942 495.0 0
1716643889814 496.0 0
1716643890711 497.0 0
1716643891602 498.0 0
1716643892479 499.0 0
1716643893365 500.0 0
1716643898545 501.0 0
1716643899444 502.0 0
1716643900293 503.0 0
1716643901155 504.0 0
1716643902068 505.0 0
1716643902968 506.0 0
1716643903848 507.0 0
1716643904740 508.0 0
1716643905665 509.0 0
1716643906593 510.0 0
1716643912160 511.0 0
1716643913026 512.0 0
1716643913898 513.0 0
1716643914790 514.0 0
1716643915645 515.0 0
1716643916506 516.0 0
1716643917376 517.0 0
1716643918224 518.0 0
1716643919115 519.0 0
1716643919973 520.0 0
1716643925016 521.0 0
1716643925931 522.0 0
1716643926815 523.0 0
1716643927674 524.0 0
1716643928565 525.0 0
1716643929425 526.0 0
1716643930337 527.0 0
1716643931222 528.0 0
1716643932091 529.0 0
1716643932956 530.0 0
1716643937971 531.0 0
1716643938867 532.0 0
1716643939816 533.0 0
1716643940766 534.0 0
1716643941732 535.0 0
1716643942626 536.0 0
1716643943513 537.0 0
1716643944392 538.0 0
1716643945245 539.0 0
1716643946130 540.0 0
1716643951308 541.0 0
1716643952188 542.0 0
1716643953046 543.0 0
1716643953945 544.0 0
1716643954832 545.0 0
1716643955732 546.0 0
1716643956578 547.0 0
1716643957456 548.0 0
1716643958307 549.0 0
1716643959154 550.0 0
1716643964036 551.0 0
1716643964895 552.0 0
1716643965767 553.0 0
1716643966628 554.0 0
1716643967490 555.0 0
1716643968333 556.0 0
1716643969245 557.0 0
1716643970108 558.0 0
1716643971019 559.0 0
1716643971878 560.0 0
1716643976744 561.0 0
1716643977627 562.0 0
1716643978481 563.0 0
1716643979338 564.0 0
1716643980197 565.0 0
1716643981040 566.0 0
1716643981909 567.0 0
1716643982770 568.0 0
1716643983621 569.0 0
1716643984505 570.0 0
1716643989782 571.0 0
1716643990667 572.0 0
1716643991542 573.0 0
1716643992417 574.0 0
1716643993280 575.0 0
1716643994185 576.0 0
1716643995070 577.0 0
1716643995964 578.0 0
1716643996850 579.0 0
1716643997737 580.0 0
1716644002807 581.0 0
1716644003694 582.0 0
1716644004588 583.0 0
1716644005466 584.0 0
1716644006330 585.0 0
1716644007214 586.0 0
1716644008110 587.0 0
1716644009006 588.0 0
1716644009866 589.0 0
1716644010759 590.0 0
1716644018277 591.0 0
1716644019266 592.0 0
1716644020207 593.0 0
1716644021161 594.0 0
1716644022065 595.0 0
1716644022974 596.0 0
1716644023855 597.0 0
1716644024744 598.0 0
1716644025664 599.0 0
1716644026593 600.0 0
1716644032803 601.0 0
1716644033691 602.0 0
1716644034576 603.0 0
1716644035429 604.0 0
1716644036318 605.0 0
1716644037195 606.0 0
1716644038090 607.0 0
1716644038978 608.0 0
1716644039883 609.0 0
1716644040821 610.0 0
1716644046442 611.0 0
1716644047277 612.0 0
1716644048172 613.0 0
1716644049093 614.0 0
1716644050020 615.0 0
1716644050944 616.0 0
1716644051891 617.0 0
1716644052854 618.0 0
1716644053827 619.0 0
1716644054776 620.0 0
1716644060051 621.0 0
1716644060909 622.0 0
1716644061779 623.0 0
1716644062665 624.0 0
1716644063619 625.0 0
1716644064500 626.0 0
1716644065413 627.0 0
1716644066330 628.0 0
1716644067295 629.0 0
1716644068267 630.0 0
1716644073587 631.0 0
1716644074473 632.0 0
1716644075345 633.0 0
1716644076214 634.0 0
1716644077089 635.0 0
1716644077981 636.0 0
1716644078894 637.0 0
1716644079860 638.0 0
1716644080814 639.0 0
1716644081749 640.0 0
1716644087065 641.0 0
1716644087945 642.0 0
1716644088839 643.0 0
1716644089735 644.0 0
1716644090647 645.0 0
1716644091632 646.0 0
1716644092879 647.0 0
1716644093986 648.0 0
1716644095027 649.0 0
1716644096088 650.0 0
1716644102039 651.0 0
1716644102911 652.0 0
1716644103795 653.0 0
1716644104672 654.0 0
1716644105558 655.0 0
1716644106492 656.0 0
1716644107465 657.0 0
1716644108428 658.0 0
1716644109389 659.0 0
1716644110375 660.0 0
1716644115518 661.0 0
1716644116404 662.0 0
1716644117342 663.0 0
1716644118216 664.0 0
1716644119143 665.0 0
1716644120084 666.0 0
1716644121040 667.0 0
1716644122026 668.0 0
1716644123047 669.0 0
1716644124066 670.0 0
1716644129371 671.0 0
1716644130228 672.0 0
1716644131113 673.0 0
1716644132008 674.0 0
1716644132914 675.0 0
1716644133823 676.0 0
1716644134755 677.0 0
1716644135672 678.0 0
1716644136623 679.0 0
1716644137599 680.0 0
1716644142683 681.0 0
1716644143553 682.0 0
1716644144403 683.0 0
1716644145260 684.0 0
1716644146156 685.0 0
1716644147071 686.0 0
1716644148028 687.0 0
1716644148979 688.0 0
1716644149915 689.0 0
1716644150868 690.0 0
1716644156351 691.0 0
1716644157230 692.0 0
1716644158138 693.0 0
1716644159016 694.0 0
1716644159913 695.0 0
1716644160789 696.0 0
1716644161696 697.0 0
1716644162601 698.0 0
1716644163538 699.0 0
1716644164522 700.0 0
1716644170633 701.0 0
1716644171615 702.0 0
1716644172489 703.0 0
1716644173386 704.0 0
1716644174296 705.0 0
1716644175220 706.0 0
1716644176198 707.0 0
1716644177178 708.0 0
1716644178177 709.0 0
1716644179148 710.0 0
1716644184554 711.0 0
1716644185432 712.0 0
1716644186274 713.0 0
1716644187129 714.0 0
1716644188006 715.0 0
1716644188886 716.0 0
1716644189764 717.0 0
1716644190675 718.0 0
1716644191594 719.0 0
1716644192548 720.0 0
1716644197787 721.0 0
1716644198708 722.0 0
1716644199603 723.0 0
1716644200463 724.0 0
1716644201342 725.0 0
1716644202252 726.0 0
1716644203149 727.0 0
1716644204088 728.0 0
1716644205033 729.0 0
1716644205987 730.0 0
1716644211187 731.0 0
1716644212066 732.0 0
1716644212956 733.0 0
1716644213810 734.0 0
1716644214705 735.0 0
1716644215594 736.0 0
1716644216478 737.0 0
1716644217402 738.0 0
1716644218299 739.0 0
1716644219237 740.0 0
1716644224435 741.0 0
1716644225280 742.0 0
1716644226178 743.0 0
1716644227068 744.0 0
1716644227956 745.0 0
1716644228890 746.0 0
1716644229847 747.0 0
1716644230862 748.0 0
1716644231934 749.0 0
1716644232933 750.0 0
1716644241153 751.0 0
1716644242017 752.0 0
1716644242927 753.0 0
1716644243884 754.0 0
1716644244860 755.0 0
1716644245832 756.0 0
1716644246794 757.0 0
1716644247696 758.0 0
1716644248622 759.0 0
1716644249563 760.0 0
1716644255422 761.0 0
1716644256271 762.0 0
1716644257172 763.0 0
1716644258080 764.0 0
1716644258965 765.0 0
1716644259860 766.0 0
1716644260775 767.0 0
1716644261703 768.0 0
1716644262656 769.0 0
1716644263615 770.0 0
1716644269037 771.0 0
1716644269901 772.0 0
1716644270767 773.0 0
1716644271653 774.0 0
1716644272564 775.0 0
1716644273454 776.0 0
1716644274383 777.0 0
1716644275339 778.0 0
1716644276316 779.0 0
1716644277271 780.0 0
1716644282608 781.0 0
1716644283522 782.0 0
1716644284393 783.0 0
1716644285249 784.0 0
1716644286106 785.0 0
1716644287034 786.0 0
1716644288004 787.0 0
1716644288967 788.0 0
1716644289966 789.0 0
1716644290959 790.0 0
1716644296382 791.0 0
1716644297313 792.0 0
1716644298188 793.0 0
1716644299090 794.0 0
1716644300033 795.0 0
1716644300974 796.0 0
1716644301976 797.0 0
1716644302973 798.0 0
1716644303969 799.0 0
1716644304969 800.0 0
1716644310347 801.0 0
1716644311216 802.0 0
1716644312089 803.0 0
1716644312974 804.0 0
1716644313906 805.0 0
1716644314810 806.0 0
1716644315763 807.0 0
1716644316744 808.0 0
1716644317735 809.0 0
1716644318713 810.0 0
1716644324591 811.0 0
1716644325471 812.0 0
1716644326372 813.0 0
1716644327286 814.0 0
1716644328254 815.0 0
1716644329276 816.0 0
1716644330284 817.0 0
1716644331312 818.0 0
1716644332340 819.0 0
1716644333380 820.0 0
1716644338863 821.0 0
1716644339732 822.0 0
1716644340610 823.0 0
1716644341517 824.0 0
1716644342402 825.0 0
1716644343325 826.0 0
1716644344339 827.0 0
1716644345316 828.0 0
1716644346333 829.0 0
1716644347315 830.0 0
1716644352521 831.0 0
1716644353402 832.0 0
1716644354297 833.0 0
1716644355182 834.0 0
1716644356125 835.0 0
1716644357098 836.0 0
1716644358061 837.0 0
1716644359055 838.0 0
1716644360033 839.0 0
1716644360999 840.0 0
1716644366530 841.0 0
1716644367408 842.0 0
1716644368282 843.0 0
1716644369140 844.0 0
1716644370023 845.0 0
1716644370947 846.0 0
1716644371891 847.0 0
1716644372851 848.0 0
1716644373815 849.0 0
1716644374792 850.0 0
1716644379803 851.0 0
1716644380704 852.0 0
1716644381581 853.0 0
1716644382530 854.0 0
1716644383498 855.0 0
1716644384505 856.0 0
1716644385522 857.0 0
1716644386542 858.0 0
1716644387558 859.0 0
1716644388596 860.0 0
1716644394776 861.0 0
1716644395688 862.0 0
1716644396562 863.0 0
1716644397511 864.0 0
1716644398543 865.0 0
1716644399627 866.0 0
1716644400704 867.0 0
1716644401831 868.0 0
1716644403029 869.0 0
1716644404236 870.0 0
1716644410272 871.0 0
1716644411146 872.0 0
1716644412011 873.0 0
1716644412879 874.0 0
1716644413764 875.0 0
1716644414682 876.0 0
1716644415619 877.0 0
1716644416566 878.0 0
1716644417550 879.0 0
1716644418523 880.0 0
1716644423792 881.0 0
1716644424686 882.0 0
1716644425566 883.0 0
1716644426479 884.0 0
1716644427431 885.0 0
1716644428372 886.0 0
1716644429342 887.0 0
1716644430343 888.0 0
1716644431353 889.0 0
1716644432328 890.0 0
1716644438040 891.0 0
1716644438890 892.0 0
1716644439751 893.0 0
1716644440632 894.0 0
1716644441535 895.0 0
1716644442470 896.0 0
1716644443391 897.0 0
1716644444331 898.0 0
1716644445293 899.0 0
1716644446283 900.0 0
1716644451637 901.0 0
1716644452513 902.0 0
1716644453389 903.0 0
1716644454285 904.0 0
1716644455205 905.0 0
1716644456134 906.0 0
1716644457072 907.0 0
1716644458065 908.0 0
1716644459065 909.0 0
1716644460079 910.0 0
1716644465636 911.0 0
1716644466507 912.0 0
1716644467368 913.0 0
1716644468261 914.0 0
1716644469210 915.0 0
1716644470166 916.0 0
1716644471153 917.0 0
1716644472169 918.0 0
1716644473181 919.0 0
1716644474205 920.0 0
1716644479477 921.0 0
1716644480369 922.0 0
1716644481249 923.0 0
1716644482138 924.0 0
1716644483033 925.0 0
1716644483995 926.0 0
1716644484959 927.0 0
1716644485940 928.0 0
1716644486904 929.0 0
1716644487907 930.0 0
1716644493479 931.0 0
1716644494368 932.0 0
1716644495238 933.0 0
1716644496126 934.0 0
1716644497036 935.0 0
1716644498006 936.0 0
1716644498964 937.0 0
1716644499909 938.0 0
1716644500886 939.0 0
1716644501876 940.0 0
1716644507285 941.0 0
1716644508201 942.0 0
1716644509073 943.0 0
1716644509972 944.0 0
1716644510917 945.0 0
1716644511877 946.0 0
1716644512840 947.0 0
1716644513830 948.0 0
1716644514813 949.0 0
1716644515796 950.0 0
1716644524827 951.0 0
1716644525709 952.0 0
1716644526621 953.0 0
1716644527511 954.0 0
1716644528409 955.0 0
1716644529292 956.0 0
1716644530167 957.0 0
1716644531029 958.0 0
1716644531897 959.0 0
1716644532776 960.0 0
1716644538701 961.0 0
1716644539624 962.0 0
1716644540492 963.0 0
1716644541368 964.0 0
1716644542264 965.0 0
1716644543199 966.0 0
1716644544121 967.0 0
1716644545097 968.0 0
1716644546078 969.0 0
1716644547051 970.0 0
1716644552627 971.0 0
1716644553519 972.0 0
1716644554396 973.0 0
1716644555250 974.0 0
1716644556141 975.0 0
1716644557085 976.0 0
1716644558045 977.0 0
1716644558995 978.0 0
1716644559974 979.0 0
1716644560946 980.0 0
1716644565947 981.0 0
1716644566874 982.0 0
1716644567755 983.0 0
1716644568646 984.0 0
1716644569560 985.0 0
1716644570552 986.0 0
1716644571533 987.0 0
1716644572542 988.0 0
1716644573526 989.0 0
1716644574538 990.0 0
1716644579987 991.0 0
1716644580879 992.0 0
1716644581785 993.0 0
1716644582647 994.0 0
1716644583535 995.0 0
1716644584462 996.0 0
1716644585415 997.0 0
1716644586378 998.0 0
1716644587376 999.0 0
1716644588396 1000.0 0
1716644594045 1001.0 0
1716644594928 1002.0 0
1716644595807 1003.0 0
1716644596701 1004.0 0
1716644597637 1005.0 0
1716644598592 1006.0 0
1716644599555 1007.0 0
1716644600551 1008.0 0
1716644601547 1009.0 0
1716644602568 1010.0 0
1716644607891 1011.0 0
1716644608763 1012.0 0
1716644609634 1013.0 0
1716644610521 1014.0 0
1716644611480 1015.0 0
1716644612451 1016.0 0
1716644613465 1017.0 0
1716644614454 1018.0 0
1716644615511 1019.0 0
1716644616602 1020.0 0
1716644622899 1021.0 0
1716644623768 1022.0 0
1716644624649 1023.0 0
1716644625515 1024.0 0
1716644626424 1025.0 0
1716644627385 1026.0 0
1716644628340 1027.0 0
1716644629303 1028.0 0
1716644630267 1029.0 0
1716644631269 1030.0 0
1716644636589 1031.0 0
1716644637461 1032.0 0
1716644638377 1033.0 0
1716644639246 1034.0 0
1716644640201 1035.0 0
1716644641143 1036.0 0
1716644642140 1037.0 0
1716644643130 1038.0 0
1716644644165 1039.0 0
1716644645200 1040.0 0
1716644651118 1041.0 0
1716644652056 1042.0 0
1716644653020 1043.0 0
1716644654005 1044.0 0
1716644654957 1045.0 0
1716644655945 1046.0 0
1716644656972 1047.0 0
1716644658081 1048.0 0
1716644659183 1049.0 0
1716644660251 1050.0 0
1716644666099 1051.0 0
1716644666971 1052.0 0
1716644667845 1053.0 0
1716644668716 1054.0 0
1716644669595 1055.0 0
1716644670524 1056.0 0
1716644671453 1057.0 0
1716644672393 1058.0 0
1716644673368 1059.0 0
1716644674330 1060.0 0
1716644679804 1061.0 0
1716644680671 1062.0 0
1716644681528 1063.0 0
1716644682458 1064.0 0
1716644683458 1065.0 0
1716644684463 1066.0 0
1716644685474 1067.0 0
1716644686520 1068.0 0
1716644687533 1069.0 0
1716644688538 1070.0 0
1716644693907 1071.0 0
1716644694800 1072.0 0
1716644695702 1073.0 0
1716644696619 1074.0 0
1716644697573 1075.0 0
1716644698570 1076.0 0
1716644699593 1077.0 0
1716644700662 1078.0 0
1716644701679 1079.0 0
1716644702689 1080.0 0
1716644708449 1081.0 0
1716644709317 1082.0 0
1716644710179 1083.0 0
1716644711070 1084.0 0
1716644711999 1085.0 0
1716644712970 1086.0 0
1716644713976 1087.0 0
1716644715009 1088.0 0
1716644716014 1089.0 0
1716644717042 1090.0 0
1716644722508 1091.0 0
1716644723374 1092.0 0
1716644724266 1093.0 0
1716644725173 1094.0 0
1716644726163 1095.0 0
1716644727238 1096.0 0
1716644728298 1097.0 0
1716644729370 1098.0 0
1716644730424 1099.0 0
1716644731511 1100.0 0
1716644737404 1101.0 0
1716644738337 1102.0 0
1716644739229 1103.0 0
1716644740158 1104.0 0
1716644741073 1105.0 0
1716644742040 1106.0 0
1716644743019 1107.0 0
1716644744054 1108.0 0
1716644745079 1109.0 0
1716644746085 1110.0 0
1716644751802 1111.0 0
1716644752650 1112.0 0
1716644753515 1113.0 0
1716644754441 1114.0 0
1716644755370 1115.0 0
1716644756313 1116.0 0
1716644757252 1117.0 0
1716644758247 1118.0 0
1716644759239 1119.0 0
1716644760208 1120.0 0
1716644765673 1121.0 0
1716644766553 1122.0 0
1716644767425 1123.0 0
1716644768330 1124.0 0
1716644769285 1125.0 0
1716644770267 1126.0 0
1716644771267 1127.0 0
1716644772285 1128.0 0
1716644773306 1129.0 0
1716644774353 1130.0 0
1716644779799 1131.0 0
1716644780683 1132.0 0
1716644781549 1133.0 0
1716644782472 1134.0 0
1716644783443 1135.0 0
1716644784426 1136.0 0
1716644785417 1137.0 0
1716644786447 1138.0 0
1716644787456 1139.0 0
1716644788504 1140.0 0
1716644794378 1141.0 0
1716644795284 1142.0 0
1716644796157 1143.0 0
1716644797035 1144.0 0
1716644797947 1145.0 0
1716644798849 1146.0 0
1716644799838 1147.0 0
1716644800797 1148.0 0
1716644801790 1149.0 0
1716644802870 1150.0 0
1716644808852 1151.0 0
1716644809725 1152.0 0
1716644810586 1153.0 0
1716644811474 1154.0 0
1716644812387 1155.0 0
1716644813327 1156.0 0
1716644814305 1157.0 0
1716644815284 1158.0 0
1716644816260 1159.0 0
1716644817245 1160.0 0
1716644822585 1161.0 0
1716644823485 1162.0 0
1716644824338 1163.0 0
1716644825206 1164.0 0
1716644826084 1165.0 0
1716644827030 1166.0 0
1716644828003 1167.0 0
1716644828970 1168.0 0
1716644829962 1169.0 0
1716644830984 1170.0 0
1716644836616 1171.0 0
1716644837508 1172.0 0
1716644838380 1173.0 0
1716644839263 1174.0 0
1716644840145 1175.0 0
1716644841078 1176.0 0
1716644842011 1177.0 0
1716644842967 1178.0 0
1716644843931 1179.0 0
1716644844896 1180.0 0
1716644849792 1181.0 0
1716644850647 1182.0 0
1716644851524 1183.0 0
1716644852434 1184.0 0
1716644853359 1185.0 0
1716644854314 1186.0 0
1716644855287 1187.0 0
1716644856247 1188.0 0
1716644857230 1189.0 0
1716644858241 1190.0 0
1716644872577 1191.0 0
1716644873434 1192.0 0
1716644874336 1193.0 0
1716644875210 1194.0 0
1716644876140 1195.0 0
1716644876990 1196.0 0
1716644877886 1197.0 0
1716644878822 1198.0 0
1716644879794 1199.0 0
1716644880747 1200.0 0
1716644887577 1201.0 0
1716644888433 1202.0 0
1716644889288 1203.0 0
1716644890193 1204.0 0
1716644891064 1205.0 0
1716644891969 1206.0 0
1716644892842 1207.0 0
1716644893748 1208.0 0
1716644894656 1209.0 0
1716644895600 1210.0 0
1716644901032 1211.0 0
1716644901919 1212.0 0
1716644902792 1213.0 0
1716644903684 1214.0 0
1716644904607 1215.0 0
1716644905548 1216.0 0
1716644906499 1217.0 0
1716644907457 1218.0 0
1716644908442 1219.0 0
1716644909437 1220.0 0
1716644914900 1221.0 0
1716644915790 1222.0 0
1716644916666 1223.0 0
1716644917536 1224.0 0
1716644918414 1225.0 0
1716644919328 1226.0 0
1716644920336 1227.0 0
1716644921278 1228.0 0
1716644922225 1229.0 0
1716644923207 1230.0 0
1716644928342 1231.0 0
1716644929204 1232.0 0
1716644930085 1233.0 0
1716644930978 1234.0 0
1716644931898 1235.0 0
1716644932852 1236.0 0
1716644933812 1237.0 0
1716644934788 1238.0 0
1716644935752 1239.0 0
1716644936711 1240.0 0
1716644941423 1241.0 0
1716644942327 1242.0 0
1716644943210 1243.0 0
1716644944140 1244.0 0
1716644945101 1245.0 0
1716644946086 1246.0 0
1716644947098 1247.0 0
1716644948162 1248.0 0
1716644949188 1249.0 0
1716644950237 1250.0 0
1716644955778 1251.0 0
1716644956682 1252.0 0
1716644957550 1253.0 0
1716644958435 1254.0 0
1716644959349 1255.0 0
1716644960286 1256.0 0
1716644961250 1257.0 0
1716644962226 1258.0 0
1716644963217 1259.0 0
1716644964177 1260.0 0
1716644969129 1261.0 0
1716644970027 1262.0 0
1716644970936 1263.0 0
1716644971836 1264.0 0
1716644972779 1265.0 0
1716644973728 1266.0 0
1716644974679 1267.0 0
1716644975658 1268.0 0
1716644976687 1269.0 0
1716644977669 1270.0 0
1716644982494 1271.0 0
1716644983385 1272.0 0
1716644984249 1273.0 0
1716644985117 1274.0 0
1716644986050 1275.0 0
1716644986977 1276.0 0
1716644987958 1277.0 0
1716644988920 1278.0 0
1716644989875 1279.0 0
1716644990867 1280.0 0
1716644995984 1281.0 0
1716644996838 1282.0 0
1716644997718 1283.0 0
1716644998645 1284.0 0
1716644999558 1285.0 0
1716645000518 1286.0 0
1716645001483 1287.0 0
1716645002466 1288.0 0
1716645003440 1289.0 0
1716645004407 1290.0 0
1716645009658 1291.0 0
1716645010527 1292.0 0
1716645011401 1293.0 0
1716645012294 1294.0 0
1716645013235 1295.0 0
1716645014151 1296.0 0
1716645015092 1297.0 0
1716645016042 1298.0 0
1716645016992 1299.0 0
1716645017958 1300.0 0
1716645022960 1301.0 0
1716645023878 1302.0 0
1716645024758 1303.0 0
1716645025637 1304.0 0
1716645026551 1305.0 0
1716645027470 1306.0 0
1716645028410 1307.0 0
1716645029363 1308.0 0
1716645030337 1309.0 0
1716645031300 1310.0 0
1716645036135 1311.0 0
1716645037016 1312.0 0
1716645037878 1313.0 0
1716645038757 1314.0 0
1716645039666 1315.0 0
1716645040584 1316.0 0
1716645041507 1317.0 0
1716645042459 1318.0 0
1716645043404 1319.0 0
1716645044345 1320.0 0
1716645049217 1321.0 0
1716645050102 1322.0 0
1716645050984 1323.0 0
1716645051851 1324.0 0
1716645052758 1325.0 0
1716645053688 1326.0 0
1716645054639 1327.0 0
1716645055560 1328.0 0
1716645056512 1329.0 0
1716645057459 1330.0 0
1716645061801 1331.0 0
1716645062662 1332.0 0
1716645063550 1333.0 0
1716645064453 1334.0 0
1716645065376 1335.0 0
1716645066305 1336.0 0
1716645067253 1337.0 0
1716645068264 1338.0 0
1716645069240 1339.0 0
1716645070239 1340.0 0
1716645075602 1341.0 0
1716645076511 1342.0 0
1716645077382 1343.0 0
1716645078279 1344.0 0
1716645079153 1345.0 0
1716645080047 1346.0 0
1716645080955 1347.0 0
1716645081892 1348.0 0
1716645082818 1349.0 0
1716645083758 1350.0 0
1716645088883 1351.0 0
1716645089736 1352.0 0
1716645090589 1353.0 0
1716645091481 1354.0 0
1716645092381 1355.0 0
1716645093286 1356.0 0
1716645094209 1357.0 0
1716645095149 1358.0 0
1716645096109 1359.0 0
1716645097047 1360.0 0
1716645102003 1361.0 0
1716645102889 1362.0 0
1716645103759 1363.0 0
1716645104652 1364.0 0
1716645105544 1365.0 0
1716645106466 1366.0 0
1716645107413 1367.0 0
1716645108366 1368.0 0
1716645109308 1369.0 0
1716645110246 1370.0 0
1716645115305 1371.0 0
1716645116189 1372.0 0
1716645117058 1373.0 0
1716645117922 1374.0 0
1716645118806 1375.0 0
1716645119721 1376.0 0
1716645120650 1377.0 0
1716645121590 1378.0 0
1716645122538 1379.0 0
1716645123483 1380.0 0
1716645128540 1381.0 0
1716645129418 1382.0 0
1716645130279 1383.0 0
1716645131161 1384.0 0
1716645132160 1385.0 0
1716645133104 1386.0 0
1716645134030 1387.0 0
1716645134971 1388.0 0
1716645135957 1389.0 0
1716645136914 1390.0 0
1716645141931 1391.0 0
1716645142824 1392.0 0
1716645143692 1393.0 0
1716645144570 1394.0 0
1716645145459 1395.0 0
1716645146356 1396.0 0
1716645147307 1397.0 0
1716645148252 1398.0 0
1716645149189 1399.0 0
1716645150154 1400.0 0
1716645155271 1401.0 0
1716645156146 1402.0 0
1716645157026 1403.0 0
1716645157905 1404.0 0
1716645158811 1405.0 0
1716645159729 1406.0 0
1716645160663 1407.0 0
1716645161601 1408.0 0
1716645162569 1409.0 0
1716645163511 1410.0 0
1716645168017 1411.0 0
1716645168909 1412.0 0
1716645169776 1413.0 0
1716645170651 1414.0 0
1716645171564 1415.0 0
1716645172526 1416.0 0
1716645173461 1417.0 0
1716645174445 1418.0 0
1716645175393 1419.0 0
1716645176357 1420.0 0
1716645181719 1421.0 0
1716645182582 1422.0 0
1716645183444 1423.0 0
1716645184352 1424.0 0
1716645185275 1425.0 0
1716645186206 1426.0 0
1716645187171 1427.0 0
1716645188170 1428.0 0
1716645189194 1429.0 0
1716645190265 1430.0 0
1716645195458 1431.0 0
1716645196329 1432.0 0
1716645197202 1433.0 0
1716645198093 1434.0 0
1716645198989 1435.0 0
1716645199915 1436.0 0
1716645200846 1437.0 0
1716645201769 1438.0 0
1716645202731 1439.0 0
1716645203693 1440.0 0
1716645209069 1441.0 0
1716645209964 1442.0 0
1716645210836 1443.0 0
1716645211699 1444.0 0
1716645212628 1445.0 0
1716645213548 1446.0 0
1716645214517 1447.0 0
1716645215555 1448.0 0
1716645216613 1449.0 0
1716645217751 1450.0 0
1716645224356 1451.0 0
1716645225238 1452.0 0
1716645226094 1453.0 0
1716645226993 1454.0 0
1716645227911 1455.0 0
1716645228833 1456.0 0
1716645229785 1457.0 0
1716645230735 1458.0 0
1716645231687 1459.0 0
1716645232662 1460.0 0
1716645237826 1461.0 0
1716645238704 1462.0 0
1716645239566 1463.0 0
1716645240448 1464.0 0
1716645241375 1465.0 0
1716645242315 1466.0 0
1716645243264 1467.0 0
1716645244216 1468.0 0
1716645245162 1469.0 0
1716645246145 1470.0 0
1716645252011 1471.0 0
1716645252892 1472.0 0
1716645253773 1473.0 0
1716645254638 1474.0 0
1716645255536 1475.0 0
1716645256482 1476.0 0
1716645257462 1477.0 0
1716645258427 1478.0 0
1716645259393 1479.0 0
1716645260373 1480.0 0
1716645265747 1481.0 0
1716645266608 1482.0 0
1716645267497 1483.0 0
1716645268396 1484.0 0
1716645269316 1485.0 0
1716645270268 1486.0 0
1716645271227 1487.0 0
1716645272178 1488.0 0
1716645273141 1489.0 0
1716645274128 1490.0 0
1716645287447 1491.0 0
1716645288379 1492.0 0
1716645289285 1493.0 0
1716645290166 1494.0 0
1716645291109 1495.0 0
1716645291999 1496.0 0
1716645292890 1497.0 0
1716645293750 1498.0 0
1716645294681 1499.0 0
1716645295562 1500.0 0
1716645301505 1501.0 0
1716645302364 1502.0 0
1716645303257 1503.0 0
1716645304128 1504.0 0
1716645305012 1505.0 0
1716645305913 1506.0 0
1716645306811 1507.0 0
1716645307756 1508.0 0
1716645308702 1509.0 0
1716645309649 1510.0 0
1716645315039 1511.0 0
1716645315897 1512.0 0
1716645316782 1513.0 0
1716645317647 1514.0 0
1716645318544 1515.0 0
1716645319467 1516.0 0
1716645320404 1517.0 0
1716645321359 1518.0 0
1716645322348 1519.0 0
1716645323318 1520.0 0
1716645328648 1521.0 0
1716645329516 1522.0 0
1716645330382 1523.0 0
1716645331241 1524.0 0
1716645332138 1525.0 0
1716645333068 1526.0 0
1716645334022 1527.0 0
1716645335001 1528.0 0
1716645335959 1529.0 0
1716645336906 1530.0 0
1716645342046 1531.0 0
1716645342935 1532.0 0
1716645343809 1533.0 0
1716645344702 1534.0 0
1716645345635 1535.0 0
1716645346561 1536.0 0
1716645347534 1537.0 0
1716645348492 1538.0 0
1716645349462 1539.0 0
1716645350421 1540.0 0
1716645355431 1541.0 0
1716645356323 1542.0 0
1716645357205 1543.0 0
1716645358078 1544.0 0
1716645359012 1545.0 0
1716645359967 1546.0 0
1716645360971 1547.0 0
1716645361959 1548.0 0
1716645362946 1549.0 0
1716645363929 1550.0 0
1716645369720 1551.0 0
1716645370577 1552.0 0
1716645371421 1553.0 0
1716645372293 1554.0 0
1716645373190 1555.0 0
1716645374125 1556.0 0
1716645375069 1557.0 0
1716645376017 1558.0 0
1716645377000 1559.0 0
1716645377994 1560.0 0
1716645383171 1561.0 0
1716645384047 1562.0 0
1716645384917 1563.0 0
1716645385794 1564.0 0
1716645386715 1565.0 0
1716645387669 1566.0 0
1716645388616 1567.0 0
1716645389589 1568.0 0
1716645390576 1569.0 0
1716645391537 1570.0 0
1716645396518 1571.0 0
1716645397420 1572.0 0
1716645398282 1573.0 0
1716645399192 1574.0 0
1716645400112 1575.0 0
1716645401043 1576.0 0
1716645402003 1577.0 0
1716645402968 1578.0 0
1716645403939 1579.0 0
1716645404902 1580.0 0
1716645409920 1581.0 0
1716645410780 1582.0 0
1716645411648 1583.0 0
1716645412607 1584.0 0
1716645413556 1585.0 0
1716645414483 1586.0 0
1716645415446 1587.0 0
1716645416427 1588.0 0
1716645417438 1589.0 0
1716645418441 1590.0 0
1716645423201 1591.0 0
1716645424150 1592.0 0
1716645425037 1593.0 0
1716645425938 1594.0 0
1716645426884 1595.0 0
1716645427856 1596.0 0
1716645428872 1597.0 0
1716645429899 1598.0 0
1716645430928 1599.0 0
1716645431962 1600.0 0
1716645437378 1601.0 0
1716645438261 1602.0 0
1716645439132 1603.0 0
1716645440014 1604.0 0
1716645440909 1605.0 0
1716645441830 1606.0 0
1716645442764 1607.0 0
1716645443728 1608.0 0
1716645444666 1609.0 0
1716645445643 1610.0 0
1716645450696 1611.0 0
1716645451548 1612.0 0
1716645452392 1613.0 0
1716645453294 1614.0 0
1716645454194 1615.0 0
1716645455102 1616.0 0
1716645456074 1617.0 0
1716645457014 1618.0 0
1716645457987 1619.0 0
1716645458934 1620.0 0
1716645464074 1621.0 0
1716645464965 1622.0 0
1716645465859 1623.0 0
1716645466720 1624.0 0
1716645467606 1625.0 0
1716645468523 1626.0 0
1716645469454 1627.0 0
1716645470414 1628.0 0
1716645471349 1629.0 0
1716645472300 1630.0 0
1716645477688 1631.0 0
1716645478572 1632.0 0
1716645479441 1633.0 0
1716645480342 1634.0 0
1716645481239 1635.0 0
1716645482134 1636.0 0
1716645483090 1637.0 0
1716645484044 1638.0 0
1716645484988 1639.0 0
1716645485950 1640.0 0
1716645491659 1641.0 0
1716645492529 1642.0 0
1716645493414 1643.0 0
1716645494270 1644.0 0
1716645495162 1645.0 0
1716645496069 1646.0 0
1716645497036 1647.0 0
1716645497994 1648.0 0
1716645498979 1649.0 0
1716645499945 1650.0 0
1716645505269 1651.0 0
1716645506136 1652.0 0
1716645507014 1653.0 0
1716645507878 1654.0 0
1716645508786 1655.0 0
1716645509702 1656.0 0
1716645510630 1657.0 0
1716645511556 1658.0 0
1716645512511 1659.0 0
1716645513462 1660.0 0
1716645518607 1661.0 0
1716645519481 1662.0 0
1716645520356 1663.0 0
1716645521246 1664.0 0
1716645522132 1665.0 0
1716645523057 1666.0 0
1716645523998 1667.0 0
1716645524959 1668.0 0
1716645525907 1669.0 0
1716645526865 1670.0 0
1716645532039 1671.0 0
1716645532892 1672.0 0
1716645533749 1673.0 0
1716645534639 1674.0 0
1716645535541 1675.0 0
1716645536447 1676.0 0
1716645537386 1677.0 0
1716645538323 1678.0 0
1716645539263 1679.0 0
1716645540194 1680.0 0
1716645545181 1681.0 0
1716645546066 1682.0 0
1716645546958 1683.0 0
1716645547816 1684.0 0
1716645548760 1685.0 0
1716645549725 1686.0 0
1716645550714 1687.0 0
1716645551721 1688.0 0
1716645552746 1689.0 0
1716645553742 1690.0 0
1716645559060 1691.0 0
1716645559933 1692.0 0
1716645560786 1693.0 0
1716645561648 1694.0 0
1716645562529 1695.0 0
1716645563448 1696.0 0
1716645564399 1697.0 0
1716645565324 1698.0 0
1716645566261 1699.0 0
1716645567186 1700.0 0
1716645572291 1701.0 0
1716645573172 1702.0 0
1716645574063 1703.0 0
1716645574966 1704.0 0
1716645575861 1705.0 0
1716645576818 1706.0 0
1716645577772 1707.0 0
1716645578696 1708.0 0
1716645579636 1709.0 0
1716645580603 1710.0 0
1716645585854 1711.0 0
1716645586747 1712.0 0
1716645587635 1713.0 0
1716645588509 1714.0 0
1716645589398 1715.0 0
1716645590363 1716.0 0
1716645591301 1717.0 0
1716645592252 1718.0 0
1716645593204 1719.0 0
1716645594174 1720.0 0
1716645599970 1721.0 0
1716645600838 1722.0 0
1716645601747 1723.0 0
1716645602670 1724.0 0
1716645603618 1725.0 0
1716645604618 1726.0 0
1716645605647 1727.0 0
1716645606626 1728.0 0
1716645607616 1729.0 0
1716645608716 1730.0 0
1716645614575 1731.0 0
1716645615457 1732.0 0
1716645616334 1733.0 0
1716645617235 1734.0 0
1716645618139 1735.0 0
1716645619063 1736.0 0
1716645619978 1737.0 0
1716645620944 1738.0 0
1716645621890 1739.0 0
1716645622856 1740.0 0
1716645628340 1741.0 0
1716645629232 1742.0 0
1716645630111 1743.0 0
1716645631004 1744.0 0
1716645631914 1745.0 0
1716645632927 1746.0 0
1716645633978 1747.0 0
1716645635019 1748.0 0
1716645636125 1749.0 0
1716645637301 1750.0 0
1716645644237 1751.0 0
1716645645161 1752.0 0
1716645646062 1753.0 0
1716645647002 1754.0 0
1716645647998 1755.0 0
1716645649022 1756.0 0
1716645650051 1757.0 0
1716645651088 1758.0 0
1716645652089 1759.0 0
1716645653077 1760.0 0
1716645658586 1761.0 0
1716645659459 1762.0 0
1716645660320 1763.0 0
1716645661195 1764.0 0
1716645662098 1765.0 0
1716645663012 1766.0 0
1716645663939 1767.0 0
1716645664888 1768.0 0
1716645665847 1769.0 0
1716645666832 1770.0 0
1716645672613 1771.0 0
1716645673481 1772.0 0
1716645674338 1773.0 0
1716645675228 1774.0 0
1716645676104 1775.0 0
1716645677015 1776.0 0
1716645677953 1777.0 0
1716645678902 1778.0 0
1716645679862 1779.0 0
1716645680858 1780.0 0
1716645686119 1781.0 0
1716645686985 1782.0 0
1716645687843 1783.0 0
1716645688725 1784.0 0
1716645689617 1785.0 0
1716645690531 1786.0 0
1716645691468 1787.0 0
1716645692450 1788.0 0
1716645693394 1789.0 0
1716645694330 1790.0 0
1716645699500 1791.0 0
1716645700372 1792.0 0
1716645701277 1793.0 0
1716645702161 1794.0 0
1716645703062 1795.0 0
1716645703981 1796.0 0
1716645704917 1797.0 0
1716645705903 1798.0 0
1716645706859 1799.0 0
1716645707809 1800.0 0
1716645712953 1801.0 0
1716645713827 1802.0 0
1716645714703 1803.0 0
1716645715579 1804.0 0
1716645716475 1805.0 0
1716645717422 1806.0 0
1716645718374 1807.0 0
1716645719353 1808.0 0
1716645720309 1809.0 0
1716645721259 1810.0 0
1716645726184 1811.0 0
1716645727088 1812.0 0
1716645727977 1813.0 0
1716645728878 1814.0 0
1716645729846 1815.0 0
1716645730839 1816.0 0
1716645731841 1817.0 0
1716645732852 1818.0 0
1716645733865 1819.0 0
1716645734846 1820.0 0
1716645740310 1821.0 0
1716645741190 1822.0 0
1716645742055 1823.0 0
1716645742911 1824.0 0
1716645743799 1825.0 0
1716645744717 1826.0 0
1716645745626 1827.0 0
1716645746566 1828.0 0
1716645747548 1829.0 0
1716645748485 1830.0 0
1716645753858 1831.0 0
1716645754726 1832.0 0
1716645755588 1833.0 0
1716645756463 1834.0 0
1716645757339 1835.0 0
1716645758238 1836.0 0
1716645759177 1837.0 0
1716645760110 1838.0 0
1716645761071 1839.0 0
1716645762010 1840.0 0
1716645766933 1841.0 0
1716645767807 1842.0 0
1716645768691 1843.0 0
1716645769591 1844.0 0
1716645770539 1845.0 0
1716645771471 1846.0 0
1716645772422 1847.0 0
1716645773356 1848.0 0
1716645774304 1849.0 0
1716645775254 1850.0 0
1716645780154 1851.0 0
1716645781009 1852.0 0
1716645781890 1853.0 0
1716645782762 1854.0 0
1716645783678 1855.0 0
1716645784592 1856.0 0
1716645785545 1857.0 0
1716645786491 1858.0 0
1716645787442 1859.0 0
1716645788434 1860.0 0
1716645793853 1861.0 0
1716645794691 1862.0 0
1716645795540 1863.0 0
1716645796430 1864.0 0
1716645797332 1865.0 0
1716645798252 1866.0 0
1716645799173 1867.0 0
1716645800112 1868.0 0
1716645801078 1869.0 0
1716645802025 1870.0 0
1716645818020 1871.0 0
1716645818901 1872.0 0
1716645819789 1873.0 0
1716645820664 1874.0 0
1716645821512 1875.0 0
1716645822414 1876.0 0
1716645823306 1877.0 0
1716645824187 1878.0 0
1716645825051 1879.0 0
1716645825909 1880.0 0
1716645831064 1881.0 0
1716645831932 1882.0 0
1716645832829 1883.0 0
1716645833705 1884.0 0
1716645834594 1885.0 0
1716645835489 1886.0 0
1716645836356 1887.0 0
1716645837244 1888.0 0
1716645838126 1889.0 0
1716645839009 1890.0 0
1716645844395 1891.0 0
1716645845268 1892.0 0
1716645846133 1893.0 0
1716645846997 1894.0 0
1716645847917 1895.0 0
1716645848789 1896.0 0
1716645849651 1897.0 0
1716645850542 1898.0 0
1716645851445 1899.0 0
1716645852385 1900.0 0
1716645857858 1901.0 0
1716645858733 1902.0 0
1716645859587 1903.0 0
1716645860477 1904.0 0
1716645861398 1905.0 0
1716645862341 1906.0 0
1716645863349 1907.0 0
1716645864339 1908.0 0
1716645865323 1909.0 0
1716645866335 1910.0 0
1716645872547 1911.0 0
1716645873418 1912.0 0
1716645874274 1913.0 0
1716645875134 1914.0 0
1716645876019 1915.0 0
1716645876942 1916.0 0
1716645877833 1917.0 0
1716645878752 1918.0 0
1716645879703 1919.0 0
1716645880674 1920.0 0
1716645886086 1921.0 0
1716645886959 1922.0 0
1716645887818 1923.0 0
1716645888701 1924.0 0
1716645889618 1925.0 0
1716645890559 1926.0 0
1716645891509 1927.0 0
1716645892467 1928.0 0
1716645893422 1929.0 0
1716645894392 1930.0 0
1716645899623 1931.0 0
1716645900475 1932.0 0
1716645901365 1933.0 0
1716645902268 1934.0 0
1716645903200 1935.0 0
1716645904138 1936.0 0
1716645905109 1937.0 0
1716645906060 1938.0 0
1716645907059 1939.0 0
1716645908059 1940.0 0
1716645913663 1941.0 0
1716645914512 1942.0 0
1716645915368 1943.0 0
1716645916279 1944.0 0
1716645917199 1945.0 0
1716645918128 1946.0 0
1716645919100 1947.0 0
1716645920044 1948.0 0
1716645921007 1949.0 0
1716645921977 1950.0 0
1716645927258 1951.0 0
1716645928147 1952.0 0
1716645929026 1953.0 0
1716645929916 1954.0 0
1716645930834 1955.0 0
1716645931772 1956.0 0
1716645932750 1957.0 0
1716645933702 1958.0 0
1716645934667 1959.0 0
1716645935655 1960.0 0
1716645940847 1961.0 0
1716645941718 1962.0 0
1716645942592 1963.0 0
1716645943472 1964.0 0
1716645944387 1965.0 0
1716645945318 1966.0 0
1716645946297 1967.0 0
1716645947269 1968.0 0
1716645948217 1969.0 0
1716645949192 1970.0 0
1716645954473 1971.0 0
1716645955369 1972.0 0
1716645956222 1973.0 0
1716645957103 1974.0 0
1716645957998 1975.0 0
1716645958904 1976.0 0
1716645959836 1977.0 0
1716645960808 1978.0 0
1716645961768 1979.0 0
1716645962732 1980.0 0
1716645967851 1981.0 0
1716645968720 1982.0 0
1716645969588 1983.0 0
1716645970501 1984.0 0
1716645971452 1985.0 0
1716645972396 1986.0 0
1716645973372 1987.0 0
1716645974346 1988.0 0
1716645975332 1989.0 0
1716645976322 1990.0 0
1716645981152 1991.0 0
1716645982017 1992.0 0
1716645982891 1993.0 0
1716645983784 1994.0 0
1716645984695 1995.0 0
1716645985641 1996.0 0
1716645986586 1997.0 0
1716645987530 1998.0 0
1716645988473 1999.0 0
1716645989430 2000.0 0
1716645994279 2001.0 0
1716645995167 2002.0 0
1716645996052 2003.0 0
1716645996946 2004.0 0
1716645997850 2005.0 0
1716645998766 2006.0 0
1716645999714 2007.0 0
1716646000661 2008.0 0
1716646001618 2009.0 0
1716646002581 2010.0 0
1716646007591 2011.0 0
1716646008498 2012.0 0
1716646009368 2013.0 0
1716646010248 2014.0 0
1716646011136 2015.0 0
1716646012057 2016.0 0
1716646013000 2017.0 0
1716646013972 2018.0 0
1716646014959 2019.0 0
1716646015898 2020.0 0
1716646020356 2021.0 0
1716646021244 2022.0 0
1716646022109 2023.0 0
1716646023019 2024.0 0
1716646023924 2025.0 0
1716646024846 2026.0 0
1716646025767 2027.0 0
1716646026733 2028.0 0
1716646027715 2029.0 0
1716646028684 2030.0 0
1716646034230 2031.0 0
1716646035102 2032.0 0
1716646035970 2033.0 0
1716646036831 2034.0 0
1716646037716 2035.0 0
1716646038630 2036.0 0
1716646039541 2037.0 0
1716646040466 2038.0 0
1716646041407 2039.0 0
1716646042348 2040.0 0
1716646047519 2041.0 0
1716646048419 2042.0 0
1716646049301 2043.0 0
1716646050159 2044.0 0
1716646051043 2045.0 0
1716646051962 2046.0 0
1716646052876 2047.0 0
1716646053803 2048.0 0
1716646054781 2049.0 0
1716646055718 2050.0 0
1716646060279 2051.0 0
1716646061145 2052.0 0
1716646062021 2053.0 0
1716646062901 2054.0 0
1716646063832 2055.0 0
1716646064759 2056.0 0
1716646065684 2057.0 0
1716646066652 2058.0 0
1716646067638 2059.0 0
1716646068581 2060.0 0
1716646073762 2061.0 0
1716646074637 2062.0 0
1716646075536 2063.0 0
1716646076411 2064.0 0
1716646077288 2065.0 0
1716646078203 2066.0 0
1716646079117 2067.0 0
1716646080037 2068.0 0
1716646080995 2069.0 0
1716646081949 2070.0 0
1716646086931 2071.0 0
1716646087806 2072.0 0
1716646088693 2073.0 0
1716646089602 2074.0 0
1716646090536 2075.0 0
1716646091505 2076.0 0
1716646092491 2077.0 0
1716646093470 2078.0 0
1716646094448 2079.0 0
1716646095423 2080.0 0
1716646100098 2081.0 0
1716646100957 2082.0 0
1716646101823 2083.0 0
1716646102694 2084.0 0
1716646103588 2085.0 0
1716646104526 2086.0 0
1716646105464 2087.0 0
1716646106414 2088.0 0
1716646107384 2089.0 0
1716646108323 2090.0 0
1716646113515 2091.0 0
1716646114408 2092.0 0
1716646115263 2093.0 0
1716646116114 2094.0 0
1716646116992 2095.0 0
1716646117910 2096.0 0
1716646118807 2097.0 0
1716646119725 2098.0 0
1716646120657 2099.0 0
1716646121599 2100.0 0
1716646126259 2101.0 0
1716646127157 2102.0 0
1716646128025 2103.0 0
1716646128910 2104.0 0
1716646129802 2105.0 0
1716646130752 2106.0 0
1716646131671 2107.0 0
1716646132638 2108.0 0
1716646133586 2109.0 0
1716646134508 2110.0 0
1716646139366 2111.0 0
1716646140245 2112.0 0
1716646141131 2113.0 0
1716646142007 2114.0 0
1716646142891 2115.0 0
1716646143816 2116.0 0
1716646144737 2117.0 0
1716646145667 2118.0 0
1716646146624 2119.0 0
1716646147570 2120.0 0
1716646153338 2121.0 0
1716646154213 2122.0 0
1716646155073 2123.0 0
1716646155964 2124.0 0
1716646156836 2125.0 0
1716646157729 2126.0 0
1716646158628 2127.0 0
1716646159578 2128.0 0
1716646160497 2129.0 0
1716646161423 2130.0 0
1716646166167 2131.0 0
1716646167038 2132.0 0
1716646167933 2133.0 0
1716646168821 2134.0 0
1716646169722 2135.0 0
1716646170641 2136.0 0
1716646171597 2137.0 0
1716646172550 2138.0 0
1716646173498 2139.0 0
1716646174458 2140.0 0
1716646179058 2141.0 0
1716646179938 2142.0 0
1716646180816 2143.0 0
1716646181690 2144.0 0
1716646182606 2145.0 0
1716646183532 2146.0 0
1716646184484 2147.0 0
1716646185447 2148.0 0
1716646186393 2149.0 0
1716646187383 2150.0 0
1716646192703 2151.0 0
1716646193574 2152.0 0
1716646194439 2153.0 0
1716646195318 2154.0 0
1716646196271 2155.0 0
1716646197186 2156.0 0
1716646198131 2157.0 0
1716646199095 2158.0 0
1716646200105 2159.0 0
1716646201099 2160.0 0
1716646206349 2161.0 0
1716646207221 2162.0 0
1716646208087 2163.0 0
1716646208977 2164.0 0
1716646209892 2165.0 0
1716646210859 2166.0 0
1716646211847 2167.0 0
1716646212833 2168.0 0
1716646213799 2169.0 0
1716646214755 2170.0 0
1716646220203 2171.0 0
1716646221057 2172.0 0
1716646221934 2173.0 0
1716646222812 2174.0 0
1716646223704 2175.0 0
1716646224587 2176.0 0
1716646225506 2177.0 0
1716646226424 2178.0 0
1716646227369 2179.0 0
1716646228350 2180.0 0
1716646233692 2181.0 0
1716646234558 2182.0 0
1716646235430 2183.0 0
1716646236307 2184.0 0
1716646237193 2185.0 0
1716646238089 2186.0 0
1716646239008 2187.0 0
1716646239966 2188.0 0
1716646240916 2189.0 0
1716646241853 2190.0 0
1716646247030 2191.0 0
1716646247896 2192.0 0
1716646248757 2193.0 0
1716646249653 2194.0 0
1716646250546 2195.0 0
1716646251447 2196.0 0
1716646252439 2197.0 0
1716646253368 2198.0 0
1716646254312 2199.0 0
1716646255255 2200.0 0
1716646260176 2201.0 0
1716646261060 2202.0 0
1716646261914 2203.0 0
1716646262768 2204.0 0
1716646263654 2205.0 0
1716646264582 2206.0 0
1716646265516 2207.0 0
1716646266458 2208.0 0
1716646267427 2209.0 0
1716646268388 2210.0 0
1716646273848 2211.0 0
1716646274709 2212.0 0
1716646275586 2213.0 0
1716646276467 2214.0 0
1716646277342 2215.0 0
1716646278253 2216.0 0
1716646279157 2217.0 0
1716646280081 2218.0 0
1716646281036 2219.0 0
1716646282056 2220.0 0
1716646288008 2221.0 0
1716646288870 2222.0 0
1716646289734 2223.0 0
1716646290634 2224.0 0
1716646291566 2225.0 0
1716646292510 2226.0 0
1716646293484 2227.0 0
1716646294482 2228.0 0
1716646295445 2229.0 0
1716646296402 2230.0 0
1716646301530 2231.0 0
1716646302426 2232.0 0
1716646303286 2233.0 0
1716646304150 2234.0 0
1716646305048 2235.0 0
1716646305984 2236.0 0
1716646306935 2237.0 0
1716646307907 2238.0 0
1716646308852 2239.0 0
1716646309800 2240.0 0
1716646315409 2241.0 0
1716646316288 2242.0 0
1716646317204 2243.0 0
1716646318126 2244.0 0
1716646319092 2245.0 0
1716646320064 2246.0 0
1716646321142 2247.0 0
1716646322261 2248.0 0
1716646323434 2249.0 0
1716646324683 2250.0 0
1716646331170 2251.0 0
1716646332065 2252.0 0
1716646332946 2253.0 0
1716646333802 2254.0 0
1716646334712 2255.0 0
1716646335651 2256.0 0
1716646336592 2257.0 0
1716646337557 2258.0 0
1716646338532 2259.0 0
1716646339500 2260.0 0
1716646345122 2261.0 0
1716646346000 2262.0 0
1716646346860 2263.0 0
1716646347729 2264.0 0
1716646348653 2265.0 0
1716646349565 2266.0 0
1716646350484 2267.0 0
1716646351414 2268.0 0
1716646352369 2269.0 0
1716646353346 2270.0 0
1716646358545 2271.0 0
1716646359432 2272.0 0
1716646360332 2273.0 0
1716646361199 2274.0 0
1716646362106 2275.0 0
1716646363024 2276.0 0
1716646363973 2277.0 0
1716646364929 2278.0 0
1716646365878 2279.0 0
1716646366835 2280.0 0
1716646372023 2281.0 0
1716646372884 2282.0 0
1716646373786 2283.0 0
1716646374655 2284.0 0
1716646375558 2285.0 0
1716646376465 2286.0 0
1716646377413 2287.0 0
1716646378373 2288.0 0
1716646379344 2289.0 0
1716646380306 2290.0 0
1716646385335 2291.0 0
1716646386229 2292.0 0
1716646387085 2293.0 0
1716646388018 2294.0 0
1716646388961 2295.0 0
1716646389944 2296.0 0
1716646390936 2297.0 0
1716646391921 2298.0 0
1716646392919 2299.0 0
1716646393910 2300.0 0
1716646399295 2301.0 0
1716646400177 2302.0 0
1716646401033 2303.0 0
1716646401913 2304.0 0
1716646402803 2305.0 0
1716646403727 2306.0 0
1716646404650 2307.0 0
1716646405591 2308.0 0
1716646406545 2309.0 0
1716646407519 2310.0 0
1716646412858 2311.0 0
1716646413731 2312.0 0
1716646414601 2313.0 0
1716646415476 2314.0 0
1716646416388 2315.0 0
1716646417294 2316.0 0
1716646418230 2317.0 0
1716646419184 2318.0 0
1716646420134 2319.0 0
1716646421078 2320.0 0
1716646425758 2321.0 0
1716646426621 2322.0 0
1716646427528 2323.0 0
1716646428419 2324.0 0
1716646429339 2325.0 0
1716646430313 2326.0 0
1716646431288 2327.0 0
1716646432268 2328.0 0
1716646433258 2329.0 0
1716646434251 2330.0 0
1716646457509 2331.0 0
1716646458362 2332.0 0
1716646459213 2333.0 0
1716646460087 2334.0 0
1716646460973 2335.0 0
1716646461831 2336.0 0
1716646462689 2337.0 0
1716646463628 2338.0 0
1716646464518 2339.0 0
1716646465413 2340.0 0
1716646470738 2341.0 0
1716646471614 2342.0 0
1716646472477 2343.0 0
1716646473335 2344.0 0
1716646474184 2345.0 0
1716646475081 2346.0 0
1716646475971 2347.0 0
1716646476826 2348.0 0
1716646477673 2349.0 0
1716646478509 2350.0 0
1716646483690 2351.0 0
1716646484581 2352.0 0
1716646485499 2353.0 0
1716646486370 2354.0 0
1716646487257 2355.0 0
1716646488144 2356.0 0
1716646488999 2357.0 0
1716646489856 2358.0 0
1716646490739 2359.0 0
1716646491605 2360.0 0
1716646496715 2361.0 0
1716646497584 2362.0 0
1716646498455 2363.0 0
1716646499312 2364.0 0
1716646500211 2365.0 0
1716646501070 2366.0 0
1716646501947 2367.0 0
1716646502857 2368.0 0
1716646503727 2369.0 0
1716646504591 2370.0 0
1716646510162 2371.0 0
1716646511013 2372.0 0
1716646511874 2373.0 0
1716646512747 2374.0 0
1716646513583 2375.0 0
1716646514462 2376.0 0
1716646515354 2377.0 0
1716646516253 2378.0 0
1716646517161 2379.0 0
1716646518091 2380.0 0
1716646523472 2381.0 0
1716646524350 2382.0 0
1716646525205 2383.0 0
1716646526129 2384.0 0
1716646527079 2385.0 0
1716646528050 2386.0 0
1716646529053 2387.0 0
1716646530047 2388.0 0
1716646531055 2389.0 0
1716646532051 2390.0 0
1716646537203 2391.0 0
1716646538078 2392.0 0
1716646538947 2393.0 0
1716646539869 2394.0 0
1716646540825 2395.0 0
1716646541794 2396.0 0
1716646542809 2397.0 0
1716646543855 2398.0 0
1716646544954 2399.0 0
1716646546000 2400.0 0
1716646552069 2401.0 0
1716646552951 2402.0 0
1716646553847 2403.0 0
1716646554789 2404.0 0
1716646555745 2405.0 0
1716646556745 2406.0 0
1716646557755 2407.0 0
1716646558818 2408.0 0
1716646559846 2409.0 0
1716646560888 2410.0 0
1716646566770 2411.0 0
1716646567646 2412.0 0
1716646568531 2413.0 0
1716646569480 2414.0 0
1716646570441 2415.0 0
1716646571428 2416.0 0
1716646572444 2417.0 0
1716646573459 2418.0 0
1716646574485 2419.0 0
1716646575504 2420.0 0
1716646580953 2421.0 0
1716646581823 2422.0 0
1716646582679 2423.0 0
1716646583595 2424.0 0
1716646584521 2425.0 0
1716646585476 2426.0 0
1716646586450 2427.0 0
1716646587479 2428.0 0
1716646588503 2429.0 0
1716646589572 2430.0 0
1716646595201 2431.0 0
1716646596119 2432.0 0
1716646597020 2433.0 0
1716646597937 2434.0 0
1716646598899 2435.0 0
1716646599890 2436.0 0
1716646600884 2437.0 0
1716646601916 2438.0 0
1716646602934 2439.0 0
1716646603961 2440.0 0
1716646609418 2441.0 0
1716646610299 2442.0 0
1716646611202 2443.0 0
1716646612110 2444.0 0
1716646613055 2445.0 0
1716646614016 2446.0 0
1716646615001 2447.0 0
1716646616012 2448.0 0
1716646617033 2449.0 0
1716646618030 2450.0 0
1716646623798 2451.0 0
1716646624649 2452.0 0
1716646625516 2453.0 0
1716646626428 2454.0 0
1716646627338 2455.0 0
1716646628327 2456.0 0
1716646629299 2457.0 0
1716646630309 2458.0 0
1716646631367 2459.0 0
1716646632409 2460.0 0
1716646637967 2461.0 0
1716646638845 2462.0 0
1716646639711 2463.0 0
1716646640586 2464.0 0
1716646641498 2465.0 0
1716646642435 2466.0 0
1716646643421 2467.0 0
1716646644409 2468.0 0
1716646645381 2469.0 0
1716646646356 2470.0 0
1716646651575 2471.0 0
1716646652450 2472.0 0
1716646653316 2473.0 0
1716646654217 2474.0 0
1716646655157 2475.0 0
1716646656110 2476.0 0
1716646657092 2477.0 0
1716646658083 2478.0 0
1716646659051 2479.0 0
1716646660015 2480.0 0
1716646665077 2481.0 0
1716646665981 2482.0 0
1716646666875 2483.0 0
1716646667756 2484.0 0
1716646668655 2485.0 0
1716646669595 2486.0 0
1716646670552 2487.0 0
1716646671509 2488.0 0
1716646672469 2489.0 0
1716646673437 2490.0 0
1716646678513 2491.0 0
1716646679378 2492.0 0
1716646680265 2493.0 0
1716646681156 2494.0 0
1716646682080 2495.0 0
1716646683041 2496.0 0
1716646684000 2497.0 0
1716646684960 2498.0 0
1716646685936 2499.0 0
1716646686905 2500.0 0
1716646692569 2501.0 0
1716646693410 2502.0 0
1716646694278 2503.0 0
1716646695194 2504.0 0
1716646696090 2505.0 0
1716646697056 2506.0 0
1716646697996 2507.0 0
1716646698942 2508.0 0
1716646699903 2509.0 0
1716646700882 2510.0 0
1716646706092 2511.0 0
1716646706963 2512.0 0
1716646707833 2513.0 0
1716646708706 2514.0 0
1716646709613 2515.0 0
1716646710538 2516.0 0
1716646711460 2517.0 0
1716646712393 2518.0 0
1716646713334 2519.0 0
1716646714284 2520.0 0
1716646719421 2521.0 0
1716646720335 2522.0 0
1716646721242 2523.0 0
1716646722113 2524.0 0
1716646723011 2525.0 0
1716646723926 2526.0 0
1716646724860 2527.0 0
1716646725800 2528.0 0
1716646726764 2529.0 0
1716646727727 2530.0 0
1716646732661 2531.0 0
1716646733511 2532.0 0
1716646734369 2533.0 0
1716646735266 2534.0 0
1716646736167 2535.0 0
1716646737093 2536.0 0
1716646738029 2537.0 0
1716646738967 2538.0 0
1716646739917 2539.0 0
1716646740881 2540.0 0
1716646745921 2541.0 0
1716646746792 2542.0 0
1716646747656 2543.0 0
1716646748545 2544.0 0
1716646749481 2545.0 0
1716646750464 2546.0 0
1716646751479 2547.0 0
1716646752484 2548.0 0
1716646753476 2549.0 0
1716646754465 2550.0 0
1716646760355 2551.0 0
1716646761234 2552.0 0
1716646762110 2553.0 0
1716646762988 2554.0 0
1716646763901 2555.0 0
1716646764834 2556.0 0
1716646765785 2557.0 0
1716646766738 2558.0 0
1716646767704 2559.0 0
1716646768659 2560.0 0
1716646773981 2561.0 0
1716646774854 2562.0 0
1716646775729 2563.0 0
1716646776606 2564.0 0
1716646777513 2565.0 0
1716646778444 2566.0 0
1716646779399 2567.0 0
1716646780346 2568.0 0
1716646781317 2569.0 0
1716646782289 2570.0 0
1716646787405 2571.0 0
1716646788265 2572.0 0
1716646789122 2573.0 0
1716646790012 2574.0 0
1716646790912 2575.0 0
1716646791842 2576.0 0
1716646792781 2577.0 0
1716646793734 2578.0 0
1716646794692 2579.0 0
1716646795654 2580.0 0
1716646801233 2581.0 0
1716646802119 2582.0 0
1716646802997 2583.0 0
1716646803901 2584.0 0
1716646804828 2585.0 0
1716646805763 2586.0 0
1716646806756 2587.0 0
1716646807734 2588.0 0
1716646808733 2589.0 0
1716646809748 2590.0 0
1716646815156 2591.0 0
1716646816034 2592.0 0
1716646816901 2593.0 0
1716646817810 2594.0 0
1716646818722 2595.0 0
1716646819646 2596.0 0
1716646820586 2597.0 0
1716646821546 2598.0 0
1716646822544 2599.0 0
1716646823529 2600.0 0
1716646829016 2601.0 0
1716646829928 2602.0 0
1716646830784 2603.0 0
1716646831655 2604.0 0
1716646832573 2605.0 0
1716646833496 2606.0 0
1716646834430 2607.0 0
1716646835374 2608.0 0
1716646836338 2609.0 0
1716646837290 2610.0 0
1716646842448 2611.0 0
1716646843317 2612.0 0
1716646844172 2613.0 0
1716646845072 2614.0 0
1716646846001 2615.0 0
1716646846961 2616.0 0
1716646847924 2617.0 0
1716646848894 2618.0 0
1716646849877 2619.0 0
1716646850841 2620.0 0
1716646855068 2621.0 0
1716646855968 2622.0 0
1716646856853 2623.0 0
1716646857799 2624.0 0
1716646858801 2625.0 0
1716646859778 2626.0 0
1716646860810 2627.0 0
1716646861841 2628.0 0
1716646862884 2629.0 0
1716646863939 2630.0 0
1716646869351 2631.0 0
1716646870224 2632.0 0
1716646871105 2633.0 0
1716646871979 2634.0 0
1716646872859 2635.0 0
1716646873769 2636.0 0
1716646874696 2637.0 0
1716646875655 2638.0 0
1716646876624 2639.0 0
1716646877572 2640.0 0
1716646882545 2641.0 0
1716646883443 2642.0 0
1716646884321 2643.0 0
1716646885198 2644.0 0
1716646886132 2645.0 0
1716646887101 2646.0 0
1716646888053 2647.0 0
1716646889023 2648.0 0
1716646889987 2649.0 0
1716646890989 2650.0 0
1716646896079 2651.0 0
1716646896956 2652.0 0
1716646897830 2653.0 0
1716646898723 2654.0 0
1716646899608 2655.0 0
1716646900524 2656.0 0
1716646901467 2657.0 0
1716646902438 2658.0 0
1716646903395 2659.0 0
1716646904359 2660.0 0
1716646909536 2661.0 0
1716646910388 2662.0 0
1716646911247 2663.0 0
1716646912150 2664.0 0
1716646913061 2665.0 0
1716646913988 2666.0 0
1716646914954 2667.0 0
1716646915907 2668.0 0
1716646916845 2669.0 0
1716646917791 2670.0 0
1716646922760 2671.0 0
1716646923659 2672.0 0
1716646924530 2673.0 0
1716646925406 2674.0 0
1716646926296 2675.0 0
1716646927212 2676.0 0
1716646928190 2677.0 0
1716646929162 2678.0 0
1716646930157 2679.0 0
1716646931176 2680.0 0
1716646936632 2681.0 0
1716646937514 2682.0 0
1716646938402 2683.0 0
1716646939267 2684.0 0
1716646940171 2685.0 0
1716646941063 2686.0 0
1716646942010 2687.0 0
1716646942943 2688.0 0
1716646943907 2689.0 0
1716646944860 2690.0 0
1716646950332 2691.0 0
1716646951187 2692.0 0
1716646952066 2693.0 0
1716646952941 2694.0 0
1716646953833 2695.0 0
1716646954734 2696.0 0
1716646955644 2697.0 0
1716646956589 2698.0 0
1716646957548 2699.0 0
1716646958491 2700.0 0
1716646963565 2701.0 0
1716646964446 2702.0 0
1716646965315 2703.0 0
1716646966190 2704.0 0
1716646967097 2705.0 0
1716646968038 2706.0 0
1716646968990 2707.0 0
1716646969986 2708.0 0
1716646970944 2709.0 0
1716646971879 2710.0 0
1716646977266 2711.0 0
1716646978146 2712.0 0
1716646979008 2713.0 0
1716646979890 2714.0 0
1716646980780 2715.0 0
1716646981688 2716.0 0
1716646982628 2717.0 0
1716646983585 2718.0 0
1716646984563 2719.0 0
1716646985510 2720.0 0
1716646991272 2721.0 0
1716646992120 2722.0 0
1716646993009 2723.0 0
1716646993872 2724.0 0
1716646994766 2725.0 0
1716646995687 2726.0 0
1716646996654 2727.0 0
1716646997584 2728.0 0
1716646998529 2729.0 0
1716646999489 2730.0 0
1716647004897 2731.0 0
1716647005776 2732.0 0
1716647006640 2733.0 0
1716647007509 2734.0 0
1716647008406 2735.0 0
1716647009312 2736.0 0
1716647010260 2737.0 0
1716647011193 2738.0 0
1716647012133 2739.0 0
1716647013102 2740.0 0
1716647018295 2741.0 0
1716647019182 2742.0 0
1716647020055 2743.0 0
1716647020945 2744.0 0
1716647021853 2745.0 0
1716647022776 2746.0 0
1716647023726 2747.0 0
1716647024670 2748.0 0
1716647025625 2749.0 0
1716647026582 2750.0 0
1716647031508 2751.0 0
1716647032377 2752.0 0
1716647033255 2753.0 0
1716647034150 2754.0 0
1716647035063 2755.0 0
1716647035990 2756.0 0
1716647036910 2757.0 0
1716647037874 2758.0 0
1716647038833 2759.0 0
1716647039791 2760.0 0
1716647044809 2761.0 0
1716647045707 2762.0 0
1716647046623 2763.0 0
1716647047519 2764.0 0
1716647048442 2765.0 0
1716647049392 2766.0 0
1716647050358 2767.0 0
1716647051346 2768.0 0
1716647052356 2769.0 0
1716647053378 2770.0 0
1716647058970 2771.0 0
1716647059833 2772.0 0
1716647060763 2773.0 0
1716647061643 2774.0 0
1716647062544 2775.0 0
1716647063478 2776.0 0
1716647064465 2777.0 0
1716647065444 2778.0 0
1716647066427 2779.0 0
1716647067434 2780.0 0
1716647072379 2781.0 0
1716647073323 2782.0 0
1716647074206 2783.0 0
1716647075074 2784.0 0
1716647075996 2785.0 0
1716647076942 2786.0 0
1716647077895 2787.0 0
1716647078908 2788.0 0
1716647079894 2789.0 0
1716647080864 2790.0 0
1716647085984 2791.0 0
1716647086859 2792.0 0
1716647087728 2793.0 0
1716647088606 2794.0 0
1716647089503 2795.0 0
1716647090433 2796.0 0
1716647091388 2797.0 0
1716647092337 2798.0 0
1716647093292 2799.0 0
1716647094235 2800.0 0
1716647099137 2801.0 0
1716647100020 2802.0 0
1716647100887 2803.0 0
1716647101785 2804.0 0
1716647102720 2805.0 0
1716647103663 2806.0 0
1716647104623 2807.0 0
1716647105594 2808.0 0
1716647106550 2809.0 0
1716647107533 2810.0 0
1716647113589 2811.0 0
1716647114467 2812.0 0
1716647115329 2813.0 0
1716647116231 2814.0 0
1716647117144 2815.0 0
1716647118030 2816.0 0
1716647118924 2817.0 0
1716647119846 2818.0 0
1716647120798 2819.0 0
1716647121775 2820.0 0
1716647127182 2821.0 0
1716647128058 2822.0 0
1716647128950 2823.0 0
1716647129815 2824.0 0
1716647130716 2825.0 0
1716647131633 2826.0 0
1716647132567 2827.0 0
1716647133530 2828.0 0
1716647134490 2829.0 0
1716647135434 2830.0 0
1716647140485 2831.0 0
1716647141381 2832.0 0
1716647142251 2833.0 0
1716647143147 2834.0 0
1716647144083 2835.0 0
1716647145015 2836.0 0
1716647145975 2837.0 0
1716647146946 2838.0 0
1716647147919 2839.0 0
1716647148900 2840.0 0
1716647153909 2841.0 0
1716647154792 2842.0 0
1716647155674 2843.0 0
1716647156551 2844.0 0
1716647157475 2845.0 0
1716647158386 2846.0 0
1716647159305 2847.0 0
1716647160228 2848.0 0
1716647161166 2849.0 0
1716647162115 2850.0 0
1716647167569 2851.0 0
1716647168434 2852.0 0
1716647169289 2853.0 0
1716647170174 2854.0 0
1716647171102 2855.0 0
1716647172096 2856.0 0
1716647173066 2857.0 0
1716647174027 2858.0 0
1716647175019 2859.0 0
1716647175991 2860.0 0
1716647181449 2861.0 0
1716647182324 2862.0 0
1716647183202 2863.0 0
1716647184072 2864.0 0
1716647184941 2865.0 0
1716647185854 2866.0 0
1716647186781 2867.0 0
1716647187714 2868.0 0
1716647188650 2869.0 0
1716647189601 2870.0 0
1716647194656 2871.0 0
1716647195538 2872.0 0
1716647196402 2873.0 0
1716647197282 2874.0 0
1716647198180 2875.0 0
1716647199093 2876.0 0
1716647200012 2877.0 0
1716647200966 2878.0 0
1716647201922 2879.0 0
1716647202912 2880.0 0
1716647207932 2881.0 0
1716647208813 2882.0 0
1716647209665 2883.0 0
1716647210554 2884.0 0
1716647211470 2885.0 0
1716647212408 2886.0 0
1716647213359 2887.0 0
1716647214324 2888.0 0
1716647215278 2889.0 0
1716647216224 2890.0 0
1716647221076 2891.0 0
1716647221966 2892.0 0
1716647222830 2893.0 0
1716647223722 2894.0 0
1716647224643 2895.0 0
1716647225580 2896.0 0
1716647226516 2897.0 0
1716647227468 2898.0 0
1716647228441 2899.0 0
1716647229441 2900.0 0
1716647235004 2901.0 0
1716647235905 2902.0 0
1716647236804 2903.0 0
1716647237683 2904.0 0
1716647238583 2905.0 0
1716647239493 2906.0 0
1716647240411 2907.0 0
1716647241351 2908.0 0
1716647242321 2909.0 0
1716647243330 2910.0 0
1716647271092 2911.0 0
1716647271961 2912.0 0
1716647272876 2913.0 0
1716647273745 2914.0 0
1716647274611 2915.0 0
1716647275473 2916.0 0
1716647276360 2917.0 0
1716647277248 2918.0 0
1716647278144 2919.0 0
1716647278991 2920.0 0
1716647284809 2921.0 0
1716647285657 2922.0 0
1716647286538 2923.0 0
1716647287414 2924.0 0
1716647288297 2925.0 0
1716647289165 2926.0 0
1716647290024 2927.0 0
1716647290977 2928.0 0
1716647291852 2929.0 0
1716647292771 2930.0 0
1716647298430 2931.0 0
1716647299302 2932.0 0
1716647300165 2933.0 0
1716647301034 2934.0 0
1716647301916 2935.0 0
1716647302785 2936.0 0
1716647303655 2937.0 0
1716647304507 2938.0 0
1716647305372 2939.0 0
1716647306250 2940.0 0
1716647311344 2941.0 0
1716647312228 2942.0 0
1716647313094 2943.0 0
1716647313965 2944.0 0
1716647314852 2945.0 0
1716647315714 2946.0 0
1716647316610 2947.0 0
1716647317489 2948.0 0
1716647318353 2949.0 0
1716647319227 2950.0 0
1716647324380 2951.0 0
1716647325242 2952.0 0
1716647326108 2953.0 0
1716647326988 2954.0 0
1716647327862 2955.0 0
1716647328732 2956.0 0
1716647329585 2957.0 0
1716647330478 2958.0 0
1716647331351 2959.0 0
1716647332214 2960.0 0
1716647336764 2961.0 0
1716647337654 2962.0 0
1716647338524 2963.0 0
1716647339375 2964.0 0
1716647340280 2965.0 0
1716647341198 2966.0 0
1716647342165 2967.0 0
1716647343121 2968.0 0
1716647344093 2969.0 0
1716647345091 2970.0 0
1716647350841 2971.0 0
1716647351728 2972.0 0
1716647352589 2973.0 0
1716647353490 2974.0 0
1716647354452 2975.0 0
1716647355434 2976.0 0
1716647356442 2977.0 0
1716647357461 2978.0 0
1716647358491 2979.0 0
1716647359612 2980.0 0
1716647364873 2981.0 0
1716647365765 2982.0 0
1716647366651 2983.0 0
1716647367574 2984.0 0
1716647368531 2985.0 0
1716647369552 2986.0 0
1716647370581 2987.0 0
1716647371619 2988.0 0
1716647372635 2989.0 0
1716647373655 2990.0 0
1716647378959 2991.0 0
1716647379837 2992.0 0
1716647380720 2993.0 0
1716647381648 2994.0 0
1716647382601 2995.0 0
1716647383582 2996.0 0
1716647384638 2997.0 0
1716647385654 2998.0 0
1716647386668 2999.0 0
1716647387739 3000.0 0
1716647393349 3001.0 0
1716647394221 3002.0 0
1716647395105 3003.0 0
1716647396024 3004.0 0
1716647396983 3005.0 0
1716647398022 3006.0 0
1716647399032 3007.0 0
1716647400064 3008.0 0
1716647401175 3009.0 0
1716647402283 3010.0 0
1716647408186 3011.0 0
1716647409055 3012.0 0
1716647409953 3013.0 0
1716647410876 3014.0 0
1716647411821 3015.0 0
1716647412802 3016.0 0
1716647413792 3017.0 0
1716647414808 3018.0 0
1716647415810 3019.0 0
1716647416820 3020.0 0
1716647422302 3021.0 0
1716647423174 3022.0 0
1716647424058 3023.0 0
1716647424981 3024.0 0
1716647425940 3025.0 0
1716647426909 3026.0 0
1716647427894 3027.0 0
1716647428910 3028.0 0
1716647429916 3029.0 0
1716647430976 3030.0 0
1716647436384 3031.0 0
1716647437235 3032.0 0
1716647438098 3033.0 0
1716647438982 3034.0 0
1716647439874 3035.0 0
1716647440792 3036.0 0
1716647441733 3037.0 0
1716647442690 3038.0 0
1716647443693 3039.0 0
1716647444671 3040.0 0
1716647450003 3041.0 0
1716647450851 3042.0 0
1716647451717 3043.0 0
1716647452615 3044.0 0
1716647453514 3045.0 0
1716647454461 3046.0 0
1716647455417 3047.0 0
1716647456402 3048.0 0
1716647457382 3049.0 0
1716647458327 3050.0 0
1716647463292 3051.0 0
1716647464159 3052.0 0
1716647465012 3053.0 0
1716647465901 3054.0 0
1716647466799 3055.0 0
1716647467732 3056.0 0
1716647468693 3057.0 0
1716647469694 3058.0 0
1716647470695 3059.0 0
1716647471692 3060.0 0
1716647477168 3061.0 0
1716647478069 3062.0 0
1716647478933 3063.0 0
1716647479797 3064.0 0
1716647480688 3065.0 0
1716647481583 3066.0 0
1716647482519 3067.0 0
1716647483470 3068.0 0
1716647484415 3069.0 0
1716647485367 3070.0 0
1716647490767 3071.0 0
1716647491642 3072.0 0
1716647492567 3073.0 0
1716647493443 3074.0 0
1716647494340 3075.0 0
1716647495217 3076.0 0
1716647496135 3077.0 0
1716647497065 3078.0 0
1716647498018 3079.0 0
1716647498967 3080.0 0
1716647504231 3081.0 0
1716647505111 3082.0 0
1716647505978 3083.0 0
1716647506850 3084.0 0
1716647507752 3085.0 0
1716647508646 3086.0 0
1716647509562 3087.0 0
1716647510489 3088.0 0
1716647511430 3089.0 0
1716647512370 3090.0 0
1716647517608 3091.0 0
1716647518489 3092.0 0
1716647519363 3093.0 0
1716647520243 3094.0 0
1716647521152 3095.0 0
1716647522042 3096.0 0
1716647522973 3097.0 0
1716647523916 3098.0 0
1716647524854 3099.0 0
1716647525786 3100.0 0
1716647531387 3101.0 0
1716647532269 3102.0 0
1716647533145 3103.0 0
1716647534025 3104.0 0
1716647534905 3105.0 0
1716647535784 3106.0 0
1716647536677 3107.0 0
1716647537613 3108.0 0
1716647538560 3109.0 0
1716647539506 3110.0 0
1716647544894 3111.0 0
1716647545764 3112.0 0
1716647546649 3113.0 0
1716647547538 3114.0 0
1716647548430 3115.0 0
1716647549334 3116.0 0
1716647550259 3117.0 0
1716647551200 3118.0 0
1716647552168 3119.0 0
1716647553103 3120.0 0
1716647558361 3121.0 0
1716647559272 3122.0 0
1716647560126 3123.0 0
1716647561041 3124.0 0
1716647561957 3125.0 0
1716647562877 3126.0 0
1716647563818 3127.0 0
1716647564783 3128.0 0
1716647565747 3129.0 0
1716647566708 3130.0 0
1716647571637 3131.0 0
1716647572518 3132.0 0
1716647573392 3133.0 0
1716647574268 3134.0 0
1716647575141 3135.0 0
1716647576038 3136.0 0
1716647576984 3137.0 0
1716647577920 3138.0 0
1716647578877 3139.0 0
1716647579825 3140.0 0
1716647584939 3141.0 0
1716647585819 3142.0 0
1716647586724 3143.0 0
1716647587604 3144.0 0
1716647588516 3145.0 0
1716647589441 3146.0 0
1716647590423 3147.0 0
1716647591416 3148.0 0
1716647592410 3149.0 0
1716647593407 3150.0 0
1716647599004 3151.0 0
1716647599879 3152.0 0
1716647600717 3153.0 0
1716647601590 3154.0 0
1716647602484 3155.0 0
1716647603390 3156.0 0
1716647604302 3157.0 0
1716647605235 3158.0 0
1716647606194 3159.0 0
1716647607148 3160.0 0
1716647612288 3161.0 0
1716647613150 3162.0 0
1716647614026 3163.0 0
1716647614914 3164.0 0
1716647615805 3165.0 0
1716647616727 3166.0 0
1716647617681 3167.0 0
1716647618636 3168.0 0
1716647619583 3169.0 0
1716647620536 3170.0 0
1716647626117 3171.0 0
1716647627008 3172.0 0
1716647627886 3173.0 0
1716647628761 3174.0 0
1716647629664 3175.0 0
1716647630596 3176.0 0
1716647631540 3177.0 0
1716647632495 3178.0 0
1716647633448 3179.0 0
1716647634408 3180.0 0
1716647639574 3181.0 0
1716647640461 3182.0 0
1716647641350 3183.0 0
1716647642232 3184.0 0
1716647643134 3185.0 0
1716647644089 3186.0 0
1716647645052 3187.0 0
1716647646063 3188.0 0
1716647647067 3189.0 0
1716647648043 3190.0 0
1716647653667 3191.0 0
1716647654616 3192.0 0
1716647655488 3193.0 0
1716647656374 3194.0 0
1716647657376 3195.0 0
1716647658344 3196.0 0
1716647659331 3197.0 0
1716647660312 3198.0 0
1716647661297 3199.0 0
1716647662294 3200.0 0
1716647667753 3201.0 0
1716647668617 3202.0 0
1716647669515 3203.0 0
1716647670412 3204.0 0
1716647671333 3205.0 0
1716647672271 3206.0 0
1716647673228 3207.0 0
1716647674181 3208.0 0
1716647675153 3209.0 0
1716647676129 3210.0 0
1716647681303 3211.0 0
1716647682154 3212.0 0
1716647683104 3213.0 0
1716647684017 3214.0 0
1716647684953 3215.0 0
1716647685932 3216.0 0
1716647686903 3217.0 0
1716647687906 3218.0 0
1716647688942 3219.0 0
1716647689947 3220.0 0
1716647695219 3221.0 0
1716647696100 3222.0 0
1716647696979 3223.0 0
1716647697901 3224.0 0
1716647698795 3225.0 0
1716647699731 3226.0 0
1716647700720 3227.0 0
1716647701747 3228.0 0
1716647702780 3229.0 0
1716647703825 3230.0 0
1716647709213 3231.0 0
1716647710086 3232.0 0
1716647710968 3233.0 0
1716647711852 3234.0 0
1716647712764 3235.0 0
1716647713703 3236.0 0
1716647714645 3237.0 0
1716647715603 3238.0 0
1716647716556 3239.0 0
1716647717517 3240.0 0
1716647722642 3241.0 0
1716647723523 3242.0 0
1716647724418 3243.0 0
1716647725297 3244.0 0
1716647726208 3245.0 0
1716647727164 3246.0 0
1716647728126 3247.0 0
1716647729100 3248.0 0
1716647730076 3249.0 0
1716647731043 3250.0 0
1716647736396 3251.0 0
1716647737265 3252.0 0
1716647738131 3253.0 0
1716647739016 3254.0 0
1716647739905 3255.0 0
1716647740826 3256.0 0
1716647741781 3257.0 0
1716647742712 3258.0 0
1716647743670 3259.0 0
1716647744615 3260.0 0
1716647749653 3261.0 0
1716647750539 3262.0 0
1716647751400 3263.0 0
1716647752304 3264.0 0
1716647753205 3265.0 0
1716647754133 3266.0 0
1716647755082 3267.0 0
1716647756064 3268.0 0
1716647757037 3269.0 0
1716647757993 3270.0 0
1716647763108 3271.0 0
1716647763989 3272.0 0
1716647764878 3273.0 0
1716647765754 3274.0 0
1716647766692 3275.0 0
1716647767639 3276.0 0
1716647768616 3277.0 0
1716647769620 3278.0 0
1716647770641 3279.0 0
1716647771643 3280.0 0
1716647777467 3281.0 0
1716647778337 3282.0 0
1716647779184 3283.0 0
1716647780053 3284.0 0
1716647780945 3285.0 0
1716647781850 3286.0 0
1716647782790 3287.0 0
1716647783731 3288.0 0
1716647784680 3289.0 0
1716647785630 3290.0 0
1716647790646 3291.0 0
1716647791562 3292.0 0
1716647792427 3293.0 0
1716647793327 3294.0 0
1716647794245 3295.0 0
1716647795183 3296.0 0
1716647796136 3297.0 0
1716647797087 3298.0 0
1716647798037 3299.0 0
1716647798976 3300.0 0
1716647804131 3301.0 0
1716647805069 3302.0 0
1716647805996 3303.0 0
1716647806891 3304.0 0
1716647807814 3305.0 0
1716647808806 3306.0 0
1716647809799 3307.0 0
1716647810817 3308.0 0
1716647811852 3309.0 0
1716647812852 3310.0 0
1716647818685 3311.0 0
1716647819554 3312.0 0
1716647820428 3313.0 0
1716647821317 3314.0 0
1716647822195 3315.0 0
1716647823072 3316.0 0
1716647823986 3317.0 0
1716647824917 3318.0 0
1716647825848 3319.0 0
1716647826818 3320.0 0
1716647832545 3321.0 0
1716647833412 3322.0 0
1716647834295 3323.0 0
1716647835193 3324.0 0
1716647836103 3325.0 0
1716647837025 3326.0 0
1716647837968 3327.0 0
1716647838943 3328.0 0
1716647839921 3329.0 0
1716647840888 3330.0 0
1716647845993 3331.0 0
1716647846880 3332.0 0
1716647847753 3333.0 0
1716647848626 3334.0 0
1716647849560 3335.0 0
1716647850533 3336.0 0
1716647851488 3337.0 0
1716647852454 3338.0 0
1716647853420 3339.0 0
1716647854367 3340.0 0
1716647859470 3341.0 0
1716647860350 3342.0 0
1716647861233 3343.0 0
1716647862103 3344.0 0
1716647862991 3345.0 0
1716647863919 3346.0 0
1716647864865 3347.0 0
1716647865804 3348.0 0
1716647866754 3349.0 0
1716647867757 3350.0 0
1716647873059 3351.0 0
1716647873939 3352.0 0
1716647874814 3353.0 0
1716647875694 3354.0 0
1716647876595 3355.0 0
1716647877522 3356.0 0
1716647878506 3357.0 0
1716647879450 3358.0 0
1716647880390 3359.0 0
1716647881343 3360.0 0
1716647886505 3361.0 0
1716647887407 3362.0 0
1716647888284 3363.0 0
1716647889196 3364.0 0
1716647890165 3365.0 0
1716647891142 3366.0 0
1716647892138 3367.0 0
1716647893144 3368.0 0
1716647894130 3369.0 0
1716647895120 3370.0 0
1716647900536 3371.0 0
1716647901417 3372.0 0
1716647902279 3373.0 0
1716647903157 3374.0 0
1716647904078 3375.0 0
1716647904988 3376.0 0
1716647905933 3377.0 0
1716647906895 3378.0 0
1716647907841 3379.0 0
1716647908792 3380.0 0
1716647914121 3381.0 0
1716647915003 3382.0 0
1716647915902 3383.0 0
1716647916781 3384.0 0
1716647917677 3385.0 0
1716647918591 3386.0 0
1716647919526 3387.0 0
1716647920526 3388.0 0
1716647921482 3389.0 0
1716647922431 3390.0 0
1716647927432 3391.0 0
1716647928394 3392.0 0
1716647929274 3393.0 0
1716647930182 3394.0 0
1716647931122 3395.0 0
1716647932092 3396.0 0
1716647933076 3397.0 0
1716647934096 3398.0 0
1716647935071 3399.0 0
1716647936057 3400.0 0
1716647941207 3401.0 0
1716647942155 3402.0 0
1716647943031 3403.0 0
1716647943926 3404.0 0
1716647944859 3405.0 0
1716647945799 3406.0 0
1716647946743 3407.0 0
1716647947718 3408.0 0
1716647948729 3409.0 0
1716647949729 3410.0 0
1716647955182 3411.0 0
1716647956058 3412.0 0
1716647956919 3413.0 0
1716647957851 3414.0 0
1716647958765 3415.0 0
1716647959738 3416.0 0
1716647960733 3417.0 0
1716647961723 3418.0 0
1716647962717 3419.0 0
1716647963702 3420.0 0
1716647969114 3421.0 0
1716647969971 3422.0 0
1716647970836 3423.0 0
1716647971717 3424.0 0
1716647972595 3425.0 0
1716647973509 3426.0 0
1716647974457 3427.0 0
1716647975413 3428.0 0
1716647976359 3429.0 0
1716647977334 3430.0 0
1716647982307 3431.0 0
1716647983212 3432.0 0
1716647984069 3433.0 0
1716647984962 3434.0 0
1716647985895 3435.0 0
1716647986806 3436.0 0
1716647987751 3437.0 0
1716647988719 3438.0 0
1716647989691 3439.0 0
1716647990656 3440.0 0
1716647995980 3441.0 0
1716647996894 3442.0 0
1716647997742 3443.0 0
1716647998692 3444.0 0
1716647999600 3445.0 0
1716648000545 3446.0 0
1716648001513 3447.0 0
1716648002509 3448.0 0
1716648003515 3449.0 0
1716648004543 3450.0 0
1716648010403 3451.0 0
1716648011284 3452.0 0
1716648012130 3453.0 0
1716648012994 3454.0 0
1716648013905 3455.0 0
1716648014800 3456.0 0
1716648015718 3457.0 0
1716648016644 3458.0 0
1716648017645 3459.0 0
1716648018608 3460.0 0
1716648024012 3461.0 0
1716648024902 3462.0 0
1716648025773 3463.0 0
1716648026638 3464.0 0
1716648027521 3465.0 0
1716648028466 3466.0 0
1716648029417 3467.0 0
1716648030374 3468.0 0
1716648031364 3469.0 0
1716648032358 3470.0 0
1716648037903 3471.0 0
1716648038826 3472.0 0
1716648039756 3473.0 0
1716648040718 3474.0 0
1716648041764 3475.0 0
1716648042917 3476.0 0
1716648044215 3477.0 0
1716648045460 3478.0 0
1716648046858 3479.0 0
1716648048221 3480.0 0
1716648055428 3481.0 0
1716648056349 3482.0 0
1716648057231 3483.0 0
1716648058120 3484.0 0
1716648059072 3485.0 0
1716648060049 3486.0 0
1716648061021 3487.0 0
1716648062220 3488.0 0
1716648063780 3489.0 0
