1716033079867 1.0 0
1716033080077 2.0 0
1716033080287 3.0 0
1716033080465 4.0 0
1716033080671 5.0 0
1716033080848 6.0 0
1716033080992 7.0 0
1716033081138 8.0 0
1716033081276 9.0 0
1716033081430 10.0 0
1716033085252 11.0 0
1716033085513 12.0 0
1716033085732 13.0 0
1716033085924 14.0 0
1716033086189 15.0 0
1716033086383 16.0 0
1716033086552 17.0 0
1716033086720 18.0 0
1716033086886 19.0 0
1716033087039 20.0 0
1716033090210 21.0 0
1716033090358 22.0 0
1716033090502 23.0 0
1716033090659 24.0 0
1716033090858 25.0 0
1716033091014 26.0 0
1716033091159 27.0 0
1716033091298 28.0 0
1716033091440 29.0 0
1716033091586 30.0 0
1716033093951 31.0 0
1716033094106 32.0 0
1716033094248 33.0 0
1716033094404 34.0 0
1716033094619 35.0 0
1716033094802 36.0 0
1716033094956 37.0 0
1716033095105 38.0 0
1716033095258 39.0 0
1716033095408 40.0 0
1716033098058 41.0 0
1716033098199 42.0 0
1716033098350 43.0 0
1716033098494 44.0 0
1716033098647 45.0 0
1716033098786 46.0 0
1716033098930 47.0 0
1716033099083 48.0 0
1716033099222 49.0 0
1716033099360 50.0 0
1716033101409 51.0 0
1716033101618 52.0 0
1716033101775 53.0 0
1716033101920 54.0 0
1716033102065 55.0 0
1716033102205 56.0 0
1716033102346 57.0 0
1716033102486 58.0 0
1716033102627 59.0 0
1716033102768 60.0 0
1716033104963 61.0 0
1716033105101 62.0 0
1716033105241 63.0 0
1716033105381 64.0 0
1716033105521 65.0 0
1716033105656 66.0 0
1716033105792 67.0 0
1716033105929 68.0 0
1716033106066 69.0 0
1716033106202 70.0 0
1716033108282 71.0 0
1716033108419 72.0 0
1716033108554 73.0 0
1716033108691 74.0 0
1716033108829 75.0 0
1716033108965 76.0 0
1716033109104 77.0 0
1716033109242 78.0 0
1716033109422 79.0 0
1716033109597 80.0 0
1716033112282 81.0 0
1716033112425 82.0 0
1716033112566 83.0 0
1716033112708 84.0 0
1716033112846 85.0 0
1716033112987 86.0 0
1716033113127 87.0 0
1716033113268 88.0 0
1716033113427 89.0 0
1716033113579 90.0 0
1716033115521 91.0 0
1716033115657 92.0 0
1716033115798 93.0 0
1716033115935 94.0 0
1716033116071 95.0 0
1716033116208 96.0 0
1716033116348 97.0 0
1716033116526 98.0 0
1716033116701 99.0 0
1716033116870 100.0 0
1716033119429 101.0 0
1716033119582 102.0 0
1716033119723 103.0 0
1716033119873 104.0 0
1716033120014 105.0 0
1716033120171 106.0 0
1716033120309 107.0 0
1716033120469 108.0 0
1716033120628 109.0 0
1716033120773 110.0 0
1716033122950 111.0 0
1716033123092 112.0 0
1716033123233 113.0 0
1716033123369 114.0 0
1716033123537 115.0 0
1716033123681 116.0 0
1716033123819 117.0 0
1716033123958 118.0 0
1716033124092 119.0 0
1716033124231 120.0 0
1716033126212 121.0 0
1716033126351 122.0 0
1716033126498 123.0 0
1716033126631 124.0 0
1716033126773 125.0 0
1716033126910 126.0 0
1716033127047 127.0 0
1716033127183 128.0 0
1716033127321 129.0 0
1716033127458 130.0 0
1716033129496 131.0 0
1716033129639 132.0 0
1716033129775 133.0 0
1716033129914 134.0 0
1716033130052 135.0 0
1716033130190 136.0 0
1716033130327 137.0 0
1716033130464 138.0 0
1716033130601 139.0 0
1716033130737 140.0 0
1716033133247 141.0 0
1716033133384 142.0 0
1716033133535 143.0 0
1716033133676 144.0 0
1716033133811 145.0 0
1716033133948 146.0 0
1716033134091 147.0 0
1716033134227 148.0 0
1716033134363 149.0 0
1716033134499 150.0 0
1716033136552 151.0 0
1716033136698 152.0 0
1716033136850 153.0 0
1716033136989 154.0 0
1716033137128 155.0 0
1716033137265 156.0 0
1716033137402 157.0 0
1716033137542 158.0 0
1716033137684 159.0 0
1716033137825 160.0 0
1716033139931 161.0 0
1716033140069 162.0 0
1716033140205 163.0 0
1716033140345 164.0 0
1716033140486 165.0 0
1716033140641 166.0 0
1716033140780 167.0 0
1716033140917 168.0 0
1716033141055 169.0 0
1716033141191 170.0 0
1716033143297 171.0 0
1716033143431 172.0 0
1716033143568 173.0 0
1716033143708 174.0 0
1716033143845 175.0 0
1716033143982 176.0 0
1716033144117 177.0 0
1716033144253 178.0 0
1716033144398 179.0 0
1716033144546 180.0 0
1716033146648 181.0 0
1716033146790 182.0 0
1716033146928 183.0 0
1716033147070 184.0 0
1716033147205 185.0 0
1716033147342 186.0 0
1716033147480 187.0 0
1716033147618 188.0 0
1716033147756 189.0 0
1716033147893 190.0 0
1716033150304 191.0 0
1716033150451 192.0 0
1716033150589 193.0 0
1716033150726 194.0 0
1716033150868 195.0 0
1716033151004 196.0 0
1716033151143 197.0 0
1716033151281 198.0 0
1716033151445 199.0 0
1716033151578 200.0 0
1716033153640 201.0 0
1716033153777 202.0 0
1716033153910 203.0 0
1716033154050 204.0 0
1716033154189 205.0 0
1716033154325 206.0 0
1716033154462 207.0 0
1716033154600 208.0 0
1716033154736 209.0 0
1716033154872 210.0 0
1716033156985 211.0 0
1716033157122 212.0 0
1716033157260 213.0 0
1716033157402 214.0 0
1716033157536 215.0 0
1716033157682 216.0 0
1716033157815 217.0 0
1716033157952 218.0 0
1716033158089 219.0 0
1716033158225 220.0 0
1716033160236 221.0 0
1716033160372 222.0 0
1716033160525 223.0 0
1716033160659 224.0 0
1716033160800 225.0 0
1716033160939 226.0 0
1716033161076 227.0 0
1716033161213 228.0 0
1716033161351 229.0 0
1716033161488 230.0 0
1716033163577 231.0 0
1716033163713 232.0 0
1716033163849 233.0 0
1716033164003 234.0 0
1716033164140 235.0 0
1716033164281 236.0 0
1716033164418 237.0 0
1716033164559 238.0 0
1716033164695 239.0 0
1716033164832 240.0 0
1716033166789 241.0 0
1716033166927 242.0 0
1716033167064 243.0 0
1716033167204 244.0 0
1716033167340 245.0 0
1716033167484 246.0 0
1716033167621 247.0 0
1716033167756 248.0 0
1716033167895 249.0 0
1716033168031 250.0 0
1716033170071 251.0 0
1716033170210 252.0 0
1716033170353 253.0 0
1716033170491 254.0 0
1716033170643 255.0 0
1716033170778 256.0 0
1716033170915 257.0 0
1716033171049 258.0 0
1716033171185 259.0 0
1716033171321 260.0 0
1716033173932 261.0 0
1716033174077 262.0 0
1716033174216 263.0 0
1716033174353 264.0 0
1716033174517 265.0 0
1716033174657 266.0 0
1716033174799 267.0 0
1716033174938 268.0 0
1716033175074 269.0 0
1716033175215 270.0 0
1716033177340 271.0 0
1716033177497 272.0 0
1716033177632 273.0 0
1716033177769 274.0 0
1716033177905 275.0 0
1716033178042 276.0 0
1716033178182 277.0 0
1716033178319 278.0 0
1716033178463 279.0 0
1716033178598 280.0 0
1716033180608 281.0 0
1716033180753 282.0 0
1716033180887 283.0 0
1716033181021 284.0 0
1716033181159 285.0 0
1716033181295 286.0 0
1716033181431 287.0 0
1716033181566 288.0 0
1716033181702 289.0 0
1716033181837 290.0 0
1716033184085 291.0 0
1716033184225 292.0 0
1716033184366 293.0 0
1716033184514 294.0 0
1716033184657 295.0 0
1716033184793 296.0 0
1716033184928 297.0 0
1716033185069 298.0 0
1716033185207 299.0 0
1716033185344 300.0 0
1716033187397 301.0 0
1716033187572 302.0 0
1716033187711 303.0 0
1716033187849 304.0 0
1716033187987 305.0 0
1716033188123 306.0 0
1716033188263 307.0 0
1716033188400 308.0 0
1716033188537 309.0 0
1716033188672 310.0 0
1716033190739 311.0 0
1716033190877 312.0 0
1716033191012 313.0 0
1716033191148 314.0 0
1716033191289 315.0 0
1716033191449 316.0 0
1716033191601 317.0 0
1716033191742 318.0 0
1716033191880 319.0 0
1716033192014 320.0 0
1716033193999 321.0 0
1716033194133 322.0 0
1716033194275 323.0 0
1716033194410 324.0 0
1716033194544 325.0 0
1716033194681 326.0 0
1716033194820 327.0 0
1716033194957 328.0 0
1716033195094 329.0 0
1716033195232 330.0 0
1716033197295 331.0 0
1716033197435 332.0 0
1716033197572 333.0 0
1716033197712 334.0 0
1716033197854 335.0 0
1716033197992 336.0 0
1716033198129 337.0 0
1716033198267 338.0 0
1716033198411 339.0 0
1716033198567 340.0 0
1716033200993 341.0 0
1716033201152 342.0 0
1716033201295 343.0 0
1716033201436 344.0 0
1716033201574 345.0 0
1716033201711 346.0 0
1716033201847 347.0 0
1716033201988 348.0 0
1716033202127 349.0 0
1716033202265 350.0 0
1716033204306 351.0 0
1716033204449 352.0 0
1716033204587 353.0 0
1716033204727 354.0 0
1716033204865 355.0 0
1716033205002 356.0 0
1716033205137 357.0 0
1716033205279 358.0 0
1716033205438 359.0 0
1716033205581 360.0 0
1716033207675 361.0 0
1716033207814 362.0 0
1716033207950 363.0 0
1716033208090 364.0 0
1716033208230 365.0 0
1716033208366 366.0 0
1716033208504 367.0 0
1716033208642 368.0 0
1716033208779 369.0 0
