1716033079857 8.027913093566895 0
1716033080069 6.205463409423828 0
1716033080262 5.232375621795654 0
1716033080461 4.501786231994629 0
1716033080664 3.9881465435028076 0
1716033080844 3.4948348999023438 0
1716033080984 3.1706926822662354 0
1716033081129 2.8249547481536865 0
1716033081272 2.491865634918213 0
1716033081420 2.2798678874969482 0
1716033085231 1.960456371307373 0
1716033085489 1.69353449344635 0
1716033085727 1.382667064666748 0
1716033085918 1.115160584449768 0
1716033086182 0.8883912563323975 0
1716033086379 0.7417122721672058 0
1716033086548 0.5766857266426086 0
1716033086717 0.3867567777633667 0
1716033086882 0.23926310241222382 0
1716033087035 0.16081951558589935 0
1716033090199 0.1235450878739357 0
1716033090354 0.09823926538228989 0
1716033090494 0.07880251854658127 0
1716033090653 0.06337995082139969 0
1716033090852 0.05143320932984352 0
1716033091010 0.04332970082759857 0
1716033091155 0.03837939351797104 0
1716033091294 0.03553540259599686 0
1716033091436 0.033836375921964645 0
1716033091582 0.032452721148729324 0
1716033093943 0.030855147168040276 0
1716033094095 0.028953993692994118 0
1716033094244 0.026947230100631714 0
1716033094396 0.025033166632056236 0
1716033094609 0.023268425837159157 0
1716033094799 0.021613655611872673 0
1716033094952 0.02002829872071743 0
1716033095099 0.01851588673889637 0
1716033095254 0.017113080248236656 0
1716033095404 0.015861034393310547 0
1716033098054 0.014781147241592407 0
1716033098192 0.013873440213501453 0
1716033098336 0.0131203169003129 0
1716033098490 0.012492909096181393 0
1716033098643 0.011958050541579723 0
1716033098782 0.011485262773931026 0
1716033098924 0.01104937493801117 0
1716033099079 0.010633382946252823 0
1716033099217 0.010228310711681843 0
1716033099356 0.00983227789402008 0
1716033101403 0.009447798132896423 0
1716033101613 0.009079158306121826 0
1716033101771 0.008730384521186352 0
1716033101916 0.008404417894780636 0
1716033102057 0.008102613501250744 0
1716033102201 0.007824540138244629 0
1716033102342 0.007568869274109602 0
1716033102481 0.007333532441407442 0
1716033102623 0.007116051856428385 0
1716033102763 0.006913905497640371 0
1716033104958 0.006724833976477385 0
1716033105097 0.0065475404262542725 0
1716033105234 0.006380271166563034 0
1716033105377 0.006222029682248831 0
1716033105517 0.006072103511542082 0
1716033105652 0.005930320825427771 0
1716033105788 0.005796313751488924 0
1716033105925 0.005669741425663233 0
1716033106062 0.005550243426114321 0
1716033106198 0.005437803920358419 0
1716033108278 0.005331913474947214 0
1716033108415 0.0052320025861263275 0
1716033108549 0.0051378472708165646 0
1716033108687 0.0050486302934587 0
1716033108824 0.004964333027601242 0
1716033108961 0.004884109366685152 0
1716033109099 0.004807860124856234 0
1716033109236 0.0047347573563456535 0
1716033109416 0.0046646627597510815 0
1716033109592 0.0045975386165082455 0
1716033112276 0.00453286012634635 0
1716033112418 0.004470617976039648 0
1716033112561 0.004410565365105867 0
1716033112704 0.004352681338787079 0
1716033112842 0.0042967405170202255 0
1716033112982 0.004242781549692154 0
1716033113123 0.0041909231804311275 0
1716033113263 0.004140592645853758 0
1716033113422 0.0040919966995716095 0
1716033113575 0.004045106936246157 0
1716033115517 0.003999834414571524 0
1716033115652 0.003955911844968796 0
1716033115794 0.003913458902388811 0
1716033115931 0.003872168017551303 0
1716033116067 0.0038321895990520716 0
1716033116204 0.003793107345700264 0
1716033116343 0.0037552090361714363 0
1716033116517 0.003718266962096095 0
1716033116695 0.003682073438540101 0
1716033116864 0.0036468866746872663 0
1716033119422 0.003612448461353779 0
1716033119574 0.003578819567337632 0
1716033119719 0.003545910818502307 0
1716033119865 0.003513712203130126 0
1716033120010 0.0034822437446564436 0
1716033120167 0.0034513473510742188 0
1716033120305 0.003421073080971837 0
1716033120464 0.0033914402592927217 0
1716033120624 0.003362399758771062 0
1716033120768 0.0033339913934469223 0
1716033122946 0.0033060077112168074 0
1716033123085 0.003278635675087571 0
1716033123226 0.003251589834690094 0
1716033123365 0.0032251961529254913 0
1716033123531 0.0031991377472877502 0
1716033123678 0.003173594130203128 0
1716033123816 0.003148563439026475 0
1716033123954 0.003123779548332095 0
1716033124088 0.003099470166489482 0
1716033124226 0.003075576154515147 0
1716033126205 0.0030520374421030283 0
1716033126344 0.003028903855010867 0
1716033126495 0.0030061558354645967 0
1716033126627 0.0029837239999324083 0
1716033126765 0.002961697056889534 0
1716033126906 0.00293980841524899 0
1716033127043 0.0029183945152908564 0
1716033127179 0.002897217869758606 0
1716033127318 0.0028763767331838608 0
1716033127454 0.002855862258002162 0
1716033129487 0.002835604129359126 0
1716033129634 0.0028156032785773277 0
1716033129771 0.002796017797663808 0
1716033129910 0.00277653057128191 0
1716033130049 0.0027573599945753813 0
1716033130186 0.002738485811278224 0
1716033130324 0.0027197895105928183 0
1716033130460 0.0027013502549380064 0
1716033130597 0.0026831880677491426 0
1716033130733 0.0026652233209460974 0
1716033133242 0.002647535176947713 0
1716033133380 0.0026299264281988144 0
1716033133531 0.0026126436423510313 0
1716033133668 0.002595568774268031 0
1716033133808 0.002578750951215625 0
1716033133944 0.0025619922671467066 0
1716033134086 0.0025455502327531576 0
1716033134223 0.002529345452785492 0
1716033134359 0.0025131702423095703 0
1716033134495 0.0024973510298877954 0
1716033136547 0.0024816112127155066 0
1716033136690 0.002466088393703103 0
1716033136845 0.002450773725286126 0
1716033136986 0.0024355577770620584 0
1716033137123 0.0024204901419579983 0
1716033137261 0.0024056897964328527 0
1716033137397 0.002390968380495906 0
1716033137538 0.0023763750214129686 0
1716033137679 0.002362118801102042 0
1716033137821 0.002347921719774604 0
1716033139928 0.0023338431492447853 0
1716033140062 0.002319972263649106 0
1716033140200 0.002306239912286401 0
1716033140341 0.0022926460951566696 0
1716033140482 0.0022792303934693336 0
1716033140637 0.00226589385420084 0
1716033140776 0.0022527449764311314 0
1716033140913 0.0022398040164262056 0
1716033141051 0.0022269028704613447 0
1716033141187 0.002214130014181137 0
1716033143292 0.0022015452850610018 0
1716033143428 0.002189009916037321 0
1716033143561 0.0021767420694231987 0
1716033143701 0.0021645433735102415 0
1716033143841 0.0021525127813220024 0
1716033143978 0.0021405017469078302 0
1716033144114 0.0021287184208631516 0
1716033144249 0.002117024501785636 0
1716033144394 0.002105429070070386 0
1716033144542 0.0020940122194588184 0
1716033146644 0.002082654507830739 0
1716033146785 0.0020715147256851196 0
1716033146923 0.0020603749435395002 0
1716033147064 0.0020494128111749887 0
1716033147202 0.0020385999232530594 0
1716033147338 0.0020279251039028168 0
1716033147476 0.0020172903314232826 0
1716033147614 0.002006843453273177 0
1716033147752 0.0019964755047112703 0
1716033147889 0.0019862563349306583 0
1716033150299 0.0019760767463594675 0
1716033150440 0.0019661050755530596 0
1716033150582 0.0019563117530196905 0
1716033150722 0.0019464785000309348 0
1716033150864 0.0019368930952623487 0
1716033151001 0.001927357167005539 0
1716033151139 0.001917989575304091 0
1716033151277 0.0019087210530415177 0
1716033151442 0.0018995414720848203 0
1716033151574 0.0018904710886999965 0
1716033153636 0.001881588832475245 0
1716033153773 0.001872745924629271 0
1716033153906 0.0018639132613316178 0
1716033154045 0.0018552091205492616 0
1716033154182 0.0018466835608705878 0
1716033154321 0.0018381578847765923 0
1716033154458 0.0018297210335731506 0
1716033154595 0.00182145310100168 0
1716033154732 0.001813155016861856 0
1716033154868 0.0018049661302939057 0
1716033156979 0.001796916127204895 0
1716033157117 0.0017888558795675635 0
1716033157255 0.001780875027179718 0
1716033157399 0.0017730128020048141 0
1716033157532 0.0017651212401688099 0
1716033157679 0.0017573680961504579 0
1716033157811 0.0017497142544016242 0
1716033157948 0.0017420802032575011 0
1716033158084 0.0017344556981697679 0
1716033158221 0.0017269704258069396 0
1716033160232 0.0017195739783346653 0
1716033160368 0.0017121083801612258 0
1716033160521 0.0017048012232407928 0
1716033160654 0.0016975334146991372 0
1716033160795 0.0016902955248951912 0
1716033160935 0.0016831966349855065 0
1716033161072 0.0016760973958298564 0
1716033161209 0.0016690179472789168 0
1716033161347 0.0016620773822069168 0
1716033161484 0.0016549978172406554 0
1716033163570 0.0016480967169627547 0
1716033163709 0.0016411558026447892 0
1716033163845 0.0016343042952939868 0
1716033163999 0.0016274327645078301 0
1716033164134 0.00162055145483464 0
1716033164277 0.0016137688653543591 0
1716033164413 0.001606917125172913 0
1716033164551 0.0015999661991372705 0
1716033164690 0.0015930350637063384 0
1716033164828 0.0015859847189858556 0
1716033166785 0.0015787858283147216 0
1716033166922 0.0015712297754362226 0
1716033167060 0.0015633367002010345 0
1716033167200 0.0015547991497442126 0
1716033167336 0.0015457356348633766 0
1716033167480 0.0015363352140411735 0
1716033167616 0.0015272715827450156 0
1716033167752 0.0015197942266240716 0
1716033167891 0.0015141909243538976 0
1716033168027 0.0015099855372682214 0
1716033170064 0.0015054130926728249 0
1716033170205 0.0014991946518421173 0
1716033170346 0.0014913296326994896 0
1716033170487 0.0014830682193860412 0
1716033170639 0.0014755601296201348 0
1716033170774 0.001469301525503397 0
1716033170911 0.0014641039306297898 0
1716033171046 0.0014591641956940293 0
1716033171181 0.001453857752494514 0
1716033171317 0.0014481049729511142 0
1716033173925 0.001441687811166048 0
1716033174073 0.0014351917197927833 0
1716033174212 0.0014287745580077171 0
1716033174349 0.0014228633372113109 0
1716033174513 0.001417537103407085 0
1716033174650 0.0014124587178230286 0
1716033174791 0.0014073209604248405 0
1716033174934 0.0014018261572346091 0
1716033175070 0.0013959938660264015 0
1716033175209 0.0013901814818382263 0
1716033177333 0.0013845773646607995 0
1716033177492 0.001379340304993093 0
1716033177628 0.0013741921866312623 0
1716033177765 0.0013692030915990472 0
1716033177901 0.0013640254037454724 0
1716033178038 0.0013587783323600888 0
1716033178177 0.0013534817844629288 0
1716033178315 0.0013482345966622233 0
1716033178459 0.0013432055711746216 0
1716033178593 0.0013381667667999864 0
1716033180602 0.0013333065435290337 0
1716033180750 0.0013284558663144708 0
1716033180883 0.001323506236076355 0
1716033181016 0.0013185268035158515 0
1716033181155 0.001313587068580091 0
1716033181291 0.0013087164843454957 0
1716033181427 0.001303955097682774 0
1716033181562 0.0012992533156648278 0
1716033181698 0.0012945415219292045 0
1716033181833 0.001289829728193581 0
1716033184079 0.0012851874344050884 0
1716033184219 0.001280505210161209 0
1716033184358 0.0012759322999045253 0
1716033184505 0.0012713196920230985 0
1716033184653 0.0012667863629758358 0
1716033184789 0.0012622828362509608 0
1716033184924 0.0012579477624967694 0
1716033185065 0.0012534045381471515 0
1716033185203 0.0012489602668210864 0
1716033185340 0.0012446352047845721 0
1716033187385 0.0012402504216879606 0
1716033187569 0.0012359946267679334 0
1716033187704 0.001231659553013742 0
1716033187845 0.0012274334440007806 0
1716033187982 0.0012232173467054963 0
1716033188120 0.001219070632942021 0
1716033188256 0.0012148445239290595 0
1716033188396 0.0012107176007702947 0
1716033188533 0.001206560991704464 0
1716033188668 0.0012024935567751527 0
1716033190735 0.0011983964359387755 0
1716033190873 0.001194388372823596 0
1716033191007 0.0011903109261766076 0
1716033191144 0.0011863624677062035 0
1716033191285 0.001182394102215767 0
1716033191444 0.001178376260213554 0
1716033191594 0.0011744971852749586 0
1716033191735 0.0011706278892233968 0
1716033191876 0.001166699337773025 0
1716033192010 0.001162859844043851 0
1716033193996 0.0011591295478865504 0
1716033194129 0.0011552503565326333 0
1716033194266 0.0011514803627505898 0
1716033194407 0.0011477499501779675 0
1716033194539 0.0011440394446253777 0
1716033194677 0.0011402991367504 0
1716033194816 0.001136687700636685 0
1716033194952 0.0011329572880640626 0
1716033195090 0.0011292962590232491 0
1716033195227 0.0011256650323048234 0
1716033197288 0.0011220038868486881 0
1716033197429 0.001118432148359716 0
1716033197567 0.001114860293455422 0
1716033197708 0.0011112786596640944 0
1716033197850 0.0011077960953116417 0
1716033197988 0.001104323542676866 0
1716033198125 0.0011008111760020256 0
1716033198263 0.0010973485186696053 0
1716033198407 0.0010938759660348296 0
1716033198564 0.0010904130758717656 0
1716033200987 0.0010869899997487664 0
1716033201148 0.0010836463188752532 0
1716033201290 0.001080223242752254 0
1716033201432 0.0010768496431410313 0
1716033201569 0.0010735555551946163 0
1716033201706 0.0010701423743739724 0
1716033201842 0.0010668282629922032 0
1716033201984 0.0010635439539328218 0
1716033202122 0.001060259761288762 0
1716033202261 0.0010570151498541236 0
1716033204300 0.0010536712361499667 0
1716033204443 0.001050506136380136 0
1716033204583 0.001047311001457274 0
1716033204723 0.0010440365877002478 0
1716033204861 0.001040851348079741 0
1716033204998 0.0010376762365922332 0
1716033205133 0.0010345008922740817 0
1716033205274 0.0010313554666936398 0
1716033205434 0.0010282198200002313 0
1716033205577 0.0010250941850245 0
1716033207671 0.0010219387477263808 0
1716033207809 0.0010188427986577153 0
1716033207946 0.0010156972566619515 0
1716033208084 0.0010126706911250949 0
1716033208225 0.0010095549514517188 0
1716033208362 0.0010064588859677315 0
1716033208500 0.0010034125298261642 0
1716033208638 0.0010003660572692752 0
1716033208775 0.000997319701127708 0
