1716033079871 0.9823007583618164 0
1716033080082 0.20478606224060059 0
1716033080290 0.2029268741607666 0
1716033080469 0.17505192756652832 0
1716033080676 0.20282816886901855 0
1716033080851 0.16931700706481934 0
1716033080996 0.1416163444519043 0
1716033081141 0.14128375053405762 0
1716033081280 0.1349949836730957 0
1716033081441 0.1574869155883789 0
1716033085260 0.4763939380645752 0
1716033085524 0.24428415298461914 0
1716033085736 0.1981639862060547 0
1716033085928 0.1835319995880127 0
1716033086196 0.26251220703125 0
1716033086386 0.184920072555542 0
1716033086566 0.1763918399810791 0
1716033086724 0.1515181064605713 0
1716033086891 0.16336774826049805 0
1716033087043 0.14814329147338867 0
1716033090214 0.4647848606109619 0
1716033090361 0.14131498336791992 0
1716033090507 0.14200067520141602 0
1716033090663 0.15194106101989746 0
1716033090861 0.19366097450256348 0
1716033091017 0.14984679222106934 0
1716033091162 0.141127347946167 0
1716033091302 0.13674688339233398 0
1716033091445 0.13905000686645508 0
1716033091596 0.14731907844543457 0
1716033093955 0.3297860622406006 0
1716033094109 0.15109992027282715 0
1716033094252 0.13692808151245117 0
1716033094413 0.15767407417297363 0
1716033094624 0.20448064804077148 0
1716033094806 0.17804288864135742 0
1716033094961 0.15050292015075684 0
1716033095111 0.146697998046875 0
1716033095262 0.14686799049377441 0
1716033095411 0.14373397827148438 0
1716033098061 0.24867892265319824 0
1716033098203 0.13911199569702148 0
1716033098354 0.14695191383361816 0
1716033098497 0.139451265335083 0
1716033098650 0.1478588581085205 0
1716033098789 0.13588285446166992 0
1716033098933 0.14081597328186035 0
1716033099085 0.1480402946472168 0
1716033099225 0.13645696640014648 0
1716033099364 0.13524580001831055 0
1716033101413 0.18116283416748047 0
1716033101627 0.20956110954284668 0
1716033101779 0.14365816116333008 0
1716033101924 0.14069294929504395 0
1716033102068 0.1410529613494873 0
1716033102208 0.13678741455078125 0
1716033102349 0.13739585876464844 0
1716033102490 0.13719701766967773 0
1716033102630 0.13684582710266113 0
1716033102771 0.13768720626831055 0
1716033104966 0.16834688186645508 0
1716033105105 0.1358656883239746 0
1716033105245 0.13667607307434082 0
1716033105384 0.1342771053314209 0
1716033105523 0.13575220108032227 0
1716033105659 0.13236618041992188 0
1716033105795 0.13245201110839844 0
1716033105932 0.1338648796081543 0
1716033106069 0.1338820457458496 0
1716033106206 0.13256001472473145 0
1716033108285 0.16015124320983887 0
1716033108422 0.13287711143493652 0
1716033108557 0.1315619945526123 0
1716033108694 0.13389801979064941 0
1716033108832 0.13449811935424805 0
1716033108968 0.1333911418914795 0
1716033109107 0.1348719596862793 0
1716033109245 0.1352839469909668 0
1716033109433 0.18216204643249512 0
1716033109601 0.16103410720825195 0
1716033112287 0.2936272621154785 0
1716033112430 0.13997507095336914 0
1716033112569 0.13521695137023926 0
1716033112711 0.13829994201660156 0
1716033112850 0.1348569393157959 0
1716033112991 0.13767004013061523 0
1716033113130 0.13629794120788574 0
1716033113271 0.13700389862060547 0
1716033113431 0.15631723403930664 0
1716033113583 0.14592909812927246 0
1716033115523 0.17378902435302734 0
1716033115664 0.13754796981811523 0
1716033115801 0.1335289478302002 0
1716033115938 0.13309001922607422 0
1716033116074 0.13286113739013672 0
1716033116211 0.13392114639282227 0
1716033116351 0.13614511489868164 0
1716033116530 0.17635202407836914 0
1716033116705 0.16908001899719238 0
1716033116875 0.16671991348266602 0
1716033119437 0.40317201614379883 0
1716033119585 0.14335179328918457 0
1716033119726 0.13768386840820312 0
1716033119876 0.14651799201965332 0
1716033120018 0.13876104354858398 0
1716033120173 0.13628911972045898 0
1716033120312 0.13595080375671387 0
1716033120475 0.15825796127319336 0
1716033120632 0.15093398094177246 0
1716033120777 0.14168810844421387 0
1716033122954 0.17213201522827148 0
1716033123097 0.13863611221313477 0
1716033123236 0.13530588150024414 0
1716033123372 0.13293123245239258 0
1716033123545 0.15822982788085938 0
1716033123684 0.13535094261169434 0
1716033123822 0.13531804084777832 0
1716033123961 0.13509082794189453 0
1716033124096 0.13184118270874023 0
1716033124234 0.1351320743560791 0
1716033126215 0.16541528701782227 0
1716033126354 0.13583016395568848 0
1716033126501 0.14352679252624512 0
1716033126634 0.1306781768798828 0
1716033126776 0.13837504386901855 0
1716033126913 0.13448286056518555 0
1716033127050 0.1332550048828125 0
1716033127186 0.13209819793701172 0
1716033127325 0.13490939140319824 0
1716033127461 0.13282203674316406 0
1716033129500 0.1883840560913086 0
1716033129642 0.13782978057861328 0
1716033129779 0.13335680961608887 0
1716033129918 0.13534998893737793 0
1716033130056 0.13434910774230957 0
1716033130193 0.1336827278137207 0
1716033130330 0.13345098495483398 0
1716033130467 0.13472199440002441 0
1716033130604 0.13300228118896484 0
1716033130740 0.13311290740966797 0
1716033133250 0.24385619163513184 0
1716033133388 0.13536882400512695 0
1716033133538 0.14620590209960938 0
1716033133679 0.1382598876953125 0
1716033133815 0.13210701942443848 0
1716033133953 0.13437604904174805 0
1716033134094 0.1367800235748291 0
1716033134230 0.13283014297485352 0
1716033134366 0.13287687301635742 0
1716033134502 0.1327497959136963 0
1716033136555 0.18187379837036133 0
1716033136705 0.14347600936889648 0
1716033136855 0.14408564567565918 0
1716033136992 0.13396692276000977 0
1716033137131 0.1348590850830078 0
1716033137268 0.13355326652526855 0
1716033137405 0.13336801528930664 0
1716033137545 0.13660717010498047 0
1716033137687 0.13843393325805664 0
1716033137828 0.13754010200500488 0
1716033139933 0.21378827095031738 0
1716033140072 0.13573694229125977 0
1716033140209 0.13329172134399414 0
1716033140348 0.13577699661254883 0
1716033140493 0.14098191261291504 0
1716033140644 0.14435911178588867 0
1716033140784 0.13568401336669922 0
1716033140921 0.13446784019470215 0
1716033141058 0.13380885124206543 0
1716033141194 0.13244295120239258 0
1716033143300 0.17119884490966797 0
1716033143434 0.13149404525756836 0
1716033143571 0.13358592987060547 0
1716033143712 0.1376509666442871 0
1716033143848 0.13355517387390137 0
1716033143985 0.13298892974853516 0
1716033144121 0.13201689720153809 0
1716033144256 0.13219404220581055 0
1716033144402 0.14281320571899414 0
1716033144550 0.14099502563476562 0
1716033146651 0.16522908210754395 0
1716033146793 0.13846588134765625 0
1716033146932 0.1358802318572998 0
1716033147073 0.1368851661682129 0
1716033147209 0.1322169303894043 0
1716033147345 0.13344216346740723 0
1716033147483 0.13416695594787598 0
1716033147622 0.13485383987426758 0
1716033147760 0.13440799713134766 0
1716033147896 0.13309907913208008 0
1716033150307 0.2167186737060547 0
1716033150455 0.14411377906799316 0
1716033150591 0.13368010520935059 0
1716033150729 0.1344590187072754 0
1716033150871 0.13860797882080078 0
1716033151008 0.13285088539123535 0
1716033151146 0.1343519687652588 0
1716033151285 0.13510799407958984 0
1716033151448 0.15973901748657227 0
1716033151581 0.13054585456848145 0
1716033153643 0.1772019863128662 0
1716033153779 0.13228988647460938 0
1716033153914 0.13170289993286133 0
1716033154054 0.13693785667419434 0
1716033154193 0.13590407371520996 0
1716033154328 0.1314699649810791 0
1716033154465 0.13344693183898926 0
1716033154603 0.13487982749938965 0
1716033154739 0.13216376304626465 0
1716033154875 0.1327202320098877 0
1716033156988 0.1706409454345703 0
1716033157125 0.1336209774017334 0
1716033157264 0.13576292991638184 0
1716033157405 0.13671016693115234 0
1716033157539 0.13171720504760742 0
1716033157685 0.14229512214660645 0
1716033157818 0.1304788589477539 0
1716033157955 0.13367319107055664 0
1716033158092 0.13299775123596191 0
1716033158228 0.1324169635772705 0
1716033160239 0.1631760597229004 0
1716033160376 0.1337110996246338 0
1716033160527 0.14758682250976562 0
1716033160662 0.1323380470275879 0
1716033160803 0.13751697540283203 0
1716033160942 0.13524103164672852 0
1716033161078 0.13336491584777832 0
1716033161217 0.13512396812438965 0
1716033161354 0.13359618186950684 0
1716033161492 0.1342778205871582 0
1716033163580 0.16660404205322266 0
1716033163716 0.13199901580810547 0
1716033163852 0.13341593742370605 0
1716033164006 0.14689087867736816 0
1716033164143 0.13433003425598145 0
1716033164284 0.1372971534729004 0
1716033164421 0.13346409797668457 0
1716033164563 0.13852810859680176 0
1716033164698 0.13167905807495117 0
1716033164836 0.13421106338500977 0
1716033166792 0.16663813591003418 0
1716033166930 0.13499903678894043 0
1716033167067 0.1330699920654297 0
1716033167207 0.1368699073791504 0
1716033167344 0.1333470344543457 0
1716033167487 0.13948488235473633 0
1716033167624 0.13321685791015625 0
1716033167759 0.13240814208984375 0
1716033167898 0.1349780559539795 0
1716033168034 0.13257169723510742 0
1716033170075 0.167618989944458 0
1716033170214 0.1357560157775879 0
1716033170356 0.1389920711517334 0
1716033170495 0.1348268985748291 0
1716033170646 0.14764022827148438 0
1716033170781 0.13237929344177246 0
1716033170918 0.13302922248840332 0
1716033171052 0.13082599639892578 0
1716033171188 0.1322319507598877 0
1716033171324 0.13283419609069824 0
1716033173938 0.24461078643798828 0
1716033174081 0.13335394859313965 0
1716033174219 0.13534116744995117 0
1716033174356 0.13280415534973145 0
1716033174519 0.16034173965454102 0
1716033174661 0.13896608352661133 0
1716033174803 0.13775968551635742 0
1716033174941 0.1341550350189209 0
1716033175078 0.13399910926818848 0
1716033175218 0.13518619537353516 0
1716033177343 0.24146485328674316 0
1716033177500 0.15416407585144043 0
1716033177635 0.1324300765991211 0
1716033177772 0.13361263275146484 0
1716033177909 0.13282203674316406 0
1716033178045 0.13323521614074707 0
1716033178186 0.1369609832763672 0
1716033178327 0.13780689239501953 0
1716033178466 0.13434982299804688 0
1716033178601 0.13204407691955566 0
1716033180610 0.16261506080627441 0
1716033180756 0.1421191692352295 0
1716033180890 0.1311643123626709 0
1716033181024 0.13129305839538574 0
1716033181162 0.1338949203491211 0
1716033181298 0.13280892372131348 0
1716033181434 0.13219404220581055 0
1716033181569 0.13234210014343262 0
1716033181705 0.13219666481018066 0
1716033181840 0.13133001327514648 0
1716033184088 0.31676697731018066 0
1716033184228 0.13745713233947754 0
1716033184370 0.1371777057647705 0
1716033184521 0.14653372764587402 0
1716033184660 0.1350400447845459 0
1716033184796 0.1320209503173828 0
1716033184931 0.1321420669555664 0
1716033185073 0.13845419883728027 0
1716033185210 0.13367128372192383 0
1716033185347 0.1331040859222412 0
1716033187403 0.22655677795410156 0
1716033187574 0.16306710243225098 0
1716033187715 0.13786816596984863 0
1716033187853 0.13477206230163574 0
1716033187990 0.13428616523742676 0
1716033188126 0.13259100914001465 0
1716033188267 0.13675379753112793 0
1716033188403 0.1329960823059082 0
1716033188540 0.13373088836669922 0
1716033188675 0.1313939094543457 0
1716033190742 0.16405677795410156 0
1716033190880 0.13449406623840332 0
1716033191015 0.13151788711547852 0
1716033191151 0.13254094123840332 0
1716033191293 0.1368851661682129 0
1716033191454 0.15763473510742188 0
1716033191605 0.14538216590881348 0
1716033191746 0.13758373260498047 0
1716033191883 0.13320612907409668 0
1716033192017 0.13096904754638672 0
1716033194002 0.17535805702209473 0
1716033194137 0.1318519115447998 0
1716033194278 0.1376361846923828 0
1716033194412 0.1308300495147705 0
1716033194547 0.13193893432617188 0
1716033194684 0.13317227363586426 0
1716033194823 0.13579177856445312 0
1716033194960 0.1333751678466797 0
1716033195097 0.133897066116333 0
1716033195235 0.13452506065368652 0
1716033197299 0.16231393814086914 0
1716033197437 0.13552188873291016 0
1716033197575 0.13463497161865234 0
1716033197715 0.13682103157043457 0
1716033197858 0.1388380527496338 0
1716033197994 0.1325829029083252 0
1716033198133 0.1349952220916748 0
1716033198271 0.13475894927978516 0
1716033198414 0.13997697830200195 0
1716033198570 0.15017080307006836 0
1716033200999 0.21674895286560059 0
1716033201156 0.14855122566223145 0
1716033201298 0.1389298439025879 0
1716033201439 0.13700103759765625 0
1716033201577 0.13468194007873535 0
1716033201714 0.1334819793701172 0
1716033201853 0.13522934913635254 0
1716033201991 0.13460421562194824 0
1716033202131 0.135756254196167 0
1716033202269 0.13419890403747559 0
1716033204312 0.18657588958740234 0
1716033204452 0.13668298721313477 0
1716033204591 0.13618993759155273 0
1716033204731 0.1352698802947998 0
1716033204868 0.13381338119506836 0
1716033205005 0.13317203521728516 0
1716033205140 0.13177180290222168 0
1716033205282 0.13787388801574707 0
1716033205442 0.1566929817199707 0
1716033205584 0.13814902305603027 0
1716033207678 0.1691441535949707 0
1716033207817 0.1354050636291504 0
1716033207953 0.13263893127441406 0
1716033208094 0.1372690200805664 0
1716033208233 0.13504600524902344 0
1716033208369 0.13273906707763672 0
1716033208507 0.13477206230163574 0
1716033208645 0.13448214530944824 0
1716033208782 0.13245391845703125 0
