1714815059902 18.03300666809082 0
1714815061359 17.952068328857422 0
1714815062911 17.85452651977539 0
1714815064270 17.71927261352539 0
1714815065668 17.47853660583496 0
1714815067042 16.86680030822754 0
1714815068430 15.043623924255371 0
1714815069828 13.533666610717773 0
1714815071246 13.121589660644531 0
1714815072602 12.76491928100586 0
1714815074211 12.463536262512207 0
1714815075652 12.165813446044922 0
1714815077038 11.877700805664062 0
1714815078453 11.589344024658203 0
1714815079801 11.296831130981445 0
1714815081159 11.004417419433594 0
1714815082537 10.720762252807617 0
1714815083951 10.452547073364258 0
1714815085486 10.203981399536133 0
1714815087179 9.977001190185547 0
1714815088865 9.771129608154297 0
1714815090335 9.584098815917969 0
1714815091790 9.412843704223633 0
1714815093231 9.25436782836914 0
1714815094718 9.10589599609375 0
1714815096181 8.964597702026367 0
1714815097626 8.827880859375 0
1714815099127 8.693525314331055 0
1714815100759 8.559598922729492 0
