1714815059966 3.0454699993133545 0
1714815061469 1.4842689037322998 0
1714815062942 1.4531540870666504 0
1714815064316 1.3689043521881104 0
1714815065706 1.384511947631836 0
1714815067071 1.3587079048156738 0
1714815068464 1.3889098167419434 0
1714815069876 1.3973548412322998 0
1714815071283 1.4008469581604004 0
1714815072643 1.3563499450683594 0
1714815074238 1.3990118503570557 0
1714815075680 1.4379692077636719 0
1714815077082 1.3974189758300781 0
1714815078477 1.3892128467559814 0
1714815079827 1.3357667922973633 0
1714815081196 1.3618476390838623 0
1714815082567 1.3670291900634766 0
1714815083998 1.4263451099395752 0
1714815085637 1.6316070556640625 0
1714815087215 1.567352056503296 0
1714815088896 1.5117900371551514 0
1714815090373 1.4718499183654785 0
1714815091841 1.4632349014282227 0
1714815093279 1.432499885559082 0
1714815094760 1.463196039199829 0
1714815096238 1.4745972156524658 0
1714815097663 1.42177414894104 0
1714815099159 1.489544153213501 0
1714815100818 1.6442041397094727 0
