1716033284683 1.0 0
1716033285238 2.0 0
1716033285733 3.0 0
1716033286274 4.0 0
1716033286791 5.0 0
1716033287288 6.0 0
1716033287801 7.0 0
1716033288314 8.0 0
1716033288843 9.0 0
1716033289334 10.0 0
1716033294345 11.0 0
1716033294899 12.0 0
1716033295402 13.0 0
1716033295896 14.0 0
1716033296390 15.0 0
1716033296959 16.0 0
1716033297480 17.0 0
1716033297983 18.0 0
1716033298489 19.0 0
1716033298980 20.0 0
1716033303170 21.0 0
1716033303654 22.0 0
1716033304137 23.0 0
1716033304644 24.0 0
1716033305118 25.0 0
1716033305593 26.0 0
1716033306079 27.0 0
1716033306581 28.0 0
1716033307066 29.0 0
1716033307564 30.0 0
1716033310312 31.0 0
1716033310785 32.0 0
1716033311258 33.0 0
1716033311711 34.0 0
1716033312176 35.0 0
1716033312666 36.0 0
1716033313157 37.0 0
1716033313645 38.0 0
1716033314132 39.0 0
1716033314620 40.0 0
1716033318591 41.0 0
1716033319103 42.0 0
1716033319616 43.0 0
1716033320106 44.0 0
1716033320608 45.0 0
1716033321086 46.0 0
1716033321573 47.0 0
1716033322071 48.0 0
1716033322633 49.0 0
1716033323159 50.0 0
1716033327694 51.0 0
1716033328194 52.0 0
1716033328707 53.0 0
1716033329215 54.0 0
1716033329712 55.0 0
1716033330210 56.0 0
1716033330710 57.0 0
1716033331197 58.0 0
1716033331692 59.0 0
1716033332187 60.0 0
1716033336168 61.0 0
1716033336667 62.0 0
1716033337188 63.0 0
1716033337665 64.0 0
1716033338156 65.0 0
1716033338644 66.0 0
1716033339143 67.0 0
1716033339633 68.0 0
1716033340117 69.0 0
1716033340613 70.0 0
1716033346511 71.0 0
1716033347006 72.0 0
1716033347481 73.0 0
1716033347954 74.0 0
1716033348446 75.0 0
1716033348928 76.0 0
1716033349405 77.0 0
1716033349884 78.0 0
1716033350373 79.0 0
1716033350846 80.0 0
1716033355562 81.0 0
1716033356192 82.0 0
1716033356770 83.0 0
1716033357350 84.0 0
1716033357966 85.0 0
1716033358548 86.0 0
1716033359142 87.0 0
1716033359694 88.0 0
1716033360243 89.0 0
1716033360802 90.0 0
1716033365445 91.0 0
1716033365938 92.0 0
1716033366446 93.0 0
1716033366957 94.0 0
1716033367465 95.0 0
1716033367954 96.0 0
1716033368422 97.0 0
1716033368914 98.0 0
1716033369400 99.0 0
1716033369897 100.0 0
1716033374583 101.0 0
1716033375063 102.0 0
1716033375553 103.0 0
1716033376025 104.0 0
1716033376508 105.0 0
1716033376989 106.0 0
1716033377476 107.0 0
1716033377959 108.0 0
1716033378431 109.0 0
1716033378930 110.0 0
1716033381826 111.0 0
1716033382313 112.0 0
1716033382792 113.0 0
1716033383281 114.0 0
1716033383780 115.0 0
1716033384288 116.0 0
1716033384803 117.0 0
1716033385294 118.0 0
1716033385800 119.0 0
1716033386304 120.0 0
1716033389071 121.0 0
1716033389530 122.0 0
1716033390016 123.0 0
1716033390519 124.0 0
1716033390998 125.0 0
1716033391484 126.0 0
1716033391987 127.0 0
1716033392513 128.0 0
1716033393007 129.0 0
1716033393511 130.0 0
1716033397011 131.0 0
1716033397482 132.0 0
1716033397962 133.0 0
1716033398437 134.0 0
1716033398918 135.0 0
1716033399397 136.0 0
1716033399877 137.0 0
1716033400357 138.0 0
1716033400832 139.0 0
1716033401311 140.0 0
1716033404322 141.0 0
1716033404812 142.0 0
1716033405289 143.0 0
1716033405767 144.0 0
1716033406267 145.0 0
1716033406752 146.0 0
1716033407238 147.0 0
1716033407717 148.0 0
1716033408200 149.0 0
1716033408686 150.0 0
1716033411457 151.0 0
1716033411926 152.0 0
1716033412416 153.0 0
1716033412893 154.0 0
1716033413382 155.0 0
1716033413859 156.0 0
1716033414332 157.0 0
1716033414814 158.0 0
1716033415291 159.0 0
1716033415765 160.0 0
1716033419476 161.0 0
1716033419975 162.0 0
1716033420471 163.0 0
1716033421014 164.0 0
1716033421527 165.0 0
1716033422032 166.0 0
1716033422537 167.0 0
1716033423039 168.0 0
1716033423536 169.0 0
1716033424024 170.0 0
1716033428438 171.0 0
1716033428928 172.0 0
1716033429443 173.0 0
1716033429923 174.0 0
1716033430403 175.0 0
1716033430899 176.0 0
1716033431396 177.0 0
1716033431903 178.0 0
1716033432422 179.0 0
1716033432899 180.0 0
1716033436681 181.0 0
1716033437157 182.0 0
1716033437642 183.0 0
1716033438125 184.0 0
1716033438606 185.0 0
1716033439089 186.0 0
1716033439567 187.0 0
1716033440051 188.0 0
1716033440531 189.0 0
1716033441008 190.0 0
