1716033284667 7.732227802276611 0
1716033285225 7.732227802276611 0
1716033285710 7.732227802276611 0
1716033286258 7.732227802276611 0
1716033286781 7.732227802276611 0
1716033287276 7.732227802276611 0
1716033287785 7.732227802276611 0
1716033288297 7.732227802276611 0
1716033288826 7.732227802276611 0
1716033289321 7.732227802276611 0
1716033294315 7.732227802276611 0
1716033294864 7.732227802276611 0
1716033295393 7.732227802276611 0
1716033295891 7.732227802276611 0
1716033296384 7.732227802276611 0
1716033296905 7.732227802276611 0
1716033297447 7.732227802276611 0
1716033297966 7.732227802276611 0
1716033298465 7.732227802276611 0
1716033298963 7.732227802276611 0
1716033303161 7.732227802276611 0
1716033303632 7.732227802276611 0
1716033304123 7.732227802276611 0
1716033304628 7.732227802276611 0
1716033305108 7.732227802276611 0
1716033305588 7.732227802276611 0
1716033306068 7.732227802276611 0
1716033306559 7.732227802276611 0
1716033307050 7.732227802276611 0
1716033307546 7.732227802276611 0
1716033310305 7.732227802276611 0
1716033310767 7.732227802276611 0
1716033311252 7.732227802276611 0
1716033311708 7.732227802276611 0
1716033312166 7.732227802276611 0
1716033312650 7.732227802276611 0
1716033313141 7.732227802276611 0
1716033313630 7.732227802276611 0
1716033314115 7.732227802276611 0
1716033314603 7.732227802276611 0
1716033318576 7.732227802276611 0
1716033319092 7.732227802276611 0
1716033319600 7.732227802276611 0
1716033320088 7.732227802276611 0
1716033320595 7.732227802276611 0
1716033321075 7.732227802276611 0
1716033321557 7.732227802276611 0
1716033322060 7.732227802276611 0
1716033322592 7.732227802276611 0
1716033323129 7.732227802276611 0
1716033327685 7.732227802276611 0
1716033328175 7.732227802276611 0
1716033328692 7.732227802276611 0
1716033329199 7.732227802276611 0
1716033329699 7.732227802276611 0
1716033330197 7.732227802276611 0
1716033330692 7.732227802276611 0
1716033331186 7.732227802276611 0
1716033331678 7.732227802276611 0
1716033332169 7.732227802276611 0
1716033336161 7.732227802276611 0
1716033336647 7.732227802276611 0
1716033337172 7.732227802276611 0
1716033337649 7.732227802276611 0
1716033338148 7.732227802276611 0
1716033338624 7.732227802276611 0
1716033339135 7.732227802276611 0
1716033339620 7.732227802276611 0
1716033340106 7.732227802276611 0
1716033340596 7.732227802276611 0
1716033346482 7.732227802276611 0
1716033346995 7.732227802276611 0
1716033347472 7.732227802276611 0
1716033347938 7.732227802276611 0
1716033348433 7.732227802276611 0
1716033348919 7.732227802276611 0
1716033349398 7.732227802276611 0
1716033349865 7.732227802276611 0
1716033350356 7.732227802276611 0
1716033350836 7.732227802276611 0
1716033355544 7.732227802276611 0
1716033356174 7.732227802276611 0
1716033356728 7.732227802276611 0
1716033357336 7.732227802276611 0
1716033357941 7.732227802276611 0
1716033358534 7.732227802276611 0
1716033359122 7.732227802276611 0
1716033359679 7.732227802276611 0
1716033360232 7.732227802276611 0
1716033360750 7.732227802276611 0
1716033365436 7.732227802276611 0
1716033365925 7.732227802276611 0
1716033366437 7.732227802276611 0
1716033366947 7.732227802276611 0
1716033367438 7.732227802276611 0
1716033367944 7.732227802276611 0
1716033368417 7.732227802276611 0
1716033368895 7.732227802276611 0
1716033369388 7.732227802276611 0
1716033369885 7.732227802276611 0
1716033374570 7.732227802276611 0
1716033375046 7.732227802276611 0
1716033375547 7.732227802276611 0
1716033376010 7.732227802276611 0
1716033376497 7.732227802276611 0
1716033376978 7.732227802276611 0
1716033377459 7.732227802276611 0
1716033377942 7.732227802276611 0
1716033378423 7.732227802276611 0
1716033378913 7.732227802276611 0
1716033381821 7.732227802276611 0
1716033382281 7.732227802276611 0
1716033382781 7.732227802276611 0
1716033383267 7.732227802276611 0
1716033383772 7.732227802276611 0
1716033384272 7.732227802276611 0
1716033384785 7.732227802276611 0
1716033385283 7.732227802276611 0
1716033385786 7.732227802276611 0
1716033386288 7.732227802276611 0
1716033389063 7.732227802276611 0
1716033389521 7.732227802276611 0
1716033390005 7.732227802276611 0
1716033390505 7.732227802276611 0
1716033390987 7.732227802276611 0
1716033391473 7.732227802276611 0
1716033391971 7.732227802276611 0
1716033392489 7.732227802276611 0
1716033392991 7.732227802276611 0
1716033393496 7.732227802276611 0
1716033397003 7.732227802276611 0
1716033397474 7.732227802276611 0
1716033397958 7.732227802276611 0
1716033398428 7.732227802276611 0
1716033398910 7.732227802276611 0
1716033399389 7.732227802276611 0
1716033399869 7.732227802276611 0
1716033400349 7.732227802276611 0
1716033400824 7.732227802276611 0
1716033401304 7.732227802276611 0
1716033404315 7.732227802276611 0
1716033404783 7.732227802276611 0
1716033405282 7.732227802276611 0
1716033405755 7.732227802276611 0
1716033406260 7.732227802276611 0
1716033406739 7.732227802276611 0
1716033407224 7.732227802276611 0
1716033407708 7.732227802276611 0
1716033408192 7.732227802276611 0
1716033408677 7.732227802276611 0
1716033411448 7.732227802276611 0
1716033411918 7.732227802276611 0
1716033412409 7.732227802276611 0
1716033412885 7.732227802276611 0
1716033413367 7.732227802276611 0
1716033413854 7.732227802276611 0
1716033414322 7.732227802276611 0
1716033414805 7.732227802276611 0
1716033415283 7.732227802276611 0
1716033415758 7.732227802276611 0
1716033419465 7.732227802276611 0
1716033419964 7.732227802276611 0
1716033420460 7.732227802276611 0
1716033421008 7.732227802276611 0
1716033421515 7.732227802276611 0
1716033422021 7.732227802276611 0
1716033422524 7.732227802276611 0
1716033423021 7.732227802276611 0
1716033423524 7.732227802276611 0
1716033424012 7.732227802276611 0
1716033428431 7.732227802276611 0
1716033428907 7.732227802276611 0
1716033429430 7.732227802276611 0
1716033429914 7.732227802276611 0
1716033430397 7.732227802276611 0
1716033430890 7.732227802276611 0
1716033431378 7.732227802276611 0
1716033431896 7.732227802276611 0
1716033432397 7.732227802276611 0
1716033432893 7.732227802276611 0
1716033436676 7.732227802276611 0
1716033437144 7.732227802276611 0
1716033437634 7.732227802276611 0
1716033438112 7.732227802276611 0
1716033438597 7.732227802276611 0
1716033439082 7.732227802276611 0
1716033439559 7.732227802276611 0
1716033440041 7.732227802276611 0
1716033440526 7.732227802276611 0
1716033441001 7.732227802276611 0
