1716033284699 1.4219341278076172 0
1716033285246 0.532707929611206 0
1716033285738 0.48887014389038086 0
1716033286277 0.5338649749755859 0
1716033286794 0.5139808654785156 0
1716033287300 0.5030269622802734 0
1716033287814 0.5078897476196289 0
1716033288319 0.4981110095977783 0
1716033288850 0.5261859893798828 0
1716033289347 0.489055871963501 0
1716033294352 1.3165950775146484 0
1716033294905 0.5485901832580566 0
1716033295411 0.4990651607513428 0
1716033295900 0.4804830551147461 0
1716033296393 0.4897310733795166 0
1716033296965 0.5688257217407227 0
1716033297489 0.5168120861053467 0
1716033297991 0.4956512451171875 0
1716033298499 0.49829792976379395 0
1716033298990 0.48285794258117676 0
1716033303177 1.1821949481964111 0
1716033303664 0.4839019775390625 0
1716033304155 0.4826643466949463 0
1716033304653 0.48937010765075684 0
1716033305127 0.4670238494873047 0
1716033305597 0.46508097648620605 0
1716033306092 0.48558688163757324 0
1716033306590 0.4869728088378906 0
1716033307075 0.4771080017089844 0
1716033307574 0.4850168228149414 0
1716033310315 0.5534389019012451 0
1716033310802 0.483112096786499 0
1716033311261 0.4514291286468506 0
1716033311714 0.44954490661621094 0
1716033312187 0.4699709415435791 0
1716033312677 0.48076510429382324 0
1716033313167 0.48113393783569336 0
1716033313656 0.48012208938598633 0
1716033314142 0.4779648780822754 0
1716033314630 0.47926902770996094 0
1716033318605 1.3613619804382324 0
1716033319108 0.49849796295166016 0
1716033319620 0.5080821514129639 0
1716033320116 0.49231886863708496 0
1716033320611 0.4796609878540039 0
1716033321094 0.47860074043273926 0
1716033321588 0.48896002769470215 0
1716033322079 0.48291015625 0
1716033322646 0.5592319965362549 0
1716033323174 0.5219459533691406 0
1716033327698 1.3048701286315918 0
1716033328201 0.49895811080932617 0
1716033328719 0.5100321769714355 0
1716033329231 0.5032880306243896 0
1716033329723 0.4835658073425293 0
1716033330219 0.4864768981933594 0
1716033330723 0.49578094482421875 0
1716033331211 0.47644710540771484 0
1716033331701 0.48154330253601074 0
1716033332198 0.48985815048217773 0
1716033336171 1.0050859451293945 0
1716033336680 0.5041418075561523 0
1716033337195 0.5005168914794922 0
1716033337677 0.47584104537963867 0
1716033338164 0.4800436496734619 0
1716033338649 0.4812300205230713 0
1716033339146 0.4935581684112549 0
1716033339637 0.4877769947052002 0
1716033340124 0.4836080074310303 0
1716033340618 0.48981499671936035 0
1716033346515 1.2568690776824951 0
1716033347015 0.49071311950683594 0
1716033347486 0.4676480293273926 0
1716033347957 0.4675159454345703 0
1716033348450 0.4883441925048828 0
1716033348936 0.4829549789428711 0
1716033349408 0.4647340774536133 0
1716033349888 0.4765019416809082 0
1716033350377 0.48548197746276855 0
1716033350854 0.4695720672607422 0
1716033355576 1.4259142875671387 0
1716033356196 0.6124370098114014 0
1716033356782 0.5802597999572754 0
1716033357360 0.5615279674530029 0
1716033357971 0.5979881286621094 0
1716033358567 0.5919342041015625 0
1716033359149 0.5716609954833984 0
1716033359712 0.5581409931182861 0
1716033360252 0.5358288288116455 0
1716033360807 0.5492439270019531 0
1716033365448 1.2454521656036377 0
1716033365952 0.500664234161377 0
1716033366455 0.4988710880279541 0
1716033366962 0.5021069049835205 0
1716033367470 0.5036599636077881 0
1716033367957 0.4839310646057129 0
1716033368427 0.46614718437194824 0
1716033368923 0.4911370277404785 0
1716033369413 0.48137593269348145 0
1716033369906 0.4844169616699219 0
1716033374585 1.2212142944335938 0
1716033375080 0.49123597145080566 0
1716033375556 0.46896910667419434 0
1716033376042 0.4825901985168457 0
1716033376517 0.4671018123626709 0
1716033377000 0.4751570224761963 0
1716033377488 0.47844409942626953 0
1716033377968 0.47212791442871094 0
1716033378436 0.46019887924194336 0
1716033378940 0.4999837875366211 0
1716033381829 0.6066231727600098 0
1716033382320 0.4878358840942383 0
1716033382809 0.4824557304382324 0
1716033383290 0.4724102020263672 0
1716033383788 0.4896199703216553 0
1716033384303 0.5101099014282227 0
1716033384812 0.5011649131774902 0
1716033385315 0.4930880069732666 0
1716033385815 0.491527795791626 0
1716033386313 0.4892442226409912 0
1716033389075 0.5835998058319092 0
1716033389542 0.46463990211486816 0
1716033390029 0.479780912399292 0
1716033390529 0.4887549877166748 0
1716033391008 0.47136402130126953 0
1716033391498 0.48035526275634766 0
1716033391995 0.48586177825927734 0
1716033392521 0.5171740055084229 0
1716033393015 0.4871089458465576 0
1716033393523 0.4999699592590332 0
1716033397014 1.1481900215148926 0
1716033397490 0.47099900245666504 0
1716033397966 0.47000813484191895 0
1716033398443 0.4742758274078369 0
1716033398923 0.47363710403442383 0
1716033399403 0.47431397438049316 0
1716033399884 0.4745209217071533 0
1716033400364 0.47315287590026855 0
1716033400836 0.4649062156677246 0
1716033401317 0.47690391540527344 0
1716033404325 0.601776123046875 0
1716033404818 0.4890859127044678 0
1716033405295 0.47095489501953125 0
1716033405773 0.4726982116699219 0
1716033406272 0.49312281608581543 0
1716033406760 0.483551025390625 0
1716033407243 0.47737765312194824 0
1716033407723 0.4742898941040039 0
1716033408206 0.47564697265625 0
1716033408693 0.48027992248535156 0
1716033411461 0.5510118007659912 0
1716033411947 0.48322200775146484 0
1716033412422 0.46916723251342773 0
1716033412900 0.4709482192993164 0
1716033413393 0.48660778999328613 0
1716033413862 0.460986852645874 0
1716033414339 0.4741020202636719 0
1716033414819 0.4731149673461914 0
1716033415297 0.47093915939331055 0
1716033415771 0.46747493743896484 0
1716033419488 1.4172029495239258 0
1716033419984 0.49123406410217285 0
1716033420479 0.48772406578063965 0
1716033421019 0.5341770648956299 0
1716033421539 0.5151848793029785 0
1716033422043 0.49540090560913086 0
1716033422552 0.4998600482940674 0
1716033423050 0.49089717864990234 0
1716033423547 0.4837329387664795 0
1716033424035 0.47898077964782715 0
1716033428443 1.2451541423797607 0
1716033428932 0.485947847366333 0
1716033429449 0.5109550952911377 0
1716033429929 0.4741799831390381 0
1716033430406 0.46981096267700195 0
1716033430904 0.4946291446685791 0
1716033431401 0.4923131465911865 0
1716033431906 0.49897098541259766 0
1716033432426 0.5162942409515381 0
1716033432909 0.4798719882965088 0
1716033436684 0.9341089725494385 0
1716033437163 0.4756441116333008 0
1716033437649 0.4749009609222412 0
1716033438132 0.47701406478881836 0
1716033438613 0.475078821182251 0
1716033439095 0.47469305992126465 0
1716033439573 0.47237205505371094 0
1716033440057 0.477327823638916 0
1716033440535 0.471757173538208 0
1716033441013 0.4724280834197998 0
