1715614940075 8.013833999633789 0
1715614940646 7.226295471191406 0
1715614941214 7.037275791168213 0
1715614941733 6.892945766448975 0
1715614942264 6.7765302658081055 0
1715614942800 6.644410133361816 0
1715614943378 6.50658655166626 0
1715614943885 6.364968776702881 0
1715614944425 6.213252544403076 0
1715614944995 6.050921440124512 0
1715614951852 5.885670185089111 0
1715614952359 5.723907470703125 0
1715614952846 5.584975719451904 0
1715614953333 5.430460453033447 0
1715614953836 5.218785762786865 0
1715614954346 4.998966693878174 0
1715614954844 4.90728759765625 0
1715614955346 4.6515021324157715 0
1715614955845 4.424273490905762 0
1715614956346 4.286037921905518 0
1715614961109 4.15589714050293 0
1715614961609 4.006710529327393 0
1715614962126 3.866528034210205 0
1715614962657 3.746197462081909 0
1715614963159 3.6314897537231445 0
1715614963678 3.516791582107544 0
1715614964185 3.409330368041992 0
1715614964735 3.318268299102783 0
1715614965281 3.2450170516967773 0
1715614965773 3.1834049224853516 0
1715614970061 3.1270453929901123 0
1715614970559 3.076094627380371 0
1715614971063 3.031881093978882 0
1715614971585 2.990891456604004 0
1715614972096 2.9500975608825684 0
1715614972590 2.911378860473633 0
1715614973068 2.8756778240203857 0
1715614973567 2.838723659515381 0
1715614974056 2.8021316528320312 0
1715614974556 2.769556760787964 0
1715614979159 2.7387502193450928 0
1715614979707 2.7082390785217285 0
1715614980195 2.679419994354248 0
1715614980683 2.652097702026367 0
1715614981179 2.6241116523742676 0
1715614981680 2.5960283279418945 0
1715614982185 2.5693557262420654 0
1715614982688 2.543091297149658 0
1715614983182 2.5165250301361084 0
1715614983655 2.4909825325012207 0
1715614987968 2.465818405151367 0
1715614988448 2.439079999923706 0
1715614988943 2.413797616958618 0
1715614989439 2.3886027336120605 0
1715614989927 2.36409330368042 0
1715614990435 2.3422229290008545 0
1715614990925 2.3205511569976807 0
1715614991419 2.300760507583618 0
1715614991904 2.280688762664795 0
1715614992389 2.25986647605896 0
1715614996973 2.2397310733795166 0
1715614997469 2.2191407680511475 0
1715614997963 2.19950532913208 0
1715614998450 2.1804392337799072 0
1715614998982 2.161782741546631 0
1715614999474 2.1447441577911377 0
1715614999960 2.1271634101867676 0
1715615000485 2.109251022338867 0
1715615000986 2.0910911560058594 0
1715615001481 2.0723700523376465 0
1715615006234 2.054370403289795 0
1715615006737 2.0367119312286377 0
1715615007233 2.019594192504883 0
1715615007722 2.003030776977539 0
1715615008230 1.9861946105957031 0
1715615008712 1.9695558547973633 0
1715615009201 1.9537779092788696 0
1715615009692 1.9388434886932373 0
1715615010192 1.9250739812850952 0
1715615010684 1.9178951978683472 0
1715615014591 1.939277172088623 0
1715615015101 2.194629192352295 0
1715615015612 1.9860037565231323 0
1715615016117 2.215512275695801 0
1715615016608 2.0532066822052 0
1715615017104 1.9703638553619385 0
1715615017609 2.0604958534240723 0
1715615018099 2.063120126724243 0
1715615018592 1.9560388326644897 0
1715615019078 1.9591721296310425 0
1715615022563 1.9882996082305908 0
1715615023043 1.9843875169754028 0
1715615023526 1.9390294551849365 0
1715615024011 1.890114426612854 0
1715615024508 1.8848991394042969 0
1715615024994 1.8923602104187012 0
1715615025478 1.8490980863571167 0
1715615025975 1.8152929544448853 0
1715615026490 1.8155854940414429 0
1715615027223 1.812428593635559 0
1715615030165 1.7869126796722412 0
1715615030641 1.7578656673431396 0
1715615031128 1.751284122467041 0
1715615031609 1.7518203258514404 0
1715615032103 1.7248800992965698 0
1715615032587 1.7062643766403198 0
1715615033075 1.706064224243164 0
1715615033556 1.6921230554580688 0
1715615034039 1.6696780920028687 0
1715615034525 1.6664623022079468 0
1715615037848 1.6526691913604736 0
1715615038341 1.6318295001983643 0
1715615038853 1.6302506923675537 0
1715615039357 1.6125911474227905 0
1715615039855 1.6007360219955444 0
1715615040345 1.5937108993530273 0
1715615040832 1.5765057802200317 0
1715615041320 1.5687670707702637 0
1715615041806 1.5562924146652222 0
1715615042305 1.5429577827453613 0
1715615046499 1.536306619644165 0
1715615046988 1.5216290950775146 0
1715615047467 1.51065993309021 0
1715615047955 1.5001353025436401 0
1715615048446 1.4879018068313599 0
1715615048946 1.4775923490524292 0
1715615049427 1.4645085334777832 0
1715615049923 1.455492377281189 0
1715615050414 1.4414165019989014 0
1715615050905 1.431570291519165 0
1715615056408 1.4188477993011475 0
1715615056914 1.4074586629867554 0
1715615057424 1.3958872556686401 0
1715615057929 1.3841278553009033 0
1715615058537 1.3726738691329956 0
1715615059090 1.3607817888259888 0
1715615059679 1.3496415615081787 0
1715615060385 1.3377505540847778 0
1715615061123 1.3270504474639893 0
1715615061885 1.315276861190796 0
1715615070027 1.3026256561279297 0
1715615070532 1.2921338081359863 0
1715615071032 1.280354380607605 0
1715615071517 1.2679493427276611 0
1715615072032 1.257680892944336 0
1715615072547 1.247073769569397 0
1715615073101 1.2337594032287598 0
1715615073676 1.2223955392837524 0
1715615074276 1.2128028869628906 0
1715615074881 1.2004737854003906 0
1715615081487 1.1884697675704956 0
1715615081996 1.1777114868164062 0
1715615082505 1.1678338050842285 0
1715615083026 1.1584200859069824 0
1715615083581 1.1470744609832764 0
1715615084153 1.1357438564300537 0
1715615084748 1.1249231100082397 0
1715615085385 1.1153450012207031 0
1715615086039 1.1069047451019287 0
1715615086756 1.10097336769104 0
1715615092535 1.1077207326889038 0
1715615093038 1.1218081712722778 0
1715615093572 1.1721919775009155 0
1715615094095 1.1317274570465088 0
1715615094639 1.1027536392211914 0
1715615095213 1.1103945970535278 0
1715615095798 1.0685474872589111 0
1715615096419 1.084147334098816 0
1715615097075 1.0439237356185913 0
1715615097805 1.0657840967178345 0
1715615104627 1.0456613302230835 0
1715615105152 1.0282011032104492 0
1715615105697 1.0368725061416626 0
1715615106244 1.0046045780181885 0
1715615106800 1.0054341554641724 0
1715615107385 1.0046323537826538 0
1715615108016 0.9786043167114258 0
1715615108719 0.9872628450393677 0
1715615109483 0.9658753275871277 0
1715615110407 0.9619921445846558 0
1715615116880 0.9616327881813049 0
1715615117374 0.9411000609397888 0
1715615117892 0.9455944895744324 0
1715615118402 0.939276397228241 0
1715615118946 0.9226415157318115 0
1715615119500 0.9200007915496826 0
1715615120097 0.9145972728729248 0
1715615120748 0.9010105133056641 0
1715615121407 0.9010587930679321 0
1715615122148 0.8974948525428772 0
1715615127836 0.8862018585205078 0
1715615128334 0.8814659714698792 0
1715615128860 0.8767464756965637 0
1715615129386 0.8738406300544739 0
1715615129951 0.8618944883346558 0
1715615130567 0.8560269474983215 0
1715615131160 0.8465533256530762 0
1715615131773 0.8426055908203125 0
1715615132419 0.8383144736289978 0
1715615133124 0.838002622127533 0
1715615138757 0.8521458506584167 0
1715615139315 0.9434570074081421 0
1715615139869 1.3359256982803345 0
1715615140416 1.4070814847946167 0
1715615141000 1.583171010017395 0
1715615141581 1.3667798042297363 0
1715615142169 1.3386590480804443 0
1715615142769 1.3724110126495361 0
1715615143404 1.2954386472702026 0
1715615144119 1.285331130027771 0
1715615151645 1.2856465578079224 0
1715615152166 1.246130347251892 0
1715615152687 1.192874789237976 0
1715615153217 1.1697657108306885 0
1715615153745 1.138377070426941 0
1715615154293 1.1068476438522339 0
1715615154891 1.0781960487365723 0
1715615155524 1.0612293481826782 0
1715615156199 1.0524420738220215 0
1715615157058 1.035247802734375 0
1715615163901 1.0130895376205444 0
1715615164384 0.9867630004882812 0
1715615164887 0.9655437469482422 0
1715615165414 0.9527514576911926 0
1715615165938 0.9416643977165222 0
1715615166475 0.930614709854126 0
1715615167027 0.9202253222465515 0
1715615167595 0.9089698195457458 0
1715615168201 0.8953718543052673 0
1715615168847 0.8814459443092346 0
1715615175028 0.869069516658783 0
1715615175575 0.8579937815666199 0
1715615176111 0.8478606939315796 0
1715615176598 0.8384013175964355 0
1715615177108 0.8307679891586304 0
1715615177663 0.8228476047515869 0
1715615178226 0.8143791556358337 0
1715615178926 0.8069498538970947 0
