1715614940091 1.2780778408050537 0
1715614940670 0.5606851577758789 0
1715614941231 0.5412180423736572 0
1715614941759 0.5222961902618408 0
1715614942280 0.5078139305114746 0
1715614942836 0.5384929180145264 0
1715614943389 0.5296320915222168 0
1715614943900 0.5066611766815186 0
1715614944445 0.540856122970581 0
1715614945042 0.5895330905914307 0
1715614951870 1.6134440898895264 0
1715614952372 0.49254894256591797 0
1715614952854 0.4724760055541992 0
1715614953351 0.4929320812225342 0
1715614953850 0.4933047294616699 0
1715614954366 0.5103359222412109 0
1715614954866 0.49059104919433594 0
1715614955365 0.4886007308959961 0
1715614955863 0.4879481792449951 0
1715614956378 0.5046820640563965 0
1715614961123 1.2636008262634277 0
1715614961623 0.4950222969055176 0
1715614962155 0.5227360725402832 0
1715614962673 0.5095729827880859 0
1715614963178 0.5004827976226807 0
1715614963695 0.4900507926940918 0
1715614964216 0.5114009380340576 0
1715614964779 0.5473289489746094 0
1715614965292 0.4912562370300293 0
1715614965813 0.5118179321289062 0
1715614970077 1.1706669330596924 0
1715614970571 0.48990416526794434 0
1715614971080 0.5018758773803711 0
1715614971596 0.4846611022949219 0
1715614972120 0.49306392669677734 0
1715614972601 0.4730808734893799 0
1715614973081 0.4749879837036133 0
1715614973584 0.4910421371459961 0
1715614974071 0.4779698848724365 0
1715614974571 0.48993802070617676 0
1715614979224 1.3893358707427979 0
1715614979717 0.4879453182220459 0
1715614980207 0.48170971870422363 0
1715614980695 0.48259806632995605 0
1715614981204 0.5006999969482422 0
1715614981692 0.4809107780456543 0
1715614982201 0.49111294746398926 0
1715614982706 0.49715709686279297 0
1715614983186 0.4708890914916992 0
1715614983668 0.47820305824279785 0
1715614987978 1.0819110870361328 0
1715614988467 0.48539090156555176 0
1715614988960 0.48481202125549316 0
1715614989451 0.4790189266204834 0
1715614989953 0.4913010597229004 0
1715614990449 0.4863920211791992 0
1715614990941 0.48497581481933594 0
1715614991433 0.4821159839630127 0
1715614991921 0.4781951904296875 0
1715614992399 0.46923208236694336 0
1715614996980 1.219163179397583 0
1715614997480 0.48513293266296387 0
1715614997966 0.473513126373291 0
1715614998461 0.4909658432006836 0
1715614998989 0.5206048488616943 0
1715614999487 0.49329590797424316 0
1715614999989 0.4933140277862549 0
1715615000499 0.5025110244750977 0
1715615001001 0.49669504165649414 0
1715615001494 0.4858720302581787 0
1715615006254 1.4047889709472656 0
1715615006750 0.4918990135192871 0
1715615007245 0.4903895854949951 0
1715615007743 0.48288702964782715 0
1715615008239 0.4864058494567871 0
1715615008725 0.4813518524169922 0
1715615009210 0.47568202018737793 0
1715615009708 0.4886200428009033 0
1715615010208 0.49643898010253906 0
1715615010697 0.4785878658294678 0
1715615014611 0.7597250938415527 0
1715615015113 0.4781970977783203 0
1715615015628 0.49155378341674805 0
1715615016128 0.49028825759887695 0
1715615016626 0.48416590690612793 0
1715615017118 0.4824697971343994 0
1715615017623 0.4950227737426758 0
1715615018114 0.47361016273498535 0
1715615018609 0.4878067970275879 0
1715615019088 0.46819591522216797 0
1715615022579 1.0219950675964355 0
1715615023054 0.46921491622924805 0
1715615023540 0.4746112823486328 0
1715615024031 0.47345805168151855 0
1715615024533 0.487562894821167 0
1715615025007 0.4652738571166992 0
1715615025493 0.47599005699157715 0
1715615025989 0.484544038772583 0
1715615026502 0.502526044845581 0
1715615027245 0.7301907539367676 0
1715615030175 0.557654857635498 0
1715615030662 0.4787020683288574 0
1715615031142 0.4709351062774658 0
1715615031624 0.47187089920043945 0
1715615032109 0.4740872383117676 0
1715615032604 0.4861869812011719 0
1715615033100 0.48568296432495117 0
1715615033573 0.46522021293640137 0
1715615034060 0.4786059856414795 0
1715615034539 0.47063398361206055 0
1715615037860 0.819645881652832 0
1715615038370 0.5048949718475342 0
1715615038867 0.488800048828125 0
1715615039375 0.4943079948425293 0
1715615039866 0.47345829010009766 0
1715615040358 0.4777100086212158 0
1715615040845 0.47751617431640625 0
1715615041334 0.4721567630767822 0
1715615041819 0.4754610061645508 0
1715615042317 0.4878671169281006 0
1715615046513 1.0354628562927246 0
1715615046996 0.4788858890533447 0
1715615047493 0.4932260513305664 0
1715615047965 0.4627351760864258 0
1715615048474 0.5002801418304443 0
1715615048955 0.4719541072845459 0
1715615049446 0.4815361499786377 0
1715615049939 0.484144926071167 0
1715615050429 0.4790351390838623 0
1715615050937 0.5000340938568115 0
1715615056424 1.2871899604797363 0
1715615056926 0.499237060546875 0
1715615057437 0.5066020488739014 0
1715615057969 0.5247669219970703 0
1715615058557 0.5610709190368652 0
1715615059116 0.5529861450195312 0
1715615059697 0.5732591152191162 0
1715615060433 0.7227029800415039 0
1715615061139 0.675278902053833 0
1715615061944 0.79012131690979 0
1715615070049 1.1734352111816406 0
1715615070554 0.5006520748138428 0
1715615071038 0.4751749038696289 0
1715615071538 0.4936411380767822 0
1715615072046 0.4970841407775879 0
1715615072569 0.5169320106506348 0
1715615073123 0.5452220439910889 0
1715615073702 0.5705840587615967 0
1715615074299 0.5880179405212402 0
1715615074892 0.5862419605255127 0
1715615081505 1.3105800151824951 0
1715615082008 0.49242591857910156 0
1715615082526 0.4954037666320801 0
1715615083041 0.5063920021057129 0
1715615083593 0.5432226657867432 0
1715615084163 0.5527081489562988 0
1715615084766 0.59161376953125 0
1715615085408 0.6322371959686279 0
1715615086052 0.6366968154907227 0
1715615086775 0.7070431709289551 0
1715615092543 1.224581003189087 0
1715615093076 0.5288279056549072 0
1715615093583 0.4986429214477539 0
1715615094110 0.51861572265625 0
1715615094663 0.5442728996276855 0
1715615095227 0.5547080039978027 0
1715615095811 0.5746212005615234 0
1715615096436 0.6127941608428955 0
1715615097086 0.6388397216796875 0
1715615097844 0.7510542869567871 0
1715615104649 1.658797025680542 0
1715615105165 0.5088200569152832 0
1715615105730 0.5466439723968506 0
1715615106264 0.5251851081848145 0
1715615106818 0.5457930564880371 0
1715615107407 0.5760378837585449 0
1715615108031 0.611332893371582 0
1715615108730 0.6926798820495605 0
1715615109502 0.7583889961242676 0
1715615110424 0.9122366905212402 0
1715615116893 1.2074320316314697 0
1715615117389 0.49132490158081055 0
1715615117903 0.4934360980987549 0
1715615118422 0.5088591575622559 0
1715615118957 0.5265800952911377 0
1715615119520 0.5560767650604248 0
1715615120115 0.5871241092681885 0
1715615120758 0.627263069152832 0
1715615121418 0.6512451171875 0
1715615122163 0.7367222309112549 0
1715615127846 1.2573671340942383 0
1715615128367 0.5160698890686035 0
1715615128873 0.49350810050964355 0
1715615129411 0.5284261703491211 0
1715615129965 0.5455350875854492 0
1715615130587 0.6105537414550781 0
1715615131181 0.587235689163208 0
1715615131788 0.5992231369018555 0
1715615132433 0.6367371082305908 0
1715615133140 0.6964528560638428 0
1715615138767 1.2377400398254395 0
1715615139336 0.564971923828125 0
1715615139873 0.5278902053833008 0
1715615140433 0.555912971496582 0
1715615141013 0.5639138221740723 0
1715615141598 0.5774621963500977 0
1715615142185 0.5751628875732422 0
1715615142781 0.586022138595581 0
1715615143418 0.6305720806121826 0
1715615144171 0.7452318668365479 0
1715615151657 1.2204651832580566 0
1715615152180 0.5167088508605957 0
1715615152705 0.5177416801452637 0
1715615153231 0.5102729797363281 0
1715615153749 0.5078439712524414 0
1715615154305 0.5534920692443848 0
1715615154914 0.5864520072937012 0
1715615155543 0.6120989322662354 0
1715615156236 0.6874959468841553 0
1715615157124 0.8741190433502197 0
1715615163916 1.2738361358642578 0
1715615164396 0.4752998352050781 0
1715615164907 0.4935340881347656 0
1715615165424 0.5089538097381592 0
1715615165952 0.5186951160430908 0
1715615166488 0.5286121368408203 0
1715615167039 0.542910099029541 0
1715615167606 0.5603311061859131 0
1715615168214 0.5950870513916016 0
1715615168876 0.6495018005371094 0
1715615175045 1.2508628368377686 0
1715615175598 0.543856143951416 0
1715615176121 0.518160343170166 0
1715615176608 0.48268818855285645 0
1715615177120 0.5064749717712402 0
1715615177667 0.5411171913146973 0
1715615178238 0.5652050971984863 0
1715615178963 0.7199511528015137 0
