1716028457808 1.0 0
1716028458326 2.0 0
1716028458822 3.0 0
1716028459313 4.0 0
1716028459800 5.0 0
1716028460337 6.0 0
1716028460834 7.0 0
1716028461329 8.0 0
1716028461819 9.0 0
1716028462321 10.0 0
1716028467550 11.0 0
1716028468030 12.0 0
1716028468532 13.0 0
1716028469008 14.0 0
1716028469491 15.0 0
1716028469962 16.0 0
1716028470451 17.0 0
1716028470932 18.0 0
1716028471468 19.0 0
1716028471938 20.0 0
1716028476453 21.0 0
1716028476913 22.0 0
1716028477400 23.0 0
1716028477889 24.0 0
1716028478367 25.0 0
1716028478843 26.0 0
1716028479323 27.0 0
1716028479809 28.0 0
1716028480294 29.0 0
1716028480774 30.0 0
1716028483531 31.0 0
1716028484051 32.0 0
1716028484540 33.0 0
1716028485013 34.0 0
1716028485504 35.0 0
1716028485988 36.0 0
1716028486467 37.0 0
1716028486953 38.0 0
1716028487438 39.0 0
1716028487930 40.0 0
1716028492042 41.0 0
1716028492514 42.0 0
1716028493009 43.0 0
1716028493494 44.0 0
1716028493977 45.0 0
1716028494456 46.0 0
1716028494939 47.0 0
1716028495412 48.0 0
1716028495885 49.0 0
1716028496369 50.0 0
1716028499143 51.0 0
1716028499604 52.0 0
1716028500103 53.0 0
1716028500570 54.0 0
1716028501055 55.0 0
1716028501538 56.0 0
1716028502026 57.0 0
1716028502504 58.0 0
1716028502987 59.0 0
1716028503457 60.0 0
1716028506439 61.0 0
1716028506908 62.0 0
1716028507397 63.0 0
1716028507864 64.0 0
1716028508363 65.0 0
1716028508841 66.0 0
1716028509317 67.0 0
1716028509801 68.0 0
1716028510284 69.0 0
1716028510761 70.0 0
1716028513523 71.0 0
1716028513981 72.0 0
1716028514474 73.0 0
1716028514968 74.0 0
1716028515448 75.0 0
1716028515948 76.0 0
1716028516428 77.0 0
1716028516903 78.0 0
1716028517372 79.0 0
1716028517846 80.0 0
1716028520575 81.0 0
1716028521037 82.0 0
1716028521520 83.0 0
1716028522011 84.0 0
1716028522495 85.0 0
1716028522958 86.0 0
1716028523425 87.0 0
1716028523904 88.0 0
1716028524382 89.0 0
1716028524862 90.0 0
1716028527479 91.0 0
1716028527951 92.0 0
1716028528424 93.0 0
1716028528902 94.0 0
1716028529378 95.0 0
1716028529861 96.0 0
1716028530351 97.0 0
1716028530841 98.0 0
1716028531319 99.0 0
1716028531796 100.0 0
1716028535612 101.0 0
1716028536089 102.0 0
1716028536565 103.0 0
1716028537076 104.0 0
1716028537559 105.0 0
1716028538037 106.0 0
1716028538533 107.0 0
1716028539008 108.0 0
1716028539508 109.0 0
1716028539993 110.0 0
1716028544123 111.0 0
1716028544601 112.0 0
1716028545075 113.0 0
1716028545562 114.0 0
1716028546039 115.0 0
1716028546512 116.0 0
1716028546989 117.0 0
1716028547460 118.0 0
1716028547939 119.0 0
1716028548408 120.0 0
1716028552526 121.0 0
1716028553001 122.0 0
1716028553485 123.0 0
1716028553964 124.0 0
1716028554444 125.0 0
1716028554926 126.0 0
1716028555411 127.0 0
1716028555886 128.0 0
1716028556359 129.0 0
1716028556840 130.0 0
1716028559498 131.0 0
1716028559955 132.0 0
1716028560447 133.0 0
1716028560925 134.0 0
1716028561405 135.0 0
1716028561886 136.0 0
1716028562375 137.0 0
1716028562854 138.0 0
1716028563339 139.0 0
1716028563822 140.0 0
1716028566794 141.0 0
1716028567263 142.0 0
1716028567760 143.0 0
1716028568248 144.0 0
1716028568732 145.0 0
1716028569214 146.0 0
1716028569691 147.0 0
1716028570173 148.0 0
1716028570655 149.0 0
1716028571128 150.0 0
1716028574515 151.0 0
1716028574986 152.0 0
1716028575461 153.0 0
1716028575956 154.0 0
1716028576465 155.0 0
1716028576942 156.0 0
1716028577421 157.0 0
1716028577892 158.0 0
1716028578365 159.0 0
1716028578854 160.0 0
1716028583148 161.0 0
1716028583622 162.0 0
1716028584122 163.0 0
1716028584609 164.0 0
1716028585119 165.0 0
1716028585594 166.0 0
1716028586084 167.0 0
1716028586570 168.0 0
1716028587122 169.0 0
1716028587605 170.0 0
1716028591968 171.0 0
1716028592449 172.0 0
1716028592926 173.0 0
1716028593419 174.0 0
1716028593907 175.0 0
1716028594382 176.0 0
1716028594859 177.0 0
1716028595330 178.0 0
1716028595809 179.0 0
1716028596292 180.0 0
1716028599175 181.0 0
1716028599639 182.0 0
1716028600122 183.0 0
1716028600606 184.0 0
1716028601093 185.0 0
1716028601574 186.0 0
1716028602051 187.0 0
1716028602532 188.0 0
1716028603047 189.0 0
1716028603547 190.0 0
1716028607651 191.0 0
1716028608130 192.0 0
1716028608635 193.0 0
1716028609140 194.0 0
1716028609638 195.0 0
1716028610129 196.0 0
1716028610615 197.0 0
1716028611100 198.0 0
1716028611599 199.0 0
1716028612084 200.0 0
1716028616148 201.0 0
1716028616625 202.0 0
1716028617110 203.0 0
1716028617602 204.0 0
1716028618108 205.0 0
1716028618599 206.0 0
1716028619099 207.0 0
1716028619603 208.0 0
1716028620111 209.0 0
1716028620600 210.0 0
1716028624496 211.0 0
1716028625017 212.0 0
1716028625507 213.0 0
1716028625999 214.0 0
1716028626498 215.0 0
1716028626986 216.0 0
1716028627471 217.0 0
1716028628105 218.0 0
1716028628635 219.0 0
1716028629157 220.0 0
1716028633678 221.0 0
1716028634146 222.0 0
1716028634636 223.0 0
1716028635122 224.0 0
1716028635597 225.0 0
1716028636085 226.0 0
1716028636566 227.0 0
1716028637048 228.0 0
1716028637532 229.0 0
1716028638010 230.0 0
1716028640749 231.0 0
1716028641213 232.0 0
1716028641701 233.0 0
1716028642190 234.0 0
1716028642671 235.0 0
1716028643143 236.0 0
1716028643624 237.0 0
1716028644145 238.0 0
1716028644633 239.0 0
1716028645126 240.0 0
1716028648098 241.0 0
1716028648571 242.0 0
1716028649048 243.0 0
1716028649529 244.0 0
1716028650018 245.0 0
1716028650497 246.0 0
1716028650987 247.0 0
1716028651469 248.0 0
1716028651953 249.0 0
1716028652428 250.0 0
1716028656652 251.0 0
1716028657139 252.0 0
1716028657641 253.0 0
1716028658153 254.0 0
1716028658639 255.0 0
1716028659118 256.0 0
1716028659590 257.0 0
1716028660077 258.0 0
1716028660556 259.0 0
1716028661036 260.0 0
1716028665396 261.0 0
1716028665873 262.0 0
1716028666376 263.0 0
1716028666901 264.0 0
1716028667402 265.0 0
1716028667930 266.0 0
1716028668431 267.0 0
1716028668930 268.0 0
1716028669428 269.0 0
1716028669921 270.0 0
1716028674490 271.0 0
1716028674984 272.0 0
1716028675476 273.0 0
1716028675976 274.0 0
1716028676468 275.0 0
1716028676955 276.0 0
1716028677446 277.0 0
1716028677946 278.0 0
1716028678435 279.0 0
1716028678949 280.0 0
1716028683419 281.0 0
1716028683920 282.0 0
1716028684439 283.0 0
1716028684925 284.0 0
1716028685462 285.0 0
1716028685967 286.0 0
1716028686462 287.0 0
1716028686944 288.0 0
1716028687476 289.0 0
1716028687985 290.0 0
1716028692354 291.0 0
1716028692847 292.0 0
1716028693343 293.0 0
1716028693845 294.0 0
1716028694353 295.0 0
1716028694840 296.0 0
1716028695339 297.0 0
1716028695839 298.0 0
1716028696330 299.0 0
1716028696821 300.0 0
1716028701120 301.0 0
1716028701603 302.0 0
1716028702097 303.0 0
1716028702603 304.0 0
1716028703103 305.0 0
1716028703596 306.0 0
1716028704090 307.0 0
1716028704580 308.0 0
1716028705081 309.0 0
1716028705572 310.0 0
1716028708544 311.0 0
1716028709044 312.0 0
1716028709538 313.0 0
1716028710025 314.0 0
1716028710506 315.0 0
1716028710994 316.0 0
1716028711486 317.0 0
1716028711988 318.0 0
1716028712488 319.0 0
1716028712991 320.0 0
1716028716601 321.0 0
1716028717096 322.0 0
1716028717665 323.0 0
1716028718172 324.0 0
1716028718676 325.0 0
1716028719179 326.0 0
1716028719694 327.0 0
1716028720190 328.0 0
1716028720690 329.0 0
1716028721186 330.0 0
1716028725787 331.0 0
1716028726270 332.0 0
1716028726768 333.0 0
1716028727253 334.0 0
1716028727766 335.0 0
1716028728246 336.0 0
1716028728736 337.0 0
1716028729221 338.0 0
1716028729711 339.0 0
1716028730194 340.0 0
1716028734153 341.0 0
1716028734674 342.0 0
1716028735170 343.0 0
1716028735667 344.0 0
1716028736170 345.0 0
1716028736672 346.0 0
1716028737170 347.0 0
1716028737663 348.0 0
1716028738158 349.0 0
1716028738645 350.0 0
1716028743303 351.0 0
1716028743792 352.0 0
1716028744295 353.0 0
1716028744808 354.0 0
1716028745291 355.0 0
1716028745761 356.0 0
1716028746241 357.0 0
1716028746730 358.0 0
1716028747216 359.0 0
1716028747711 360.0 0
1716028751552 361.0 0
1716028752054 362.0 0
1716028752556 363.0 0
1716028753048 364.0 0
1716028753524 365.0 0
1716028753998 366.0 0
1716028754508 367.0 0
1716028754996 368.0 0
1716028755492 369.0 0
1716028755986 370.0 0
1716028760618 371.0 0
1716028761112 372.0 0
1716028761596 373.0 0
1716028762086 374.0 0
1716028762567 375.0 0
1716028763058 376.0 0
1716028763552 377.0 0
1716028764050 378.0 0
1716028764545 379.0 0
1716028765030 380.0 0
1716028768900 381.0 0
1716028769393 382.0 0
1716028769872 383.0 0
1716028770350 384.0 0
1716028770839 385.0 0
1716028771337 386.0 0
1716028771812 387.0 0
1716028772293 388.0 0
1716028772778 389.0 0
1716028773264 390.0 0
1716028776295 391.0 0
1716028776791 392.0 0
1716028777291 393.0 0
1716028777784 394.0 0
1716028778281 395.0 0
1716028778762 396.0 0
1716028779246 397.0 0
1716028779725 398.0 0
1716028780212 399.0 0
1716028780695 400.0 0
1716028783591 401.0 0
1716028784077 402.0 0
1716028784560 403.0 0
1716028785036 404.0 0
1716028785526 405.0 0
1716028786007 406.0 0
1716028786486 407.0 0
1716028786969 408.0 0
1716028787453 409.0 0
1716028787938 410.0 0
1716028790787 411.0 0
1716028791263 412.0 0
1716028791768 413.0 0
1716028792246 414.0 0
1716028792722 415.0 0
1716028793192 416.0 0
1716028793725 417.0 0
1716028794220 418.0 0
1716028794719 419.0 0
1716028795208 420.0 0
1716028798900 421.0 0
1716028799386 422.0 0
1716028799870 423.0 0
1716028800366 424.0 0
1716028800863 425.0 0
1716028801358 426.0 0
1716028801852 427.0 0
1716028802344 428.0 0
1716028802840 429.0 0
1716028803330 430.0 0
1716028807162 431.0 0
1716028807631 432.0 0
1716028808117 433.0 0
1716028808613 434.0 0
1716028809095 435.0 0
1716028809581 436.0 0
1716028810071 437.0 0
1716028810550 438.0 0
1716028811038 439.0 0
1716028811517 440.0 0
1716028814281 441.0 0
1716028814752 442.0 0
1716028815231 443.0 0
1716028815716 444.0 0
1716028816188 445.0 0
1716028816671 446.0 0
1716028817159 447.0 0
1716028817642 448.0 0
1716028818155 449.0 0
1716028818636 450.0 0
1716028821488 451.0 0
1716028821994 452.0 0
1716028822477 453.0 0
1716028822977 454.0 0
1716028823469 455.0 0
1716028823959 456.0 0
1716028824438 457.0 0
1716028824915 458.0 0
1716028825399 459.0 0
1716028825879 460.0 0
1716028829854 461.0 0
1716028830334 462.0 0
1716028830826 463.0 0
1716028831301 464.0 0
1716028831792 465.0 0
1716028832280 466.0 0
1716028832762 467.0 0
1716028833249 468.0 0
1716028833724 469.0 0
1716028834199 470.0 0
1716028837302 471.0 0
1716028837773 472.0 0
1716028838273 473.0 0
1716028838752 474.0 0
1716028839225 475.0 0
1716028839719 476.0 0
1716028840195 477.0 0
1716028840683 478.0 0
1716028841174 479.0 0
1716028841645 480.0 0
1716028844472 481.0 0
1716028844960 482.0 0
1716028845445 483.0 0
1716028845941 484.0 0
1716028846432 485.0 0
1716028846913 486.0 0
1716028847407 487.0 0
1716028847883 488.0 0
1716028848366 489.0 0
1716028848849 490.0 0
1716028851576 491.0 0
1716028852049 492.0 0
1716028852542 493.0 0
1716028853030 494.0 0
1716028853511 495.0 0
1716028854003 496.0 0
1716028854484 497.0 0
1716028854962 498.0 0
1716028855498 499.0 0
1716028855992 500.0 0
1716028859893 501.0 0
1716028860374 502.0 0
1716028860873 503.0 0
1716028861369 504.0 0
1716028861875 505.0 0
1716028862363 506.0 0
1716028862860 507.0 0
1716028863357 508.0 0
1716028863844 509.0 0
1716028864325 510.0 0
1716028868445 511.0 0
1716028868934 512.0 0
1716028869417 513.0 0
