1716028457792 7.732227802276611 0
1716028458321 7.201657772064209 0
1716028458807 6.988704681396484 0
1716028459308 6.768789291381836 0
1716028459790 6.55556583404541 0
1716028460317 6.34536075592041 0
1716028460820 6.163316249847412 0
1716028461317 6.059885025024414 0
1716028461802 5.943375587463379 0
1716028462317 5.854462623596191 0
1716028467539 5.765350341796875 0
1716028468019 5.668097972869873 0
1716028468509 5.558990955352783 0
1716028468997 5.422472953796387 0
1716028469477 5.245022296905518 0
1716028469952 5.0300984382629395 0
1716028470430 4.783731460571289 0
1716028470918 4.547830581665039 0
1716028471451 4.338399887084961 0
1716028471926 4.12204647064209 0
1716028476445 3.90545916557312 0
1716028476903 3.717573404312134 0
1716028477379 3.5701498985290527 0
1716028477877 3.4547815322875977 0
1716028478363 3.3561158180236816 0
1716028478827 3.262645721435547 0
1716028479309 3.176640748977661 0
1716028479793 3.1096723079681396 0
1716028480277 3.0593340396881104 0
1716028480757 3.0051913261413574 0
1716028483511 2.9417669773101807 0
1716028484011 2.883223295211792 0
1716028484528 2.8338539600372314 0
1716028485002 2.7849626541137695 0
1716028485482 2.739837646484375 0
1716028485971 2.7049176692962646 0
1716028486455 2.673534870147705 0
1716028486936 2.638587713241577 0
1716028487420 2.6041643619537354 0
1716028487916 2.5732927322387695 0
1716028492036 2.539997100830078 0
1716028492496 2.5078585147857666 0
1716028492998 2.478341579437256 0
1716028493481 2.4486663341522217 0
1716028493963 2.4191744327545166 0
1716028494445 2.39194917678833 0
1716028494926 2.3658740520477295 0
1716028495399 2.3407063484191895 0
1716028495873 2.317195177078247 0
1716028496353 2.294105052947998 0
1716028499135 2.2715494632720947 0
1716028499592 2.250762939453125 0
1716028500069 2.230912208557129 0
1716028500552 2.2109785079956055 0
1716028501037 2.1921603679656982 0
1716028501521 2.1717867851257324 0
1716028502007 2.1502463817596436 0
1716028502490 2.1290879249572754 0
1716028502971 2.107119560241699 0
1716028503447 2.0857810974121094 0
1716028506429 2.0646514892578125 0
1716028506896 2.0435831546783447 0
1716028507377 2.022721529006958 0
1716028507855 2.001526355743408 0
1716028508324 1.9806578159332275 0
1716028508829 1.9606809616088867 0
1716028509305 1.9409668445587158 0
1716028509783 1.9218789339065552 0
1716028510269 1.9026204347610474 0
1716028510745 1.884095549583435 0
1716028513519 1.8650366067886353 0
1716028513969 1.8463910818099976 0
1716028514451 1.8275926113128662 0
1716028514946 1.8107469081878662 0
1716028515431 1.79404616355896 0
1716028515930 1.7775638103485107 0
1716028516414 1.7610710859298706 0
1716028516892 1.744260311126709 0
1716028517357 1.7275433540344238 0
1716028517834 1.7103946208953857 0
1716028520571 1.6933820247650146 0
1716028521025 1.6769075393676758 0
1716028521503 1.6605547666549683 0
1716028521988 1.6444917917251587 0
1716028522485 1.6288998126983643 0
1716028522953 1.613210678100586 0
1716028523408 1.5971864461898804 0
1716028523893 1.5814050436019897 0
1716028524364 1.5653910636901855 0
1716028524847 1.5491738319396973 0
1716028527474 1.533070683479309 0
1716028527938 1.5170267820358276 0
1716028528412 1.5011662244796753 0
1716028528891 1.4855283498764038 0
1716028529368 1.4701002836227417 0
1716028529849 1.4556835889816284 0
1716028530335 1.4456360340118408 0
1716028530818 1.433907151222229 0
1716028531301 1.4190294742584229 0
1716028531780 1.4049935340881348 0
1716028535595 1.3924622535705566 0
1716028536075 1.3860255479812622 0
1716028536559 1.3906971216201782 0
1716028537069 1.4105138778686523 0
1716028537540 1.373974084854126 0
1716028538025 1.4006409645080566 0
1716028538517 1.4161710739135742 0
1716028538991 1.3759328126907349 0
1716028539480 1.4052774906158447 0
1716028539970 1.3769173622131348 0
1716028544114 1.3693205118179321 0
1716028544584 1.3607299327850342 0
1716028545063 1.3429235219955444 0
1716028545546 1.3344552516937256 0
1716028546025 1.3135875463485718 0
1716028546501 1.3062859773635864 0
1716028546975 1.278591513633728 0
1716028547450 1.270424723625183 0
1716028547923 1.2573143243789673 0
1716028548398 1.2493048906326294 0
1716028552519 1.2314132452011108 0
1716028552976 1.220661997795105 0
1716028553477 1.2100799083709717 0
1716028553948 1.1922109127044678 0
1716028554427 1.1868374347686768 0
1716028554912 1.1759613752365112 0
1716028555393 1.1620087623596191 0
1716028555869 1.152496576309204 0
1716028556348 1.138749122619629 0
1716028556823 1.13027024269104 0
1716028559494 1.1260007619857788 0
1716028559943 1.1166003942489624 0
1716028560424 1.1019492149353027 0
1716028560907 1.0956441164016724 0
1716028561395 1.0856854915618896 0
1716028561864 1.0766117572784424 0
1716028562356 1.0706031322479248 0
1716028562837 1.060261845588684 0
1716028563320 1.0512101650238037 0
1716028563805 1.0464820861816406 0
1716028566788 1.0347416400909424 0
1716028567250 1.027467131614685 0
1716028567740 1.0221437215805054 0
1716028568229 1.012969970703125 0
1716028568717 1.0052255392074585 0
1716028569196 0.999862015247345 0
1716028569680 0.9916998744010925 0
1716028570158 0.9834449291229248 0
1716028570639 0.9782760739326477 0
1716028571117 0.9733879566192627 0
1716028574508 0.9648532867431641 0
1716028574970 0.9563087821006775 0
1716028575449 0.9521481394767761 0
1716028575946 0.9467525482177734 0
1716028576440 0.9419630765914917 0
1716028576931 0.9333212375640869 0
1716028577408 0.9240939617156982 0
1716028577880 0.9194050431251526 0
1716028578353 0.9168006181716919 0
1716028578839 0.9163042902946472 0
1716028583138 0.9141538739204407 0
1716028583606 0.9173116087913513 0
1716028584100 0.9085677266120911 0
1716028584594 0.8861222267150879 0
1716028585101 0.8952583074569702 0
1716028585581 0.9046720862388611 0
1716028586068 0.886584460735321 0
1716028586554 0.862493634223938 0
1716028587116 0.867152214050293 0
1716028587592 0.8587353825569153 0
1716028591962 0.8473874926567078 0
1716028592425 0.8456404805183411 0
1716028592913 0.8372997641563416 0
1716028593403 0.8291333317756653 0
1716028593895 0.8224808573722839 0
1716028594372 0.8176224827766418 0
1716028594850 0.8083382248878479 0
1716028595318 0.8040993809700012 0
1716028595797 0.7994781732559204 0
1716028596277 0.7984839677810669 0
1716028599167 0.7975295186042786 0
1716028599622 0.7985292077064514 0
1716028600106 0.794971764087677 0
1716028600591 0.7747783064842224 0
1716028601076 0.7695266604423523 0
1716028601561 0.7752106785774231 0
1716028602037 0.7800426483154297 0
1716028602516 0.7843001484870911 0
1716028603001 0.7581668496131897 0
1716028603533 0.7539066076278687 0
1716028607642 0.7605333924293518 0
1716028608117 0.7431344389915466 0
1716028608624 0.7400190234184265 0
1716028609116 0.7519508600234985 0
1716028609616 0.7343413829803467 0
1716028610118 0.7259491086006165 0
1716028610603 0.7249584794044495 0
1716028611089 0.7159886360168457 0
1716028611589 0.7108031511306763 0
1716028612069 0.7104460597038269 0
1716028616142 0.7014592885971069 0
1716028616612 0.6971833109855652 0
1716028617100 0.6977801322937012 0
1716028617595 0.6878599524497986 0
1716028618087 0.6850828528404236 0
1716028618585 0.6835219264030457 0
1716028619086 0.6783782243728638 0
1716028619590 0.6719557046890259 0
1716028620099 0.6683664917945862 0
1716028620583 0.6657207012176514 0
1716028624486 0.6607573628425598 0
1716028625010 0.6568254232406616 0
1716028625490 0.6528903841972351 0
1716028625982 0.6501156091690063 0
1716028626480 0.6471701860427856 0
1716028626975 0.6417659521102905 0
1716028627465 0.6395347714424133 0
1716028628080 0.6352286338806152 0
1716028628610 0.6327390074729919 0
1716028629142 0.6297451257705688 0
1716028633674 0.6278446912765503 0
1716028634133 0.6262360215187073 0
1716028634618 0.6283875107765198 0
1716028635105 0.6258453130722046 0
1716028635585 0.6235746741294861 0
1716028636063 0.6177992224693298 0
1716028636552 0.6156460642814636 0
1716028637031 0.6041618585586548 0
1716028637516 0.6024972200393677 0
1716028637997 0.6011017560958862 0
1716028640741 0.5987514853477478 0
1716028641199 0.5929862260818481 0
1716028641679 0.5858532786369324 0
1716028642173 0.5865399241447449 0
1716028642659 0.5821395516395569 0
1716028643129 0.5815764665603638 0
1716028643609 0.5825513005256653 0
1716028644128 0.5794063806533813 0
1716028644618 0.5804867744445801 0
1716028645109 0.5706511735916138 0
1716028648091 0.5631812810897827 0
1716028648553 0.5650023221969604 0
1716028649036 0.559589684009552 0
1716028649511 0.5571354627609253 0
1716028650004 0.5502414703369141 0
1716028650482 0.5470467805862427 0
1716028650968 0.5444629192352295 0
1716028651456 0.5405944585800171 0
1716028651937 0.5380878448486328 0
1716028652412 0.5328760147094727 0
1716028656625 0.5308364629745483 0
1716028657130 0.5272532105445862 0
1716028657630 0.523256778717041 0
1716028658127 0.5211422443389893 0
1716028658615 0.5169487595558167 0
1716028659101 0.5138140320777893 0
1716028659575 0.5110994577407837 0
1716028660061 0.5074177980422974 0
1716028660542 0.5042983293533325 0
1716028661025 0.5014367699623108 0
1716028665385 0.4980941712856293 0
1716028665858 0.4956890344619751 0
1716028666359 0.4934180676937103 0
1716028666846 0.4907906949520111 0
1716028667387 0.48758357763290405 0
1716028667906 0.48497986793518066 0
1716028668414 0.4811488389968872 0
1716028668916 0.47740432620048523 0
1716028669412 0.47388944029808044 0
1716028669910 0.4705284535884857 0
1716028674482 0.46694478392601013 0
1716028674964 0.4641408920288086 0
1716028675462 0.46171659231185913 0
1716028675960 0.45893949270248413 0
1716028676452 0.45617300271987915 0
1716028676939 0.4539322853088379 0
1716028677431 0.4521174132823944 0
1716028677933 0.4498347043991089 0
1716028678424 0.44854214787483215 0
1716028678936 0.44634634256362915 0
1716028683404 0.44339555501937866 0
1716028683908 0.43867024779319763 0
1716028684423 0.4339856207370758 0
1716028684920 0.4317801892757416 0
1716028685447 0.4295381009578705 0
1716028685941 0.4272514879703522 0
1716028686453 0.4259570837020874 0
1716028686931 0.42368900775909424 0
1716028687440 0.41994062066078186 0
1716028687972 0.4173034131526947 0
1716028692344 0.4149942696094513 0
1716028692826 0.41171035170555115 0
1716028693326 0.41009944677352905 0
1716028693829 0.4085344672203064 0
1716028694335 0.40540048480033875 0
1716028694828 0.403009295463562 0
1716028695323 0.4010297358036041 0
1716028695824 0.3979948163032532 0
1716028696316 0.39569756388664246 0
1716028696806 0.3940652310848236 0
1716028701107 0.39171186089515686 0
1716028701594 0.38951900601387024 0
1716028702085 0.3878452181816101 0
1716028702592 0.38590842485427856 0
1716028703090 0.3835678994655609 0
1716028703592 0.38162726163864136 0
1716028704069 0.3797823190689087 0
1716028704566 0.3781687021255493 0
1716028705068 0.3760311007499695 0
1716028705560 0.37444332242012024 0
1716028708534 0.3726325035095215 0
1716028709020 0.37028709053993225 0
1716028709506 0.3676134943962097 0
1716028710013 0.3656405210494995 0
1716028710496 0.3635508418083191 0
1716028710977 0.3611431419849396 0
1716028711470 0.3592229187488556 0
1716028711973 0.3577992618083954 0
1716028712477 0.35611528158187866 0
1716028712977 0.3544519245624542 0
1716028716591 0.35314399003982544 0
1716028717083 0.3516922891139984 0
1716028717649 0.34994837641716003 0
1716028718160 0.3483469486236572 0
1716028718665 0.3469470739364624 0
1716028719166 0.3451228737831116 0
1716028719682 0.3432920575141907 0
1716028720170 0.34168338775634766 0
1716028720679 0.3399958610534668 0
1716028721173 0.33824679255485535 0
1716028725776 0.3367818593978882 0
1716028726254 0.3354668617248535 0
1716028726757 0.33404961228370667 0
1716028727236 0.33264267444610596 0
1716028727750 0.33147361874580383 0
1716028728235 0.3304661512374878 0
1716028728719 0.3295748233795166 0
1716028729206 0.32966211438179016 0
1716028729695 0.33145710825920105 0
1716028730179 0.33771029114723206 0
1716028734141 0.3688235580921173 0
1716028734655 0.8099404573440552 0
1716028735155 1.4660524129867554 0
1716028735654 1.2446613311767578 0
1716028736158 0.8992453813552856 0
1716028736656 1.1883573532104492 0
1716028737156 1.004576325416565 0
1716028737645 0.9387031197547913 0
1716028738131 0.9936131238937378 0
1716028738628 0.954081118106842 0
1716028743290 0.8506867289543152 0
1716028743775 0.8090777397155762 0
1716028744277 0.812828540802002 0
1716028744791 0.7876224517822266 0
1716028745271 0.7315644025802612 0
1716028745748 0.6956790685653687 0
1716028746229 0.7045767307281494 0
1716028746707 0.6715744137763977 0
1716028747204 0.6423888206481934 0
1716028747696 0.6143832206726074 0
1716028751546 0.5874248743057251 0
1716028752039 0.5646668672561646 0
1716028752541 0.5484688878059387 0
1716028753032 0.5346949100494385 0
1716028753515 0.5137147307395935 0
1716028753984 0.4965841770172119 0
1716028754493 0.4849652349948883 0
1716028754979 0.4698517620563507 0
1716028755477 0.4591526687145233 0
1716028755969 0.4521335959434509 0
1716028760610 0.4435865581035614 0
1716028761088 0.4316308796405792 0
1716028761581 0.42183569073677063 0
1716028762071 0.4142954349517822 0
1716028762552 0.40539994835853577 0
1716028763039 0.39922019839286804 0
1716028763536 0.3934815227985382 0
1716028764040 0.3850376009941101 0
1716028764529 0.3782542943954468 0
1716028765017 0.37446311116218567 0
1716028768889 0.37003636360168457 0
1716028769375 0.364462673664093 0
1716028769857 0.35979047417640686 0
1716028770339 0.3568733036518097 0
1716028770824 0.3531816005706787 0
1716028771321 0.3495527505874634 0
1716028771800 0.3467389643192291 0
1716028772275 0.3434913754463196 0
1716028772762 0.3400951027870178 0
1716028773247 0.33739569783210754 0
1716028776290 0.33481839299201965 0
1716028776770 0.3321780562400818 0
1716028777268 0.33004480600357056 0
1716028777767 0.3280147910118103 0
1716028778267 0.3258041739463806 0
1716028778746 0.3237631320953369 0
1716028779230 0.321957528591156 0
1716028779710 0.3201809525489807 0
1716028780196 0.3184959292411804 0
1716028780680 0.3169592320919037 0
1716028783580 0.3153969645500183 0
1716028784060 0.3138018846511841 0
1716028784552 0.3123394548892975 0
1716028785016 0.31098654866218567 0
1716028785508 0.3096484839916229 0
1716028785991 0.3083491623401642 0
1716028786472 0.30711615085601807 0
1716028786951 0.3058968186378479 0
1716028787438 0.30472463369369507 0
1716028787922 0.30362868309020996 0
1716028790780 0.30251312255859375 0
1716028791242 0.30139267444610596 0
1716028791750 0.30037474632263184 0
1716028792232 0.2993777394294739 0
1716028792717 0.29833608865737915 0
1716028793174 0.2973584830760956 0
1716028793708 0.2964613139629364 0
1716028794198 0.29555854201316833 0
1716028794697 0.29466429352760315 0
1716028795193 0.29382285475730896 0
1716028798894 0.29299622774124146 0
1716028799365 0.29216280579566956 0
1716028799852 0.2913643717765808 0
1716028800346 0.2906063199043274 0
1716028800846 0.28984031081199646 0
1716028801343 0.2890760898590088 0
1716028801835 0.2883474826812744 0
1716028802330 0.2876271903514862 0
1716028802825 0.28691157698631287 0
1716028803314 0.28622403740882874 0
1716028807153 0.2855489253997803 0
1716028807627 0.2848733365535736 0
1716028808087 0.2842128574848175 0
1716028808591 0.28357237577438354 0
1716028809081 0.28293541073799133 0
1716028809564 0.28230535984039307 0
1716028810053 0.28169041872024536 0
1716028810534 0.28108298778533936 0
1716028811021 0.28048065304756165 0
1716028811506 0.2798898220062256 0
1716028814267 0.27930814027786255 0
1716028814738 0.2787330746650696 0
1716028815216 0.2781662940979004 0
1716028815694 0.27760815620422363 0
1716028816175 0.27705463767051697 0
1716028816658 0.276507705450058 0
1716028817146 0.275970458984375 0
1716028817631 0.2754397988319397 0
1716028818138 0.27491363883018494 0
1716028818623 0.27439549565315247 0
1716028821476 0.2738823890686035 0
1716028821979 0.2733738124370575 0
1716028822459 0.2728721499443054 0
1716028822962 0.2723752558231354 0
1716028823453 0.2718837857246399 0
1716028823941 0.27139759063720703 0
1716028824428 0.27091747522354126 0
1716028824901 0.27044084668159485 0
1716028825386 0.26996949315071106 0
1716028825865 0.2695026993751526 0
1716028829844 0.2690402865409851 0
1716028830316 0.2685815393924713 0
1716028830813 0.26812729239463806 0
1716028831287 0.2676781415939331 0
1716028831776 0.26723170280456543 0
1716028832267 0.26679009199142456 0
1716028832750 0.26635247468948364 0
1716028833235 0.2659180462360382 0
1716028833709 0.2654881775379181 0
1716028834188 0.2650616765022278 0
1716028837297 0.2646389901638031 0
1716028837752 0.2642180621623993 0
1716028838253 0.2638029456138611 0
1716028838732 0.2633896470069885 0
1716028839214 0.2629798948764801 0
1716028839707 0.2625731825828552 0
1716028840190 0.26217013597488403 0
1716028840668 0.2617701292037964 0
1716028841159 0.2613731920719147 0
1716028841634 0.2609785795211792 0
1716028844462 0.2605873644351959 0
1716028844948 0.26019927859306335 0
1716028845431 0.25981444120407104 0
1716028845912 0.2594310939311981 0
1716028846416 0.2590513825416565 0
1716028846900 0.2586747705936432 0
1716028847388 0.2582995891571045 0
1716028847871 0.2579282522201538 0
1716028848352 0.25755903124809265 0
1716028848832 0.2571917474269867 0
1716028851568 0.2568281590938568 0
1716028852028 0.25646716356277466 0
1716028852527 0.2561072111129761 0
1716028853013 0.25575077533721924 0
1716028853501 0.25539588928222656 0
1716028853983 0.2550446093082428 0
1716028854477 0.25469401478767395 0
1716028854946 0.2543475329875946 0
1716028855486 0.254001647233963 0
1716028855978 0.2536591589450836 0
1716028859885 0.25331735610961914 0
1716028860361 0.2529795467853546 0
1716028860861 0.25264260172843933 0
1716028861354 0.2523089349269867 0
1716028861859 0.2519764304161072 0
1716028862349 0.2516452968120575 0
1716028862842 0.2513173818588257 0
1716028863337 0.25099143385887146 0
1716028863829 0.2506670653820038 0
1716028864310 0.2503451108932495 0
1716028868421 0.25002455711364746 0
1716028868929 0.24970592558383942 0
1716028869411 0.24938935041427612 0
