1716028457812 1.6996870040893555 0
1716028458330 0.5104160308837891 0
1716028458827 0.4930438995361328 0
1716028459316 0.48267698287963867 0
1716028459812 0.49169301986694336 0
1716028460341 0.5229041576385498 0
1716028460845 0.49945902824401855 0
1716028461333 0.4800760746002197 0
1716028461836 0.4983999729156494 0
1716028462325 0.4815101623535156 0
1716028467556 1.3037688732147217 0
1716028468039 0.47886085510253906 0
1716028468539 0.4905250072479248 0
1716028469018 0.47298693656921387 0
1716028469498 0.4707157611846924 0
1716028469970 0.46451497077941895 0
1716028470459 0.48056602478027344 0
1716028470941 0.47508883476257324 0
1716028471472 0.5234198570251465 0
1716028471953 0.4755558967590332 0
1716028476456 1.262279987335205 0
1716028476924 0.46430015563964844 0
1716028477409 0.47739601135253906 0
1716028477915 0.4977700710296631 0
1716028478376 0.45395684242248535 0
1716028478854 0.47335290908813477 0
1716028479334 0.4717381000518799 0
1716028479820 0.47786688804626465 0
1716028480303 0.47489500045776367 0
1716028480784 0.4736030101776123 0
1716028483542 0.5924878120422363 0
1716028484062 0.5139670372009277 0
1716028484549 0.47826099395751953 0
1716028485023 0.4663670063018799 0
1716028485513 0.48096394538879395 0
1716028485999 0.47922587394714355 0
1716028486477 0.46888303756713867 0
1716028486963 0.4751582145690918 0
1716028487449 0.4770998954772949 0
1716028487937 0.47873997688293457 0
1716028492045 1.227679967880249 0
1716028492521 0.4724137783050537 0
1716028493021 0.47785115242004395 0
1716028493505 0.4749159812927246 0
1716028493992 0.47829198837280273 0
1716028494468 0.46861886978149414 0
1716028494947 0.4700779914855957 0
1716028495422 0.4675288200378418 0
1716028495895 0.46523308753967285 0
1716028496380 0.4753837585449219 0
1716028499148 0.5848839282989502 0
1716028499613 0.4596700668334961 0
1716028500106 0.4848439693450928 0
1716028500581 0.47138094902038574 0
1716028501065 0.47525525093078613 0
1716028501548 0.474865198135376 0
1716028502036 0.47900986671447754 0
1716028502515 0.46971726417541504 0
1716028502997 0.4729740619659424 0
1716028503465 0.46061182022094727 0
1716028506443 0.5649421215057373 0
1716028506919 0.4723069667816162 0
1716028507405 0.4773707389831543 0
1716028507870 0.45829200744628906 0
1716028508371 0.4947531223297119 0
1716028508852 0.47357177734375 0
1716028509326 0.4661140441894531 0
1716028509811 0.47567009925842285 0
1716028510294 0.47492194175720215 0
1716028510771 0.46878814697265625 0
1716028513525 0.5307986736297607 0
1716028513996 0.46772193908691406 0
1716028514485 0.4805111885070801 0
1716028514976 0.4827840328216553 0
1716028515457 0.4730980396270752 0
1716028515958 0.49235987663269043 0
1716028516439 0.4732038974761963 0
1716028516910 0.46301794052124023 0
1716028517382 0.4687309265136719 0
1716028517855 0.4643080234527588 0
1716028520581 0.4978220462799072 0
1716028521047 0.46312594413757324 0
1716028521531 0.4748396873474121 0
1716028522021 0.4799799919128418 0
1716028522503 0.47400903701782227 0
1716028522962 0.45033907890319824 0
1716028523436 0.4704470634460449 0
1716028523911 0.4669170379638672 0
1716028524393 0.4747128486633301 0
1716028524872 0.47103285789489746 0
1716028527488 0.50736403465271 0
1716028527962 0.47025203704833984 0
1716028528434 0.46412110328674316 0
1716028528906 0.46384716033935547 0
1716028529388 0.476578950881958 0
1716028529873 0.47512316703796387 0
1716028530361 0.4793519973754883 0
1716028530849 0.47969818115234375 0
1716028531328 0.47182226181030273 0
1716028531806 0.4691810607910156 0
1716028535620 1.3961589336395264 0
1716028536095 0.470412015914917 0
1716028536571 0.47277212142944336 0
1716028537079 0.4928920269012451 0
1716028537568 0.4847121238708496 0
1716028538047 0.4716370105743408 0
1716028538537 0.48244404792785645 0
1716028539019 0.47730088233947754 0
1716028539515 0.48928403854370117 0
1716028540001 0.4789390563964844 0
1716028544126 1.281858205795288 0
1716028544609 0.4796440601348877 0
1716028545086 0.46938085556030273 0
1716028545571 0.46929287910461426 0
1716028546055 0.47496986389160156 0
1716028546522 0.45914220809936523 0
1716028546999 0.46893906593322754 0
1716028547468 0.4605991840362549 0
1716028547950 0.4777519702911377 0
1716028548419 0.4603581428527832 0
1716028552529 1.1036500930786133 0
1716028553010 0.477402925491333 0
1716028553491 0.46694397926330566 0
1716028553973 0.4732637405395508 0
1716028554455 0.47360897064208984 0
1716028554935 0.4717540740966797 0
1716028555418 0.47643303871154785 0
1716028555895 0.46963024139404297 0
1716028556369 0.46538209915161133 0
1716028556849 0.47174978256225586 0
1716028559500 0.500593900680542 0
1716028559965 0.46132493019104004 0
1716028560455 0.48175692558288574 0
1716028560936 0.4727029800415039 0
1716028561411 0.4666740894317627 0
1716028561897 0.4798300266265869 0
1716028562385 0.4796009063720703 0
1716028562864 0.4702630043029785 0
1716028563351 0.4780700206756592 0
1716028563832 0.4719271659851074 0
1716028566797 0.640388011932373 0
1716028567279 0.47872090339660645 0
1716028567771 0.47936582565307617 0
1716028568259 0.4766988754272461 0
1716028568742 0.4722170829772949 0
1716028569224 0.47417283058166504 0
1716028569701 0.46728086471557617 0
1716028570182 0.47203612327575684 0
1716028570663 0.47353100776672363 0
1716028571140 0.468278169631958 0
1716028574517 0.9862551689147949 0
1716028574991 0.47018980979919434 0
1716028575486 0.4912841320037842 0
1716028575969 0.47556304931640625 0
1716028576475 0.5004491806030273 0
1716028576953 0.4731009006500244 0
1716028577427 0.46597909927368164 0
1716028577899 0.46649909019470215 0
1716028578376 0.4692409038543701 0
1716028578865 0.4781160354614258 0
1716028583151 1.2759051322937012 0
1716028583631 0.47655296325683594 0
1716028584133 0.49390292167663574 0
1716028584618 0.47583508491516113 0
1716028585130 0.48694586753845215 0
1716028585605 0.4654381275177002 0
1716028586096 0.4826350212097168 0
1716028586580 0.4754960536956787 0
1716028587125 0.5370218753814697 0
1716028587611 0.4814739227294922 0
1716028591970 1.2201800346374512 0
1716028592457 0.48150086402893066 0
1716028592941 0.476851224899292 0
1716028593429 0.47915172576904297 0
1716028593916 0.4732379913330078 0
1716028594391 0.46561217308044434 0
1716028594868 0.46817708015441895 0
1716028595342 0.46950292587280273 0
1716028595820 0.46884918212890625 0
1716028596303 0.472731351852417 0
1716028599179 0.5068950653076172 0
1716028599648 0.4654500484466553 0
1716028600133 0.475938081741333 0
1716028600617 0.47554492950439453 0
1716028601104 0.4784524440765381 0
1716028601584 0.4657599925994873 0
1716028602060 0.467116117477417 0
1716028602542 0.4739539623260498 0
1716028603061 0.5103850364685059 0
1716028603555 0.4805479049682617 0
1716028607655 1.1853079795837402 0
1716028608156 0.4967780113220215 0
1716028608641 0.4783949851989746 0
1716028609150 0.5039188861846924 0
1716028609647 0.48932409286499023 0
1716028610135 0.48084592819213867 0
1716028610623 0.4839930534362793 0
1716028611107 0.4781455993652344 0
1716028611606 0.49057483673095703 0
1716028612093 0.4820518493652344 0
1716028616151 1.140178918838501 0
1716028616631 0.47681307792663574 0
1716028617126 0.48919081687927246 0
1716028617615 0.4806530475616455 0
1716028618116 0.4964931011199951 0
1716028618608 0.4857769012451172 0
1716028619112 0.49309587478637695 0
1716028619614 0.4956376552581787 0
1716028620124 0.498335599899292 0
1716028620609 0.48090291023254395 0
1716028624500 1.0057756900787354 0
1716028625021 0.5178768634796143 0
1716028625518 0.49245285987854004 0
1716028626008 0.48102903366088867 0
1716028626513 0.49747800827026367 0
1716028626996 0.47513866424560547 0
1716028627476 0.4727146625518799 0
1716028628112 0.6324970722198486 0
1716028628645 0.5278820991516113 0
1716028629174 0.5150289535522461 0
1716028633681 1.3310840129852295 0
1716028634156 0.4711458683013916 0
1716028634647 0.4811389446258545 0
1716028635134 0.47830724716186523 0
1716028635607 0.4652879238128662 0
1716028636093 0.4768252372741699 0
1716028636576 0.47510695457458496 0
1716028637060 0.47498011589050293 0
1716028637543 0.47403907775878906 0
1716028638019 0.4678459167480469 0
1716028640754 0.5460548400878906 0
1716028641223 0.46433210372924805 0
1716028641717 0.4850587844848633 0
1716028642201 0.47649097442626953 0
1716028642678 0.4684419631958008 0
1716028643152 0.4627220630645752 0
1716028643641 0.48033809661865234 0
1716028644155 0.5055968761444092 0
1716028644642 0.479398250579834 0
1716028645137 0.48688697814941406 0
1716028648101 0.6004869937896729 0
1716028648582 0.47741103172302246 0
1716028649060 0.46976804733276367 0
1716028649542 0.47350502014160156 0
1716028650028 0.47762203216552734 0
1716028650508 0.47006702423095703 0
1716028650997 0.4806358814239502 0
1716028651477 0.471726655960083 0
1716028651960 0.4753580093383789 0
1716028652437 0.4700307846069336 0
1716028656657 1.2916169166564941 0
1716028657148 0.4864490032196045 0
1716028657652 0.49333715438842773 0
1716028658156 0.5004992485046387 0
1716028658642 0.4831411838531494 0
1716028659122 0.476179838180542 0
1716028659600 0.4742929935455322 0
1716028660085 0.4762439727783203 0
1716028660573 0.47949814796447754 0
1716028661048 0.4670250415802002 0
1716028665399 1.2413761615753174 0
1716028665891 0.48883485794067383 0
1716028666385 0.4853372573852539 0
1716028666911 0.5197360515594482 0
1716028667413 0.4949531555175781 0
1716028667939 0.5109262466430664 0
1716028668438 0.4894390106201172 0
1716028668940 0.4963829517364502 0
1716028669438 0.48955368995666504 0
1716028669928 0.4818120002746582 0
1716028674494 1.2809348106384277 0
1716028674988 0.49001193046569824 0
1716028675483 0.49077510833740234 0
1716028675985 0.49492883682250977 0
1716028676479 0.4867210388183594 0
1716028676964 0.4773702621459961 0
1716028677454 0.4810061454772949 0
1716028677955 0.4846799373626709 0
1716028678443 0.48475098609924316 0
1716028678953 0.5058279037475586 0
1716028683423 1.3489148616790771 0
1716028683935 0.5064928531646729 0
1716028684446 0.5043747425079346 0
1716028684944 0.4947068691253662 0
1716028685469 0.5196070671081543 0
1716028685972 0.4974699020385742 0
1716028686465 0.4898397922515869 0
1716028686955 0.4857521057128906 0
1716028687483 0.5204081535339355 0
1716028687997 0.5070579051971436 0
1716028692358 1.2473680973052979 0
1716028692855 0.4924771785736084 0
1716028693364 0.5002620220184326 0
1716028693856 0.48482489585876465 0
1716028694363 0.49840497970581055 0
1716028694850 0.47879815101623535 0
1716028695349 0.49091577529907227 0
1716028695851 0.49362993240356445 0
1716028696341 0.480877161026001 0
1716028696831 0.48099470138549805 0
1716028701123 1.292050838470459 0
1716028701609 0.47937798500061035 0
1716028702104 0.48854875564575195 0
1716028702611 0.49561500549316406 0
1716028703111 0.4950551986694336 0
1716028703599 0.4796910285949707 0
1716028704098 0.4955251216888428 0
1716028704597 0.4906649589538574 0
1716028705091 0.4837660789489746 0
1716028705581 0.48218393325805664 0
1716028708549 0.5865671634674072 0
1716028709052 0.49377918243408203 0
1716028709546 0.4873237609863281 0
1716028710035 0.4813871383666992 0
1716028710516 0.4728572368621826 0
1716028711004 0.47904086112976074 0
1716028711497 0.48463988304138184 0
1716028711998 0.4921269416809082 0
1716028712497 0.48944616317749023 0
1716028713003 0.48644018173217773 0
1716028716605 1.2419788837432861 0
1716028717115 0.5063879489898682 0
1716028717671 0.5312402248382568 0
1716028718182 0.5076901912689209 0
1716028718688 0.49808216094970703 0
1716028719201 0.5042729377746582 0
1716028719704 0.49299097061157227 0
1716028720200 0.4874300956726074 0
1716028720701 0.49269723892211914 0
1716028721196 0.48717379570007324 0
1716028725791 1.3232879638671875 0
1716028726286 0.49195289611816406 0
1716028726776 0.4786689281463623 0
1716028727278 0.4943230152130127 0
1716028727777 0.4917459487915039 0
1716028728257 0.4677238464355469 0
1716028728747 0.48177194595336914 0
1716028729229 0.47357797622680664 0
1716028729720 0.4837019443511963 0
1716028730204 0.4750630855560303 0
1716028734159 1.3587100505828857 0
1716028734682 0.509207010269165 0
1716028735178 0.4882018566131592 0
1716028735678 0.4896988868713379 0
1716028736179 0.49445295333862305 0
1716028736680 0.4922938346862793 0
1716028737189 0.5023212432861328 0
1716028737672 0.47488903999328613 0
1716028738166 0.48694705963134766 0
1716028738654 0.47989511489868164 0
1716028743306 1.485642910003662 0
1716028743804 0.4927229881286621 0
1716028744320 0.505882978439331 0
1716028744815 0.4840247631072998 0
1716028745299 0.47686100006103516 0
1716028745772 0.46462011337280273 0
1716028746251 0.47047901153564453 0
1716028746738 0.4803800582885742 0
1716028747224 0.476762056350708 0
1716028747721 0.4891340732574463 0
1716028751556 1.1745431423187256 0
1716028752059 0.4947178363800049 0
1716028752568 0.5016388893127441 0
1716028753057 0.4739110469818115 0
1716028753532 0.4659450054168701 0
1716028754008 0.4716660976409912 0
1716028754514 0.4975779056549072 0
1716028755005 0.48633503913879395 0
1716028755498 0.48484301567077637 0
1716028755995 0.49256181716918945 0
1716028760621 1.345243215560913 0
1716028761121 0.4963698387145996 0
1716028761612 0.48029327392578125 0
1716028762095 0.47493910789489746 0
1716028762577 0.4751107692718506 0
1716028763069 0.4835638999938965 0
1716028763562 0.48511195182800293 0
1716028764057 0.48651599884033203 0
1716028764552 0.49167418479919434 0
1716028765046 0.4872310161590576 0
1716028768905 0.879235029220581 0
1716028769401 0.48734378814697266 0
1716028769883 0.4738311767578125 0
1716028770361 0.4687979221343994 0
1716028770862 0.48853206634521484 0
1716028771347 0.47758007049560547 0
1716028771821 0.46663403511047363 0
1716028772304 0.4743368625640869 0
1716028772790 0.477949857711792 0
1716028773274 0.47531604766845703 0
1716028776298 0.6312391757965088 0
1716028776800 0.4971778392791748 0
1716028777299 0.49127817153930664 0
1716028777804 0.49526333808898926 0
1716028778292 0.4779820442199707 0
1716028778773 0.4728987216949463 0
1716028779255 0.4734683036804199 0
1716028779736 0.4724409580230713 0
1716028780223 0.4774949550628662 0
1716028780705 0.473067045211792 0
1716028783596 0.544874906539917 0
1716028784086 0.47710490226745605 0
1716028784564 0.470322847366333 0
1716028785047 0.4778780937194824 0
1716028785535 0.4782590866088867 0
1716028786019 0.4770040512084961 0
1716028786493 0.46687793731689453 0
1716028786982 0.48022985458374023 0
1716028787463 0.4730970859527588 0
1716028787948 0.47615790367126465 0
1716028790792 0.5773758888244629 0
1716028791285 0.4901609420776367 0
1716028791779 0.4870777130126953 0
1716028792256 0.46790122985839844 0
1716028792725 0.4611091613769531 0
1716028793201 0.47158193588256836 0
1716028793733 0.5126278400421143 0
1716028794227 0.4871201515197754 0
1716028794728 0.4939301013946533 0
1716028795215 0.4783790111541748 0
1716028798903 1.2153820991516113 0
1716028799393 0.4863138198852539 0
1716028799878 0.47748303413391113 0
1716028800375 0.48963403701782227 0
1716028800874 0.49121809005737305 0
1716028801368 0.4857959747314453 0
1716028801864 0.4874000549316406 0
1716028802353 0.4808969497680664 0
1716028802848 0.48699402809143066 0
1716028803343 0.48425984382629395 0
1716028807165 0.9953639507293701 0
1716028807635 0.4663093090057373 0
1716028808126 0.48421621322631836 0
1716028808622 0.4878242015838623 0
1716028809106 0.4761810302734375 0
1716028809591 0.4759399890899658 0
1716028810081 0.4812653064727783 0
1716028810560 0.4697878360748291 0
1716028811049 0.4802217483520508 0
1716028811524 0.46747922897338867 0
1716028814294 0.5233438014984131 0
1716028814761 0.4619147777557373 0
1716028815239 0.4696049690246582 0
1716028815724 0.476470947265625 0
1716028816198 0.46511316299438477 0
1716028816680 0.473736047744751 0
1716028817168 0.48049092292785645 0
1716028817651 0.475322961807251 0
1716028818165 0.5066971778869629 0
1716028818647 0.4738140106201172 0
1716028821499 0.6051681041717529 0
1716028822003 0.49623703956604004 0
1716028822488 0.4817988872528076 0
1716028822987 0.47413206100463867 0
1716028823478 0.4818849563598633 0
1716028823976 0.49024415016174316 0
1716028824446 0.4619760513305664 0
1716028824925 0.4753532409667969 0
1716028825409 0.4740869998931885 0
1716028825889 0.4728219509124756 0
1716028829858 1.119767189025879 0
1716028830349 0.4827699661254883 0
1716028830836 0.4797060489654541 0
1716028831313 0.46832990646362305 0
1716028831810 0.48787713050842285 0
1716028832291 0.47312211990356445 0
1716028832774 0.47409486770629883 0
1716028833259 0.4760439395904541 0
1716028833734 0.46623992919921875 0
1716028834209 0.4667689800262451 0
1716028837306 0.6419310569763184 0
1716028837786 0.4763510227203369 0
1716028838282 0.4880549907684326 0
1716028838760 0.47101306915283203 0
1716028839237 0.4692039489746094 0
1716028839731 0.48290014266967773 0
1716028840199 0.4592440128326416 0
1716028840692 0.48740196228027344 0
1716028841183 0.48393821716308594 0
1716028841657 0.46600794792175293 0
1716028844482 0.5695521831512451 0
1716028844970 0.4703059196472168 0
1716028845454 0.47620296478271484 0
1716028845951 0.4908261299133301 0
1716028846448 0.48880982398986816 0
1716028846924 0.46921682357788086 0
1716028847417 0.482623815536499 0
1716028847896 0.4718179702758789 0
1716028848376 0.47095298767089844 0
1716028848860 0.4762270450592041 0
1716028851580 0.5533649921417236 0
1716028852053 0.46791505813598633 0
1716028852554 0.49785804748535156 0
1716028853039 0.4757349491119385 0
1716028853519 0.4731602668762207 0
1716028854011 0.48705482482910156 0
1716028854489 0.4701869487762451 0
1716028854972 0.478518009185791 0
1716028855503 0.5251879692077637 0
1716028856004 0.49567389488220215 0
1716028859899 1.2184650897979736 0
1716028860383 0.4810209274291992 0
1716028860886 0.4882678985595703 0
1716028861381 0.4866209030151367 0
1716028861886 0.49590110778808594 0
1716028862375 0.47894883155822754 0
1716028862869 0.48572397232055664 0
1716028863370 0.4938051700592041 0
1716028863854 0.4752070903778076 0
1716028864335 0.4728682041168213 0
1716028868448 1.4553248882293701 0
1716028868938 0.485943078994751 0
1716028869422 0.4774179458618164 0
