1716028263290 1.0 0
1716028263522 2.0 0
1716028263712 3.0 0
1716028263869 4.0 0
1716028264022 5.0 0
1716028264177 6.0 0
1716028264329 7.0 0
1716028264500 8.0 0
1716028264676 9.0 0
1716028264839 10.0 0
1716028268897 11.0 0
1716028269096 12.0 0
1716028269267 13.0 0
1716028269425 14.0 0
1716028269590 15.0 0
1716028269754 16.0 0
1716028269936 17.0 0
1716028270102 18.0 0
1716028270266 19.0 0
1716028270429 20.0 0
1716028272950 21.0 0
1716028273158 22.0 0
1716028273349 23.0 0
1716028273517 24.0 0
1716028273673 25.0 0
1716028273827 26.0 0
1716028273984 27.0 0
1716028274145 28.0 0
1716028274300 29.0 0
1716028274454 30.0 0
1716028276848 31.0 0
1716028276999 32.0 0
1716028277161 33.0 0
1716028277316 34.0 0
1716028277481 35.0 0
1716028277649 36.0 0
1716028277800 37.0 0
1716028277951 38.0 0
1716028278102 39.0 0
1716028278253 40.0 0
1716028280821 41.0 0
1716028280981 42.0 0
1716028281157 43.0 0
1716028281311 44.0 0
1716028281466 45.0 0
1716028281622 46.0 0
1716028281774 47.0 0
1716028281933 48.0 0
1716028282092 49.0 0
1716028282246 50.0 0
1716028284600 51.0 0
1716028284760 52.0 0
1716028284920 53.0 0
1716028285077 54.0 0
1716028285233 55.0 0
1716028285388 56.0 0
1716028285543 57.0 0
1716028285695 58.0 0
1716028285849 59.0 0
1716028286004 60.0 0
1716028288241 61.0 0
1716028288394 62.0 0
1716028288547 63.0 0
1716028288707 64.0 0
1716028288865 65.0 0
1716028289023 66.0 0
1716028289178 67.0 0
1716028289332 68.0 0
1716028289488 69.0 0
1716028289641 70.0 0
1716028291764 71.0 0
1716028291923 72.0 0
1716028292076 73.0 0
1716028292230 74.0 0
1716028292384 75.0 0
1716028292537 76.0 0
1716028292688 77.0 0
1716028292840 78.0 0
1716028292993 79.0 0
1716028293153 80.0 0
1716028295177 81.0 0
1716028295326 82.0 0
1716028295479 83.0 0
1716028295630 84.0 0
1716028295787 85.0 0
1716028295952 86.0 0
1716028296103 87.0 0
1716028296254 88.0 0
1716028296405 89.0 0
1716028296556 90.0 0
1716028298585 91.0 0
1716028298738 92.0 0
1716028298889 93.0 0
1716028299040 94.0 0
1716028299191 95.0 0
1716028299341 96.0 0
1716028299493 97.0 0
1716028299643 98.0 0
1716028299794 99.0 0
1716028299946 100.0 0
1716028302136 101.0 0
1716028302295 102.0 0
1716028302440 103.0 0
1716028302592 104.0 0
1716028302745 105.0 0
1716028302896 106.0 0
1716028303050 107.0 0
1716028303203 108.0 0
1716028303352 109.0 0
1716028303504 110.0 0
1716028305531 111.0 0
1716028305683 112.0 0
1716028305836 113.0 0
1716028305991 114.0 0
1716028306140 115.0 0
1716028306290 116.0 0
1716028306440 117.0 0
1716028306592 118.0 0
1716028306743 119.0 0
1716028306896 120.0 0
1716028308899 121.0 0
1716028309046 122.0 0
1716028309197 123.0 0
1716028309348 124.0 0
1716028309508 125.0 0
1716028309661 126.0 0
1716028309812 127.0 0
1716028309965 128.0 0
1716028310116 129.0 0
1716028310268 130.0 0
1716028312314 131.0 0
1716028312465 132.0 0
1716028312617 133.0 0
1716028312769 134.0 0
1716028312925 135.0 0
1716028313089 136.0 0
1716028313243 137.0 0
1716028313395 138.0 0
1716028313547 139.0 0
1716028313697 140.0 0
1716028315986 141.0 0
1716028316135 142.0 0
1716028316289 143.0 0
1716028316441 144.0 0
1716028316594 145.0 0
1716028316746 146.0 0
1716028316898 147.0 0
1716028317050 148.0 0
1716028317213 149.0 0
1716028317362 150.0 0
1716028319382 151.0 0
1716028319532 152.0 0
1716028319693 153.0 0
1716028319843 154.0 0
1716028319993 155.0 0
1716028320147 156.0 0
1716028320299 157.0 0
1716028320450 158.0 0
1716028320597 159.0 0
1716028320748 160.0 0
1716028322920 161.0 0
1716028323080 162.0 0
1716028323241 163.0 0
1716028323395 164.0 0
1716028323572 165.0 0
1716028323725 166.0 0
1716028323879 167.0 0
1716028324031 168.0 0
1716028324185 169.0 0
1716028324340 170.0 0
1716028326637 171.0 0
1716028326859 172.0 0
1716028327042 173.0 0
1716028327207 174.0 0
1716028327364 175.0 0
1716028327518 176.0 0
1716028327674 177.0 0
1716028327830 178.0 0
1716028327985 179.0 0
1716028328139 180.0 0
1716028330255 181.0 0
1716028330407 182.0 0
1716028330575 183.0 0
1716028330727 184.0 0
1716028330881 185.0 0
1716028331040 186.0 0
1716028331197 187.0 0
1716028331352 188.0 0
1716028331507 189.0 0
1716028331657 190.0 0
1716028334157 191.0 0
1716028334310 192.0 0
1716028334462 193.0 0
1716028334619 194.0 0
1716028334788 195.0 0
1716028334944 196.0 0
1716028335101 197.0 0
1716028335258 198.0 0
1716028335411 199.0 0
1716028335567 200.0 0
1716028337639 201.0 0
1716028337796 202.0 0
1716028337945 203.0 0
1716028338100 204.0 0
1716028338252 205.0 0
1716028338408 206.0 0
1716028338563 207.0 0
1716028338719 208.0 0
1716028338888 209.0 0
1716028339043 210.0 0
1716028341359 211.0 0
1716028341522 212.0 0
1716028341678 213.0 0
1716028341835 214.0 0
1716028341989 215.0 0
1716028342144 216.0 0
1716028342317 217.0 0
1716028342481 218.0 0
1716028342636 219.0 0
1716028342796 220.0 0
1716028345028 221.0 0
1716028345184 222.0 0
1716028345336 223.0 0
1716028345498 224.0 0
1716028345663 225.0 0
1716028345817 226.0 0
1716028345971 227.0 0
1716028346124 228.0 0
1716028346276 229.0 0
1716028346429 230.0 0
1716028348412 231.0 0
1716028348567 232.0 0
1716028348713 233.0 0
1716028348865 234.0 0
1716028349018 235.0 0
1716028349169 236.0 0
1716028349322 237.0 0
1716028349474 238.0 0
1716028349627 239.0 0
1716028349785 240.0 0
1716028352043 241.0 0
1716028352245 242.0 0
1716028352408 243.0 0
1716028352562 244.0 0
1716028352714 245.0 0
1716028352862 246.0 0
1716028353013 247.0 0
1716028353162 248.0 0
1716028353314 249.0 0
1716028353471 250.0 0
1716028356136 251.0 0
1716028356295 252.0 0
1716028356476 253.0 0
1716028356629 254.0 0
1716028356783 255.0 0
1716028356941 256.0 0
1716028357109 257.0 0
1716028357265 258.0 0
1716028357422 259.0 0
1716028357594 260.0 0
1716028359719 261.0 0
1716028359868 262.0 0
1716028360019 263.0 0
1716028360169 264.0 0
1716028360319 265.0 0
1716028360470 266.0 0
1716028360623 267.0 0
1716028360776 268.0 0
1716028360927 269.0 0
1716028361082 270.0 0
1716028363103 271.0 0
1716028363251 272.0 0
1716028363400 273.0 0
1716028363584 274.0 0
1716028363731 275.0 0
1716028363884 276.0 0
1716028364034 277.0 0
1716028364184 278.0 0
1716028364337 279.0 0
1716028364488 280.0 0
1716028366558 281.0 0
1716028366709 282.0 0
1716028366863 283.0 0
1716028367015 284.0 0
1716028367165 285.0 0
1716028367324 286.0 0
1716028367482 287.0 0
1716028367634 288.0 0
1716028367787 289.0 0
1716028367939 290.0 0
1716028370042 291.0 0
1716028370194 292.0 0
1716028370348 293.0 0
1716028370513 294.0 0
1716028370682 295.0 0
1716028370850 296.0 0
1716028371005 297.0 0
1716028371155 298.0 0
1716028371311 299.0 0
1716028371463 300.0 0
1716028374127 301.0 0
1716028374281 302.0 0
1716028374437 303.0 0
1716028374640 304.0 0
1716028374795 305.0 0
1716028374951 306.0 0
1716028375113 307.0 0
1716028375275 308.0 0
1716028375438 309.0 0
1716028375614 310.0 0
1716028378005 311.0 0
1716028378175 312.0 0
1716028378339 313.0 0
1716028378500 314.0 0
1716028378672 315.0 0
1716028378841 316.0 0
1716028379007 317.0 0
1716028379170 318.0 0
1716028379333 319.0 0
1716028379494 320.0 0
1716028381785 321.0 0
1716028381938 322.0 0
1716028382098 323.0 0
1716028382277 324.0 0
1716028382562 325.0 0
1716028382756 326.0 0
1716028382915 327.0 0
1716028383076 328.0 0
1716028383236 329.0 0
1716028383395 330.0 0
1716028387069 331.0 0
1716028387235 332.0 0
1716028387400 333.0 0
1716028387563 334.0 0
1716028387730 335.0 0
1716028387903 336.0 0
1716028388085 337.0 0
1716028388255 338.0 0
1716028388419 339.0 0
1716028388595 340.0 0
1716028391524 341.0 0
1716028391679 342.0 0
1716028391830 343.0 0
1716028391996 344.0 0
1716028392184 345.0 0
1716028392339 346.0 0
1716028392496 347.0 0
1716028392658 348.0 0
1716028392813 349.0 0
1716028392967 350.0 0
1716028395701 351.0 0
1716028395869 352.0 0
1716028396031 353.0 0
1716028396187 354.0 0
1716028396355 355.0 0
1716028396508 356.0 0
1716028396663 357.0 0
1716028396833 358.0 0
1716028396997 359.0 0
1716028397159 360.0 0
1716028399614 361.0 0
1716028399864 362.0 0
1716028400079 363.0 0
1716028400249 364.0 0
1716028400428 365.0 0
1716028400592 366.0 0
1716028400752 367.0 0
1716028400915 368.0 0
1716028401077 369.0 0
1716028401237 370.0 0
1716028403701 371.0 0
1716028403853 372.0 0
1716028404008 373.0 0
1716028404162 374.0 0
1716028404316 375.0 0
1716028404470 376.0 0
1716028404624 377.0 0
1716028404830 378.0 0
1716028404983 379.0 0
1716028405135 380.0 0
1716028407415 381.0 0
1716028407576 382.0 0
1716028407727 383.0 0
1716028407877 384.0 0
1716028408029 385.0 0
1716028408184 386.0 0
1716028408339 387.0 0
1716028408493 388.0 0
1716028408653 389.0 0
1716028408818 390.0 0
1716028411080 391.0 0
1716028411249 392.0 0
1716028411404 393.0 0
1716028411568 394.0 0
1716028411732 395.0 0
1716028411885 396.0 0
1716028412039 397.0 0
1716028412194 398.0 0
1716028412347 399.0 0
1716028412506 400.0 0
1716028414858 401.0 0
1716028415016 402.0 0
1716028415170 403.0 0
1716028415325 404.0 0
1716028415480 405.0 0
1716028415636 406.0 0
1716028415791 407.0 0
1716028415944 408.0 0
1716028416099 409.0 0
1716028416255 410.0 0
1716028418289 411.0 0
1716028418447 412.0 0
1716028418606 413.0 0
1716028418755 414.0 0
1716028418969 415.0 0
1716028419204 416.0 0
1716028419401 417.0 0
1716028419566 418.0 0
1716028419733 419.0 0
1716028419894 420.0 0
1716028422273 421.0 0
1716028422430 422.0 0
1716028422584 423.0 0
1716028422739 424.0 0
1716028422893 425.0 0
