1716028263268 6.337725639343262 0
1716028263505 5.957814693450928 0
1716028263709 5.735125541687012 0
1716028263865 5.525954246520996 0
1716028264019 5.34822940826416 0
1716028264173 5.194982051849365 0
1716028264326 5.0167388916015625 0
1716028264482 4.842257022857666 0
1716028264671 4.681049823760986 0
1716028264834 4.539105415344238 0
1716028268891 4.417562007904053 0
1716028269090 4.307462215423584 0
1716028269261 4.191929340362549 0
1716028269422 4.032902717590332 0
1716028269586 3.9078173637390137 0
1716028269750 3.792910099029541 0
1716028269933 3.671220064163208 0
1716028270098 3.5388903617858887 0
1716028270263 3.4123127460479736 0
1716028270425 3.2908129692077637 0
1716028272942 3.1855385303497314 0
1716028273152 3.058164119720459 0
1716028273334 2.944456100463867 0
1716028273514 2.8318324089050293 0
1716028273669 2.7295613288879395 0
1716028273821 2.6398251056671143 0
1716028273979 2.5487096309661865 0
1716028274139 2.4622185230255127 0
1716028274295 2.361727237701416 0
1716028274449 2.2578022480010986 0
1716028276844 2.138887643814087 0
1716028276994 2.0346035957336426 0
1716028277157 1.9316518306732178 0
1716028277312 1.8392562866210938 0
1716028277475 1.7496541738510132 0
1716028277645 1.653437614440918 0
1716028277796 1.7553766965866089 0
1716028277947 1.7896205186843872 0
1716028278098 1.7117786407470703 0
1716028278249 1.6215689182281494 0
1716028280814 1.6518634557724 0
1716028280972 1.5164434909820557 0
1716028281153 1.4552690982818604 0
1716028281307 1.4224532842636108 0
1716028281462 1.3458459377288818 0
1716028281618 1.2832690477371216 0
1716028281770 1.2558104991912842 0
1716028281930 1.229845643043518 0
1716028282087 1.1862194538116455 0
1716028282242 1.141603708267212 0
1716028284592 1.1121846437454224 0
1716028284754 1.0812770128250122 0
1716028284911 1.0452139377593994 0
1716028285072 1.0180091857910156 0
1716028285229 0.9961795806884766 0
1716028285384 0.9618339538574219 0
1716028285539 0.9332189559936523 0
1716028285691 0.9097309112548828 0
1716028285845 0.8826574683189392 0
1716028286000 0.8510198593139648 0
1716028288236 0.8151295781135559 0
1716028288386 0.7666559815406799 0
1716028288543 0.6928102374076843 0
1716028288703 0.5936731100082397 0
1716028288860 0.48163270950317383 0
1716028289018 0.4028310775756836 0
1716028289173 0.35883983969688416 0
1716028289326 0.3307879865169525 0
1716028289483 0.3069230020046234 0
1716028289637 0.2805452346801758 0
1716028291761 0.25249114632606506 0
1716028291919 0.2227330505847931 0
1716028292072 0.1917499452829361 0
1716028292226 0.16380785405635834 0
1716028292380 0.14419211447238922 0
1716028292533 0.13433955609798431 0
1716028292684 0.12405961006879807 0
1716028292836 0.10804764926433563 0
1716028292989 0.09176664799451828 0
1716028293148 0.08137385547161102 0
1716028295173 0.07406125962734222 0
1716028295322 0.0666450783610344 0
1716028295472 0.06019806116819382 0
1716028295625 0.055385079234838486 0
1716028295778 0.05163648724555969 0
1716028295948 0.04825351759791374 0
1716028296098 0.0450996570289135 0
1716028296250 0.04240597039461136 0
1716028296400 0.04019569605588913 0
1716028296551 0.038212358951568604 0
1716028298581 0.03622139245271683 0
1716028298734 0.034200578927993774 0
1716028298885 0.03228510171175003 0
1716028299036 0.030612703412771225 0
1716028299187 0.029234183952212334 0
1716028299337 0.02810797467827797 0
1716028299488 0.027141842991113663 0
1716028299639 0.026241781190037727 0
1716028299790 0.02534809522330761 0
1716028299942 0.02444889210164547 0
1716028302132 0.023567672818899155 0
1716028302292 0.022738661617040634 0
1716028302436 0.0219879150390625 0
1716028302588 0.02132590487599373 0
1716028302738 0.020745370537042618 0
1716028302892 0.020228492096066475 0
1716028303044 0.019751638174057007 0
1716028303198 0.019294200465083122 0
1716028303347 0.018840735778212547 0
1716028303501 0.018386559560894966 0
1716028305527 0.01793537475168705 0
1716028305679 0.017496097832918167 0
1716028305832 0.017078658565878868 0
1716028305986 0.016690287739038467 0
1716028306136 0.016333293169736862 0
1716028306285 0.01600557565689087 0
1716028306436 0.015702640637755394 0
1716028306587 0.015417705290019512 0
1716028306739 0.015146137215197086 0
1716028306888 0.014884165488183498 0
1716028308895 0.014630130492150784 0
1716028309041 0.01438454445451498 0
1716028309193 0.014148205518722534 0
1716028309343 0.013922297395765781 0
1716028309504 0.013707565143704414 0
1716028309657 0.0135034853592515 0
1716028309808 0.013309666886925697 0
1716028309961 0.013124165125191212 0
1716028310112 0.012945855967700481 0
1716028310264 0.012773525901138783 0
1716028312311 0.012605831027030945 0
1716028312460 0.012442884966731071 0
1716028312612 0.012284313328564167 0
1716028312765 0.012130402959883213 0
1716028312918 0.011981463059782982 0
1716028313085 0.011837522499263287 0
1716028313238 0.011698444373905659 0
1716028313391 0.011564144864678383 0
1716028313543 0.011433737352490425 0
1716028313693 0.011307073757052422 0
1716028315982 0.011183381080627441 0
1716028316131 0.0110625596717 0
1716028316283 0.010943993926048279 0
1716028316436 0.010828171856701374 0
1716028316590 0.01071471069008112 0
1716028316741 0.010603748261928558 0
1716028316894 0.010495303198695183 0
1716028317044 0.010389337316155434 0
1716028317209 0.010285929776728153 0
1716028317358 0.01018477976322174 0
1716028319378 0.010085893794894218 0
1716028319528 0.009988926351070404 0
1716028319688 0.00989384762942791 0
1716028319839 0.009800511412322521 0
1716028319989 0.009708931669592857 0
1716028320143 0.009618906304240227 0
1716028320295 0.00953043345361948 0
1716028320446 0.009443740360438824 0
1716028320593 0.009358768351376057 0
1716028320744 0.009275264106690884 0
1716028322916 0.009193403646349907 0
1716028323073 0.009113065898418427 0
1716028323237 0.009034207090735435 0
1716028323390 0.008956545032560825 0
1716028323568 0.008880254812538624 0
1716028323720 0.008805124089121819 0
1716028323875 0.008731194771826267 0
1716028324027 0.008658349514007568 0
1716028324180 0.00858664233237505 0
1716028324335 0.008516081608831882 0
1716028326629 0.008446590974926949 0
1716028326850 0.00837833620607853 0
1716028327037 0.008310987614095211 0
1716028327202 0.008244815282523632 0
1716028327360 0.00817950814962387 0
1716028327514 0.008115259930491447 0
1716028327670 0.008051970042288303 0
1716028327826 0.007989692501723766 0
1716028327981 0.007928063161671162 0
1716028328135 0.007867423817515373 0
1716028330248 0.0078077721409499645 0
1716028330403 0.007748689968138933 0
1716028330571 0.007690601982176304 0
1716028330721 0.007633217144757509 0
1716028330877 0.007576634641736746 0
1716028331035 0.007520849350839853 0
1716028331192 0.007465756498277187 0
1716028331347 0.00741143524646759 0
1716028331503 0.0073579116724431515 0
1716028331652 0.007305039558559656 0
1716028334148 0.007252787705510855 0
1716028334303 0.007201292552053928 0
1716028334457 0.007150460500270128 0
1716028334614 0.007100160699337721 0
1716028334784 0.007050558924674988 0
1716028334940 0.007001570425927639 0
1716028335096 0.006953253410756588 0
1716028335253 0.006905578076839447 0
1716028335407 0.006858310662209988 0
1716028335562 0.006811719387769699 0
1716028337636 0.006765623111277819 0
1716028337792 0.006720128934830427 0
1716028337940 0.0066752308048307896 0
1716028338096 0.006630767602473497 0
1716028338248 0.006586852017790079 0
1716028338402 0.006543474737554789 0
1716028338559 0.006500579416751862 0
1716028338714 0.00645816745236516 0
1716028338880 0.006416247226297855 0
1716028339038 0.006374887190759182 0
1716028341344 0.006333904806524515 0
1716028341517 0.006293392274528742 0
1716028341674 0.006253304425626993 0
1716028341831 0.006213708780705929 0
1716028341985 0.0061745536513626575 0
1716028342139 0.006135798990726471 0
1716028342310 0.006097417790442705 0
1716028342477 0.00605957955121994 0
1716028342632 0.0060221487656235695 0
1716028342792 0.005984974559396505 0
1716028345024 0.005948310252279043 0
1716028345178 0.005911952815949917 0
1716028345332 0.0058760992251336575 0
1716028345494 0.005840427242219448 0
1716028345658 0.0058052935637533665 0
1716028345812 0.005770492367446423 0
1716028345967 0.005736048799008131 0
1716028346120 0.005701899994164705 0
1716028346271 0.005668151192367077 0
1716028346424 0.005634726490825415 0
1716028348408 0.005601722281426191 0
1716028348564 0.0055689881555736065 0
1716028348709 0.0055365352891385555 0
1716028348860 0.005504407454282045 0
1716028349014 0.005472607910633087 0
1716028349164 0.005441212095320225 0
1716028349318 0.0054100314155220985 0
1716028349469 0.005379145499318838 0
1716028349622 0.005348596256226301 0
1716028349781 0.005318299867212772 0
1716028352039 0.005288370419293642 0
1716028352239 0.005258714314550161 0
1716028352403 0.0052292984910309315 0
1716028352558 0.0052001518197357655 0
1716028352707 0.005171359516680241 0
1716028352858 0.0051427907310426235 0
1716028353009 0.005114415194839239 0
1716028353157 0.005086385179311037 0
1716028353309 0.005058604758232832 0
1716028353465 0.005031093023717403 0
1716028356130 0.005003792233765125 0
1716028356286 0.004976790864020586 0
1716028356471 0.004950092639774084 0
1716028356624 0.0049234540201723576 0
1716028356778 0.004897222854197025 0
1716028356936 0.0048711830750107765 0
1716028357104 0.004845302551984787 0
1716028357260 0.004819696303457022 0
1716028357417 0.004794287960976362 0
1716028357591 0.004769221879541874 0
1716028359713 0.004744286183267832 0
1716028359863 0.004719590302556753 0
1716028360015 0.004695071838796139 0
1716028360164 0.0046707806177437305 0
1716028360314 0.00464673014357686 0
1716028360466 0.004622883163392544 0
1716028360619 0.004599232692271471 0
1716028360772 0.004575794097036123 0
1716028360923 0.004552545491605997 0
1716028361078 0.004529536701738834 0
1716028363099 0.004506697412580252 0
1716028363248 0.004483954515308142 0
1716028363395 0.004461540840566158 0
1716028363554 0.004439228214323521 0
1716028363727 0.004417135380208492 0
1716028363880 0.0043952022679150105 0
1716028364030 0.004373489413410425 0
1716028364180 0.004351931624114513 0
1716028364333 0.004330623894929886 0
1716028364484 0.004309429787099361 0
1716028366554 0.004288374446332455 0
1716028366704 0.0042675556614995 0
1716028366857 0.004246871918439865 0
1716028367011 0.004226340912282467 0
1716028367160 0.004206053446978331 0
1716028367319 0.004185855388641357 0
1716028367478 0.004165796097368002 0
1716028367630 0.004145927261561155 0
1716028367782 0.004126226995140314 0
1716028367934 0.0041066622361540794 0
1716028370038 0.004087282810360193 0
1716028370190 0.00406800489872694 0
1716028370344 0.004048975650221109 0
1716028370509 0.004030040465295315 0
1716028370670 0.004011230543255806 0
1716028370847 0.00399259477853775 0
1716028371001 0.003974038641899824 0
1716028371150 0.003955723252147436 0
1716028371306 0.0039374930784106255 0
1716028371459 0.0039194440469145775 0
1716028374122 0.003901474643498659 0
1716028374273 0.00388366193510592 0
1716028374433 0.003865997539833188 0
1716028374635 0.0038484930992126465 0
1716028374791 0.0038310650270432234 0
1716028374945 0.0038138057570904493 0
1716028375109 0.003796597244217992 0
1716028375270 0.0037796504329890013 0
1716028375432 0.0037627543788403273 0
1716028375610 0.003745976835489273 0
1716028377997 0.003729380900040269 0
1716028378168 0.003712839214131236 0
1716028378336 0.0036964674945920706 0
1716028378496 0.0036802180111408234 0
1716028378658 0.0036640954203903675 0
1716028378837 0.0036480571143329144 0
1716028379003 0.00363215827383101 0
1716028379166 0.003616310190409422 0
1716028379329 0.003600643714889884 0
1716028379489 0.003585099708288908 0
1716028381781 0.003569602267816663 0
1716028381934 0.0035542447585612535 0
1716028382088 0.003538991790264845 0
1716028382272 0.0035238878335803747 0
1716028382552 0.003508800407871604 0
1716028382751 0.0034939199686050415 0
1716028382911 0.0034791368525475264 0
1716028383071 0.0034644086845219135 0
1716028383231 0.0034498500172048807 0
1716028383390 0.00343532906845212 0
1716028387051 0.0034208795987069607 0
1716028387227 0.0034065658692270517 0
1716028387389 0.0033923916053026915 0
1716028387559 0.003378344466909766 0
1716028387727 0.0033643560018390417 0
1716028387897 0.0033504392486065626 0
1716028388080 0.003336578141897917 0
1716028388250 0.003322881180793047 0
1716028388415 0.0033092990051954985 0
1716028388592 0.0032956996001303196 0
1716028391518 0.003282282268628478 0
1716028391676 0.003268953412771225 0
1716028391827 0.0032557393424212933 0
1716028391989 0.003242516191676259 0
1716028392178 0.0032294413540512323 0
1716028392334 0.00321645918302238 0
1716028392491 0.0032035282347351313 0
1716028392651 0.003190744901075959 0
1716028392809 0.0031780169811099768 0
1716028392961 0.003165310015901923 0
1716028395692 0.003152785124257207 0
1716028395861 0.0031402723398059607 0
1716028396026 0.0031279081013053656 0
1716028396183 0.003115547588095069 0
1716028396352 0.0031033356208354235 0
1716028396503 0.0030911618378013372 0
1716028396658 0.003079089103266597 0
1716028396824 0.003067071782425046 0
1716028396993 0.0030552067328244448 0
1716028397155 0.0030433584470301867 0
1716028399602 0.003031548112630844 0
1716028399849 0.0030198730528354645 0
1716028400075 0.0030082787852734327 0
1716028400243 0.002996714087203145 0
1716028400423 0.0029852851293981075 0
1716028400586 0.0029738470911979675 0
1716028400747 0.0029625066090375185 0
1716028400910 0.0029512462206184864 0
1716028401072 0.0029400961939245462 0
1716028401232 0.0029289291705936193 0
1716028403697 0.0029179484117776155 0
1716028403847 0.0029069248121231794 0
1716028404003 0.0028960539493709803 0
1716028404158 0.0028852256946265697 0
1716028404311 0.0028744309674948454 0
1716028404466 0.002863742411136627 0
1716028404620 0.0028530913405120373 0
1716028404825 0.002842529444023967 0
1716028404979 0.002832039725035429 0
1716028405130 0.002821587724611163 0
1716028407411 0.0028111825231462717 0
1716028407572 0.0028009042143821716 0
1716028407720 0.0027906387113034725 0
1716028407873 0.0027804789133369923 0
1716028408024 0.0027703489176928997 0
1716028408180 0.002760286210104823 0
1716028408334 0.0027503131423145533 0
1716028408489 0.0027403521817177534 0
1716028408649 0.0027304592076689005 0
1716028408812 0.0027206125669181347 0
1716028411071 0.002710901666432619 0
1716028411241 0.0027011355850845575 0
1716028411399 0.0026914712507277727 0
1716028411564 0.002681899582967162 0
1716028411728 0.002672353759407997 0
1716028411881 0.0026628882624208927 0
1716028412035 0.0026534779462963343 0
1716028412190 0.002644093008711934 0
1716028412343 0.0026347844395786524 0
1716028412502 0.002625513356178999 0
1716028414854 0.0026163102593272924 0
1716028415011 0.0026071369647979736 0
1716028415165 0.0025980272330343723 0
1716028415321 0.002588993636891246 0
1716028415476 0.0025799854192882776 0
1716028415631 0.002571040764451027 0
1716028415786 0.002562151523306966 0
1716028415939 0.0025533039588481188 0
1716028416094 0.0025445371866226196 0
1716028416250 0.0025357406120747328 0
1716028418283 0.0025270457845181227 0
1716028418441 0.002518376102671027 0
1716028418602 0.0025098000187426805 0
1716028418751 0.0025012705009430647 0
1716028418945 0.0024927875492721796 0
1716028419181 0.002484338590875268 0
1716028419398 0.0024759103544056416 0
1716028419561 0.002467507729306817 0
1716028419728 0.0024592068511992693 0
1716028419887 0.0024509397335350513 0
1716028422269 0.002442761790007353 0
1716028422426 0.0024345878046005964 0
1716028422579 0.002426405670121312 0
1716028422734 0.0024183590430766344 0
1716028422889 0.002410273998975754 0
