1716028263295 0.9309580326080322 0
1716028263543 0.23915696144104004 0
1716028263715 0.16704702377319336 0
1716028263871 0.15038108825683594 0
1716028264025 0.1504535675048828 0
1716028264179 0.1508347988128662 0
1716028264332 0.14986205101013184 0
1716028264503 0.16756820678710938 0
1716028264679 0.17312884330749512 0
1716028264842 0.15755510330200195 0
1716028268900 0.5474758148193359 0
1716028269099 0.19076299667358398 0
1716028269270 0.16761112213134766 0
1716028269429 0.15573978424072266 0
1716028269592 0.15988707542419434 0
1716028269757 0.1618058681488037 0
1716028269939 0.17861294746398926 0
1716028270105 0.16208505630493164 0
1716028270269 0.1612989902496338 0
1716028270432 0.15932178497314453 0
1716028272967 0.3356010913848877 0
1716028273161 0.18880605697631836 0
1716028273355 0.19091105461120605 0
1716028273520 0.1513991355895996 0
1716028273677 0.15336394309997559 0
1716028273831 0.15056324005126953 0
1716028273987 0.15230083465576172 0
1716028274148 0.157088041305542 0
1716028274303 0.15110492706298828 0
1716028274457 0.15060806274414062 0
1716028276850 0.21305441856384277 0
1716028277003 0.14985394477844238 0
1716028277164 0.15703296661376953 0
1716028277320 0.15047621726989746 0
1716028277486 0.16243791580200195 0
1716028277653 0.15831613540649414 0
1716028277804 0.14730334281921387 0
1716028277954 0.14702701568603516 0
1716028278105 0.1473400592803955 0
1716028278256 0.14642095565795898 0
1716028280825 0.4011518955230713 0
1716028280989 0.15972185134887695 0
1716028281161 0.16410493850708008 0
1716028281314 0.15013504028320312 0
1716028281470 0.1517808437347412 0
1716028281626 0.15205717086791992 0
1716028281779 0.15021181106567383 0
1716028281936 0.1521158218383789 0
1716028282096 0.1564159393310547 0
1716028282249 0.14987611770629883 0
1716028284603 0.4091200828552246 0
1716028284764 0.15794730186462402 0
1716028284923 0.15606284141540527 0
1716028285081 0.1538691520690918 0
1716028285237 0.15160608291625977 0
1716028285392 0.15170788764953613 0
1716028285546 0.1507260799407959 0
1716028285698 0.14799094200134277 0
1716028285853 0.15116071701049805 0
1716028286008 0.15102005004882812 0
1716028288244 0.18722820281982422 0
1716028288398 0.1500709056854248 0
1716028288551 0.1497187614440918 0
1716028288711 0.15331792831420898 0
1716028288869 0.1543416976928711 0
1716028289026 0.15407299995422363 0
1716028289181 0.1508021354675293 0
1716028289335 0.15048480033874512 0
1716028289492 0.15281915664672852 0
1716028289645 0.14905595779418945 0
1716028291767 0.17794084548950195 0
1716028291926 0.15525388717651367 0
1716028292080 0.1500539779663086 0
1716028292234 0.1506791114807129 0
1716028292388 0.15009212493896484 0
1716028292541 0.1491529941558838 0
1716028292691 0.14730119705200195 0
1716028292844 0.14920401573181152 0
1716028292996 0.1487290859222412 0
1716028293158 0.1576998233795166 0
1716028295179 0.16779804229736328 0
1716028295329 0.14624929428100586 0
1716028295483 0.15012717247009277 0
1716028295633 0.14500093460083008 0
1716028295792 0.15496277809143066 0
1716028295955 0.15879082679748535 0
1716028296106 0.14735627174377441 0
1716028296257 0.14804673194885254 0
1716028296408 0.1471400260925293 0
1716028296559 0.1471419334411621 0
1716028298588 0.18056392669677734 0
1716028298742 0.14607882499694824 0
1716028298893 0.14643311500549316 0
1716028299044 0.14711785316467285 0
1716028299195 0.14755988121032715 0
1716028299345 0.14627695083618164 0
1716028299496 0.14777183532714844 0
1716028299646 0.14716529846191406 0
1716028299797 0.1474158763885498 0
1716028299949 0.14806795120239258 0
1716028302139 0.17060089111328125 0
1716028302297 0.15468502044677734 0
1716028302444 0.14402174949645996 0
1716028302596 0.14866209030151367 0
1716028302749 0.14914321899414062 0
1716028302900 0.1471569538116455 0
1716028303054 0.1503911018371582 0
1716028303206 0.14772725105285645 0
1716028303356 0.14674878120422363 0
1716028303507 0.14706993103027344 0
1716028305534 0.17024016380310059 0
1716028305687 0.14935827255249023 0
1716028305839 0.14876508712768555 0
1716028305994 0.15119528770446777 0
1716028306143 0.1454758644104004 0
1716028306293 0.14646506309509277 0
1716028306444 0.14646196365356445 0
1716028306595 0.14819622039794922 0
1716028306747 0.14765095710754395 0
1716028306902 0.15167808532714844 0
1716028308902 0.21561717987060547 0
1716028309050 0.14508700370788574 0
1716028309201 0.14653706550598145 0
1716028309351 0.14671111106872559 0
1716028309516 0.16164684295654297 0
1716028309665 0.14499521255493164 0
1716028309815 0.14673280715942383 0
1716028309969 0.14959001541137695 0
1716028310120 0.1476900577545166 0
1716028310271 0.14792084693908691 0
1716028312317 0.19147276878356934 0
1716028312469 0.1482858657836914 0
1716028312620 0.14782214164733887 0
1716028312773 0.14890503883361816 0
1716028312932 0.15395903587341309 0
1716028313092 0.1554250717163086 0
1716028313246 0.1503911018371582 0
1716028313399 0.14893889427185059 0
1716028313550 0.14796996116638184 0
1716028313700 0.1463451385498047 0
1716028315989 0.1968400478363037 0
1716028316139 0.1464087963104248 0
1716028316292 0.15021920204162598 0
1716028316444 0.14786696434020996 0
1716028316598 0.15056920051574707 0
1716028316749 0.14748501777648926 0
1716028316901 0.14760613441467285 0
1716028317055 0.15034699440002441 0
1716028317216 0.15656280517578125 0
1716028317365 0.14559292793273926 0
1716028319385 0.16861391067504883 0
1716028319536 0.14764118194580078 0
1716028319696 0.15702486038208008 0
1716028319846 0.14664912223815918 0
1716028319997 0.14683222770690918 0
1716028320150 0.14923596382141113 0
1716028320302 0.14892005920410156 0
1716028320453 0.14687466621398926 0
1716028320601 0.14467406272888184 0
1716028320751 0.14694523811340332 0
1716028322923 0.2873260974884033 0
1716028323086 0.1567089557647705 0
1716028323245 0.15511488914489746 0
1716028323398 0.1501140594482422 0
1716028323575 0.172684907913208 0
1716028323728 0.1501150131225586 0
1716028323883 0.1511831283569336 0
1716028324035 0.14830493927001953 0
1716028324189 0.15013480186462402 0
1716028324344 0.1513199806213379 0
1716028326641 0.35114598274230957 0
1716028326864 0.21401596069335938 0
1716028327046 0.1754770278930664 0
1716028327211 0.1578822135925293 0
1716028327367 0.1532270908355713 0
1716028327522 0.15074920654296875 0
1716028327677 0.1520240306854248 0
1716028327833 0.1519312858581543 0
1716028327989 0.14856195449829102 0
1716028328143 0.15015912055969238 0
1716028330258 0.20193982124328613 0
1716028330410 0.1493539810180664 0
1716028330578 0.16351103782653809 0
1716028330731 0.15028023719787598 0
1716028330885 0.15047764778137207 0
1716028331044 0.15453505516052246 0
1716028331201 0.15339207649230957 0
1716028331356 0.1518111228942871 0
1716028331510 0.1478557586669922 0
1716028331664 0.1515967845916748 0
1716028334159 0.312762975692749 0
1716028334314 0.15169191360473633 0
1716028334466 0.14838409423828125 0
1716028334623 0.15314412117004395 0
1716028334792 0.16068768501281738 0
1716028334948 0.15227723121643066 0
1716028335104 0.15259170532226562 0
1716028335261 0.15369296073913574 0
1716028335415 0.14998817443847656 0
1716028335570 0.15147709846496582 0
1716028337643 0.17235493659973145 0
1716028337799 0.15297698974609375 0
1716028337949 0.14754700660705566 0
1716028338103 0.14929795265197754 0
1716028338256 0.14878582954406738 0
1716028338411 0.15199685096740723 0
1716028338566 0.15126705169677734 0
1716028338722 0.1522359848022461 0
1716028338891 0.16578078269958496 0
1716028339047 0.15171194076538086 0
1716028341362 0.244858980178833 0
1716028341525 0.1592261791229248 0
1716028341681 0.1530590057373047 0
1716028341839 0.1537027359008789 0
1716028341995 0.15290594100952148 0
1716028342148 0.14908599853515625 0
1716028342321 0.16983699798583984 0
1716028342484 0.15818285942077637 0
1716028342640 0.15232419967651367 0
1716028342801 0.15684914588928223 0
1716028345032 0.2765030860900879 0
1716028345188 0.1492750644683838 0
1716028345339 0.1482229232788086 0
1716028345503 0.16047000885009766 0
1716028345666 0.15788602828979492 0
1716028345820 0.1504497528076172 0
1716028345975 0.1503889560699463 0
1716028346127 0.1490161418914795 0
1716028346279 0.14831781387329102 0
1716028346432 0.14965510368347168 0
1716028348415 0.17430400848388672 0
1716028348569 0.15069007873535156 0
1716028348716 0.14421868324279785 0
1716028348868 0.14806199073791504 0
1716028349021 0.14944982528686523 0
1716028349172 0.1474471092224121 0
1716028349325 0.14870309829711914 0
1716028349477 0.14890503883361816 0
1716028349630 0.14911603927612305 0
1716028349788 0.14809393882751465 0
1716028352047 0.2993021011352539 0
1716028352256 0.20557808876037598 0
1716028352413 0.15268802642822266 0
1716028352565 0.1478891372680664 0
1716028352717 0.149000883102417 0
1716028352866 0.14537596702575684 0
1716028353017 0.1473221778869629 0
1716028353165 0.144927978515625 0
1716028353317 0.14839506149291992 0
1716028353476 0.15500187873840332 0
1716028356140 0.40808606147766113 0
1716028356304 0.15980982780456543 0
1716028356479 0.17085886001586914 0
1716028356633 0.14990711212158203 0
1716028356787 0.150007963180542 0
1716028356944 0.15372705459594727 0
1716028357112 0.16433978080749512 0
1716028357269 0.15257024765014648 0
1716028357426 0.15407991409301758 0
1716028357597 0.16695499420166016 0
1716028359722 0.17869091033935547 0
1716028359871 0.14607477188110352 0
1716028360023 0.14832210540771484 0
1716028360172 0.14536190032958984 0
1716028360323 0.1472320556640625 0
1716028360473 0.1471259593963623 0
1716028360627 0.15032482147216797 0
1716028360779 0.14835715293884277 0
1716028360931 0.14761590957641602 0
1716028361086 0.14803194999694824 0
1716028363106 0.17754602432250977 0
1716028363254 0.14471673965454102 0
1716028363403 0.14568805694580078 0
1716028363587 0.18040871620178223 0
1716028363735 0.1454930305480957 0
1716028363888 0.14838910102844238 0
1716028364037 0.14618492126464844 0
1716028364188 0.14714908599853516 0
1716028364341 0.1488807201385498 0
1716028364491 0.1468501091003418 0
1716028366561 0.19521093368530273 0
1716028366713 0.14797210693359375 0
1716028366867 0.1502528190612793 0
1716028367018 0.1469731330871582 0
1716028367168 0.1463308334350586 0
1716028367328 0.15679693222045898 0
1716028367486 0.1524660587310791 0
1716028367638 0.14840102195739746 0
1716028367790 0.1486959457397461 0
1716028367942 0.14795804023742676 0
1716028370045 0.16958999633789062 0
1716028370198 0.14963006973266602 0
1716028370351 0.1498579978942871 0
1716028370517 0.16265296936035156 0
1716028370688 0.16537117958068848 0
1716028370853 0.15988397598266602 0
1716028371007 0.1509711742401123 0
1716028371159 0.14952707290649414 0
1716028371314 0.151123046875 0
1716028371466 0.14864420890808105 0
1716028374130 0.4750339984893799 0
1716028374287 0.1540842056274414 0
1716028374441 0.15008807182312012 0
1716028374644 0.153609037399292 0
1716028374799 0.15140795707702637 0
1716028374956 0.15362977981567383 0
1716028375117 0.15648317337036133 0
1716028375278 0.1569530963897705 0
1716028375442 0.15982913970947266 0
1716028375617 0.1697978973388672 0
1716028378008 0.19848227500915527 0
1716028378179 0.16605615615844727 0
1716028378343 0.16005611419677734 0
1716028378503 0.1562938690185547 0
1716028378678 0.17149066925048828 0
1716028378845 0.16206693649291992 0
1716028379011 0.1618959903717041 0
1716028379173 0.15899014472961426 0
1716028379336 0.1577003002166748 0
1716028379498 0.15885424613952637 0
1716028381788 0.24306583404541016 0
1716028381941 0.15051889419555664 0
1716028382102 0.15776920318603516 0
1716028382301 0.1924748420715332 0
1716028382570 0.24842023849487305 0
1716028382759 0.17850899696350098 0
1716028382920 0.15734124183654785 0
1716028383080 0.15535998344421387 0
1716028383240 0.15583515167236328 0
1716028383398 0.15493392944335938 0
1716028387073 0.6351780891418457 0
1716028387239 0.16185975074768066 0
1716028387404 0.16144800186157227 0
1716028387567 0.15866899490356445 0
1716028387733 0.1598219871520996 0
1716028387909 0.17227911949157715 0
1716028388089 0.17587900161743164 0
1716028388259 0.1660909652709961 0
1716028388424 0.16144609451293945 0
1716028388598 0.1696321964263916 0
1716028391527 0.4067068099975586 0
1716028391681 0.14961981773376465 0
1716028391833 0.1484529972076416 0
1716028392006 0.16885781288146973 0
1716028392187 0.1710829734802246 0
1716028392342 0.15148711204528809 0
1716028392500 0.15366196632385254 0
1716028392662 0.15798091888427734 0
1716028392816 0.15144014358520508 0
1716028392970 0.15014100074768066 0
1716028395704 0.4430818557739258 0
1716028395872 0.16346073150634766 0
1716028396034 0.1587538719177246 0
1716028396191 0.15297293663024902 0
1716028396358 0.15572810173034668 0
1716028396511 0.14961981773376465 0
1716028396667 0.15198183059692383 0
1716028396837 0.16690301895141602 0
1716028397003 0.16163182258605957 0
1716028397163 0.1555008888244629 0
1716028399618 0.2499372959136963 0
1716028399873 0.24161672592163086 0
1716028400082 0.18421101570129395 0
1716028400253 0.16738510131835938 0
1716028400431 0.17371273040771484 0
1716028400595 0.16005468368530273 0
1716028400756 0.15747404098510742 0
1716028400919 0.15813112258911133 0
1716028401082 0.15899968147277832 0
1716028401241 0.1554548740386963 0
1716028403703 0.18262505531311035 0
1716028403856 0.14835691452026367 0
1716028404011 0.14776897430419922 0
1716028404166 0.15090608596801758 0
1716028404319 0.14950895309448242 0
1716028404474 0.15123796463012695 0
1716028404677 0.1991100311279297 0
1716028404834 0.15254998207092285 0
1716028404987 0.14900803565979004 0
1716028405138 0.14785504341125488 0
1716028407417 0.24055719375610352 0
1716028407579 0.1577589511871338 0
1716028407731 0.1489119529724121 0
1716028407880 0.1462547779083252 0
1716028408033 0.14914679527282715 0
1716028408188 0.15109610557556152 0
1716028408342 0.15111708641052246 0
1716028408499 0.1529381275177002 0
1716028408657 0.15166902542114258 0
1716028408821 0.1602470874786377 0
1716028411086 0.21577692031860352 0
1716028411253 0.1586601734161377 0
1716028411408 0.15131402015686035 0
1716028411573 0.16005921363830566 0
1716028411736 0.15837907791137695 0
1716028411889 0.14957070350646973 0
1716028412043 0.15014195442199707 0
1716028412198 0.15114808082580566 0
1716028412351 0.14917707443237305 0
1716028412510 0.15514540672302246 0
1716028414866 0.304368257522583 0
1716028415020 0.14964890480041504 0
1716028415174 0.15028810501098633 0
1716028415329 0.15137195587158203 0
1716028415483 0.15112900733947754 0
1716028415639 0.1526639461517334 0
1716028415794 0.15116310119628906 0
1716028415947 0.14946794509887695 0
1716028416103 0.15197992324829102 0
1716028416258 0.1513059139251709 0
1716028418294 0.1821589469909668 0
1716028418451 0.15233778953552246 0
1716028418609 0.15459394454956055 0
1716028418759 0.14622282981872559 0
1716028418972 0.21030116081237793 0
1716028419214 0.2366189956665039 0
1716028419404 0.18646621704101562 0
1716028419570 0.16339707374572754 0
1716028419736 0.16196918487548828 0
1716028419897 0.15699505805969238 0
1716028422276 0.18590784072875977 0
1716028422434 0.15471506118774414 0
1716028422588 0.15028810501098633 0
1716028422742 0.15007901191711426 0
1716028422900 0.15399622917175293 0
