1712053039843 121.84078979492188 0
1712053056183 133.635498046875 1
1712053071106 101.6881103515625 2
1712053098501 83.23275756835938 3
1712053126751 44.34477233886719 4
1712053144606 34.75504684448242 5
1712053163492 30.692188262939453 6
1712053184882 50.691429138183594 7
1712053191237 27.03737449645996 8
1712053195986 23.615095138549805 9
1712053202386 20.144256591796875 10
1712053217403 16.605253219604492 11
1712053222558 18.30139923095703 12
1712053229301 32.51844024658203 13
1712053242484 32.65016555786133 14
1712053259495 31.617713928222656 15
1712053272221 29.5710506439209 16
1712053300182 28.514373779296875 17
