1716358988155 1.0 0
1716358988972 2.0 0
1716358989523 3.0 0
1716358990053 4.0 0
1716358990613 5.0 0
1716358991118 6.0 0
1716358991633 7.0 0
1716358992130 8.0 0
1716358992627 9.0 0
1716358993107 10.0 0
1716358999378 11.0 0
1716358999976 12.0 0
1716359000489 13.0 0
1716359001015 14.0 0
1716359001547 15.0 0
1716359002081 16.0 0
1716359002587 17.0 0
1716359003097 18.0 0
1716359003617 19.0 0
1716359004178 20.0 0
1716359008391 21.0 0
1716359008889 22.0 0
1716359009401 23.0 0
1716359009905 24.0 0
1716359010411 25.0 0
1716359010936 26.0 0
1716359011447 27.0 0
1716359011939 28.0 0
1716359012444 29.0 0
1716359012956 30.0 0
1716359016157 31.0 0
1716359016651 32.0 0
1716359017161 33.0 0
1716359017662 34.0 0
1716359018164 35.0 0
1716359018658 36.0 0
1716359019157 37.0 0
1716359019660 38.0 0
1716359020163 39.0 0
1716359020680 40.0 0
1716359023841 41.0 0
1716359024320 42.0 0
1716359024830 43.0 0
1716359025368 44.0 0
1716359025880 45.0 0
1716359026372 46.0 0
1716359026868 47.0 0
1716359027392 48.0 0
1716359027908 49.0 0
1716359028404 50.0 0
1716359031559 51.0 0
1716359032064 52.0 0
1716359032539 53.0 0
1716359033026 54.0 0
1716359033551 55.0 0
1716359034057 56.0 0
1716359034567 57.0 0
1716359035100 58.0 0
1716359035610 59.0 0
1716359036095 60.0 0
1716359039371 61.0 0
1716359039866 62.0 0
1716359040368 63.0 0
1716359040865 64.0 0
1716359041365 65.0 0
1716359041850 66.0 0
1716359042340 67.0 0
1716359042848 68.0 0
1716359043362 69.0 0
1716359043878 70.0 0
1716359047010 71.0 0
1716359047491 72.0 0
1716359048003 73.0 0
1716359048492 74.0 0
1716359048992 75.0 0
1716359049506 76.0 0
1716359050013 77.0 0
1716359050500 78.0 0
1716359051008 79.0 0
1716359051521 80.0 0
1716359054828 81.0 0
1716359055327 82.0 0
1716359055819 83.0 0
1716359056328 84.0 0
1716359056844 85.0 0
1716359057345 86.0 0
1716359057844 87.0 0
1716359058338 88.0 0
1716359058839 89.0 0
1716359059340 90.0 0
1716359062832 91.0 0
1716359063334 92.0 0
1716359063839 93.0 0
1716359064344 94.0 0
1716359064843 95.0 0
1716359065345 96.0 0
1716359065838 97.0 0
1716359066350 98.0 0
1716359066859 99.0 0
1716359067368 100.0 0
1716359070773 101.0 0
1716359071276 102.0 0
1716359071802 103.0 0
1716359072305 104.0 0
1716359072809 105.0 0
1716359073316 106.0 0
1716359073829 107.0 0
1716359074329 108.0 0
1716359074844 109.0 0
1716359075358 110.0 0
1716359078542 111.0 0
1716359079049 112.0 0
1716359079561 113.0 0
1716359080094 114.0 0
1716359080614 115.0 0
1716359081138 116.0 0
1716359081648 117.0 0
1716359082163 118.0 0
1716359082672 119.0 0
1716359083194 120.0 0
1716359086481 121.0 0
1716359086976 122.0 0
1716359087487 123.0 0
1716359088020 124.0 0
1716359088534 125.0 0
1716359089036 126.0 0
1716359089574 127.0 0
1716359090099 128.0 0
1716359090605 129.0 0
1716359091112 130.0 0
1716359094734 131.0 0
1716359095230 132.0 0
1716359095741 133.0 0
1716359096238 134.0 0
1716359096734 135.0 0
1716359097244 136.0 0
1716359097758 137.0 0
1716359098254 138.0 0
1716359098762 139.0 0
1716359099284 140.0 0
1716359102490 141.0 0
1716359102990 142.0 0
1716359103499 143.0 0
1716359104007 144.0 0
1716359104526 145.0 0
1716359105037 146.0 0
1716359105535 147.0 0
1716359106052 148.0 0
1716359106546 149.0 0
1716359107049 150.0 0
1716359110223 151.0 0
1716359110700 152.0 0
1716359111192 153.0 0
1716359111705 154.0 0
1716359112220 155.0 0
1716359112720 156.0 0
1716359113240 157.0 0
1716359113763 158.0 0
1716359114310 159.0 0
1716359114819 160.0 0
1716359118016 161.0 0
1716359118500 162.0 0
1716359118992 163.0 0
1716359119486 164.0 0
1716359120011 165.0 0
1716359120533 166.0 0
1716359121028 167.0 0
1716359121528 168.0 0
1716359122030 169.0 0
1716359122556 170.0 0
1716359125568 171.0 0
1716359126089 172.0 0
1716359126605 173.0 0
1716359127103 174.0 0
1716359127611 175.0 0
1716359128139 176.0 0
1716359128653 177.0 0
1716359129151 178.0 0
1716359129653 179.0 0
1716359130163 180.0 0
1716359133934 181.0 0
1716359134440 182.0 0
1716359134966 183.0 0
1716359135455 184.0 0
1716359135968 185.0 0
1716359136494 186.0 0
1716359136994 187.0 0
1716359137510 188.0 0
1716359138021 189.0 0
1716359138532 190.0 0
1716359141868 191.0 0
1716359142369 192.0 0
1716359142870 193.0 0
1716359143372 194.0 0
1716359143893 195.0 0
1716359144408 196.0 0
1716359144895 197.0 0
1716359145407 198.0 0
1716359145897 199.0 0
1716359146402 200.0 0
1716359149566 201.0 0
1716359150049 202.0 0
1716359150552 203.0 0
1716359151066 204.0 0
1716359151570 205.0 0
1716359152112 206.0 0
1716359152638 207.0 0
1716359153143 208.0 0
1716359153650 209.0 0
1716359154158 210.0 0
1716359157137 211.0 0
1716359157634 212.0 0
1716359158158 213.0 0
1716359158662 214.0 0
1716359159177 215.0 0
1716359159699 216.0 0
1716359160193 217.0 0
1716359160701 218.0 0
1716359161210 219.0 0
1716359161733 220.0 0
1716359164967 221.0 0
1716359165477 222.0 0
1716359166005 223.0 0
1716359166511 224.0 0
1716359167025 225.0 0
1716359167548 226.0 0
1716359168055 227.0 0
1716359168580 228.0 0
1716359169099 229.0 0
1716359169613 230.0 0
1716359172749 231.0 0
1716359173230 232.0 0
1716359173727 233.0 0
1716359174253 234.0 0
1716359174786 235.0 0
1716359175295 236.0 0
1716359175801 237.0 0
1716359176298 238.0 0
1716359176804 239.0 0
1716359177307 240.0 0
1716359181076 241.0 0
1716359181566 242.0 0
1716359182082 243.0 0
1716359182595 244.0 0
1716359183104 245.0 0
1716359183618 246.0 0
1716359184118 247.0 0
1716359184633 248.0 0
1716359185156 249.0 0
1716359185670 250.0 0
1716359188869 251.0 0
1716359189346 252.0 0
1716359189866 253.0 0
1716359190393 254.0 0
1716359190888 255.0 0
1716359191398 256.0 0
1716359191910 257.0 0
1716359192412 258.0 0
1716359192921 259.0 0
1716359193438 260.0 0
1716359196551 261.0 0
1716359197038 262.0 0
1716359197562 263.0 0
1716359198075 264.0 0
1716359198595 265.0 0
1716359199098 266.0 0
1716359199606 267.0 0
1716359200139 268.0 0
1716359200645 269.0 0
1716359201145 270.0 0
1716359204360 271.0 0
1716359204872 272.0 0
1716359205370 273.0 0
1716359205893 274.0 0
1716359206396 275.0 0
1716359206896 276.0 0
1716359207404 277.0 0
1716359207929 278.0 0
1716359208437 279.0 0
1716359208927 280.0 0
1716359212448 281.0 0
1716359212928 282.0 0
1716359213450 283.0 0
1716359213976 284.0 0
1716359214490 285.0 0
1716359215014 286.0 0
1716359215531 287.0 0
1716359216040 288.0 0
1716359216560 289.0 0
1716359217049 290.0 0
1716359220295 291.0 0
1716359220800 292.0 0
1716359221331 293.0 0
1716359221853 294.0 0
1716359222354 295.0 0
1716359222859 296.0 0
1716359223371 297.0 0
1716359223884 298.0 0
1716359224391 299.0 0
1716359224893 300.0 0
1716359228164 301.0 0
1716359228661 302.0 0
1716359229163 303.0 0
1716359229659 304.0 0
1716359230162 305.0 0
1716359230663 306.0 0
1716359231173 307.0 0
1716359231678 308.0 0
1716359232183 309.0 0
1716359232702 310.0 0
1716359235780 311.0 0
1716359236269 312.0 0
1716359236778 313.0 0
1716359237302 314.0 0
1716359237819 315.0 0
1716359238318 316.0 0
1716359238830 317.0 0
1716359239351 318.0 0
1716359239851 319.0 0
1716359240365 320.0 0
1716359244370 321.0 0
1716359244855 322.0 0
1716359245386 323.0 0
1716359245895 324.0 0
1716359246411 325.0 0
1716359246920 326.0 0
1716359247440 327.0 0
1716359247949 328.0 0
1716359248450 329.0 0
1716359248957 330.0 0
1716359252413 331.0 0
1716359252917 332.0 0
1716359253431 333.0 0
1716359253931 334.0 0
1716359254452 335.0 0
1716359254971 336.0 0
1716359255477 337.0 0
1716359255985 338.0 0
1716359256490 339.0 0
1716359256993 340.0 0
1716359260215 341.0 0
1716359260726 342.0 0
1716359261243 343.0 0
1716359261767 344.0 0
1716359262283 345.0 0
1716359262783 346.0 0
1716359263290 347.0 0
1716359263810 348.0 0
1716359264309 349.0 0
1716359264797 350.0 0
1716359268611 351.0 0
1716359269113 352.0 0
1716359269624 353.0 0
1716359270122 354.0 0
1716359270633 355.0 0
1716359271142 356.0 0
1716359271640 357.0 0
1716359272125 358.0 0
1716359272621 359.0 0
1716359273153 360.0 0
1716359276544 361.0 0
1716359277102 362.0 0
1716359277602 363.0 0
1716359278099 364.0 0
1716359278599 365.0 0
1716359279108 366.0 0
1716359279616 367.0 0
1716359280098 368.0 0
1716359280602 369.0 0
1716359281107 370.0 0
1716359284191 371.0 0
1716359284687 372.0 0
1716359285220 373.0 0
1716359285723 374.0 0
1716359286212 375.0 0
1716359286697 376.0 0
1716359287200 377.0 0
1716359287715 378.0 0
1716359288224 379.0 0
1716359288757 380.0 0
1716359291761 381.0 0
1716359292253 382.0 0
1716359292756 383.0 0
1716359293282 384.0 0
1716359293799 385.0 0
1716359294309 386.0 0
1716359294806 387.0 0
1716359295303 388.0 0
1716359295815 389.0 0
1716359296330 390.0 0
1716359300723 391.0 0
1716359301227 392.0 0
1716359301756 393.0 0
1716359302264 394.0 0
1716359302763 395.0 0
1716359303284 396.0 0
1716359303805 397.0 0
1716359304309 398.0 0
1716359304810 399.0 0
1716359305302 400.0 0
1716359308984 401.0 0
1716359309482 402.0 0
1716359310007 403.0 0
1716359310534 404.0 0
1716359311060 405.0 0
1716359311563 406.0 0
1716359312068 407.0 0
1716359312581 408.0 0
1716359313080 409.0 0
1716359313616 410.0 0
1716359320041 411.0 0
1716359320551 412.0 0
1716359321075 413.0 0
1716359321605 414.0 0
1716359322102 415.0 0
1716359322615 416.0 0
1716359323117 417.0 0
1716359323630 418.0 0
1716359324145 419.0 0
1716359324670 420.0 0
1716359329231 421.0 0
1716359329736 422.0 0
1716359330243 423.0 0
1716359330761 424.0 0
1716359331261 425.0 0
1716359331750 426.0 0
1716359332264 427.0 0
1716359332776 428.0 0
1716359333296 429.0 0
1716359333827 430.0 0
1716359339186 431.0 0
1716359339733 432.0 0
1716359340251 433.0 0
1716359340779 434.0 0
1716359341337 435.0 0
1716359341858 436.0 0
1716359342371 437.0 0
1716359342867 438.0 0
1716359343431 439.0 0
1716359343956 440.0 0
1716359348693 441.0 0
1716359349189 442.0 0
1716359349744 443.0 0
1716359350273 444.0 0
1716359350795 445.0 0
1716359351325 446.0 0
1716359351832 447.0 0
1716359352353 448.0 0
1716359352863 449.0 0
1716359353366 450.0 0
1716359358257 451.0 0
1716359358765 452.0 0
1716359359289 453.0 0
1716359359810 454.0 0
1716359360359 455.0 0
1716359360875 456.0 0
1716359361414 457.0 0
1716359361937 458.0 0
1716359362476 459.0 0
1716359362993 460.0 0
1716359367618 461.0 0
1716359368125 462.0 0
1716359368656 463.0 0
1716359369161 464.0 0
1716359369665 465.0 0
1716359370183 466.0 0
1716359370697 467.0 0
1716359371201 468.0 0
1716359371698 469.0 0
1716359372216 470.0 0
1716359376821 471.0 0
1716359377319 472.0 0
1716359377817 473.0 0
1716359378316 474.0 0
1716359378827 475.0 0
1716359379336 476.0 0
1716359379833 477.0 0
1716359380340 478.0 0
1716359380841 479.0 0
1716359381348 480.0 0
1716359386585 481.0 0
1716359387086 482.0 0
1716359387617 483.0 0
1716359388122 484.0 0
1716359388633 485.0 0
1716359389126 486.0 0
1716359389620 487.0 0
1716359390133 488.0 0
1716359390643 489.0 0
1716359391154 490.0 0
1716359396180 491.0 0
1716359396690 492.0 0
1716359397234 493.0 0
1716359397748 494.0 0
1716359398251 495.0 0
1716359398794 496.0 0
1716359399370 497.0 0
1716359399953 498.0 0
1716359400493 499.0 0
1716359401033 500.0 0
1716359405816 501.0 0
1716359406310 502.0 0
1716359406814 503.0 0
1716359407322 504.0 0
1716359407818 505.0 0
1716359408319 506.0 0
1716359408832 507.0 0
1716359409336 508.0 0
1716359409825 509.0 0
1716359410335 510.0 0
1716359414864 511.0 0
1716359415354 512.0 0
1716359415866 513.0 0
1716359416386 514.0 0
1716359416891 515.0 0
1716359417401 516.0 0
1716359417918 517.0 0
1716359418437 518.0 0
1716359418947 519.0 0
1716359419459 520.0 0
1716359424794 521.0 0
1716359425307 522.0 0
1716359425857 523.0 0
1716359426406 524.0 0
1716359426914 525.0 0
1716359427434 526.0 0
1716359427956 527.0 0
1716359428465 528.0 0
1716359428969 529.0 0
1716359429464 530.0 0
1716359433966 531.0 0
1716359434453 532.0 0
1716359434946 533.0 0
1716359435468 534.0 0
1716359435996 535.0 0
1716359436509 536.0 0
1716359437016 537.0 0
1716359437530 538.0 0
1716359438159 539.0 0
1716359438674 540.0 0
1716359442257 541.0 0
1716359442760 542.0 0
1716359443291 543.0 0
1716359443813 544.0 0
1716359444331 545.0 0
1716359444843 546.0 0
1716359445365 547.0 0
1716359445865 548.0 0
1716359446365 549.0 0
1716359446872 550.0 0
1716359450142 551.0 0
1716359450623 552.0 0
1716359451150 553.0 0
1716359451669 554.0 0
1716359452162 555.0 0
1716359452673 556.0 0
1716359453175 557.0 0
1716359453669 558.0 0
1716359454172 559.0 0
1716359454689 560.0 0
1716359457923 561.0 0
1716359458415 562.0 0
1716359458930 563.0 0
1716359459424 564.0 0
1716359459938 565.0 0
1716359460450 566.0 0
1716359460952 567.0 0
1716359461445 568.0 0
1716359461955 569.0 0
1716359462461 570.0 0
1716359465618 571.0 0
1716359466115 572.0 0
1716359466621 573.0 0
1716359467124 574.0 0
1716359467622 575.0 0
1716359468123 576.0 0
1716359468640 577.0 0
1716359469152 578.0 0
1716359469642 579.0 0
1716359470145 580.0 0
1716359473526 581.0 0
1716359474030 582.0 0
1716359474555 583.0 0
1716359475082 584.0 0
1716359475605 585.0 0
1716359476121 586.0 0
1716359476615 587.0 0
1716359477108 588.0 0
1716359477617 589.0 0
1716359478125 590.0 0
1716359481417 591.0 0
1716359481917 592.0 0
1716359482446 593.0 0
1716359482968 594.0 0
1716359483459 595.0 0
1716359483953 596.0 0
1716359484451 597.0 0
1716359484944 598.0 0
1716359485448 599.0 0
1716359485942 600.0 0
1716359489464 601.0 0
1716359490019 602.0 0
1716359490559 603.0 0
1716359491083 604.0 0
1716359491600 605.0 0
1716359492106 606.0 0
1716359492622 607.0 0
1716359493122 608.0 0
1716359493650 609.0 0
1716359494178 610.0 0
1716359498419 611.0 0
1716359498952 612.0 0
1716359499481 613.0 0
1716359499996 614.0 0
1716359500539 615.0 0
1716359501082 616.0 0
1716359501581 617.0 0
1716359502096 618.0 0
1716359502593 619.0 0
1716359503086 620.0 0
1716359506985 621.0 0
1716359507466 622.0 0
1716359507987 623.0 0
1716359508529 624.0 0
1716359509029 625.0 0
1716359509529 626.0 0
1716359510036 627.0 0
1716359510539 628.0 0
1716359511042 629.0 0
1716359511550 630.0 0
1716359514550 631.0 0
1716359515067 632.0 0
1716359515592 633.0 0
1716359516096 634.0 0
1716359516590 635.0 0
1716359517090 636.0 0
1716359517605 637.0 0
1716359518096 638.0 0
1716359518598 639.0 0
1716359519098 640.0 0
1716359522135 641.0 0
1716359522668 642.0 0
1716359523205 643.0 0
1716359523735 644.0 0
1716359524322 645.0 0
1716359524926 646.0 0
1716359525464 647.0 0
1716359526007 648.0 0
