1716358988119 8.10745620727539 0
1716358988952 7.4963531494140625 0
1716358989484 7.28433895111084 0
1716358990035 7.250473976135254 0
1716358990605 7.173816680908203 0
1716358991105 6.935845375061035 0
1716358991611 6.770883560180664 0
1716358992118 6.80437707901001 0
1716358992621 6.703646183013916 0
1716358993101 6.603850364685059 0
1716358999350 6.493505954742432 0
1716358999949 6.392240047454834 0
1716359000477 6.309277534484863 0
1716359001002 6.247287273406982 0
1716359001530 6.197011470794678 0
1716359002069 6.130566596984863 0
1716359002577 6.059089183807373 0
1716359003086 5.973686695098877 0
1716359003602 5.84920597076416 0
1716359004161 5.785316467285156 0
1716359008373 5.7199320793151855 0
1716359008872 5.623795986175537 0
1716359009387 5.511490345001221 0
1716359009893 5.458596706390381 0
1716359010394 5.398366451263428 0
1716359010910 5.321757793426514 0
1716359011434 5.234640598297119 0
1716359011929 5.126286029815674 0
1716359012431 5.0124053955078125 0
1716359012937 4.926095962524414 0
1716359016143 4.847431659698486 0
1716359016627 4.760333061218262 0
1716359017149 4.660931587219238 0
1716359017649 4.577277660369873 0
1716359018147 4.482532978057861 0
1716359018646 4.3818440437316895 0
1716359019142 4.281987190246582 0
1716359019646 4.185618877410889 0
1716359020146 4.0946855545043945 0
1716359020662 4.006104469299316 0
1716359023825 3.919034242630005 0
1716359024310 3.842843532562256 0
1716359024814 3.774468183517456 0
1716359025341 3.7094712257385254 0
1716359025865 3.648125171661377 0
1716359026361 3.5953221321105957 0
1716359026855 3.542267322540283 0
1716359027374 3.489027976989746 0
1716359027896 3.439361572265625 0
1716359028391 3.391428232192993 0
1716359031541 3.342393636703491 0
1716359032050 3.293011426925659 0
1716359032531 3.2496755123138428 0
1716359033006 3.2080297470092773 0
1716359033535 3.166114091873169 0
1716359034040 3.124880790710449 0
1716359034552 3.0857694149017334 0
1716359035072 3.048126220703125 0
1716359035598 3.010246992111206 0
1716359036084 2.9733612537384033 0
1716359039364 2.9367246627807617 0
1716359039842 2.900949001312256 0
1716359040354 2.864982843399048 0
1716359040848 2.82928204536438 0
1716359041344 2.7965588569641113 0
1716359041839 2.766043186187744 0
1716359042328 2.738053560256958 0
1716359042831 2.709733247756958 0
1716359043344 2.680887460708618 0
1716359043863 2.6527321338653564 0
1716359046992 2.624983310699463 0
1716359047472 2.596578359603882 0
1716359047989 2.5686895847320557 0
1716359048482 2.541010856628418 0
1716359048975 2.51208758354187 0
1716359049492 2.4835269451141357 0
1716359049998 2.455632209777832 0
1716359050488 2.426758289337158 0
1716359050992 2.398771286010742 0
1716359051507 2.373718738555908 0
1716359054817 2.3486647605895996 0
1716359055310 2.326814889907837 0
1716359055809 2.305490016937256 0
1716359056309 2.2830655574798584 0
1716359056828 2.26102614402771 0
1716359057333 2.233705520629883 0
1716359057829 2.2289016246795654 0
1716359058322 2.209338665008545 0
1716359058827 2.1878609657287598 0
1716359059325 2.1678831577301025 0
1716359062817 2.1481056213378906 0
1716359063305 2.1270334720611572 0
1716359063825 2.1073296070098877 0
1716359064329 2.0804550647735596 0
1716359064828 2.0725648403167725 0
1716359065331 2.0613820552825928 0
1716359065826 2.0374677181243896 0
1716359066326 2.0220654010772705 0
1716359066846 2.0116167068481445 0
1716359067351 2.0023837089538574 0
1716359070749 1.9950766563415527 0
1716359071253 1.9786710739135742 0
1716359071783 1.9666719436645508 0
1716359072291 1.9529263973236084 0
1716359072797 1.9373022317886353 0
1716359073296 1.9239293336868286 0
1716359073814 1.9120681285858154 0
1716359074314 1.9499822854995728 0
1716359074826 2.2463788986206055 0
1716359075343 2.1860125064849854 0
1716359078534 2.204742908477783 0
1716359079019 2.2279324531555176 0
1716359079543 2.193429470062256 0
1716359080078 2.155052900314331 0
1716359080597 2.121882200241089 0
1716359081122 2.1035993099212646 0
1716359081630 2.07702374458313 0
1716359082147 2.0558860301971436 0
1716359082655 2.030989408493042 0
1716359083168 2.018422842025757 0
1716359086457 2.0027074813842773 0
1716359086959 1.9775458574295044 0
1716359087470 1.9575117826461792 0
1716359087991 1.9355863332748413 0
1716359088517 1.9135799407958984 0
1716359089023 1.8908450603485107 0
1716359089554 1.8802263736724854 0
1716359090082 1.8607263565063477 0
1716359090582 1.8342236280441284 0
1716359091102 1.8204753398895264 0
1716359094723 1.806037425994873 0
1716359095204 1.7917988300323486 0
1716359095729 1.7756074666976929 0
1716359096225 1.7610516548156738 0
1716359096719 1.7481344938278198 0
1716359097231 1.7366702556610107 0
1716359097741 1.7397669553756714 0
1716359098243 1.721852421760559 0
1716359098744 1.7160059213638306 0
1716359099268 1.7295188903808594 0
1716359102479 1.7460768222808838 0
1716359102977 1.7025160789489746 0
1716359103486 1.6890779733657837 0
1716359103992 1.6908849477767944 0
1716359104500 1.6906006336212158 0
1716359105023 1.6829359531402588 0
1716359105521 1.673288345336914 0
1716359106037 1.669754981994629 0
1716359106532 1.662286400794983 0
1716359107032 1.648202657699585 0
1716359110211 1.6362793445587158 0
1716359110686 1.6277053356170654 0
1716359111180 1.6214942932128906 0
1716359111678 1.6134029626846313 0
1716359112208 1.605322241783142 0
1716359112707 1.5973002910614014 0
1716359113212 1.5886173248291016 0
1716359113745 1.579409122467041 0
1716359114290 1.5702999830245972 0
1716359114807 1.5634535551071167 0
1716359118001 1.5575884580612183 0
1716359118487 1.5520271062850952 0
1716359118980 1.5426223278045654 0
1716359119473 1.5341395139694214 0
1716359119986 1.528017282485962 0
1716359120518 1.5215075016021729 0
1716359121012 1.5146037340164185 0
1716359121514 1.5086232423782349 0
1716359122012 1.5029925107955933 0
1716359122540 1.4959158897399902 0
1716359125542 1.4887956380844116 0
1716359126074 1.4829683303833008 0
1716359126593 1.4773356914520264 0
1716359127088 1.4705185890197754 0
1716359127593 1.4651480913162231 0
1716359128115 1.4584341049194336 0
1716359128639 1.4523414373397827 0
1716359129138 1.4466564655303955 0
1716359129640 1.4404668807983398 0
1716359130145 1.4351866245269775 0
1716359133921 1.430241346359253 0
1716359134414 1.4234795570373535 0
1716359134949 1.4219295978546143 0
1716359135445 1.438655138015747 0
1716359135951 1.4499719142913818 0
1716359136480 1.4616228342056274 0
1716359136977 1.4663240909576416 0
1716359137495 1.4531439542770386 0
1716359138003 1.4336168766021729 0
1716359138516 1.4268022775650024 0
1716359141852 1.4161145687103271 0
1716359142337 1.4034416675567627 0
1716359142859 1.398184061050415 0
1716359143358 1.3890408277511597 0
1716359143861 1.3890373706817627 0
1716359144393 1.4164371490478516 0
1716359144883 1.5166597366333008 0
1716359145388 1.5561027526855469 0
1716359145885 1.4544563293457031 0
1716359146387 1.562222957611084 0
1716359149552 1.6439073085784912 0
1716359150039 1.64042067527771 0
1716359150537 1.6532553434371948 0
1716359151049 1.6066327095031738 0
1716359151559 1.5983610153198242 0
1716359152090 1.5677142143249512 0
1716359152620 1.5384156703948975 0
1716359153129 1.5234392881393433 0
1716359153633 1.4894192218780518 0
1716359154142 1.457615613937378 0
1716359157123 1.4564892053604126 0
1716359157602 1.4455782175064087 0
1716359158140 1.4183238744735718 0
1716359158651 1.4155629873275757 0
1716359159159 1.409728765487671 0
1716359159680 1.3935422897338867 0
1716359160183 1.380537986755371 0
1716359160686 1.3656399250030518 0
1716359161193 1.3498971462249756 0
1716359161715 1.339322566986084 0
1716359164944 1.3321927785873413 0
1716359165449 1.321898102760315 0
1716359165987 1.3091055154800415 0
1716359166495 1.3019238710403442 0
1716359167005 1.2957979440689087 0
1716359167531 1.2870718240737915 0
1716359168038 1.279270887374878 0
1716359168562 1.271787405014038 0
1716359169082 1.2647491693496704 0
1716359169598 1.2591511011123657 0
1716359172739 1.2523391246795654 0
1716359173217 1.2445727586746216 0
1716359173715 1.239766240119934 0
1716359174226 1.2331489324569702 0
1716359174757 1.2259016036987305 0
1716359175283 1.2219527959823608 0
1716359175785 1.2182557582855225 0
1716359176286 1.2115041017532349 0
1716359176787 1.2073804140090942 0
1716359177291 1.203052282333374 0
1716359181049 1.1966959238052368 0
1716359181556 1.1937191486358643 0
1716359182059 1.1909230947494507 0
1716359182580 1.1851465702056885 0
1716359183086 1.1813769340515137 0
1716359183605 1.1773898601531982 0
1716359184106 1.1718188524246216 0
1716359184608 1.1697248220443726 0
1716359185139 1.1655900478363037 0
1716359185657 1.1602275371551514 0
1716359188854 1.1578902006149292 0
1716359189334 1.1541173458099365 0
1716359189848 1.1493903398513794 0
1716359190379 1.1462534666061401 0
1716359190876 1.1428966522216797 0
1716359191384 1.1404801607131958 0
1716359191887 1.1369391679763794 0
1716359192401 1.1331369876861572 0
1716359192904 1.1312429904937744 0
1716359193425 1.1263052225112915 0
1716359196541 1.1248717308044434 0
1716359197015 1.121945858001709 0
1716359197544 1.117684006690979 0
1716359198054 1.1152623891830444 0
1716359198579 1.11220383644104 0
1716359199084 1.1086674928665161 0
1716359199589 1.1055681705474854 0
1716359200111 1.1035288572311401 0
1716359200631 1.1005324125289917 0
1716359201130 1.0968676805496216 0
1716359204334 1.0953216552734375 0
1716359204854 1.0914905071258545 0
1716359205359 1.0884774923324585 0
1716359205881 1.0868406295776367 0
1716359206383 1.0826512575149536 0
1716359206882 1.0803498029708862 0
1716359207389 1.0774600505828857 0
1716359207916 1.0737429857254028 0
1716359208422 1.0714839696884155 0
1716359208914 1.0678527355194092 0
1716359212427 1.0648421049118042 0
1716359212917 1.0621789693832397 0
1716359213426 1.058219313621521 0
1716359213959 1.0557256937026978 0
1716359214475 1.051930546760559 0
1716359214988 1.0489938259124756 0
1716359215516 1.0453077554702759 0
1716359216024 1.0420984029769897 0
1716359216545 1.03866446018219 0
1716359217037 1.03535795211792 0
1716359220271 1.0321478843688965 0
1716359220783 1.0285673141479492 0
1716359221309 1.025338888168335 0
1716359221837 1.0217995643615723 0
1716359222343 1.0188095569610596 0
1716359222846 1.0152207612991333 0
1716359223353 1.0123741626739502 0
1716359223870 1.009308934211731 0
1716359224375 1.0064551830291748 0
1716359224878 1.0038813352584839 0
1716359228140 1.0011471509933472 0
1716359228646 0.9986625909805298 0
1716359229152 0.9962077140808105 0
1716359229643 0.9940126538276672 0
1716359230148 0.9926739931106567 0
1716359230648 0.9894883036613464 0
1716359231156 0.988077700138092 0
1716359231662 0.989916980266571 0
1716359232165 0.9869667291641235 0
1716359232675 0.9821752309799194 0
1716359235756 0.9789949059486389 0
1716359236255 0.9770136475563049 0
1716359236760 1.0077158212661743 0
1716359237288 0.9794183969497681 0
1716359237806 0.9994579553604126 0
1716359238305 1.0590131282806396 0
1716359238815 1.0970133543014526 0
1716359239340 1.0658050775527954 0
1716359239840 1.0939033031463623 0
1716359240353 1.0363507270812988 0
1716359244351 1.0591968297958374 0
1716359244844 1.0125607252120972 0
1716359245374 1.0207260847091675 0
1716359245879 1.0154703855514526 0
1716359246397 0.994918942451477 0
1716359246902 1.0082262754440308 0
1716359247424 1.004355788230896 0
1716359247932 0.9803062081336975 0
1716359248438 0.9879825115203857 0
1716359248938 0.9761450290679932 0
1716359252396 0.9699152112007141 0
1716359252891 0.9640321731567383 0
1716359253418 0.9574567079544067 0
1716359253916 0.9457772374153137 0
1716359254427 0.9643523097038269 0
1716359254959 0.9468456506729126 0
1716359255461 0.9525737762451172 0
1716359255969 0.9416771531105042 0
1716359256478 0.9351851344108582 0
1716359256977 0.9317452907562256 0
1716359260201 0.9298142194747925 0
1716359260689 0.920796275138855 0
1716359261226 0.9164028167724609 0
1716359261741 0.9123355746269226 0
1716359262268 0.9054299592971802 0
1716359262771 0.9052982330322266 0
1716359263271 0.8980328440666199 0
1716359263797 0.8989861011505127 0
1716359264296 0.8917523622512817 0
1716359264786 0.8916590213775635 0
1716359268588 0.884930431842804 0
1716359269090 0.8848903775215149 0
1716359269609 0.8803059458732605 0
1716359270112 0.8795993328094482 0
1716359270609 0.8741020560264587 0
1716359271131 0.8738290071487427 0
1716359271625 0.8726645112037659 0
1716359272114 0.8660804033279419 0
1716359272597 0.8678533434867859 0
1716359273131 0.8638483285903931 0
1716359276521 0.8596347570419312 0
1716359277081 0.8597874641418457 0
1716359277588 0.8559067845344543 0
1716359278087 0.8537386655807495 0
1716359278586 0.8517321348190308 0
1716359279091 0.8487882614135742 0
1716359279604 0.8483840227127075 0
1716359280088 0.8457146286964417 0
1716359280587 0.8428077101707458 0
1716359281092 0.8413937091827393 0
1716359284172 0.8419352769851685 0
1716359284663 0.8474857211112976 0
1716359285204 0.8412177562713623 0
1716359285713 0.8422942161560059 0
1716359286201 0.841917872428894 0
1716359286685 0.8362876176834106 0
1716359287188 0.8371743559837341 0
1716359287698 0.8322805762290955 0
1716359288210 0.8280014991760254 0
1716359288735 0.8302288055419922 0
1716359291728 0.8250420093536377 0
1716359292241 0.8232285380363464 0
1716359292742 0.8208373785018921 0
1716359293253 0.8187260627746582 0
1716359293786 0.8155693411827087 0
1716359294294 0.8127888441085815 0
1716359294793 0.8108843564987183 0
1716359295292 0.8098272681236267 0
1716359295798 0.8093238472938538 0
1716359296318 0.8104808926582336 0
1716359300702 0.8125667572021484 0
1716359301214 0.8077279329299927 0
1716359301740 0.8042672276496887 0
1716359302251 0.8040117025375366 0
1716359302751 0.8047606348991394 0
1716359303262 0.8138929605484009 0
1716359303789 0.8153400421142578 0
1716359304295 0.804097592830658 0
1716359304796 0.8076102137565613 0
1716359305291 0.8031593561172485 0
1716359308973 0.7993528246879578 0
1716359309465 0.8001295924186707 0
1716359309980 0.7961330413818359 0
1716359310518 0.7960451245307922 0
1716359311042 0.7889829874038696 0
1716359311549 0.7969267964363098 0
1716359312055 0.8107527494430542 0
1716359312569 0.8138747215270996 0
1716359313068 0.869105875492096 0
1716359313603 0.9467587471008301 0
1716359319989 0.9334035515785217 0
1716359320533 0.9666633009910583 0
1716359321054 1.0028107166290283 0
1716359321579 1.4240726232528687 0
1716359322088 1.7625097036361694 0
1716359322591 2.081374406814575 0
1716359323108 1.9117693901062012 0
1716359323613 2.088444232940674 0
1716359324130 2.114938259124756 0
1716359324661 2.2683277130126953 0
1716359329216 2.024312734603882 0
1716359329723 2.004941701889038 0
1716359330230 2.02769136428833 0
1716359330749 1.9654357433319092 0
1716359331246 1.867522120475769 0
1716359331739 1.8380762338638306 0
1716359332249 1.7863857746124268 0
1716359332761 1.77288818359375 0
1716359333278 1.731892704963684 0
1716359333812 1.700969934463501 0
1716359339142 1.6553359031677246 0
1716359339719 1.6207449436187744 0
1716359340243 1.586830735206604 0
1716359340758 1.561442494392395 0
1716359341307 1.5379060506820679 0
1716359341844 1.507753610610962 0
1716359342358 1.4823778867721558 0
1716359342854 1.4618070125579834 0
1716359343389 1.443743109703064 0
1716359343944 1.4242725372314453 0
1716359348665 1.4007459878921509 0
1716359349167 1.3822124004364014 0
1716359349722 1.3649729490280151 0
1716359350259 1.3505185842514038 0
1716359350781 1.3344957828521729 0
1716359351313 1.3216166496276855 0
1716359351819 1.3039668798446655 0
1716359352334 1.293792963027954 0
1716359352847 1.2833008766174316 0
1716359353356 1.2784175872802734 0
1716359358235 1.2666951417922974 0
1716359358746 1.259408712387085 0
1716359359277 1.2471715211868286 0
1716359359798 1.23824942111969 0
1716359360337 1.2262247800827026 0
1716359360866 1.2194753885269165 0
1716359361384 1.2097976207733154 0
1716359361920 1.2009835243225098 0
1716359362457 1.1932827234268188 0
1716359362978 1.1836727857589722 0
1716359367595 1.175388216972351 0
1716359368105 1.1705670356750488 0
1716359368644 1.1631098985671997 0
1716359369147 1.155192255973816 0
1716359369653 1.1511116027832031 0
1716359370172 1.1436213254928589 0
1716359370683 1.1373714208602905 0
1716359371191 1.1320503950119019 0
1716359371684 1.1300781965255737 0
1716359372203 1.124595046043396 0
1716359376806 1.1321678161621094 0
1716359377306 1.3434333801269531 0
1716359377803 1.3519489765167236 0
1716359378306 1.3984477519989014 0
1716359378814 1.2469338178634644 0
1716359379321 1.2359910011291504 0
1716359379820 1.2810935974121094 0
1716359380325 1.3020879030227661 0
1716359380829 1.203863263130188 0
1716359381330 1.2186895608901978 0
1716359386554 1.2777352333068848 0
1716359387070 1.2486572265625 0
1716359387603 1.1848702430725098 0
1716359388109 1.179717779159546 0
1716359388618 1.204526662826538 0
1716359389117 1.177681803703308 0
1716359389609 1.1426128149032593 0
1716359390118 1.1486598253250122 0
1716359390628 1.1614693403244019 0
1716359391140 1.1385235786437988 0
1716359396158 1.1150245666503906 0
1716359396680 1.1199182271957397 0
1716359397214 1.1230024099349976 0
1716359397735 1.1040503978729248 0
1716359398242 1.0923022031784058 0
1716359398782 1.0939496755599976 0
1716359399357 1.0914642810821533 0
1716359399939 1.078627586364746 0
1716359400476 1.0714243650436401 0
1716359401021 1.0715807676315308 0
1716359405805 1.069460153579712 0
1716359406294 1.0616902112960815 0
1716359406802 1.055585503578186 0
1716359407313 1.054996132850647 0
1716359407808 1.0511327981948853 0
1716359408307 1.0443921089172363 0
1716359408819 1.0421929359436035 0
1716359409323 1.0430231094360352 0
1716359409812 1.0369923114776611 0
1716359410324 1.0313482284545898 0
1716359414843 1.0317926406860352 0
1716359415340 1.0282187461853027 0
1716359415847 1.0227861404418945 0
1716359416371 1.0215829610824585 0
1716359416876 1.0190341472625732 0
1716359417388 1.0140825510025024 0
1716359417907 1.0131146907806396 0
1716359418426 1.0108344554901123 0
1716359418932 1.0071172714233398 0
1716359419447 1.0047881603240967 0
1716359424785 1.0030159950256348 0
1716359425288 1.000548005104065 0
1716359425839 0.9976810216903687 0
1716359426395 0.9963192343711853 0
1716359426902 0.9934439063072205 0
1716359427417 0.9913701415061951 0
1716359427940 0.9899144768714905 0
1716359428451 0.9873349070549011 0
1716359428957 0.9854500889778137 0
1716359429453 0.9835854768753052 0
1716359433952 0.9818795323371887 0
1716359434434 0.9797253608703613 0
1716359434933 0.9779853224754333 0
1716359435454 0.9766156077384949 0
1716359435979 0.9744021892547607 0
1716359436496 0.9729851484298706 0
1716359437000 0.9713887572288513 0
1716359437517 0.969438910484314 0
1716359438152 0.9679977297782898 0
1716359438666 0.9664086103439331 0
1716359442244 0.9646615386009216 0
1716359442747 0.9632346034049988 0
1716359443273 0.9616934657096863 0
1716359443802 0.9600157141685486 0
1716359444318 0.9587036371231079 0
1716359444830 0.9570896029472351 0
1716359445349 0.9555951356887817 0
1716359445850 0.9541531801223755 0
1716359446354 0.9527122974395752 0
1716359446858 0.9511911869049072 0
1716359450133 0.9498835802078247 0
1716359450613 0.9483324885368347 0
1716359451119 0.9469931125640869 0
1716359451652 0.9455839991569519 0
1716359452151 0.9441397190093994 0
1716359452660 0.9428278207778931 0
1716359453162 0.9414385557174683 0
1716359453656 0.940082848072052 0
1716359454158 0.9387675523757935 0
1716359454675 0.9374455213546753 0
1716359457911 0.9360958337783813 0
1716359458399 0.9348381757736206 0
1716359458915 0.9334849715232849 0
1716359459411 0.9322450757026672 0
1716359459913 0.9309548735618591 0
1716359460434 0.9296926856040955 0
1716359460938 0.9284433722496033 0
1716359461432 0.9271823763847351 0
1716359461942 0.9259268641471863 0
1716359462447 0.9246936440467834 0
1716359465603 0.9234488010406494 0
1716359466103 0.9222312569618225 0
1716359466604 0.9210260510444641 0
1716359467107 0.9197973012924194 0
1716359467608 0.9186261296272278 0
1716359468108 0.9174051880836487 0
1716359468616 0.9162489771842957 0
1716359469138 0.9150483012199402 0
1716359469630 0.9139029383659363 0
1716359470129 0.9127204418182373 0
1716359473341 0.9116032123565674 0
1716359474013 0.9104337096214294 0
1716359474543 0.9093409776687622 0
1716359475067 0.9081781506538391 0
1716359475580 0.9071162343025208 0
1716359476107 0.9059730768203735 0
1716359476603 0.9049338102340698 0
1716359477097 0.903819739818573 0
1716359477602 0.9028083086013794 0
1716359478116 0.9017103314399719 0
1716359481408 0.9007258415222168 0
1716359481900 0.89964759349823 0
1716359482428 0.898687481880188 0
1716359482955 0.8976508378982544 0
1716359483449 0.8966962695121765 0
1716359483940 0.8957130908966064 0
1716359484438 0.8947676420211792 0
1716359484932 0.8938376307487488 0
1716359485431 0.8928883075714111 0
1716359485929 0.8920009732246399 0
1716359489450 0.8910726308822632 0
1716359490007 0.8901736736297607 0
1716359490538 0.889241099357605 0
1716359491069 0.8883200883865356 0
1716359491582 0.8873841166496277 0
1716359492094 0.8864696025848389 0
1716359492614 0.8855457901954651 0
1716359493112 0.8846374750137329 0
1716359493629 0.883728563785553 0
1716359494166 0.8828315138816833 0
1716359498399 0.8819063901901245 0
1716359498936 0.8810080289840698 0
1716359499471 0.8801351189613342 0
1716359499981 0.8792728185653687 0
1716359500516 0.8784012794494629 0
1716359501065 0.8775801062583923 0
1716359501569 0.8766819834709167 0
1716359502081 0.8758207559585571 0
1716359502581 0.8749861717224121 0
1716359503076 0.8740715384483337 0
1716359506966 0.8732482194900513 0
1716359507453 0.8723286390304565 0
1716359507962 0.8714514374732971 0
1716359508494 0.8705808520317078 0
1716359509019 0.8696548342704773 0
1716359509512 0.8687548637390137 0
1716359510022 0.867901623249054 0
1716359510525 0.866953432559967 0
1716359511028 0.8660396933555603 0
1716359511535 0.8652075529098511 0
1716359514530 0.8643167018890381 0
1716359515045 0.8633092641830444 0
1716359515579 0.8624184727668762 0
1716359516080 0.8616970181465149 0
1716359516578 0.8606846332550049 0
1716359517078 0.8597227334976196 0
1716359517588 0.8590520620346069 0
1716359518085 0.8582252860069275 0
1716359518584 0.8571087718009949 0
1716359519087 0.856150209903717 0
1716359522118 0.8553402423858643 0
1716359522646 0.8545170426368713 0
1716359523194 0.8535101413726807 0
1716359523718 0.8525958061218262 0
1716359524281 0.8518007397651672 0
1716359524894 0.8509343862533569 0
1716359525449 0.8500689268112183 0
1716359525980 0.8492957353591919 0
