1716358988163 3.2822110652923584 0
1716358988979 0.7981650829315186 0
1716358989529 0.5430071353912354 0
1716358990064 0.528188943862915 0
1716358990619 0.5164048671722412 0
1716358991124 0.4988260269165039 0
1716358991642 0.5036318302154541 0
1716358992141 0.49051690101623535 0
1716358992633 0.482454776763916 0
1716358993113 0.47168469429016113 0
1716358999389 1.4308490753173828 0
1716358999982 0.5853466987609863 0
1716359000500 0.5116128921508789 0
1716359001028 0.5170481204986572 0
1716359001560 0.5090732574462891 0
1716359002092 0.5159609317779541 0
1716359002601 0.4976232051849365 0
1716359003109 0.4937012195587158 0
1716359003629 0.5086042881011963 0
1716359004189 0.5418441295623779 0
1716359008396 1.0427870750427246 0
1716359008900 0.49770379066467285 0
1716359009415 0.5036499500274658 0
1716359009917 0.4895920753479004 0
1716359010422 0.49237823486328125 0
1716359010951 0.5165529251098633 0
1716359011459 0.49342989921569824 0
1716359011955 0.48171281814575195 0
1716359012456 0.4880409240722656 0
1716359012972 0.5036599636077881 0
1716359016163 0.8440861701965332 0
1716359016667 0.49793410301208496 0
1716359017178 0.498096227645874 0
1716359017674 0.4846310615539551 0
1716359018176 0.49134016036987305 0
1716359018668 0.4779531955718994 0
1716359019169 0.4897606372833252 0
1716359019673 0.4919421672821045 0
1716359020177 0.49124622344970703 0
1716359020694 0.5039780139923096 0
1716359023847 0.595552921295166 0
1716359024332 0.47779297828674316 0
1716359024862 0.5186359882354736 0
1716359025382 0.5072598457336426 0
1716359025891 0.4942457675933838 0
1716359026383 0.48003697395324707 0
1716359026888 0.4918978214263916 0
1716359027409 0.5083129405975342 0
1716359027920 0.4967010021209717 0
1716359028416 0.48435091972351074 0
1716359031577 0.7749738693237305 0
1716359032074 0.48834800720214844 0
1716359032547 0.4616661071777344 0
1716359033042 0.4874989986419678 0
1716359033565 0.5090498924255371 0
1716359034071 0.493898868560791 0
1716359034579 0.49313783645629883 0
1716359035113 0.5135371685028076 0
1716359035622 0.49530816078186035 0
1716359036103 0.469433069229126 0
1716359039376 0.7957131862640381 0
1716359039877 0.4945549964904785 0
1716359040377 0.48879504203796387 0
1716359040877 0.4887537956237793 0
1716359041377 0.487548828125 0
1716359041862 0.4741230010986328 0
1716359042352 0.47687411308288574 0
1716359042863 0.49830079078674316 0
1716359043376 0.4983501434326172 0
1716359043890 0.4985189437866211 0
1716359047016 0.7895917892456055 0
1716359047504 0.4812290668487549 0
1716359048013 0.49167799949645996 0
1716359048504 0.47960591316223145 0
1716359049003 0.4867997169494629 0
1716359049521 0.5022251605987549 0
1716359050023 0.4879150390625 0
1716359050513 0.47833871841430664 0
1716359051023 0.4984748363494873 0
1716359051532 0.4950251579284668 0
1716359054837 0.9062461853027344 0
1716359055340 0.494185209274292 0
1716359055831 0.4786198139190674 0
1716359056341 0.49825406074523926 0
1716359056858 0.5038347244262695 0
1716359057357 0.4855921268463135 0
1716359057855 0.4870798587799072 0
1716359058350 0.4842700958251953 0
1716359058851 0.4884347915649414 0
1716359059351 0.4886350631713867 0
1716359062839 0.8518917560577393 0
1716359063348 0.5009768009185791 0
1716359063852 0.49060988426208496 0
1716359064355 0.49169921875 0
1716359064855 0.4866671562194824 0
1716359065357 0.489825963973999 0
1716359065849 0.47821712493896484 0
1716359066364 0.5028078556060791 0
1716359066872 0.4934539794921875 0
1716359067380 0.49628496170043945 0
1716359070786 0.9789271354675293 0
1716359071290 0.496798038482666 0
1716359071816 0.5118541717529297 0
1716359072318 0.4861602783203125 0
1716359072820 0.4894542694091797 0
1716359073331 0.5008988380432129 0
1716359073841 0.49574875831604004 0
1716359074342 0.48986339569091797 0
1716359074860 0.5042219161987305 0
1716359075370 0.4957001209259033 0
1716359078548 0.7971830368041992 0
1716359079059 0.505720853805542 0
1716359079585 0.5145211219787598 0
1716359080109 0.5091300010681152 0
1716359080628 0.5049540996551514 0
1716359081152 0.5097720623016357 0
1716359081663 0.4977717399597168 0
1716359082175 0.49672794342041016 0
1716359082685 0.4966282844543457 0
1716359083208 0.5079669952392578 0
1716359086488 0.8295509815216064 0
1716359086990 0.4931461811065674 0
1716359087501 0.4974040985107422 0
1716359088033 0.5177097320556641 0
1716359088546 0.5011630058288574 0
1716359089047 0.48772311210632324 0
1716359089591 0.5240230560302734 0
1716359090111 0.5054647922515869 0
1716359090619 0.4951968193054199 0
1716359091121 0.48865175247192383 0
1716359094739 0.9559657573699951 0
1716359095244 0.4921760559082031 0
1716359095752 0.4895439147949219 0
1716359096251 0.48737502098083496 0
1716359096747 0.48361992835998535 0
1716359097256 0.49596381187438965 0
1716359097770 0.49704813957214355 0
1716359098268 0.4846038818359375 0
1716359098777 0.49669504165649414 0
1716359099296 0.5052649974822998 0
1716359102509 0.8173110485076904 0
1716359103002 0.4845108985900879 0
1716359103512 0.4981870651245117 0
1716359104019 0.4957919120788574 0
1716359104539 0.5084691047668457 0
1716359105048 0.4960520267486572 0
1716359105549 0.48926711082458496 0
1716359106064 0.5013329982757568 0
1716359106557 0.4825761318206787 0
1716359107061 0.4927990436553955 0
1716359110230 0.8181982040405273 0
1716359110712 0.4734947681427002 0
1716359111203 0.4783051013946533 0
1716359111719 0.5021660327911377 0
1716359112231 0.497636079788208 0
1716359112731 0.4875609874725342 0
1716359113256 0.513247013092041 0
1716359113777 0.5055038928985596 0
1716359114325 0.5343348979949951 0
1716359114830 0.49190402030944824 0
1716359118022 0.8241028785705566 0
1716359118512 0.4819178581237793 0
1716359119005 0.4806208610534668 0
1716359119501 0.4835200309753418 0
1716359120026 0.5115799903869629 0
1716359120544 0.5019428730010986 0
1716359121040 0.4840421676635742 0
1716359121540 0.48668575286865234 0
1716359122046 0.4933500289916992 0
1716359122572 0.5102207660675049 0
1716359125590 0.615211009979248 0
1716359126106 0.5016119480133057 0
1716359126616 0.49011707305908203 0
1716359127114 0.4874579906463623 0
1716359127628 0.5003190040588379 0
1716359128152 0.50838303565979 0
1716359128665 0.5006442070007324 0
1716359129164 0.4848949909210205 0
1716359129663 0.4866149425506592 0
1716359130176 0.5007338523864746 0
1716359133941 0.9949989318847656 0
1716359134455 0.5059258937835693 0
1716359134979 0.5078878402709961 0
1716359135467 0.47498011589050293 0
1716359135986 0.5046079158782959 0
1716359136506 0.5033760070800781 0
1716359137008 0.48935914039611816 0
1716359137522 0.501370906829834 0
1716359138037 0.5002250671386719 0
1716359138544 0.49184489250183105 0
1716359141876 0.9420320987701416 0
1716359142385 0.5036022663116455 0
1716359142881 0.4818129539489746 0
1716359143385 0.49237608909606934 0
1716359143906 0.5075860023498535 0
1716359144419 0.4986281394958496 0
1716359144907 0.4766368865966797 0
1716359145420 0.4999806880950928 0
1716359145909 0.47606921195983887 0
1716359146412 0.49048399925231934 0
1716359149572 0.7955081462860107 0
1716359150059 0.48076701164245605 0
1716359150565 0.49390387535095215 0
1716359151081 0.5024950504302979 0
1716359151581 0.49051499366760254 0
1716359152128 0.5141899585723877 0
1716359152653 0.5107917785644531 0
1716359153156 0.4889531135559082 0
1716359153663 0.4961059093475342 0
1716359154169 0.49303507804870605 0
1716359157143 0.6225132942199707 0
1716359157649 0.4986891746520996 0
1716359158173 0.5068507194519043 0
1716359158679 0.4910881519317627 0
1716359159192 0.5000970363616943 0
1716359159714 0.5067620277404785 0
1716359160203 0.4742472171783447 0
1716359160713 0.49091506004333496 0
1716359161225 0.49841880798339844 0
1716359161750 0.5107839107513428 0
1716359164978 0.8070499897003174 0
1716359165494 0.5065920352935791 0
1716359166017 0.5051798820495605 0
1716359166523 0.49364590644836426 0
1716359167041 0.5062129497528076 0
1716359167561 0.5028030872344971 0
1716359168070 0.4955439567565918 0
1716359168593 0.5085089206695557 0
1716359169114 0.506864070892334 0
1716359169626 0.49831390380859375 0
1716359172756 0.7135651111602783 0
1716359173242 0.47938084602355957 0
1716359173739 0.48282504081726074 0
1716359174267 0.5161290168762207 0
1716359174803 0.5234739780426025 0
1716359175307 0.4875338077545166 0
1716359175813 0.4943733215332031 0
1716359176308 0.47909116744995117 0
1716359176815 0.49544501304626465 0
1716359177322 0.4927651882171631 0
1716359181081 0.9275491237640381 0
1716359181576 0.48517298698425293 0
1716359182097 0.5080850124359131 0
1716359182607 0.49535584449768066 0
1716359183118 0.4991331100463867 0
1716359183630 0.4980340003967285 0
1716359184133 0.4913167953491211 0
1716359184648 0.5029428005218506 0
1716359185171 0.5074889659881592 0
1716359185683 0.4959139823913574 0
1716359188875 0.7895820140838623 0
1716359189365 0.48133301734924316 0
1716359189891 0.5123698711395264 0
1716359190404 0.49779272079467773 0
1716359190900 0.48328614234924316 0
1716359191409 0.49546003341674805 0
1716359191922 0.5015532970428467 0
1716359192424 0.4875168800354004 0
1716359192936 0.49764227867126465 0
1716359193448 0.49766016006469727 0
1716359196557 0.7922401428222656 0
1716359197051 0.48802685737609863 0
1716359197576 0.5100102424621582 0
1716359198087 0.4957401752471924 0
1716359198608 0.5080552101135254 0
1716359199109 0.4854300022125244 0
1716359199621 0.49820613861083984 0
1716359200152 0.5153849124908447 0
1716359200658 0.4943571090698242 0
1716359201157 0.48778700828552246 0
1716359204374 0.8459451198577881 0
1716359204884 0.4964911937713623 0
1716359205393 0.4963419437408447 0
1716359205903 0.4935030937194824 0
1716359206408 0.4941270351409912 0
1716359206909 0.48742198944091797 0
1716359207419 0.49567508697509766 0
1716359207941 0.5037188529968262 0
1716359208450 0.49527597427368164 0
1716359208938 0.47397804260253906 0
1716359212454 1.0603680610656738 0
1716359212940 0.4786698818206787 0
1716359213465 0.5115151405334473 0
1716359213989 0.5094339847564697 0
1716359214507 0.5031619071960449 0
1716359215027 0.5055999755859375 0
1716359215545 0.5060429573059082 0
1716359216055 0.4975607395172119 0
1716359216572 0.5028212070465088 0
1716359217059 0.47368597984313965 0
1716359220302 0.8054640293121338 0
1716359220822 0.5019638538360596 0
1716359221347 0.508091926574707 0
1716359221865 0.5020480155944824 0
1716359222362 0.48543691635131836 0
1716359222873 0.5005512237548828 0
1716359223385 0.49857378005981445 0
1716359223896 0.49605822563171387 0
1716359224402 0.49485015869140625 0
1716359224905 0.4881579875946045 0
1716359228172 0.8241961002349854 0
1716359228676 0.496600866317749 0
1716359229174 0.4828681945800781 0
1716359229671 0.48466920852661133 0
1716359230176 0.4925718307495117 0
1716359230674 0.4883570671081543 0
1716359231185 0.4984869956970215 0
1716359231690 0.4912910461425781 0
1716359232196 0.49256300926208496 0
1716359232716 0.505943775177002 0
1716359235787 0.6684689521789551 0
1716359236281 0.48315000534057617 0
1716359236800 0.5072579383850098 0
1716359237317 0.49495720863342285 0
1716359237829 0.4982602596282959 0
1716359238331 0.48850011825561523 0
1716359238843 0.49980807304382324 0
1716359239361 0.4955291748046875 0
1716359239875 0.5003869533538818 0
1716359240374 0.4887371063232422 0
1716359244376 0.9721107482910156 0
1716359244885 0.5007328987121582 0
1716359245397 0.49335598945617676 0
1716359245909 0.5000898838043213 0
1716359246425 0.4993720054626465 0
1716359246934 0.4964308738708496 0
1716359247453 0.5032801628112793 0
1716359247962 0.4958207607269287 0
1716359248461 0.48450303077697754 0
1716359248973 0.49914097785949707 0
1716359252419 0.937434196472168 0
1716359252931 0.502269983291626 0
1716359253442 0.4967789649963379 0
1716359253945 0.48776793479919434 0
1716359254467 0.5083189010620117 0
1716359254983 0.4998180866241455 0
1716359255491 0.495527982711792 0
1716359255999 0.4947242736816406 0
1716359256501 0.48911404609680176 0
1716359257005 0.4924609661102295 0
1716359260223 0.8431382179260254 0
1716359260740 0.5082278251647949 0
1716359261255 0.5035700798034668 0
1716359261781 0.511693000793457 0
1716359262294 0.4961729049682617 0
1716359262795 0.48940587043762207 0
1716359263305 0.49598097801208496 0
1716359263823 0.5020229816436768 0
1716359264322 0.4847111701965332 0
1716359264808 0.4728541374206543 0
1716359268619 1.0438628196716309 0
1716359269126 0.4969930648803711 0
1716359269635 0.49657487869262695 0
1716359270130 0.48064303398132324 0
1716359270649 0.5034868717193604 0
1716359271150 0.4880688190460205 0
1716359271652 0.492016077041626 0
1716359272131 0.46839189529418945 0
1716359272638 0.5004849433898926 0
1716359273170 0.516916036605835 0
1716359276556 0.8995101451873779 0
1716359277115 0.5245187282562256 0
1716359277617 0.49092721939086914 0
1716359278111 0.48096585273742676 0
1716359278611 0.4875068664550781 0
1716359279123 0.5003781318664551 0
1716359279625 0.48842382431030273 0
1716359280109 0.47353315353393555 0
1716359280615 0.4950268268585205 0
1716359281120 0.4902517795562744 0
1716359284197 0.7415139675140381 0
1716359284707 0.5022718906402588 0
1716359285234 0.5056719779968262 0
1716359285732 0.4840362071990967 0
1716359286222 0.4817061424255371 0
1716359286707 0.47598910331726074 0
1716359287213 0.4930241107940674 0
1716359287729 0.5034608840942383 0
1716359288235 0.49240708351135254 0
1716359288774 0.5163528919219971 0
1716359291770 0.5847291946411133 0
1716359292264 0.48323488235473633 0
1716359292769 0.4917929172515869 0
1716359293297 0.5150041580200195 0
1716359293809 0.49399614334106445 0
1716359294320 0.49779605865478516 0
1716359294817 0.48537492752075195 0
1716359295315 0.48575520515441895 0
1716359295828 0.49832892417907715 0
1716359296348 0.5092101097106934 0
1716359300734 1.0107262134552002 0
1716359301240 0.4923372268676758 0
1716359301770 0.5095229148864746 0
1716359302276 0.4908421039581299 0
1716359302775 0.48633384704589844 0
1716359303299 0.5106668472290039 0
1716359303819 0.4992048740386963 0
1716359304321 0.4882650375366211 0
1716359304823 0.4888021945953369 0
1716359305313 0.4760613441467285 0
1716359308997 1.043868064880371 0
1716359309494 0.490246057510376 0
1716359310028 0.520993709564209 0
1716359310557 0.5175631046295166 0
1716359311072 0.5053749084472656 0
1716359311575 0.489001989364624 0
1716359312081 0.4923710823059082 0
1716359312589 0.4946160316467285 0
1716359313107 0.5107247829437256 0
1716359313639 0.5187408924102783 0
1716359320050 1.2567722797393799 0
1716359320562 0.5052082538604736 0
1716359321087 0.5066912174224854 0
1716359321613 0.5141088962554932 0
1716359322111 0.48758411407470703 0
1716359322626 0.504939079284668 0
1716359323132 0.4895141124725342 0
1716359323646 0.504951000213623 0
1716359324157 0.49967002868652344 0
1716359324678 0.5073139667510986 0
1716359329235 1.0279250144958496 0
1716359329747 0.4914720058441162 0
1716359330264 0.5045108795166016 0
1716359330772 0.4953498840332031 0
1716359331272 0.4891510009765625 0
1716359331763 0.4799354076385498 0
1716359332278 0.5019857883453369 0
1716359332787 0.49697089195251465 0
1716359333309 0.5101799964904785 0
1716359333838 0.5130558013916016 0
1716359339199 1.2651638984680176 0
1716359339746 0.538006067276001 0
1716359340258 0.5007681846618652 0
1716359340801 0.5319459438323975 0
1716359341350 0.53489089012146 0
1716359341871 0.5070760250091553 0
1716359342378 0.4950530529022217 0
1716359342896 0.5086140632629395 0
1716359343443 0.5351541042327881 0
1716359343974 0.5102269649505615 0
1716359348699 1.0678620338439941 0
1716359349234 0.527777910232544 0
1716359349764 0.5222041606903076 0
1716359350291 0.5074479579925537 0
1716359350814 0.5038959980010986 0
1716359351339 0.5048151016235352 0
1716359351846 0.495136022567749 0
1716359352365 0.5064129829406738 0
1716359352877 0.49927282333374023 0
1716359353377 0.4835493564605713 0
1716359358268 1.308014154434204 0
1716359358776 0.5000410079956055 0
1716359359303 0.5019760131835938 0
1716359359821 0.5036141872406006 0
1716359360370 0.5323173999786377 0
1716359360890 0.5080499649047852 0
1716359361426 0.5245490074157715 0
1716359361960 0.5214619636535645 0
1716359362491 0.5203421115875244 0
1716359363005 0.501154899597168 0
1716359367625 1.0659098625183105 0
1716359368138 0.5054740905761719 0
1716359368666 0.49572110176086426 0
1716359369172 0.4941229820251465 0
1716359369678 0.49373793601989746 0
1716359370192 0.5022797584533691 0
1716359370711 0.49922609329223633 0
1716359371212 0.48510098457336426 0
1716359371712 0.4911201000213623 0
1716359372246 0.517341136932373 0
1716359376829 0.9762442111968994 0
1716359377331 0.4814450740814209 0
1716359377830 0.4868659973144531 0
1716359378327 0.48298025131225586 0
1716359378841 0.5020899772644043 0
1716359379346 0.49367284774780273 0
1716359379843 0.4859180450439453 0
1716359380351 0.4958798885345459 0
1716359380853 0.4889860153198242 0
1716359381360 0.49491095542907715 0
1716359386590 1.1608209609985352 0
1716359387095 0.4941239356994629 0
1716359387629 0.5074300765991211 0
1716359388137 0.49538302421569824 0
1716359388647 0.49701619148254395 0
1716359389137 0.4789869785308838 0
1716359389635 0.48717474937438965 0
1716359390145 0.49751710891723633 0
1716359390655 0.49645018577575684 0
1716359391169 0.5014491081237793 0
1716359396187 1.2089309692382812 0
1716359396701 0.5069899559020996 0
1716359397245 0.5217239856719971 0
1716359397760 0.502155065536499 0
1716359398260 0.48587918281555176 0
1716359398818 0.5446338653564453 0
1716359399377 0.5447571277618408 0
1716359399967 0.5766899585723877 0
1716359400509 0.5296862125396729 0
1716359401042 0.5203967094421387 0
1716359405823 1.1846318244934082 0
1716359406320 0.491030216217041 0
1716359406826 0.49444103240966797 0
1716359407332 0.4884359836578369 0
1716359407829 0.4865689277648926 0
1716359408333 0.49351024627685547 0
1716359408845 0.4955587387084961 0
1716359409343 0.48782968521118164 0
1716359409835 0.4843711853027344 0
1716359410352 0.5025961399078369 0
1716359414870 1.0218307971954346 0
1716359415366 0.4895050525665283 0
1716359415881 0.5037229061126709 0
1716359416399 0.5036609172821045 0
1716359416904 0.4911661148071289 0
1716359417413 0.4962749481201172 0
1716359417931 0.5017449855804443 0
1716359418447 0.505040168762207 0
1716359418958 0.4998459815979004 0
1716359419471 0.4994969367980957 0
1716359424801 1.1567790508270264 0
1716359425319 0.509660005569458 0
1716359425890 0.5569260120391846 0
1716359426417 0.516686201095581 0
1716359426927 0.4980957508087158 0
1716359427449 0.5116522312164307 0
1716359427970 0.5078821182250977 0
1716359428479 0.49434995651245117 0
1716359428981 0.4886209964752197 0
1716359429476 0.48137784004211426 0
1716359433973 1.1086668968200684 0
1716359434463 0.4843571186065674 0
1716359434964 0.488893985748291 0
1716359435484 0.5059170722961426 0
1716359436011 0.5107347965240479 0
1716359436521 0.49416685104370117 0
1716359437031 0.49700498580932617 0
1716359437542 0.4952881336212158 0
1716359438170 0.5252010822296143 0
1716359438681 0.5052330493927002 0
1716359442264 1.120934247970581 0
1716359442772 0.49494218826293945 0
1716359443306 0.5225570201873779 0
1716359443824 0.4988391399383545 0
1716359444342 0.5055348873138428 0
1716359444868 0.5149610042572021 0
1716359445376 0.49442386627197266 0
1716359445878 0.4877800941467285 0
1716359446376 0.4856250286102295 0
1716359446883 0.4934868812561035 0
1716359450148 0.7902610301971436 0
1716359450641 0.4869251251220703 0
1716359451165 0.5110487937927246 0
1716359451682 0.5040569305419922 0
1716359452175 0.4807291030883789 0
1716359452686 0.4933009147644043 0
1716359453188 0.4887852668762207 0
1716359453680 0.478193998336792 0
1716359454185 0.49282002449035645 0
1716359454702 0.5016219615936279 0
1716359457934 0.8107650279998779 0
1716359458429 0.48774003982543945 0
1716359458943 0.5008399486541748 0
1716359459436 0.4777216911315918 0
1716359459951 0.5042550563812256 0
1716359460464 0.5001192092895508 0
1716359460963 0.487001895904541 0
1716359461458 0.48146796226501465 0
1716359461967 0.49617481231689453 0
1716359462473 0.4931619167327881 0
1716359465630 0.7977619171142578 0
1716359466126 0.48262500762939453 0
1716359466636 0.4979410171508789 0
1716359467135 0.4852919578552246 0
1716359467635 0.48860812187194824 0
1716359468141 0.492948055267334 0
1716359468653 0.4984781742095947 0
1716359469164 0.4978938102722168 0
1716359469654 0.4776010513305664 0
1716359470159 0.4914860725402832 0
1716359473533 0.9751138687133789 0
1716359474045 0.504387617111206 0
1716359474568 0.49334287643432617 0
1716359475095 0.5049667358398438 0
1716359475620 0.5105130672454834 0
1716359476133 0.4975731372833252 0
1716359476625 0.47844600677490234 0
1716359477119 0.4810459613800049 0
1716359477632 0.5007150173187256 0
1716359478134 0.48812007904052734 0
1716359481424 0.9179520606994629 0
1716359481932 0.5011560916900635 0
1716359482468 0.5193600654602051 0
1716359482978 0.4947640895843506 0
1716359483471 0.4835629463195801 0
1716359483964 0.48103976249694824 0
1716359484461 0.48361992835998535 0
1716359484956 0.482496976852417 0
1716359485462 0.4926011562347412 0
1716359485956 0.48003196716308594 0
1716359489475 0.9975337982177734 0
1716359490050 0.5658960342407227 0
1716359490575 0.5155911445617676 0
1716359491094 0.5058212280273438 0
1716359491612 0.5057399272918701 0
1716359492117 0.492354154586792 0
1716359492629 0.49624109268188477 0
1716359493131 0.4958169460296631 0
1716359493666 0.523277997970581 0
1716359494189 0.5091211795806885 0
1716359498428 1.1315619945526123 0
1716359498973 0.5366361141204834 0
1716359499491 0.5006847381591797 0
1716359500010 0.508124828338623 0
1716359500551 0.5280399322509766 0
1716359501093 0.5286767482757568 0
1716359501592 0.4862971305847168 0
1716359502109 0.5048410892486572 0
1716359502604 0.4812891483306885 0
1716359503099 0.48340678215026855 0
1716359506992 0.8620727062225342 0
1716359507479 0.48023509979248047 0
1716359508003 0.510958194732666 0
1716359508538 0.5182180404663086 0
1716359509039 0.489180326461792 0
1716359509544 0.4946300983428955 0
1716359510049 0.48951196670532227 0
1716359510552 0.48784518241882324 0
1716359511056 0.4912118911743164 0
1716359511563 0.4915499687194824 0
1716359514565 0.6171689033508301 0
1716359515088 0.5105481147766113 0
1716359515604 0.4988667964935303 0
1716359516110 0.4895141124725342 0
1716359516602 0.4772768020629883 0
1716359517105 0.48983097076416016 0
1716359517619 0.4984309673309326 0
1716359518108 0.47541308403015137 0
1716359518611 0.490800142288208 0
1716359519110 0.4853482246398926 0
1716359522141 0.6571667194366455 0
1716359522683 0.5275499820709229 0
1716359523212 0.5146501064300537 0
1716359523753 0.533865213394165 0
1716359524334 0.5668091773986816 0
1716359524943 0.6045420169830322 0
1716359525470 0.5180509090423584 0
1716359526015 0.5390732288360596 0
