1715018944520 7.44571590423584 0
1715018998994 7.441050052642822 0
1715019000128 7.4366374015808105 0
1715019000900 7.432466506958008 0
1715019001670 7.428518295288086 0
1715019002184 7.42478084564209 0
1715019002646 7.421233177185059 0
1715019003103 7.41786527633667 0
1715019003577 7.414666175842285 0
1715019004173 7.411617279052734 0
1715019006997 7.408707141876221 0
1715019007654 7.405919075012207 0
1715019008548 7.40325403213501 0
1715019057750 7.400690078735352 0
1715019074936 7.398224830627441 0
1715019075537 7.395840167999268 0
1715019076014 7.39353609085083 0
1715019076572 7.3913044929504395 0
1715019077044 7.389142990112305 0
1715019077545 7.387036323547363 0
1715019078184 7.384983062744141 0
1715019078655 7.3829803466796875 0
1715019079155 7.3810224533081055 0
1715019079635 7.379100322723389 0
1715019080109 7.377220153808594 0
1715019080582 7.375369071960449 0
1715019081033 7.373556613922119 0
1715019081496 7.371768951416016 0
1715019081975 7.370007514953613 0
1715019082449 7.3682708740234375 0
1715019083000 7.366554260253906 0
1715019083444 7.364862442016602 0
1715019083909 7.363187789916992 0
1715019084380 7.361530780792236 0
1715019084847 7.35988712310791 0
1715019085306 7.358260631561279 0
1715019085771 7.356655120849609 0
1715019086233 7.355052947998047 0
1715019086697 7.353463172912598 0
1715019087158 7.35189151763916 0
1715019087682 7.350324630737305 0
1715019088134 7.348766326904297 0
1715019088598 7.347226619720459 0
1715019089060 7.345687389373779 0
1715019089531 7.344156265258789 0
1715019089992 7.342640399932861 0
1715019090459 7.341124534606934 0
1715019090918 7.339616775512695 0
1715019091379 7.338120937347412 0
1715019091840 7.336627006530762 0
1715019092366 7.335143089294434 0
1715019092822 7.333662033081055 0
1715019093285 7.3321943283081055 0
1715019093749 7.330723762512207 0
1715019094214 7.3292694091796875 0
1715019094678 7.32781457901001 0
1715019095142 7.326364994049072 0
1715019095607 7.3249311447143555 0
1715019096044 7.323497772216797 0
1715019096504 7.3220672607421875 0
1715019097028 7.320647239685059 0
1715019097480 7.31923246383667 0
1715019097937 7.317824363708496 0
1715019098413 7.31642484664917 0
1715019098927 7.315032482147217 0
1715019099420 7.313648223876953 0
1715019099921 7.312264442443848 0
1715019100377 7.310891628265381 0
1715019100839 7.309525966644287 0
1715019101329 7.308168888092041 0
1715019101865 7.30681848526001 0
1715019102337 7.3054728507995605 0
1715019102798 7.304135322570801 0
1715019103275 7.302806854248047 0
1715019103738 7.301482200622559 0
1715019104198 7.300168037414551 0
1715019104664 7.298855304718018 0
1715019105136 7.29755163192749 0
1715019105601 7.296258926391602 0
1715019106059 7.294969081878662 0
