1715018945267 13.542223930358887 0
1715018999173 53.853193283081055 0
1715019000258 1.0780761241912842 0
1715019000920 0.5657837390899658 0
1715019001706 0.7769038677215576 0
1715019002188 0.4758141040802002 0
1715019002649 0.45436882972717285 0
1715019003117 0.4648427963256836 0
1715019003581 0.46019935607910156 0
1715019004181 0.5057070255279541 0
1715019007152 1.112457036972046 0
1715019007675 0.5200369358062744 0
1715019008742 0.9842817783355713 0
1715019057926 49.17751884460449 0
1715019075023 17.090728282928467 0
1715019075554 0.5257928371429443 0
1715019076102 0.5443010330200195 0
1715019076583 0.4734458923339844 0
1715019077083 0.4886040687561035 0
1715019077563 0.4720487594604492 0
1715019078196 0.4605090618133545 0
1715019078702 0.4953920841217041 0
1715019079171 0.46498608589172363 0
1715019079647 0.4613678455352783 0
1715019080125 0.4664421081542969 0
1715019080586 0.44934988021850586 0
1715019081041 0.45038509368896484 0
1715019081513 0.46467089653015137 0
1715019081994 0.46680235862731934 0
1715019082458 0.4570341110229492 0
1715019083005 0.4421372413635254 0
1715019083460 0.44975900650024414 0
1715019083928 0.4563720226287842 0
1715019084397 0.45409417152404785 0
1715019084862 0.45183420181274414 0
1715019085319 0.44593000411987305 0
1715019085786 0.45383191108703613 0
1715019086251 0.45406317710876465 0
1715019086715 0.4540867805480957 0
1715019087175 0.4498438835144043 0
1715019087691 0.44648098945617676 0
1715019088147 0.44714808464050293 0
1715019088612 0.4509139060974121 0
1715019089078 0.4536612033843994 0
1715019089548 0.45536303520202637 0
1715019090010 0.4508979320526123 0
1715019090469 0.44544196128845215 0
1715019090934 0.4530301094055176 0
1715019091395 0.450329065322876 0
1715019091855 0.4498100280761719 0
1715019092379 0.44995784759521484 0
1715019092838 0.44975709915161133 0
1715019093303 0.4530360698699951 0
1715019093768 0.45356321334838867 0
1715019094231 0.45181798934936523 0
1715019094695 0.453718900680542 0
1715019095161 0.45718908309936523 0
1715019095611 0.43645215034484863 0
1715019096061 0.4457972049713135 0
1715019096520 0.44916582107543945 0
1715019097040 0.4511120319366455 0
1715019097490 0.44196128845214844 0
1715019097956 0.4548916816711426 0
1715019098421 0.45167112350463867 0
1715019098932 0.5049951076507568 0
1715019099430 0.4921860694885254 0
1715019099927 0.475963830947876 0
1715019100385 0.45394086837768555 0
1715019100855 0.4630751609802246 0
1715019101338 0.45915794372558594 0
1715019101870 0.4601132869720459 0
1715019102341 0.46630191802978516 0
1715019102803 0.45830392837524414 0
1715019103282 0.4725329875946045 0
1715019103746 0.4577960968017578 0
1715019104206 0.45385003089904785 0
1715019104669 0.45621299743652344 0
1715019105144 0.46922993659973145 0
1715019105606 0.4562947750091553 0
1715019106067 0.4575958251953125 0
