1716275699795 1.0 0
1716275704721 2.0 0
1716275710845 3.0 0
1716275716410 4.0 0
1716275721030 5.0 0
1716275726486 6.0 0
1716275731680 7.0 0
1716275736192 8.0 0
1716275740331 9.0 0
1716275744910 10.0 0
1716275752851 11.0 0
1716275759151 12.0 0
1716275765932 13.0 0
1716275771322 14.0 0
1716275776204 15.0 0
1716275780622 16.0 0
1716275785274 17.0 0
1716275789332 18.0 0
1716275793125 19.0 0
1716275797111 20.0 0
1716275804130 21.0 0
1716275808334 22.0 0
1716275811902 23.0 0
1716275815859 24.0 0
1716275819596 25.0 0
1716275823776 26.0 0
1716275828264 27.0 0
1716275832410 28.0 0
1716275836382 29.0 0
1716275840169 30.0 0
1716275846277 31.0 0
1716275849819 32.0 0
1716275852968 33.0 0
1716275856576 34.0 0
1716275860230 35.0 0
1716275864210 36.0 0
1716275868048 37.0 0
1716275871876 38.0 0
1716275875700 39.0 0
1716275879593 40.0 0
1716275885641 41.0 0
1716275889255 42.0 0
1716275893290 43.0 0
1716275896887 44.0 0
1716275900857 45.0 0
1716275905356 46.0 0
1716275910441 47.0 0
1716275914786 48.0 0
1716275918221 49.0 0
1716275922306 50.0 0
1716275929977 51.0 0
1716275933627 52.0 0
1716275937174 53.0 0
1716275940658 54.0 0
1716275944466 55.0 0
1716275947964 56.0 0
1716275951685 57.0 0
1716275955170 58.0 0
1716275958887 59.0 0
1716275963198 60.0 0
1716275969064 61.0 0
1716275972543 62.0 0
1716275975925 63.0 0
1716275979357 64.0 0
1716275983766 65.0 0
1716275987934 66.0 0
1716275991759 67.0 0
1716275995640 68.0 0
1716275999172 69.0 0
1716276002866 70.0 0
1716276008660 71.0 0
1716276012717 72.0 0
1716276016385 73.0 0
1716276020002 74.0 0
1716276023614 75.0 0
1716276027513 76.0 0
1716276030986 77.0 0
1716276034568 78.0 0
1716276038283 79.0 0
1716276042259 80.0 0
1716276048239 81.0 0
1716276051708 82.0 0
1716276055194 83.0 0
1716276058923 84.0 0
1716276062486 85.0 0
1716276066067 86.0 0
1716276069589 87.0 0
1716276073926 88.0 0
1716276077694 89.0 0
1716276081123 90.0 0
1716276088857 91.0 0
1716276093042 92.0 0
1716276097185 93.0 0
1716276101189 94.0 0
1716276105114 95.0 0
1716276109168 96.0 0
1716276113679 97.0 0
1716276118368 98.0 0
1716276122683 99.0 0
1716276127605 100.0 0
1716276136337 101.0 0
1716276146513 102.0 0
1716276155863 103.0 0
1716276161203 104.0 0
1716276166650 105.0 0
1716276173001 106.0 0
1716276178762 107.0 0
1716276183463 108.0 0
1716276188104 109.0 0
1716276192876 110.0 0
1716276203470 111.0 0
1716276207866 112.0 0
1716276211902 113.0 0
1716276215824 114.0 0
1716276219942 115.0 0
1716276224002 116.0 0
1716276227923 117.0 0
1716276232038 118.0 0
1716276235566 119.0 0
1716276239393 120.0 0
1716276245755 121.0 0
1716276249701 122.0 0
1716276253909 123.0 0
1716276257503 124.0 0
1716276261037 125.0 0
1716276265216 126.0 0
1716276268890 127.0 0
1716276272631 128.0 0
1716276276419 129.0 0
1716276279862 130.0 0
1716276286318 131.0 0
1716276290348 132.0 0
1716276294298 133.0 0
1716276297980 134.0 0
1716276302191 135.0 0
1716276307065 136.0 0
1716276311515 137.0 0
1716276315791 138.0 0
1716276319571 139.0 0
1716276323247 140.0 0
1716276329352 141.0 0
1716276333163 142.0 0
1716276336696 143.0 0
1716276340515 144.0 0
1716276345088 145.0 0
1716276348959 146.0 0
1716276352735 147.0 0
1716276356585 148.0 0
1716276360271 149.0 0
1716276363673 150.0 0
1716276377612 151.0 0
1716276384229 152.0 0
1716276389653 153.0 0
1716276395185 154.0 0
1716276402904 155.0 0
