1716275699681 7.44571590423584 0
1716275704683 7.0728983879089355 0
1716275710724 6.7560906410217285 0
1716275716294 6.488503932952881 0
1716275721002 6.345115661621094 0
1716275726372 6.211260795593262 0
1716275731608 6.077359676361084 0
1716275736131 5.942010402679443 0
1716275740288 5.799293518066406 0
1716275744878 5.624174118041992 0
1716275752741 5.4305033683776855 0
1716275758954 5.21151065826416 0
1716275765603 4.949103355407715 0
1716275771266 4.6557536125183105 0
1716275776127 4.332218647003174 0
1716275780551 4.087732315063477 0
1716275785236 3.9034643173217773 0
1716275789257 3.732449531555176 0
1716275793101 3.5517373085021973 0
1716275797077 3.4008753299713135 0
1716275804093 3.286367177963257 0
1716275808297 3.19537353515625 0
1716275811845 3.123800754547119 0
1716275815824 3.066699981689453 0
1716275819548 3.016526222229004 0
1716275823698 2.966111183166504 0
1716275828231 2.9106085300445557 0
1716275832328 2.8539512157440186 0
1716275836304 2.803889036178589 0
1716275840129 2.7599785327911377 0
1716275846253 2.718926429748535 0
1716275849788 2.6808383464813232 0
1716275852940 2.6462948322296143 0
1716275856521 2.6140575408935547 0
1716275860199 2.583331823348999 0
1716275864172 2.5535919666290283 0
1716275868021 2.52314829826355 0
1716275871850 2.4923980236053467 0
1716275875632 2.4624099731445312 0
1716275879556 2.4327433109283447 0
1716275885588 2.404670000076294 0
1716275889221 2.3810012340545654 0
1716275893251 2.350285530090332 0
1716275896865 2.324375629425049 0
1716275900829 2.3002049922943115 0
1716275905302 2.276796340942383 0
1716275910411 2.2535557746887207 0
1716275914754 2.2300941944122314 0
1716275918199 2.2066922187805176 0
1716275922268 2.183443307876587 0
1716275929943 2.161101818084717 0
1716275933565 2.139246940612793 0
1716275937141 2.116682767868042 0
1716275940624 2.0957486629486084 0
1716275944404 2.074897289276123 0
1716275947941 2.0534234046936035 0
1716275951652 2.0317633152008057 0
1716275955130 2.0106279850006104 0
1716275958852 1.9884636402130127 0
1716275963109 1.9661904573440552 0
1716275969040 1.944221019744873 0
1716275972506 1.9214324951171875 0
1716275975889 1.8977973461151123 0
1716275979333 1.8745816946029663 0
1716275983736 1.8519761562347412 0
1716275987874 1.8296492099761963 0
1716275991736 1.808223009109497 0
1716275995612 1.7869923114776611 0
1716275999142 1.7658156156539917 0
1716276002828 1.7442957162857056 0
1716276008611 1.721103310585022 0
1716276012682 1.7024345397949219 0
1716276016351 1.679898977279663 0
1716276019959 1.657619833946228 0
1716276023588 1.6390700340270996 0
1716276027486 1.6200352907180786 0
1716276030954 1.600710391998291 0
1716276034529 1.582497239112854 0
1716276038229 1.564980149269104 0
1716276042228 1.5473147630691528 0
1716276048208 1.5274920463562012 0
1716276051687 1.5098519325256348 0
1716276055159 1.4914871454238892 0
1716276058896 1.4717456102371216 0
1716276062463 1.4529329538345337 0
1716276066044 1.4366215467453003 0
1716276069562 1.4228029251098633 0
1716276073888 1.4223724603652954 0
1716276077636 1.4311491250991821 0
1716276081071 1.4502763748168945 0
1716276088830 1.3780885934829712 0
1716276092955 1.3935785293579102 0
1716276097158 1.3737393617630005 0
1716276101123 1.3557080030441284 0
1716276105084 1.3361531496047974 0
1716276109111 1.3242616653442383 0
1716276113646 1.313099980354309 0
1716276118326 1.2965198755264282 0
1716276122644 1.2802492380142212 0
1716276127565 1.272773265838623 0
1716276136237 1.255428671836853 0
1716276146242 1.2430394887924194 0
1716276155767 1.2343682050704956 0
1716276161019 1.2260156869888306 0
1716276166342 1.2135798931121826 0
1716276172822 1.1988590955734253 0
1716276178668 1.1924512386322021 0
1716276183417 1.1856021881103516 0
1716276188061 1.19722580909729 0
1716276192833 1.1924229860305786 0
1716276203414 1.1805325746536255 0
1716276207816 1.1733578443527222 0
1716276211857 1.163543939590454 0
1716276215776 1.162034511566162 0
1716276219901 1.1733269691467285 0
1716276223954 1.1453914642333984 0
1716276227889 1.148851752281189 0
1716276231984 1.137993335723877 0
1716276235543 1.118774175643921 0
1716276239328 1.1064821481704712 0
1716276245725 1.0985727310180664 0
1716276249670 1.0770230293273926 0
1716276253868 1.073913812637329 0
1716276257475 1.0573724508285522 0
1716276260992 1.0487401485443115 0
1716276265154 1.0454164743423462 0
1716276268852 1.0508288145065308 0
1716276272579 1.0196479558944702 0
1716276276379 1.0236287117004395 0
1716276279838 1.0098130702972412 0
1716276286284 0.9951602816581726 0
1716276290201 0.9898272156715393 0
1716276294272 0.9751565456390381 0
1716276297946 0.9703986644744873 0
1716276302156 0.9559713006019592 0
1716276307012 0.9553359746932983 0
1716276311442 0.9446166157722473 0
1716276315718 0.9340360760688782 0
1716276319553 0.9230261445045471 0
1716276323210 0.9165872931480408 0
1716276329333 0.9112997651100159 0
1716276333125 0.904426097869873 0
1716276336669 0.894615650177002 0
1716276340438 0.8960386514663696 0
1716276345049 1.001330852508545 0
1716276348936 1.0119423866271973 0
1716276352715 0.9690474271774292 0
1716276356564 1.011217713356018 0
1716276360246 0.9442331790924072 0
1716276363648 0.9931816458702087 0
1716276377256 0.9836434125900269 0
1716276384182 0.9605590105056763 0
1716276389469 0.963036835193634 0
1716276395108 1.0827631950378418 0
1716276402835 1.1381019353866577 0
