1716275699800 3.2577550411224365 0
1716275704729 1.4314172267913818 0
1716275710909 1.966865062713623 0
1716275716451 1.8792362213134766 0
1716275721039 1.5889549255371094 0
1716275726494 1.7151591777801514 0
1716275731687 1.733633041381836 0
1716275736195 1.5661108493804932 0
1716275740335 1.3083429336547852 0
1716275744915 1.6397051811218262 0
1716275752855 2.390089988708496 0
1716275759161 2.1452441215515137 0
1716275766041 2.5300159454345703 0
1716275771332 1.6825158596038818 0
1716275776209 1.5902059078216553 0
1716275780626 1.318206787109375 0
1716275785277 1.691716194152832 0
1716275789342 1.3610260486602783 0
1716275793131 1.2373270988464355 0
1716275797117 1.2608890533447266 0
1716275804135 1.466433048248291 0
1716275808340 1.3580632209777832 0
1716275811906 1.0482099056243896 0
1716275815866 1.301633596420288 0
1716275819600 1.30808687210083 0
1716275823799 1.402928113937378 0
1716275828271 1.4336118698120117 0
1716275832414 1.599668264389038 0
1716275836387 1.3317358493804932 0
1716275840176 1.2615339756011963 0
1716275846284 1.4086661338806152 0
1716275849833 1.237828016281128 0
1716275852974 1.088108777999878 0
1716275856582 1.2668049335479736 0
1716275860241 1.250471830368042 0
1716275864216 1.3273789882659912 0
1716275868058 1.335542917251587 0
1716275871891 1.2132189273834229 0
1716275875706 1.3764808177947998 0
1716275879601 1.293083906173706 0
1716275885644 1.3421597480773926 0
1716275889261 1.2058019638061523 0
1716275893296 1.4691991806030273 0
1716275896900 1.1727359294891357 0
1716275900863 1.2609050273895264 0
1716275905363 1.5729830265045166 0
1716275910475 1.591007947921753 0
1716275914793 1.3319091796875 0
1716275918229 0.9410359859466553 0
1716275922311 1.2834641933441162 0
1716275929983 1.4542758464813232 0
1716275933632 1.3059289455413818 0
1716275937182 1.2875311374664307 0
1716275940671 1.2626090049743652 0
1716275944472 1.3354811668395996 0
1716275948005 1.2733938694000244 0
1716275951692 1.3626348972320557 0
1716275955178 1.2393629550933838 0
1716275958894 1.2632980346679688 0
1716275963203 1.5821099281311035 0
1716275969070 1.4097621440887451 0
1716275972554 1.2860500812530518 0
1716275975930 1.2134418487548828 0
1716275979373 1.2466082572937012 0
1716275983773 1.6461639404296875 0
1716275987937 1.3144969940185547 0
1716275991767 1.2420599460601807 0
1716275995653 1.2732939720153809 0
1716275999178 1.225059986114502 0
1716276002874 1.2270541191101074 0
1716276008664 1.3198189735412598 0
1716276012724 1.5975511074066162 0
1716276016391 1.2193410396575928 0
1716276020005 1.3233561515808105 0
1716276023620 1.2791197299957275 0
1716276027519 1.2588229179382324 0
1716276030993 1.1958398818969727 0
1716276034572 1.2393882274627686 0
1716276038305 1.3235399723052979 0
1716276042269 1.32834792137146 0
1716276048246 1.3918030261993408 0
1716276051715 1.2490439414978027 0
1716276055203 1.1890571117401123 0
1716276058929 1.3338849544525146 0
1716276062495 1.2635908126831055 0
1716276066075 1.2036011219024658 0
1716276069593 1.2317140102386475 0
1716276073932 1.5924229621887207 0
1716276077698 1.4014368057250977 0
1716276081134 1.095304012298584 0
1716276088864 1.5657589435577393 0
1716276093052 1.4681360721588135 0
1716276097191 1.4902594089508057 0
1716276101193 1.3504900932312012 0
1716276105157 1.314389944076538 0
1716276109180 1.2663910388946533 0
1716276113688 1.6318511962890625 0
1716276118436 1.4657793045043945 0
1716276122687 1.3208560943603516 0
1716276127609 1.638218879699707 0
1716276136342 2.732059955596924 0
1716276146519 5.3553338050842285 0
1716276155870 4.323014259338379 0
1716276161216 1.748497724533081 0
1716276166659 2.1225149631500244 0
1716276173186 1.9668431282043457 0
1716276178767 1.9791688919067383 0
1716276183467 1.550771951675415 0
1716276188111 1.5363080501556396 0
1716276192881 1.6565752029418945 0
1716276203476 2.879631996154785 0
1716276207872 1.459583044052124 0
1716276211905 1.2996559143066406 0
1716276215827 1.259432077407837 0
1716276219947 1.3527348041534424 0
1716276224011 1.338597059249878 0
1716276227931 1.3048901557922363 0
1716276232056 1.409376859664917 0
1716276235573 1.1692252159118652 0
1716276239408 1.3277678489685059 0
1716276245760 1.3824942111968994 0
1716276249709 1.4325909614562988 0
1716276253916 1.3966431617736816 0
1716276257508 1.2258110046386719 0
1716276261042 1.1790988445281982 0
1716276265219 1.5299720764160156 0
1716276268895 1.279571294784546 0
1716276272660 1.296842098236084 0
1716276276424 1.3264877796173096 0
1716276279868 1.2527179718017578 0
1716276286324 1.4298861026763916 0
1716276290359 1.4376857280731201 0
1716276294304 1.2864198684692383 0
1716276297987 1.2248849868774414 0
1716276302196 1.3301000595092773 0
1716276307104 1.6163251399993896 0
1716276311535 1.6113989353179932 0
1716276315801 1.392521858215332 0
1716276319590 1.2554700374603271 0
1716276323269 1.2345879077911377 0
1716276329358 1.475933313369751 0
1716276333169 1.2945680618286133 0
1716276336701 1.091156005859375 0
1716276340531 1.3009860515594482 0
1716276345099 1.4719321727752686 0
1716276348970 1.2259418964385986 0
1716276352742 1.2583763599395752 0
1716276356591 1.31235933303833 0
1716276360280 1.2178480625152588 0
1716276363679 0.9888617992401123 0
1716276377941 7.030769109725952 0
1716276384239 2.7909340858459473 0
1716276389658 2.1505751609802246 0
1716276395194 1.7531650066375732 0
1716276402911 1.8974249362945557 0
