1716293757791 7.44571590423584 0
1716293758448 7.405019283294678 0
1716293758978 7.381415843963623 0
1716293759498 7.363373756408691 0
1716293760020 7.347360610961914 0
1716293760551 7.332319736480713 0
1716293761096 7.31797456741333 0
1716293761632 7.304331302642822 0
1716293762148 7.291430473327637 0
1716293762650 7.279244422912598 0
1716293768615 7.267693042755127 0
1716293769135 7.256692409515381 0
1716293769640 7.2461748123168945 0
1716293770136 7.236072540283203 0
1716293770655 7.226329803466797 0
1716293771157 7.216907978057861 0
1716293771713 7.207754135131836 0
1716293772228 7.198836803436279 0
1716293772712 7.190120697021484 0
1716293773192 7.181577205657959 0
