1716293757836 2.3003997802734375 0
1716293758485 0.6337480545043945 0
1716293759007 0.5139069557189941 0
1716293759522 0.49736595153808594 0
1716293760035 0.5033819675445557 0
1716293760583 0.5414822101593018 0
1716293761148 0.5536539554595947 0
1716293761656 0.4988529682159424 0
1716293762176 0.5061812400817871 0
1716293762675 0.4873499870300293 0
1716293768666 1.3382551670074463 0
1716293769160 0.4888310432434082 0
1716293769662 0.4830300807952881 0
1716293770163 0.489224910736084 0
1716293770679 0.49204492568969727 0
1716293771185 0.49392199516296387 0
1716293771739 0.5412096977233887 0
1716293772246 0.49271607398986816 0
1716293772730 0.47573399543762207 0
1716293773214 0.4761660099029541 0
