1714815458233 19.820323944091797 0
1714815462608 19.63437271118164 0
1714815464058 19.559396743774414 0
1714815465629 19.506134033203125 0
1714815467320 19.458251953125 0
1714815468766 19.411930084228516 0
1714815470229 19.3665714263916 0
1714815472089 19.322187423706055 0
1714815474335 19.278114318847656 0
1714815476567 19.23398208618164 0
1714815479949 19.18939781188965 0
1714815481672 19.144004821777344 0
1714815483629 19.097454071044922 0
1714815485409 19.049453735351562 0
1714815487904 18.999866485595703 0
1714815489505 18.948646545410156 0
1714815493720 18.89580535888672 0
1714815495327 18.841367721557617 0
1714815497441 18.785411834716797 0
1714815499328 18.72808074951172 0
1714815501192 18.669551849365234 0
1714815502856 18.61001968383789 0
1714815504668 18.5496826171875 0
1714815507118 18.48870086669922 0
1714815509087 18.427173614501953 0
1714815513818 18.365110397338867 0
1714815516266 18.30239486694336 0
1714815518249 18.23871612548828 0
1714815520368 18.17345428466797 0
1714815522497 18.105541229248047 0
1714815524194 18.03300666809082 0
1714815525696 17.952068328857422 0
1714815527427 17.85452651977539 0
1714815529328 17.71927261352539 0
1714815531204 17.47853660583496 0
1714815533512 16.86680030822754 0
1714815535429 15.043623924255371 0
1714815537936 13.533666610717773 0
1714815540190 13.121589660644531 0
1714815542170 12.76491928100586 0
1714815544581 12.463536262512207 0
1714815546257 12.165813446044922 0
1714815547975 11.877700805664062 0
1714815550065 11.589344024658203 0
1714815551519 11.296831130981445 0
1714815552973 11.004417419433594 0
1714815554662 10.720762252807617 0
1714815556146 10.452547073364258 0
1714815557958 10.203981399536133 0
1714815559585 9.977001190185547 0
1714815561190 9.771129608154297 0
