1714815458266 1.7468438148498535 0
1714815462644 4.358721971511841 0
1714815464134 1.4754610061645508 0
1714815465664 1.460582971572876 0
1714815467360 1.6918561458587646 0
1714815468802 1.4382798671722412 0
1714815470321 1.5061008930206299 0
1714815472227 1.896230936050415 0
1714815475068 2.8343663215637207 0
1714815476640 1.566483974456787 0
1714815480073 2.6825459003448486 0
1714815481896 1.8174159526824951 0
1714815483842 1.8915791511535645 0
1714815485465 1.5690360069274902 0
1714815488048 2.5788638591766357 0
1714815490128 2.0444350242614746 0
1714815493849 3.6933510303497314 0
1714815495573 1.7177531719207764 0
1714815497698 2.1154448986053467 0
1714815499413 1.6763458251953125 0
1714815501268 1.5918769836425781 0
1714815503192 1.9159879684448242 0
1714815505210 1.9713749885559082 0
1714815507209 1.9774680137634277 0
1714815509162 1.9474191665649414 0
1714815514019 4.834604978561401 0
1714815516655 2.6288647651672363 0
1714815518933 2.2671639919281006 0
1714815520428 1.4555692672729492 0
1714815522603 2.171672821044922 0
1714815524295 1.5425059795379639 0
1714815525822 1.521967887878418 0
1714815527639 1.810148000717163 0
1714815529586 1.8769428730010986 0
1714815531366 1.7309260368347168 0
1714815533656 2.286452054977417 0
1714815535984 2.3194799423217773 0
1714815538523 2.436156988143921 0
1714815540302 1.7755239009857178 0
1714815542258 1.9520761966705322 0
1714815544727 2.3176748752593994 0
1714815546361 1.5909161567687988 0
1714815548077 1.7114150524139404 0
1714815550121 2.023280143737793 0
1714815551554 1.428973913192749 0
1714815553070 1.5109188556671143 0
1714815554712 1.625946044921875 0
1714815556204 1.4858970642089844 0
1714815558184 1.9766089916229248 0
1714815559648 1.4599952697753906 0
1714815562399 2.630598306655884 0
